fit,x,Q2,F2 light,FL light,F2 charm,FL charm,F2_LO
NLOBK_MV_smallest,1e-05,4.5,1.24634,0.229148,0.21754,0.0242811,0.997692
NLOBK_MV_smallest,1.5e-05,4.5,1.15851,0.210047,0.196811,0.0220418,0.927369
NLOBK_MV_smallest,2.25e-05,4.5,1.07523,0.192086,0.177654,0.0199427,0.860816
NLOBK_MV_smallest,3.375e-05,4.5,0.99601,0.175096,0.159905,0.0179998,0.797912
NLOBK_MV_smallest,5.0625e-05,4.5,0.920801,0.159037,0.143606,0.0162183,0.738533
NLOBK_MV_smallest,7.59375e-05,4.5,0.849877,0.144061,0.128648,0.0145561,0.682548
NLOBK_MV_smallest,0.000113906,4.5,0.783102,0.130042,0.114781,0.0130195,0.629827
NLOBK_MV_smallest,0.000170859,4.5,0.720341,0.116892,0.10214,0.011609,0.580254
NLOBK_MV_smallest,0.000256289,4.5,0.661453,0.104693,0.0906808,0.0103261,0.533701
NLOBK_MV_smallest,0.000384434,4.5,0.606718,0.0934139,0.080198,0.00914699,0.490048
NLOBK_MV_smallest,0.00057665,4.5,0.555833,0.0829968,0.0708176,0.00809388,0.449171
NLOBK_MV_smallest,0.000864976,4.5,0.508957,0.0734308,0.0623029,0.00712655,0.410947
NLOBK_MV_smallest,0.00129746,4.5,0.465871,0.0646748,0.0547502,0.00626065,0.375258
NLOBK_MV_smallest,0.0019462,4.5,0.426555,0.056778,0.0480371,0.0054876,0.341989
NLOBK_MV_smallest,0.00291929,4.5,0.391002,0.0496406,0.042082,0.00480281,0.311024
NLOBK_MV_smallest,0.00437894,4.5,0.359079,0.0432888,0.0368452,0.0041963,0.282252
NLOBK_MV_smallest,0.00656841,4.5,0.330784,0.0377183,0.0322536,0.00365987,0.255563
NLOBK_MV_smallest,0.00985261,4.5,0.305664,0.0328158,0.0283004,0.0031973,0.230849
NLOBK_MV_smallest,1e-05,45,2.77854,0.503863,0.955583,0.207854,2.10409
NLOBK_MV_smallest,1.5e-05,45,2.55215,0.457687,0.863007,0.188367,1.93022
NLOBK_MV_smallest,2.25e-05,45,2.34038,0.414971,0.778097,0.170377,1.76856
NLOBK_MV_smallest,3.375e-05,45,2.14192,0.375236,0.69903,0.153585,1.61843
NLOBK_MV_smallest,5.0625e-05,45,1.95713,0.338588,0.62712,0.138161,1.4792
NLOBK_MV_smallest,7.59375e-05,45,1.78616,0.304904,0.561104,0.124154,1.35021
NLOBK_MV_smallest,0.000113906,45,1.62637,0.273843,0.500494,0.111207,1.23086
NLOBK_MV_smallest,0.000170859,45,1.47755,0.245157,0.445202,0.0993712,1.12058
NLOBK_MV_smallest,0.000256289,45,1.34074,0.219104,0.395144,0.0885655,1.01881
NLOBK_MV_smallest,0.000384434,45,1.21539,0.195243,0.349516,0.0786033,0.925033
NLOBK_MV_smallest,0.00057665,45,1.09957,0.173378,0.308611,0.0698223,0.838731
NLOBK_MV_smallest,0.000864976,45,0.993802,0.153659,0.271533,0.0617274,0.759419
NLOBK_MV_smallest,0.00129746,45,0.896439,0.135709,0.238325,0.0544074,0.686635
NLOBK_MV_smallest,0.0019462,45,0.808505,0.119721,0.208798,0.0479281,0.619947
NLOBK_MV_smallest,0.00291929,45,0.729443,0.105276,0.182258,0.0420608,0.55893
NLOBK_MV_smallest,0.00437894,45,0.657689,0.0921645,0.158771,0.0368418,0.503187
NLOBK_MV_smallest,0.00656841,45,0.593805,0.0805914,0.138174,0.0322265,0.452345
NLOBK_MV_smallest,0.00985261,45,0.536726,0.0704793,0.120431,0.0281448,0.406045
NLOBK_MV_smallest,1e-05,15,1.95667,0.353175,0.526377,0.0946693,1.53449
NLOBK_MV_smallest,1.5e-05,15,1.80709,0.321877,0.476182,0.0859033,1.41524
NLOBK_MV_smallest,2.25e-05,15,1.66592,0.292699,0.429671,0.0777761,1.30352
NLOBK_MV_smallest,3.375e-05,15,1.53312,0.265516,0.386749,0.0701851,1.19901
NLOBK_MV_smallest,5.0625e-05,15,1.4089,0.240092,0.347178,0.0631566,1.10137
NLOBK_MV_smallest,7.59375e-05,15,1.29213,0.216466,0.310696,0.0566781,1.01025
NLOBK_MV_smallest,0.000113906,15,1.18332,0.19471,0.277611,0.0508036,0.925318
NLOBK_MV_smallest,0.000170859,15,1.08158,0.174577,0.247193,0.0453704,0.846278
NLOBK_MV_smallest,0.000256289,15,0.986981,0.156008,0.219294,0.0403516,0.772817
NLOBK_MV_smallest,0.000384434,15,0.899258,0.138783,0.194202,0.0358158,0.704642
NLOBK_MV_smallest,0.00057665,15,0.818504,0.123154,0.17126,0.0316336,0.641459
NLOBK_MV_smallest,0.000864976,15,0.744257,0.108883,0.150752,0.0279292,0.582989
NLOBK_MV_smallest,0.00129746,15,0.676431,0.096065,0.132293,0.024564,0.528961
NLOBK_MV_smallest,0.0019462,15,0.614143,0.0843256,0.11584,0.0215464,0.479121
NLOBK_MV_smallest,0.00291929,15,0.558027,0.073806,0.101107,0.0188304,0.433212
NLOBK_MV_smallest,0.00437894,15,0.507356,0.0643753,0.088285,0.0164393,0.390995
NLOBK_MV_smallest,0.00656841,15,0.462325,0.0561236,0.076913,0.0143311,0.352241
NLOBK_MV_smallest,0.00985261,15,0.422043,0.0488127,0.0670703,0.0124849,0.316726
NLOBK_MV_smallest,1e-05,27,2.37692,0.428723,0.739892,0.150602,1.83314
NLOBK_MV_smallest,1.5e-05,27,2.18796,0.389917,0.668707,0.136441,1.68551
NLOBK_MV_smallest,2.25e-05,27,2.01118,0.35389,0.603188,0.123424,1.5478
NLOBK_MV_smallest,3.375e-05,27,1.84643,0.320619,0.542767,0.111353,1.41951
NLOBK_MV_smallest,5.0625e-05,27,1.6915,0.289258,0.486892,0.100239,1.30014
NLOBK_MV_smallest,7.59375e-05,27,1.54683,0.260705,0.436068,0.0900559,1.1892
NLOBK_MV_smallest,0.000113906,27,1.41227,0.234161,0.388911,0.0805752,1.08623
NLOBK_MV_smallest,0.000170859,27,1.28668,0.209777,0.346205,0.0719613,0.99079
NLOBK_MV_smallest,0.000256289,27,1.17087,0.187466,0.307321,0.0641399,0.902447
NLOBK_MV_smallest,0.000384434,27,1.06363,0.166976,0.272047,0.0569734,0.820791
NLOBK_MV_smallest,0.00057665,27,0.965307,0.148271,0.240006,0.0504321,0.745418
NLOBK_MV_smallest,0.000864976,27,0.874879,0.131132,0.211175,0.0445386,0.675945
NLOBK_MV_smallest,0.00129746,27,0.79206,0.115766,0.185431,0.0392425,0.612004
NLOBK_MV_smallest,0.0019462,27,0.716419,0.101847,0.162185,0.0344405,0.55325
NLOBK_MV_smallest,0.00291929,27,0.648332,0.0892555,0.141772,0.0302135,0.499341
NLOBK_MV_smallest,0.00437894,27,0.587136,0.0781035,0.123529,0.0263819,0.449956
NLOBK_MV_smallest,0.00656841,27,0.532253,0.0681683,0.107602,0.0230147,0.404793
NLOBK_MV_smallest,0.00985261,27,0.483336,0.0593995,0.0937203,0.0200478,0.363558
