fit,x,Q2,F2 light,FL light,F2 charm,FL charm,F2_LO
NLOBK_MV_smallest,1e-05,4.5,1.19848,0.221842,0.238985,0.029551,0.977993
NLOBK_MV_smallest,1.5e-05,4.5,1.11459,0.203574,0.216668,0.0268492,0.909411
NLOBK_MV_smallest,2.25e-05,4.5,1.03482,0.186263,0.195916,0.0243671,0.844458
NLOBK_MV_smallest,3.375e-05,4.5,0.958981,0.169881,0.17668,0.0220361,0.783022
NLOBK_MV_smallest,5.0625e-05,4.5,0.88702,0.15453,0.158851,0.0198614,0.724982
NLOBK_MV_smallest,7.59375e-05,4.5,0.818881,0.140012,0.142472,0.0178551,0.670225
NLOBK_MV_smallest,0.000113906,4.5,0.754674,0.12644,0.127323,0.0159942,0.618631
NLOBK_MV_smallest,0.000170859,4.5,0.694381,0.113771,0.113454,0.0142736,0.570082
NLOBK_MV_smallest,0.000256289,4.5,0.637775,0.101929,0.100809,0.0127115,0.524459
NLOBK_MV_smallest,0.000384434,4.5,0.584989,0.0910064,0.0892738,0.0112749,0.48164
NLOBK_MV_smallest,0.00057665,4.5,0.53591,0.0808889,0.078865,0.00997325,0.441517
NLOBK_MV_smallest,0.000864976,4.5,0.490687,0.0715853,0.0694421,0.00878923,0.403981
NLOBK_MV_smallest,0.00129746,4.5,0.449062,0.0630872,0.0610496,0.00772307,0.368918
NLOBK_MV_smallest,0.0019462,4.5,0.411067,0.0553611,0.0535308,0.0067691,0.336215
NLOBK_MV_smallest,0.00291929,4.5,0.376747,0.0484221,0.0468828,0.00591821,0.305762
NLOBK_MV_smallest,0.00437894,4.5,0.345932,0.042228,0.0410329,0.00516723,0.277452
NLOBK_MV_smallest,0.00656841,4.5,0.318569,0.0367715,0.0359169,0.00450648,0.251182
NLOBK_MV_smallest,0.00985261,4.5,0.294316,0.0319884,0.0314942,0.003931,0.226847
NLOBK_MV_smallest,1e-05,45,2.69735,0.491694,0.975005,0.214374,2.06454
NLOBK_MV_smallest,1.5e-05,45,2.47742,0.446274,0.881358,0.194378,1.89449
NLOBK_MV_smallest,2.25e-05,45,2.27268,0.404535,0.794924,0.175906,1.73626
NLOBK_MV_smallest,3.375e-05,45,2.08065,0.366499,0.714745,0.158703,1.58923
NLOBK_MV_smallest,5.0625e-05,45,1.90141,0.33062,0.641325,0.142928,1.45277
NLOBK_MV_smallest,7.59375e-05,45,1.73571,0.297833,0.574007,0.128405,1.32628
NLOBK_MV_smallest,0.000113906,45,1.58032,0.267295,0.512183,0.115104,1.2092
NLOBK_MV_smallest,0.000170859,45,1.43629,0.23969,0.455975,0.102931,1.10095
NLOBK_MV_smallest,0.000256289,45,1.30337,0.214284,0.404928,0.0917739,1.00102
NLOBK_MV_smallest,0.000384434,45,1.1809,0.190787,0.357895,0.0816152,0.90887
NLOBK_MV_smallest,0.00057665,45,1.06861,0.169439,0.315958,0.0723126,0.824035
NLOBK_MV_smallest,0.000864976,45,0.965629,0.150131,0.27793,0.0639401,0.746044
NLOBK_MV_smallest,0.00129746,45,0.871269,0.132652,0.243785,0.0563747,0.67445
NLOBK_MV_smallest,0.0019462,45,0.785224,0.116958,0.213402,0.0496237,0.608829
NLOBK_MV_smallest,0.00291929,45,0.707747,0.102716,0.186196,0.0435533,0.548772
NLOBK_MV_smallest,0.00437894,45,0.638041,0.0899706,0.162057,0.038102,0.493895
NLOBK_MV_smallest,0.00656841,45,0.575823,0.0786664,0.14108,0.0333076,0.443836
NLOBK_MV_smallest,0.00985261,45,0.520274,0.0687518,0.122494,0.0290285,0.398241
NLOBK_MV_smallest,1e-05,15,1.89174,0.343522,0.553071,0.103982,1.50808
NLOBK_MV_smallest,1.5e-05,15,1.74767,0.313306,0.50104,0.0943657,1.39137
NLOBK_MV_smallest,2.25e-05,15,1.61152,0.28493,0.452654,0.0854922,1.28196
NLOBK_MV_smallest,3.375e-05,15,1.48329,0.258523,0.407798,0.0772809,1.17953
NLOBK_MV_smallest,5.0625e-05,15,1.36384,0.234145,0.366457,0.0695932,1.08375
NLOBK_MV_smallest,7.59375e-05,15,1.25108,0.21116,0.32838,0.0625489,0.994314
NLOBK_MV_smallest,0.000113906,15,1.14544,0.189807,0.293478,0.0560233,0.910914
NLOBK_MV_smallest,0.000170859,15,1.04752,0.170298,0.261269,0.0500534,0.833245
NLOBK_MV_smallest,0.000256289,15,0.955628,0.152075,0.232179,0.044544,0.761013
NLOBK_MV_smallest,0.000384434,15,0.871055,0.135547,0.205602,0.0395842,0.693928
NLOBK_MV_smallest,0.00057665,15,0.792716,0.120378,0.181344,0.0349837,0.631723
NLOBK_MV_smallest,0.000864976,15,0.720796,0.106479,0.159725,0.0308793,0.574133
NLOBK_MV_smallest,0.00129746,15,0.654826,0.0937617,0.140068,0.0271276,0.520896
NLOBK_MV_smallest,0.0019462,15,0.594297,0.0823727,0.122558,0.0237991,0.471763
NLOBK_MV_smallest,0.00291929,15,0.539868,0.0720778,0.107074,0.0208193,0.426489
NLOBK_MV_smallest,0.00437894,15,0.490749,0.0628884,0.09338,0.018152,0.384842
NLOBK_MV_smallest,0.00656841,15,0.446921,0.0547568,0.0813365,0.015803,0.346601
NLOBK_MV_smallest,0.00985261,15,0.407802,0.0475788,0.0707957,0.0137587,0.311547
NLOBK_MV_smallest,1e-05,27,2.30326,0.417587,0.764304,0.159216,1.80029
NLOBK_MV_smallest,1.5e-05,27,2.121,0.380049,0.691343,0.144414,1.65584
NLOBK_MV_smallest,2.25e-05,27,1.94996,0.345112,0.624112,0.130736,1.521
NLOBK_MV_smallest,3.375e-05,27,1.79018,0.312492,0.56196,0.11793,1.39529
NLOBK_MV_smallest,5.0625e-05,27,1.64081,0.282359,0.504534,0.106248,1.27823
NLOBK_MV_smallest,7.59375e-05,27,1.50036,0.254514,0.45187,0.0955041,1.16939
NLOBK_MV_smallest,0.000113906,27,1.37022,0.228795,0.403708,0.0855362,1.06831
NLOBK_MV_smallest,0.000170859,27,1.24904,0.205061,0.359172,0.0763529,0.974564
NLOBK_MV_smallest,0.000256289,27,1.13633,0.183177,0.319039,0.0681139,0.887744
NLOBK_MV_smallest,0.000384434,27,1.03222,0.163212,0.28242,0.0605117,0.807442
NLOBK_MV_smallest,0.00057665,27,0.936208,0.144784,0.249245,0.0535849,0.733285
NLOBK_MV_smallest,0.000864976,27,0.848785,0.128086,0.21925,0.0473111,0.664905
NLOBK_MV_smallest,0.00129746,27,0.768324,0.113049,0.192443,0.0416492,0.601949
NLOBK_MV_smallest,0.0019462,27,0.694616,0.0994625,0.16849,0.0365931,0.544075
NLOBK_MV_smallest,0.00291929,27,0.628405,0.0871601,0.147088,0.032045,0.490957
NLOBK_MV_smallest,0.00437894,27,0.56877,0.0763054,0.128108,0.0279857,0.442284
NLOBK_MV_smallest,0.00656841,27,0.515437,0.0665783,0.11151,0.024427,0.397763
NLOBK_MV_smallest,0.00985261,27,0.467738,0.0579268,0.0969987,0.0212697,0.357106
