fit,x,Q2,F2 light,FL light,F2 charm,FL charm,F2_LO
NLOBK_MV_smallest,1e-05,4.5,1.23178,0.226025,0.234985,0.0284381,1.01006
NLOBK_MV_smallest,1.5e-05,4.5,1.14493,0.207192,0.212909,0.0258402,0.938825
NLOBK_MV_smallest,2.25e-05,4.5,1.06267,0.189542,0.192517,0.0234168,0.871432
NLOBK_MV_smallest,3.375e-05,4.5,0.984508,0.172697,0.173567,0.0211686,0.807758
NLOBK_MV_smallest,5.0625e-05,4.5,0.910302,0.156896,0.156097,0.0190895,0.747674
NLOBK_MV_smallest,7.59375e-05,4.5,0.840326,0.142196,0.139991,0.0171556,0.691045
NLOBK_MV_smallest,0.000113906,4.5,0.774517,0.128438,0.125134,0.0153749,0.637737
NLOBK_MV_smallest,0.000170859,4.5,0.712789,0.115566,0.111503,0.0137268,0.587631
NLOBK_MV_smallest,0.000256289,4.5,0.654847,0.103567,0.0991911,0.0122311,0.540592
NLOBK_MV_smallest,0.000384434,4.5,0.600815,0.0924572,0.0879207,0.010854,0.496498
NLOBK_MV_smallest,0.00057665,4.5,0.550706,0.0822307,0.0777456,0.00961096,0.455223
NLOBK_MV_smallest,0.000864976,4.5,0.50452,0.0728311,0.068542,0.00848002,0.416642
NLOBK_MV_smallest,0.00129746,4.5,0.462076,0.0642313,0.0603458,0.00746264,0.380633
NLOBK_MV_smallest,0.0019462,4.5,0.423257,0.056458,0.053027,0.0065586,0.347075
NLOBK_MV_smallest,0.00291929,4.5,0.388218,0.0494444,0.0465335,0.00574401,0.315847
NLOBK_MV_smallest,0.00437894,4.5,0.356783,0.0432094,0.0408246,0.00503093,0.286836
NLOBK_MV_smallest,0.00656841,4.5,0.328784,0.0376857,0.0358278,0.00439646,0.259933
NLOBK_MV_smallest,0.00985261,4.5,0.303967,0.0328579,0.0314976,0.00384681,0.235023
NLOBK_MV_smallest,1e-05,45,2.73742,0.496848,0.975143,0.214166,2.11605
NLOBK_MV_smallest,1.5e-05,45,2.51488,0.451767,0.881483,0.194033,1.94207
NLOBK_MV_smallest,2.25e-05,45,2.30761,0.409542,0.795503,0.17559,1.78028
NLOBK_MV_smallest,3.375e-05,45,2.11221,0.370462,0.71563,0.158546,1.63002
NLOBK_MV_smallest,5.0625e-05,45,1.93143,0.334585,0.642361,0.142817,1.49063
NLOBK_MV_smallest,7.59375e-05,45,1.76292,0.301581,0.575568,0.128548,1.36146
NLOBK_MV_smallest,0.000113906,45,1.60588,0.271155,0.514008,0.115193,1.24192
NLOBK_MV_smallest,0.000170859,45,1.46013,0.243232,0.457776,0.103099,1.13144
NLOBK_MV_smallest,0.000256289,45,1.3254,0.217375,0.407388,0.0921168,1.02945
NLOBK_MV_smallest,0.000384434,45,1.20228,0.19389,0.360779,0.0819444,0.935444
NLOBK_MV_smallest,0.00057665,45,1.08886,0.172418,0.318964,0.0727037,0.848902
NLOBK_MV_smallest,0.000864976,45,0.984642,0.153001,0.280767,0.0643824,0.769342
NLOBK_MV_smallest,0.00129746,45,0.889028,0.135303,0.246961,0.0568809,0.696304
NLOBK_MV_smallest,0.0019462,45,0.802403,0.119521,0.216553,0.0500636,0.629347
NLOBK_MV_smallest,0.00291929,45,0.724294,0.105114,0.189603,0.0441295,0.568049
NLOBK_MV_smallest,0.00437894,45,0.653991,0.0922774,0.16564,0.0387133,0.512019
NLOBK_MV_smallest,0.00656841,45,0.591097,0.0809274,0.144551,0.0338912,0.460885
NLOBK_MV_smallest,0.00985261,45,0.534877,0.0708205,0.125807,0.0296357,0.414286
NLOBK_MV_smallest,1e-05,15,1.92989,0.348037,0.549746,0.102428,1.54903
NLOBK_MV_smallest,1.5e-05,15,1.78214,0.317341,0.497699,0.0929876,1.42899
NLOBK_MV_smallest,2.25e-05,15,1.64356,0.288784,0.449733,0.0842363,1.31655
NLOBK_MV_smallest,3.375e-05,15,1.51274,0.261847,0.405243,0.0760254,1.21137
NLOBK_MV_smallest,5.0625e-05,15,1.39063,0.237063,0.364177,0.0685151,1.1131
NLOBK_MV_smallest,7.59375e-05,15,1.2757,0.213841,0.326465,0.06159,1.0214
NLOBK_MV_smallest,0.000113906,15,1.16879,0.19247,0.291917,0.0552664,0.935926
NLOBK_MV_smallest,0.000170859,15,1.06886,0.172621,0.260365,0.0493889,0.856386
NLOBK_MV_smallest,0.000256289,15,0.975724,0.154397,0.2314,0.0440156,0.782456
NLOBK_MV_smallest,0.000384434,15,0.889667,0.137598,0.205103,0.039093,0.713841
NLOBK_MV_smallest,0.00057665,15,0.810337,0.122324,0.181161,0.0346464,0.650249
NLOBK_MV_smallest,0.000864976,15,0.737396,0.108335,0.15974,0.030638,0.591398
NLOBK_MV_smallest,0.00129746,15,0.670447,0.0955863,0.140463,0.0269649,0.537015
NLOBK_MV_smallest,0.0019462,15,0.609119,0.0840567,0.123269,0.0236986,0.486834
NLOBK_MV_smallest,0.00291929,15,0.553879,0.0736597,0.107815,0.0207537,0.440601
NLOBK_MV_smallest,0.00437894,15,0.504121,0.0643916,0.094348,0.0181687,0.398076
NLOBK_MV_smallest,0.00656841,15,0.459646,0.0562499,0.0823828,0.0158404,0.359028
NLOBK_MV_smallest,0.00985261,15,0.4199,0.0490182,0.0719378,0.0138213,0.32323
NLOBK_MV_smallest,1e-05,27,2.34282,0.422738,0.762358,0.15809,1.84662
NLOBK_MV_smallest,1.5e-05,27,2.15687,0.384474,0.689584,0.143332,1.69852
NLOBK_MV_smallest,2.25e-05,27,1.98368,0.349319,0.622566,0.129757,1.56036
NLOBK_MV_smallest,3.375e-05,27,1.82133,0.316426,0.560793,0.117135,1.43164
NLOBK_MV_smallest,5.0625e-05,27,1.66864,0.285866,0.503588,0.105533,1.31187
NLOBK_MV_smallest,7.59375e-05,27,1.52682,0.25771,0.451198,0.094865,1.20054
NLOBK_MV_smallest,0.000113906,27,1.39472,0.231653,0.403425,0.085133,1.09719
NLOBK_MV_smallest,0.000170859,27,1.27111,0.207618,0.359671,0.0761273,1.00139
NLOBK_MV_smallest,0.000256289,27,1.1574,0.185915,0.319648,0.0679462,0.912699
NLOBK_MV_smallest,0.000384434,27,1.05213,0.16568,0.283427,0.0603972,0.830701
NLOBK_MV_smallest,0.00057665,27,0.955394,0.147262,0.250485,0.0535646,0.754998
NLOBK_MV_smallest,0.000864976,27,0.86664,0.130423,0.220802,0.0473631,0.685207
NLOBK_MV_smallest,0.00129746,27,0.784928,0.115265,0.194167,0.0418404,0.620958
NLOBK_MV_smallest,0.0019462,27,0.710837,0.101615,0.170187,0.0367372,0.561895
NLOBK_MV_smallest,0.00291929,27,0.643769,0.0891919,0.148946,0.032312,0.507681
NLOBK_MV_smallest,0.00437894,27,0.583389,0.0781592,0.130056,0.0282415,0.457995
NLOBK_MV_smallest,0.00656841,27,0.52956,0.0684415,0.113646,0.0246886,0.412536
NLOBK_MV_smallest,0.00985261,27,0.481157,0.0596625,0.0990814,0.0216272,0.371007
