fit,x,Q2,F2 light,FL light,F2 charm,FL charm,F2_LO
NLOBK_MV_smallest,1e-05,4.5,1.23581,0.227284,0.23115,0.0274054,1.0019
NLOBK_MV_smallest,1.5e-05,4.5,1.1488,0.208355,0.209341,0.0248774,0.931253
NLOBK_MV_smallest,2.25e-05,4.5,1.06613,0.190568,0.189155,0.0225272,0.864392
NLOBK_MV_smallest,3.375e-05,4.5,0.987659,0.173691,0.170367,0.0203653,0.801197
NLOBK_MV_smallest,5.0625e-05,4.5,0.913176,0.157792,0.153096,0.0183295,0.741544
NLOBK_MV_smallest,7.59375e-05,4.5,0.842817,0.142922,0.137186,0.0164794,0.685305
NLOBK_MV_smallest,0.000113906,4.5,0.776613,0.12899,0.122528,0.0147498,0.632351
NLOBK_MV_smallest,0.000170859,4.5,0.714454,0.116006,0.109107,0.0131591,0.582553
NLOBK_MV_smallest,0.000256289,4.5,0.656088,0.103934,0.0968519,0.0117083,0.535793
NLOBK_MV_smallest,0.000384434,4.5,0.601848,0.0927369,0.0857859,0.0103795,0.491945
NLOBK_MV_smallest,0.00057665,4.5,0.551375,0.082403,0.0757378,0.00917859,0.450887
NLOBK_MV_smallest,0.000864976,4.5,0.5049,0.0729021,0.0666736,0.00809069,0.412499
NLOBK_MV_smallest,0.00129746,4.5,0.462178,0.0642235,0.0586649,0.00711014,0.376661
NLOBK_MV_smallest,0.0019462,4.5,0.423215,0.0563958,0.0514218,0.00623317,0.343251
NLOBK_MV_smallest,0.00291929,4.5,0.38795,0.0493055,0.0450741,0.00545464,0.312159
NLOBK_MV_smallest,0.00437894,4.5,0.356296,0.0430146,0.0394637,0.00476196,0.283272
NLOBK_MV_smallest,0.00656841,4.5,0.328221,0.0374762,0.0345701,0.00415957,0.25648
NLOBK_MV_smallest,0.00985261,4.5,0.303322,0.0326201,0.0303377,0.00363049,0.231674
NLOBK_MV_smallest,1e-05,45,2.75595,0.500019,0.972147,0.213158,2.10602
NLOBK_MV_smallest,1.5e-05,45,2.53128,0.454392,0.878619,0.192972,1.93216
NLOBK_MV_smallest,2.25e-05,45,2.3219,0.411819,0.791968,0.17475,1.77048
NLOBK_MV_smallest,3.375e-05,45,2.12516,0.372618,0.712178,0.157635,1.62033
NLOBK_MV_smallest,5.0625e-05,45,1.94211,0.336215,0.639389,0.141878,1.48104
NLOBK_MV_smallest,7.59375e-05,45,1.77222,0.302673,0.571735,0.127363,1.352
NLOBK_MV_smallest,0.000113906,45,1.61382,0.271988,0.509761,0.114137,1.2326
NLOBK_MV_smallest,0.000170859,45,1.46652,0.243558,0.453972,0.102016,1.12225
NLOBK_MV_smallest,0.000256289,45,1.33025,0.217617,0.403262,0.0910175,1.02041
NLOBK_MV_smallest,0.000384434,45,1.20625,0.194127,0.35641,0.0808403,0.92655
NLOBK_MV_smallest,0.00057665,45,1.09143,0.172315,0.315047,0.0717552,0.840163
NLOBK_MV_smallest,0.000864976,45,0.986345,0.152673,0.276883,0.0633928,0.76077
NLOBK_MV_smallest,0.00129746,45,0.889774,0.134868,0.243032,0.0559669,0.687907
NLOBK_MV_smallest,0.0019462,45,0.802803,0.119029,0.212874,0.0493077,0.621134
NLOBK_MV_smallest,0.00291929,45,0.723926,0.104464,0.186008,0.0432801,0.560035
NLOBK_MV_smallest,0.00437894,45,0.652942,0.0916297,0.161958,0.0378669,0.504216
NLOBK_MV_smallest,0.00656841,45,0.589588,0.0801767,0.141281,0.0331689,0.4533
NLOBK_MV_smallest,0.00985261,45,0.532977,0.0700364,0.12265,0.0289164,0.406931
NLOBK_MV_smallest,1e-05,15,1.94041,0.350378,0.545073,0.100653,1.53962
NLOBK_MV_smallest,1.5e-05,15,1.79204,0.319221,0.49327,0.0913353,1.42003
NLOBK_MV_smallest,2.25e-05,15,1.652,0.290307,0.445346,0.0826854,1.30799
NLOBK_MV_smallest,3.375e-05,15,1.5203,0.263345,0.401122,0.0746937,1.20316
NLOBK_MV_smallest,5.0625e-05,15,1.39743,0.238129,0.360198,0.0672069,1.10522
NLOBK_MV_smallest,7.59375e-05,15,1.28169,0.21487,0.322652,0.0603664,1.01381
NLOBK_MV_smallest,0.000113906,15,1.17382,0.193298,0.288194,0.0541072,0.928625
NLOBK_MV_smallest,0.000170859,15,1.07295,0.173287,0.256665,0.0483299,0.849327
NLOBK_MV_smallest,0.000256289,15,0.979135,0.154873,0.22791,0.0430048,0.775625
NLOBK_MV_smallest,0.000384434,15,0.892335,0.137878,0.201706,0.0381752,0.707217
NLOBK_MV_smallest,0.00057665,15,0.81211,0.122318,0.178087,0.0337738,0.643817
NLOBK_MV_smallest,0.000864976,15,0.738576,0.108155,0.156804,0.0298014,0.585146
NLOBK_MV_smallest,0.00129746,15,0.671243,0.095402,0.137628,0.026228,0.530933
NLOBK_MV_smallest,0.0019462,15,0.609354,0.0837967,0.120451,0.0229983,0.480915
NLOBK_MV_smallest,0.00291929,15,0.553828,0.0733464,0.105267,0.0201085,0.434842
NLOBK_MV_smallest,0.00437894,15,0.503536,0.06399,0.0919117,0.0175691,0.392476
NLOBK_MV_smallest,0.00656841,15,0.458927,0.0558261,0.0800945,0.0152855,0.353585
NLOBK_MV_smallest,0.00985261,15,0.418908,0.0485039,0.0698587,0.0133167,0.317946
NLOBK_MV_smallest,1e-05,27,2.35682,0.425089,0.758518,0.156623,1.83691
NLOBK_MV_smallest,1.5e-05,27,2.16978,0.386798,0.685542,0.141973,1.6891
NLOBK_MV_smallest,2.25e-05,27,1.99489,0.35134,0.61865,0.128347,1.5512
NLOBK_MV_smallest,3.375e-05,27,1.83107,0.317936,0.557196,0.116003,1.42271
NLOBK_MV_smallest,5.0625e-05,27,1.67818,0.287351,0.499859,0.104379,1.30315
NLOBK_MV_smallest,7.59375e-05,27,1.53471,0.258993,0.447736,0.0937722,1.19203
NLOBK_MV_smallest,0.000113906,27,1.40111,0.232532,0.399597,0.0840101,1.08889
NLOBK_MV_smallest,0.000170859,27,1.2767,0.208252,0.355699,0.0750065,0.993276
NLOBK_MV_smallest,0.000256289,27,1.1616,0.18618,0.315916,0.0668507,0.904764
NLOBK_MV_smallest,0.000384434,27,1.05529,0.165798,0.279696,0.0594249,0.822938
NLOBK_MV_smallest,0.00057665,27,0.957789,0.147209,0.246976,0.0526222,0.747404
NLOBK_MV_smallest,0.000864976,27,0.86824,0.130277,0.217307,0.046455,0.677782
NLOBK_MV_smallest,0.00129746,27,0.786035,0.114924,0.190679,0.0409101,0.613701
NLOBK_MV_smallest,0.0019462,27,0.711246,0.101207,0.16689,0.0359186,0.554808
NLOBK_MV_smallest,0.00291929,27,0.643662,0.088726,0.145863,0.0315367,0.500769
NLOBK_MV_smallest,0.00437894,27,0.582814,0.0776446,0.12717,0.0275618,0.451267
NLOBK_MV_smallest,0.00656841,27,0.528395,0.0677655,0.110796,0.0240489,0.405993
NLOBK_MV_smallest,0.00985261,27,0.479897,0.0590697,0.0964297,0.0209166,0.364656
