fit,x,Q2,F2 light,FL light,F2 charm,FL charm,F2_LO
NLOBK_MV_smallest,1e-05,4.5,1.19925,0.222375,0.252811,0.0326237,0.993163
NLOBK_MV_smallest,1.5e-05,4.5,1.1157,0.204104,0.22944,0.0296727,0.923737
NLOBK_MV_smallest,2.25e-05,4.5,1.03606,0.18695,0.207712,0.0269431,0.857986
NLOBK_MV_smallest,3.375e-05,4.5,0.960464,0.170553,0.187596,0.0243968,0.795784
NLOBK_MV_smallest,5.0625e-05,4.5,0.888617,0.155148,0.168873,0.022028,0.737018
NLOBK_MV_smallest,7.59375e-05,4.5,0.820704,0.140723,0.151591,0.0198044,0.681572
NLOBK_MV_smallest,0.000113906,4.5,0.756678,0.127182,0.135719,0.0177836,0.629328
NLOBK_MV_smallest,0.000170859,4.5,0.696417,0.114523,0.121087,0.0158932,0.580159
NLOBK_MV_smallest,0.000256289,4.5,0.639956,0.102732,0.107702,0.0141712,0.533945
NLOBK_MV_smallest,0.000384434,4.5,0.587215,0.0917661,0.0955698,0.0125844,0.490578
NLOBK_MV_smallest,0.00057665,4.5,0.538209,0.0816581,0.0845642,0.0111471,0.449939
NLOBK_MV_smallest,0.000864976,4.5,0.493037,0.0723786,0.074544,0.00983312,0.411912
NLOBK_MV_smallest,0.00129746,4.5,0.451323,0.0638415,0.0656083,0.00865428,0.376377
NLOBK_MV_smallest,0.0019462,4.5,0.413357,0.0560923,0.0576369,0.0076003,0.343224
NLOBK_MV_smallest,0.00291929,4.5,0.378949,0.0491197,0.0505474,0.00665594,0.312346
NLOBK_MV_smallest,0.00437894,4.5,0.348118,0.0428913,0.0442918,0.0058198,0.283636
NLOBK_MV_smallest,0.00656841,4.5,0.320657,0.0373979,0.0388308,0.00507792,0.256985
NLOBK_MV_smallest,0.00985261,4.5,0.296312,0.0325755,0.0340798,0.00443571,0.232293
NLOBK_MV_smallest,1e-05,45,2.70573,0.494413,1.00025,0.220765,2.09555
NLOBK_MV_smallest,1.5e-05,45,2.4858,0.449356,0.904924,0.200407,1.92385
NLOBK_MV_smallest,2.25e-05,45,2.28142,0.407756,0.81673,0.181332,1.76406
NLOBK_MV_smallest,3.375e-05,45,2.08906,0.369044,0.735634,0.163969,1.61553
NLOBK_MV_smallest,5.0625e-05,45,1.91035,0.333633,0.661211,0.147816,1.47763
NLOBK_MV_smallest,7.59375e-05,45,1.74493,0.300887,0.592239,0.132912,1.34976
NLOBK_MV_smallest,0.000113906,45,1.58956,0.270154,0.528639,0.119028,1.23136
NLOBK_MV_smallest,0.000170859,45,1.44501,0.242234,0.470977,0.106581,1.12186
NLOBK_MV_smallest,0.000256289,45,1.31205,0.216764,0.418756,0.0951564,1.0207
NLOBK_MV_smallest,0.000384434,45,1.18969,0.193405,0.37101,0.0847726,0.927408
NLOBK_MV_smallest,0.00057665,45,1.07706,0.171842,0.327942,0.0751948,0.841476
NLOBK_MV_smallest,0.000864976,45,0.973795,0.152456,0.288779,0.0665841,0.762439
NLOBK_MV_smallest,0.00129746,45,0.879162,0.134809,0.25354,0.0588222,0.689841
NLOBK_MV_smallest,0.0019462,45,0.793005,0.119023,0.222027,0.051776,0.623255
NLOBK_MV_smallest,0.00291929,45,0.714839,0.104484,0.194093,0.0454882,0.562281
NLOBK_MV_smallest,0.00437894,45,0.644917,0.0917169,0.169447,0.0399064,0.506533
NLOBK_MV_smallest,0.00656841,45,0.582565,0.080424,0.147567,0.034837,0.455641
NLOBK_MV_smallest,0.00985261,45,0.526664,0.0702971,0.128331,0.0304475,0.409261
NLOBK_MV_smallest,1e-05,15,1.89478,0.345046,0.574155,0.109712,1.53166
NLOBK_MV_smallest,1.5e-05,15,1.75117,0.314739,0.520474,0.099751,1.41366
NLOBK_MV_smallest,2.25e-05,15,1.61526,0.286404,0.470664,0.0904055,1.30303
NLOBK_MV_smallest,3.375e-05,15,1.48791,0.260204,0.424565,0.0817262,1.19943
NLOBK_MV_smallest,5.0625e-05,15,1.36786,0.235629,0.381827,0.0737002,1.10253
NLOBK_MV_smallest,7.59375e-05,15,1.25539,0.212702,0.342735,0.0663349,1.01203
NLOBK_MV_smallest,0.000113906,15,1.15012,0.191493,0.306559,0.0595184,0.927627
NLOBK_MV_smallest,0.000170859,15,1.05211,0.171861,0.273281,0.0532436,0.848994
NLOBK_MV_smallest,0.000256289,15,0.960581,0.153775,0.24307,0.0474153,0.775837
NLOBK_MV_smallest,0.000384434,15,0.875822,0.137173,0.215541,0.0421453,0.707883
NLOBK_MV_smallest,0.00057665,15,0.797314,0.121841,0.190568,0.0373507,0.644854
NLOBK_MV_smallest,0.000864976,15,0.725482,0.107897,0.167921,0.032995,0.586477
NLOBK_MV_smallest,0.00129746,15,0.659335,0.0951402,0.147645,0.0290317,0.532487
NLOBK_MV_smallest,0.0019462,15,0.598876,0.0836879,0.129298,0.0254951,0.482631
NLOBK_MV_smallest,0.00291929,15,0.544186,0.0733354,0.113107,0.0223228,0.436674
NLOBK_MV_smallest,0.00437894,15,0.49491,0.0641104,0.0987473,0.0195093,0.394379
NLOBK_MV_smallest,0.00656841,15,0.450863,0.0558512,0.0861775,0.0170036,0.35552
NLOBK_MV_smallest,0.00985261,15,0.411606,0.0485814,0.0751315,0.0148133,0.319884
NLOBK_MV_smallest,1e-05,27,2.30823,0.419819,0.787812,0.165468,1.82777
NLOBK_MV_smallest,1.5e-05,27,2.12639,0.382218,0.713081,0.150155,1.68185
NLOBK_MV_smallest,2.25e-05,27,1.95602,0.347397,0.644707,0.136048,1.5456
NLOBK_MV_smallest,3.375e-05,27,1.79659,0.314778,0.580907,0.122976,1.41855
NLOBK_MV_smallest,5.0625e-05,27,1.64721,0.284843,0.522141,0.110888,1.30021
NLOBK_MV_smallest,7.59375e-05,27,1.50664,0.256595,0.468278,0.0996376,1.19013
NLOBK_MV_smallest,0.000113906,27,1.37687,0.230956,0.418705,0.08945,1.08789
NLOBK_MV_smallest,0.000170859,27,1.25563,0.20715,0.373394,0.0800383,0.993025
NLOBK_MV_smallest,0.000256289,27,1.14296,0.185294,0.331831,0.07141,0.905126
NLOBK_MV_smallest,0.000384434,27,1.03873,0.165148,0.294132,0.0634717,0.823809
NLOBK_MV_smallest,0.00057665,27,0.94272,0.146796,0.259917,0.0562652,0.748685
NLOBK_MV_smallest,0.000864976,27,0.854944,0.129994,0.228893,0.0497554,0.679383
NLOBK_MV_smallest,0.00129746,27,0.774447,0.114745,0.201253,0.0439113,0.615541
NLOBK_MV_smallest,0.0019462,27,0.700608,0.101139,0.176204,0.038588,0.556819
NLOBK_MV_smallest,0.00291929,27,0.634176,0.0887941,0.154147,0.0338413,0.502895
NLOBK_MV_smallest,0.00437894,27,0.574209,0.0777432,0.134508,0.0296209,0.453458
NLOBK_MV_smallest,0.00656841,27,0.520528,0.0678772,0.117217,0.0258909,0.408205
NLOBK_MV_smallest,0.00985261,27,0.472741,0.0592282,0.102061,0.0225566,0.366859
