fit,x,Q2,F2 light,FL light,F2 charm,FL charm,F2_LO
NLOBK_MV_smallest,1e-05,4.5,1.23729,0.22908,0.233222,0.027459,0.998251
NLOBK_MV_smallest,1.5e-05,4.5,1.15069,0.210186,0.211257,0.0249491,0.928291
NLOBK_MV_smallest,2.25e-05,4.5,1.06815,0.192298,0.190987,0.0226126,0.862027
NLOBK_MV_smallest,3.375e-05,4.5,0.990004,0.175466,0.172082,0.0204374,0.799348
NLOBK_MV_smallest,5.0625e-05,4.5,0.915586,0.159455,0.154662,0.0184138,0.740133
NLOBK_MV_smallest,7.59375e-05,4.5,0.845264,0.144518,0.138503,0.0165404,0.68426
NLOBK_MV_smallest,0.000113906,4.5,0.778966,0.130485,0.123728,0.0148129,0.631613
NLOBK_MV_smallest,0.000170859,4.5,0.716715,0.117444,0.110245,0.0132201,0.582072
NLOBK_MV_smallest,0.000256289,4.5,0.658233,0.105217,0.0978773,0.0117508,0.535514
NLOBK_MV_smallest,0.000384434,4.5,0.603733,0.0939083,0.0866418,0.0104211,0.491813
NLOBK_MV_smallest,0.00057665,4.5,0.553044,0.0834809,0.0764461,0.009219,0.45086
NLOBK_MV_smallest,0.000864976,4.5,0.506353,0.0738661,0.0673142,0.00811771,0.412542
NLOBK_MV_smallest,0.00129746,4.5,0.463359,0.0650862,0.0591375,0.00713005,0.376747
NLOBK_MV_smallest,0.0019462,4.5,0.424174,0.0571084,0.051855,0.00624762,0.343361
NLOBK_MV_smallest,0.00291929,4.5,0.388695,0.0499389,0.0453782,0.00546355,0.312269
NLOBK_MV_smallest,0.00437894,4.5,0.356888,0.043551,0.0397334,0.0047698,0.283362
NLOBK_MV_smallest,0.00656841,4.5,0.328627,0.0379029,0.0347472,0.00415597,0.256533
NLOBK_MV_smallest,0.00985261,4.5,0.303576,0.0329535,0.0304822,0.00362617,0.231678
NLOBK_MV_smallest,1e-05,45,2.78399,0.507327,0.986018,0.215871,2.11489
NLOBK_MV_smallest,1.5e-05,45,2.558,0.460771,0.890802,0.195455,1.94055
NLOBK_MV_smallest,2.25e-05,45,2.34654,0.418098,0.803282,0.176884,1.77834
NLOBK_MV_smallest,3.375e-05,45,2.14821,0.378361,0.722479,0.159632,1.62762
NLOBK_MV_smallest,5.0625e-05,45,1.96276,0.341202,0.647999,0.143642,1.48775
NLOBK_MV_smallest,7.59375e-05,45,1.79157,0.307002,0.580067,0.129021,1.3581
NLOBK_MV_smallest,0.000113906,45,1.6316,0.276001,0.517469,0.115745,1.23811
NLOBK_MV_smallest,0.000170859,45,1.48291,0.247412,0.460322,0.103324,1.12719
NLOBK_MV_smallest,0.000256289,45,1.34494,0.2211,0.408522,0.0921776,1.02478
NLOBK_MV_smallest,0.000384434,45,1.21903,0.197015,0.361687,0.0819276,0.930367
NLOBK_MV_smallest,0.00057665,45,1.10285,0.174845,0.318816,0.0726406,0.843443
NLOBK_MV_smallest,0.000864976,45,0.996392,0.154832,0.280293,0.0640981,0.763542
NLOBK_MV_smallest,0.00129746,45,0.898706,0.13669,0.245926,0.056584,0.690204
NLOBK_MV_smallest,0.0019462,45,0.809995,0.120588,0.215034,0.0497669,0.622992
NLOBK_MV_smallest,0.00291929,45,0.729924,0.10582,0.187547,0.0436035,0.561484
NLOBK_MV_smallest,0.00437894,45,0.6581,0.0926492,0.163504,0.0382814,0.505286
NLOBK_MV_smallest,0.00656841,45,0.593912,0.0811494,0.142142,0.0333892,0.454025
NLOBK_MV_smallest,0.00985261,45,0.536434,0.070767,0.123448,0.0290721,0.407343
NLOBK_MV_smallest,1e-05,15,1.95298,0.354604,0.551465,0.101522,1.54133
NLOBK_MV_smallest,1.5e-05,15,1.80439,0.323422,0.499367,0.0921206,1.42201
NLOBK_MV_smallest,2.25e-05,15,1.66384,0.294169,0.450938,0.0834674,1.31015
NLOBK_MV_smallest,3.375e-05,15,1.53159,0.267032,0.406237,0.0753658,1.20543
NLOBK_MV_smallest,5.0625e-05,15,1.40799,0.241688,0.364857,0.0679559,1.10751
NLOBK_MV_smallest,7.59375e-05,15,1.29146,0.217859,0.326919,0.061021,1.01608
NLOBK_MV_smallest,0.000113906,15,1.18248,0.196001,0.29181,0.0545603,0.930827
NLOBK_MV_smallest,0.000170859,15,1.08121,0.175688,0.259937,0.0487808,0.851436
NLOBK_MV_smallest,0.000256289,15,0.986544,0.157076,0.230709,0.0434354,0.777601
NLOBK_MV_smallest,0.000384434,15,0.899088,0.139923,0.204148,0.0385232,0.709028
NLOBK_MV_smallest,0.00057665,15,0.817993,0.124109,0.180082,0.0340715,0.64544
NLOBK_MV_smallest,0.000864976,15,0.74379,0.109847,0.158507,0.0300453,0.586572
NLOBK_MV_smallest,0.00129746,15,0.675682,0.0967109,0.139044,0.0264263,0.532158
NLOBK_MV_smallest,0.0019462,15,0.613176,0.0849201,0.121641,0.0231747,0.481942
NLOBK_MV_smallest,0.00291929,15,0.556982,0.0743201,0.106223,0.0202532,0.435671
NLOBK_MV_smallest,0.00437894,15,0.506255,0.0648315,0.0926623,0.0176864,0.393107
NLOBK_MV_smallest,0.00656841,15,0.461007,0.0564502,0.0806503,0.0153507,0.354023
NLOBK_MV_smallest,0.00985261,15,0.420622,0.0490366,0.0702421,0.0133724,0.318199
NLOBK_MV_smallest,1e-05,27,2.37822,0.431141,0.768297,0.158399,1.84227
NLOBK_MV_smallest,1.5e-05,27,2.19004,0.392325,0.694851,0.143552,1.69436
NLOBK_MV_smallest,2.25e-05,27,2.01311,0.356214,0.626997,0.129896,1.55629
NLOBK_MV_smallest,3.375e-05,27,1.84833,0.322675,0.564596,0.117208,1.42758
NLOBK_MV_smallest,5.0625e-05,27,1.69401,0.291599,0.506652,0.105558,1.30774
NLOBK_MV_smallest,7.59375e-05,27,1.54889,0.262679,0.453962,0.0948228,1.19631
NLOBK_MV_smallest,0.000113906,27,1.41435,0.236018,0.405415,0.084978,1.09283
NLOBK_MV_smallest,0.000170859,27,1.28923,0.211542,0.360459,0.0759131,0.996882
NLOBK_MV_smallest,0.000256289,27,1.17269,0.188925,0.320186,0.0676972,0.908015
NLOBK_MV_smallest,0.000384434,27,1.06517,0.168291,0.283098,0.0600619,0.825823
NLOBK_MV_smallest,0.00057665,27,0.966201,0.149379,0.249816,0.0531922,0.749921
NLOBK_MV_smallest,0.000864976,27,0.875797,0.132174,0.219734,0.0469175,0.679938
NLOBK_MV_smallest,0.00129746,27,0.792758,0.116611,0.192943,0.0413505,0.615513
NLOBK_MV_smallest,0.0019462,27,0.716669,0.102618,0.168583,0.0362706,0.556294
NLOBK_MV_smallest,0.00291929,27,0.648297,0.0898555,0.147214,0.0317796,0.501945
NLOBK_MV_smallest,0.00437894,27,0.586749,0.0786443,0.128291,0.0277751,0.452148
NLOBK_MV_smallest,0.00656841,27,0.531571,0.0685415,0.111643,0.0242198,0.406599
NLOBK_MV_smallest,0.00985261,27,0.482377,0.0597097,0.0969941,0.021039,0.365007
