fit,x,Q2,F2 light,FL light,F2 charm,FL charm,F2_LO
NLOBK_MV_smallest,1e-05,4.5,1.22763,0.226897,0.226181,0.0261814,0.987846
NLOBK_MV_smallest,1.5e-05,4.5,1.1416,0.208148,0.204905,0.0237879,0.918526
NLOBK_MV_smallest,2.25e-05,4.5,1.05979,0.190452,0.185117,0.0215592,0.852888
NLOBK_MV_smallest,3.375e-05,4.5,0.98203,0.173641,0.166786,0.0194692,0.790812
NLOBK_MV_smallest,5.0625e-05,4.5,0.908209,0.157869,0.149799,0.0175221,0.732181
NLOBK_MV_smallest,7.59375e-05,4.5,0.838376,0.143039,0.134156,0.0157542,0.676872
NLOBK_MV_smallest,0.000113906,4.5,0.772633,0.129181,0.119856,0.0141035,0.624763
NLOBK_MV_smallest,0.000170859,4.5,0.710812,0.11622,0.106669,0.0125829,0.575734
NLOBK_MV_smallest,0.000256289,4.5,0.652819,0.104101,0.0947132,0.0111953,0.529667
NLOBK_MV_smallest,0.000384434,4.5,0.598785,0.0929425,0.0838456,0.00992211,0.486444
NLOBK_MV_smallest,0.00057665,4.5,0.548537,0.0825939,0.0740535,0.0087734,0.445944
NLOBK_MV_smallest,0.000864976,4.5,0.502269,0.0730888,0.0651705,0.00772715,0.408049
NLOBK_MV_smallest,0.00129746,4.5,0.459656,0.0643815,0.0572502,0.00678501,0.372648
NLOBK_MV_smallest,0.0019462,4.5,0.420796,0.0565296,0.0502063,0.0059494,0.339632
NLOBK_MV_smallest,0.00291929,4.5,0.385644,0.049411,0.0439425,0.00520331,0.308891
NLOBK_MV_smallest,0.00437894,4.5,0.354093,0.0430805,0.0384857,0.0045432,0.280313
NLOBK_MV_smallest,0.00656841,4.5,0.326124,0.0375269,0.0336766,0.00395953,0.253792
NLOBK_MV_smallest,0.00985261,4.5,0.301296,0.0326381,0.0295162,0.00345554,0.229223
NLOBK_MV_smallest,1e-05,45,2.75732,0.501629,0.967799,0.211355,2.09148
NLOBK_MV_smallest,1.5e-05,45,2.53262,0.455838,0.874513,0.191699,1.91898
NLOBK_MV_smallest,2.25e-05,45,2.32281,0.413286,0.788365,0.1733,1.75853
NLOBK_MV_smallest,3.375e-05,45,2.12669,0.374092,0.709262,0.156517,1.60946
NLOBK_MV_smallest,5.0625e-05,45,1.94329,0.337447,0.635907,0.140795,1.47114
NLOBK_MV_smallest,7.59375e-05,45,1.77363,0.30392,0.569226,0.126523,1.34295
NLOBK_MV_smallest,0.000113906,45,1.61491,0.272816,0.507834,0.113296,1.22432
NLOBK_MV_smallest,0.000170859,45,1.4678,0.244678,0.451894,0.101329,1.11466
NLOBK_MV_smallest,0.000256289,45,1.33113,0.218315,0.400634,0.0903161,1.01343
NLOBK_MV_smallest,0.000384434,45,1.20675,0.194735,0.354746,0.0801796,0.920114
NLOBK_MV_smallest,0.00057665,45,1.09203,0.172881,0.31294,0.071182,0.834215
NLOBK_MV_smallest,0.000864976,45,0.986659,0.153194,0.275246,0.0628497,0.755251
NLOBK_MV_smallest,0.00129746,45,0.89,0.135271,0.241482,0.0554558,0.682772
NLOBK_MV_smallest,0.0019462,45,0.802246,0.119264,0.211504,0.0487695,0.616346
NLOBK_MV_smallest,0.00291929,45,0.723042,0.104665,0.184323,0.0427433,0.555561
NLOBK_MV_smallest,0.00437894,45,0.652102,0.0917817,0.16064,0.0375056,0.500024
NLOBK_MV_smallest,0.00656841,45,0.588597,0.0802857,0.13976,0.0327192,0.449362
NLOBK_MV_smallest,0.00985261,45,0.531711,0.0701206,0.121651,0.0286142,0.403223
NLOBK_MV_smallest,1e-05,15,1.9356,0.351039,0.538976,0.0985099,1.52412
NLOBK_MV_smallest,1.5e-05,15,1.78767,0.320091,0.487565,0.0893694,1.40602
NLOBK_MV_smallest,2.25e-05,15,1.64881,0.29119,0.440212,0.0808959,1.29535
NLOBK_MV_smallest,3.375e-05,15,1.51744,0.264226,0.396404,0.0730664,1.19175
NLOBK_MV_smallest,5.0625e-05,15,1.39492,0.238986,0.356068,0.0658313,1.09491
NLOBK_MV_smallest,7.59375e-05,15,1.27952,0.215587,0.318897,0.0590597,1.0045
NLOBK_MV_smallest,0.000113906,15,1.17181,0.19402,0.284711,0.0529111,0.920204
NLOBK_MV_smallest,0.000170859,15,1.07117,0.173787,0.253662,0.0472876,0.84171
NLOBK_MV_smallest,0.000256289,15,0.977503,0.155422,0.225249,0.0420942,0.768726
NLOBK_MV_smallest,0.000384434,15,0.890837,0.138457,0.199323,0.0373304,0.700959
NLOBK_MV_smallest,0.00057665,15,0.810598,0.122823,0.175821,0.0330194,0.638129
NLOBK_MV_smallest,0.000864976,15,0.736988,0.108574,0.154732,0.0291346,0.579958
NLOBK_MV_smallest,0.00129746,15,0.669573,0.0956667,0.135759,0.0256065,0.526189
NLOBK_MV_smallest,0.0019462,15,0.607732,0.0840078,0.118749,0.0224568,0.476569
NLOBK_MV_smallest,0.00291929,15,0.552086,0.073527,0.103753,0.0196627,0.430852
NLOBK_MV_smallest,0.00437894,15,0.501876,0.0641659,0.090431,0.0171396,0.388801
NLOBK_MV_smallest,0.00656841,15,0.457073,0.0558636,0.0788017,0.0149253,0.350188
NLOBK_MV_smallest,0.00985261,15,0.417116,0.048548,0.0686272,0.0129715,0.314794
NLOBK_MV_smallest,1e-05,27,2.35553,0.426611,0.752803,0.154433,1.82172
NLOBK_MV_smallest,1.5e-05,27,2.16913,0.388286,0.680994,0.140185,1.67537
NLOBK_MV_smallest,2.25e-05,27,1.99382,0.352416,0.614134,0.126738,1.53878
NLOBK_MV_smallest,3.375e-05,27,1.83061,0.319129,0.55281,0.114349,1.41147
NLOBK_MV_smallest,5.0625e-05,27,1.67723,0.288369,0.495983,0.102992,1.29296
NLOBK_MV_smallest,7.59375e-05,27,1.53382,0.259752,0.444131,0.0925692,1.18278
NLOBK_MV_smallest,0.000113906,27,1.40051,0.233431,0.396597,0.0828343,1.08048
NLOBK_MV_smallest,0.000170859,27,1.27654,0.209172,0.352963,0.073984,0.985621
NLOBK_MV_smallest,0.000256289,27,1.16141,0.186834,0.313383,0.0659626,0.897781
NLOBK_MV_smallest,0.000384434,27,1.05494,0.166334,0.277038,0.0585463,0.816555
NLOBK_MV_smallest,0.00057665,27,0.957097,0.147764,0.24464,0.0518523,0.741555
NLOBK_MV_smallest,0.000864976,27,0.867397,0.130696,0.215283,0.0458226,0.6724
NLOBK_MV_smallest,0.00129746,27,0.785241,0.115315,0.188984,0.0403769,0.608736
NLOBK_MV_smallest,0.0019462,27,0.709991,0.101511,0.165299,0.0354072,0.550217
NLOBK_MV_smallest,0.00291929,27,0.642318,0.088901,0.144218,0.0310122,0.496516
NLOBK_MV_smallest,0.00437894,27,0.581445,0.0776942,0.12569,0.0271075,0.447312
NLOBK_MV_smallest,0.00656841,27,0.526901,0.0678324,0.109468,0.0236521,0.402305
NLOBK_MV_smallest,0.00985261,27,0.47819,0.0590632,0.0951955,0.020584,0.361205
