fit,x,Q2,F2 light,FL light,F2 charm,FL charm,F2_LO
NLOBK_MV_smallest,1e-05,4.5,1.21854,0.224651,0.238838,0.0292516,1.0014
NLOBK_MV_smallest,1.5e-05,4.5,1.13311,0.206063,0.216563,0.0266069,0.931117
NLOBK_MV_smallest,2.25e-05,4.5,1.05204,0.188638,0.195822,0.0241161,0.864593
NLOBK_MV_smallest,3.375e-05,4.5,0.975009,0.172126,0.176638,0.0218261,0.801706
NLOBK_MV_smallest,5.0625e-05,4.5,0.901896,0.15649,0.159027,0.0196985,0.74233
NLOBK_MV_smallest,7.59375e-05,4.5,0.832728,0.141832,0.142659,0.0177088,0.686341
NLOBK_MV_smallest,0.000113906,4.5,0.767708,0.128176,0.127587,0.0158738,0.63361
NLOBK_MV_smallest,0.000170859,4.5,0.706575,0.115366,0.113796,0.0141865,0.584017
NLOBK_MV_smallest,0.000256289,4.5,0.649262,0.103463,0.101173,0.0126414,0.537442
NLOBK_MV_smallest,0.000384434,4.5,0.595793,0.0924207,0.0897869,0.0112265,0.493758
NLOBK_MV_smallest,0.00057665,4.5,0.546127,0.0822191,0.0793912,0.0099416,0.452844
NLOBK_MV_smallest,0.000864976,4.5,0.500377,0.0728697,0.0700369,0.00878068,0.414583
NLOBK_MV_smallest,0.00129746,4.5,0.458252,0.0642775,0.0616445,0.0077322,0.378854
NLOBK_MV_smallest,0.0019462,4.5,0.419789,0.0565216,0.0541912,0.00678884,0.345539
NLOBK_MV_smallest,0.00291929,4.5,0.384989,0.0495191,0.047573,0.00595108,0.314524
NLOBK_MV_smallest,0.00437894,4.5,0.353747,0.043265,0.0417204,0.00520481,0.2857
NLOBK_MV_smallest,0.00656841,4.5,0.325991,0.0377389,0.0366018,0.00454816,0.258956
NLOBK_MV_smallest,0.00985261,4.5,0.30133,0.0329098,0.0321723,0.00398028,0.234183
NLOBK_MV_smallest,1e-05,45,2.72712,0.496542,0.981946,0.216051,2.1085
NLOBK_MV_smallest,1.5e-05,45,2.50589,0.451716,0.888063,0.195729,1.9356
NLOBK_MV_smallest,2.25e-05,45,2.29887,0.409596,0.80176,0.177261,1.77476
NLOBK_MV_smallest,3.375e-05,45,2.10539,0.370949,0.721747,0.160072,1.62531
NLOBK_MV_smallest,5.0625e-05,45,1.92562,0.335036,0.647925,0.144154,1.48662
NLOBK_MV_smallest,7.59375e-05,45,1.75805,0.302017,0.580766,0.129707,1.35807
NLOBK_MV_smallest,0.000113906,45,1.60176,0.271444,0.518769,0.116372,1.23906
NLOBK_MV_smallest,0.000170859,45,1.4564,0.243551,0.462169,0.104079,1.12902
NLOBK_MV_smallest,0.000256289,45,1.32217,0.217816,0.411147,0.0930485,1.02743
NLOBK_MV_smallest,0.000384434,45,1.19944,0.19427,0.364326,0.0828015,0.933734
NLOBK_MV_smallest,0.00057665,45,1.08647,0.172857,0.32206,0.0735264,0.847452
NLOBK_MV_smallest,0.000864976,45,0.982639,0.153373,0.283919,0.0651403,0.768109
NLOBK_MV_smallest,0.00129746,45,0.887186,0.135711,0.249659,0.0574866,0.695247
NLOBK_MV_smallest,0.0019462,45,0.800639,0.119882,0.218863,0.0507271,0.628425
NLOBK_MV_smallest,0.00291929,45,0.722388,0.105565,0.191528,0.0446385,0.56724
NLOBK_MV_smallest,0.00437894,45,0.652061,0.0925851,0.16729,0.0391385,0.511302
NLOBK_MV_smallest,0.00656841,45,0.589283,0.0811922,0.145768,0.0342756,0.460239
NLOBK_MV_smallest,0.00985261,45,0.533149,0.0710292,0.127113,0.0299359,0.413695
NLOBK_MV_smallest,1e-05,15,1.91628,0.347183,0.555316,0.104,1.54076
NLOBK_MV_smallest,1.5e-05,15,1.77049,0.316676,0.50296,0.0943712,1.42179
NLOBK_MV_smallest,2.25e-05,15,1.6331,0.288285,0.454738,0.0855848,1.31031
NLOBK_MV_smallest,3.375e-05,15,1.50362,0.261641,0.410073,0.0773001,1.20597
NLOBK_MV_smallest,5.0625e-05,15,1.38268,0.237056,0.368853,0.0697401,1.10844
NLOBK_MV_smallest,7.59375e-05,15,1.26885,0.214013,0.330774,0.0627809,1.01739
NLOBK_MV_smallest,0.000113906,15,1.16263,0.192596,0.29578,0.0562301,0.932498
NLOBK_MV_smallest,0.000170859,15,1.06352,0.172947,0.263782,0.0503071,0.853453
NLOBK_MV_smallest,0.000256289,15,0.970924,0.154664,0.234546,0.0448492,0.779961
NLOBK_MV_smallest,0.000384434,15,0.885221,0.137814,0.207954,0.0398697,0.711719
NLOBK_MV_smallest,0.00057665,15,0.806213,0.12252,0.183898,0.0353309,0.648444
NLOBK_MV_smallest,0.000864976,15,0.73359,0.108439,0.162194,0.0312154,0.589863
NLOBK_MV_smallest,0.00129746,15,0.667,0.095795,0.142607,0.0275147,0.535709
NLOBK_MV_smallest,0.0019462,15,0.606073,0.0842783,0.12499,0.0241649,0.485716
NLOBK_MV_smallest,0.00291929,15,0.551033,0.0738679,0.109421,0.0211831,0.439644
NLOBK_MV_smallest,0.00437894,15,0.501414,0.0646265,0.0957234,0.0185344,0.397254
NLOBK_MV_smallest,0.00656841,15,0.4571,0.0564131,0.0835726,0.0161574,0.358316
NLOBK_MV_smallest,0.00985261,15,0.417468,0.049089,0.0730088,0.0140936,0.322607
NLOBK_MV_smallest,1e-05,27,2.33051,0.422142,0.768558,0.159687,1.83867
NLOBK_MV_smallest,1.5e-05,27,2.14611,0.384332,0.695738,0.145011,1.69167
NLOBK_MV_smallest,2.25e-05,27,1.9743,0.349344,0.628434,0.131276,1.55447
NLOBK_MV_smallest,3.375e-05,27,1.813,0.316461,0.566269,0.118586,1.42659
NLOBK_MV_smallest,5.0625e-05,27,1.66162,0.286079,0.508838,0.10702,1.30754
NLOBK_MV_smallest,7.59375e-05,27,1.52084,0.258009,0.456378,0.0962018,1.19686
NLOBK_MV_smallest,0.000113906,27,1.38957,0.232052,0.408092,0.0862638,1.09407
NLOBK_MV_smallest,0.000170859,27,1.26688,0.208218,0.363832,0.0771402,0.998742
NLOBK_MV_smallest,0.000256289,27,1.15313,0.186037,0.323356,0.0688375,0.910462
NLOBK_MV_smallest,0.000384434,27,1.04823,0.16594,0.286735,0.061248,0.828811
NLOBK_MV_smallest,0.00057665,27,0.952044,0.147648,0.253354,0.0543642,0.753397
NLOBK_MV_smallest,0.000864976,27,0.863645,0.130746,0.223322,0.0480561,0.683848
NLOBK_MV_smallest,0.00129746,27,0.7824,0.115547,0.196558,0.0423818,0.6198
NLOBK_MV_smallest,0.0019462,27,0.708161,0.10187,0.172315,0.0373273,0.560898
NLOBK_MV_smallest,0.00291929,27,0.641455,0.089511,0.150698,0.0327474,0.506818
NLOBK_MV_smallest,0.00437894,27,0.581188,0.0783822,0.131688,0.0287163,0.457245
NLOBK_MV_smallest,0.00656841,27,0.52726,0.0686147,0.114939,0.0250913,0.411875
NLOBK_MV_smallest,0.00985261,27,0.479182,0.0598789,0.100229,0.0218952,0.370416
