fit,x,Q2,F2 light,FL light,F2 charm,FL charm,F2_LO
NLOBK_MV_smallest,1e-05,4.5,1.24631,0.228645,0.229735,0.026975,1.00816
NLOBK_MV_smallest,1.5e-05,4.5,1.15853,0.209754,0.207883,0.024487,0.936916
NLOBK_MV_smallest,2.25e-05,4.5,1.07494,0.191676,0.187687,0.0221643,0.869502
NLOBK_MV_smallest,3.375e-05,4.5,0.995711,0.174706,0.169019,0.0200184,0.805801
NLOBK_MV_smallest,5.0625e-05,4.5,0.92049,0.158627,0.151845,0.0180336,0.74568
NLOBK_MV_smallest,7.59375e-05,4.5,0.849468,0.143688,0.135928,0.0161943,0.689009
NLOBK_MV_smallest,0.000113906,4.5,0.782632,0.129648,0.121398,0.0144845,0.635654
NLOBK_MV_smallest,0.000170859,4.5,0.71992,0.116574,0.108118,0.0129291,0.585492
NLOBK_MV_smallest,0.000256289,4.5,0.661096,0.104389,0.0959692,0.0114903,0.538401
NLOBK_MV_smallest,0.000384434,4.5,0.606258,0.0931051,0.0849491,0.0101869,0.494254
NLOBK_MV_smallest,0.00057665,4.5,0.555395,0.0826978,0.0749937,0.00901037,0.452924
NLOBK_MV_smallest,0.000864976,4.5,0.50856,0.0731467,0.0659934,0.00793942,0.414288
NLOBK_MV_smallest,0.00129746,4.5,0.465491,0.0644045,0.0580012,0.00697117,0.378225
NLOBK_MV_smallest,0.0019462,4.5,0.426195,0.056542,0.0508695,0.00611293,0.344615
NLOBK_MV_smallest,0.00291929,4.5,0.390687,0.049425,0.0445723,0.00534546,0.313342
NLOBK_MV_smallest,0.00437894,4.5,0.358851,0.0431104,0.0390575,0.00466871,0.284292
NLOBK_MV_smallest,0.00656841,4.5,0.330586,0.0375453,0.0341823,0.0040721,0.257354
NLOBK_MV_smallest,0.00985261,4.5,0.305492,0.0326753,0.0299844,0.00355636,0.232418
NLOBK_MV_smallest,1e-05,45,2.77233,0.502184,0.971192,0.212739,2.11514
NLOBK_MV_smallest,1.5e-05,45,2.54564,0.455917,0.877749,0.1927,1.94024
NLOBK_MV_smallest,2.25e-05,45,2.33532,0.413584,0.79124,0.174297,1.77762
NLOBK_MV_smallest,3.375e-05,45,2.13635,0.373587,0.711265,0.157233,1.62662
NLOBK_MV_smallest,5.0625e-05,45,1.9526,0.337345,0.637835,0.141467,1.48657
NLOBK_MV_smallest,7.59375e-05,45,1.7811,0.303598,0.570615,0.127086,1.35686
NLOBK_MV_smallest,0.000113906,45,1.62188,0.27276,0.509214,0.113881,1.23683
NLOBK_MV_smallest,0.000170859,45,1.47382,0.24438,0.452998,0.101678,1.12593
NLOBK_MV_smallest,0.000256289,45,1.33678,0.21814,0.401804,0.0906666,1.02361
NLOBK_MV_smallest,0.000384434,45,1.21182,0.19422,0.355612,0.0806279,0.92932
NLOBK_MV_smallest,0.00057665,45,1.09652,0.172549,0.313864,0.0714714,0.84255
NLOBK_MV_smallest,0.000864976,45,0.990849,0.152917,0.276106,0.0631383,0.762821
NLOBK_MV_smallest,0.00129746,45,0.894083,0.134998,0.242252,0.055657,0.689663
NLOBK_MV_smallest,0.0019462,45,0.806187,0.119151,0.211998,0.0490408,0.622633
NLOBK_MV_smallest,0.00291929,45,0.727335,0.104615,0.185294,0.0430783,0.561307
NLOBK_MV_smallest,0.00437894,45,0.655841,0.0916847,0.161425,0.0377149,0.505287
NLOBK_MV_smallest,0.00656841,45,0.592274,0.0802631,0.140739,0.0330133,0.454197
NLOBK_MV_smallest,0.00985261,45,0.535384,0.0700939,0.122325,0.0287663,0.407678
NLOBK_MV_smallest,1e-05,15,1.95441,0.352125,0.54345,0.100057,1.54727
NLOBK_MV_smallest,1.5e-05,15,1.80464,0.321031,0.491736,0.0907508,1.42685
NLOBK_MV_smallest,2.25e-05,15,1.66352,0.291728,0.443767,0.0820607,1.31406
NLOBK_MV_smallest,3.375e-05,15,1.53058,0.264636,0.399662,0.0740969,1.20856
NLOBK_MV_smallest,5.0625e-05,15,1.40667,0.239343,0.35892,0.0667185,1.11
NLOBK_MV_smallest,7.59375e-05,15,1.29007,0.215808,0.321268,0.0598601,1.01804
NLOBK_MV_smallest,0.000113906,15,1.18127,0.194011,0.287011,0.0536638,0.932335
NLOBK_MV_smallest,0.000170859,15,1.07956,0.17381,0.255524,0.04792,0.85258
NLOBK_MV_smallest,0.000256289,15,0.985167,0.155319,0.226726,0.0426318,0.778469
NLOBK_MV_smallest,0.000384434,15,0.897781,0.138336,0.200606,0.0378243,0.709698
NLOBK_MV_smallest,0.00057665,15,0.816937,0.122619,0.177013,0.0334476,0.64597
NLOBK_MV_smallest,0.000864976,15,0.742788,0.108426,0.155834,0.0295003,0.587008
NLOBK_MV_smallest,0.00129746,15,0.675015,0.0955922,0.136816,0.0259442,0.532537
NLOBK_MV_smallest,0.0019462,15,0.612956,0.0839454,0.119695,0.0227711,0.482291
NLOBK_MV_smallest,0.00291929,15,0.557046,0.073484,0.104548,0.0199124,0.436017
NLOBK_MV_smallest,0.00437894,15,0.506481,0.0640535,0.0912069,0.017397,0.393472
NLOBK_MV_smallest,0.00656841,15,0.461573,0.0558753,0.0795212,0.0151509,0.354424
NLOBK_MV_smallest,0.00985261,15,0.421329,0.0485567,0.0693814,0.0132041,0.318648
NLOBK_MV_smallest,1e-05,27,2.3722,0.427252,0.757305,0.155994,1.84536
NLOBK_MV_smallest,1.5e-05,27,2.18379,0.388492,0.684777,0.141455,1.6966
NLOBK_MV_smallest,2.25e-05,27,2.00701,0.352679,0.617649,0.127903,1.55784
NLOBK_MV_smallest,3.375e-05,27,1.84229,0.319196,0.555913,0.115381,1.42859
NLOBK_MV_smallest,5.0625e-05,27,1.68781,0.288331,0.498665,0.103975,1.30833
NLOBK_MV_smallest,7.59375e-05,27,1.54337,0.259668,0.446243,0.0933318,1.19659
NLOBK_MV_smallest,0.000113906,27,1.40908,0.233322,0.398304,0.0836111,1.09288
NLOBK_MV_smallest,0.000170859,27,1.28387,0.209135,0.354673,0.0746918,0.996754
NLOBK_MV_smallest,0.000256289,27,1.16809,0.186671,0.314852,0.0665295,0.907792
NLOBK_MV_smallest,0.000384434,27,1.06098,0.166175,0.278595,0.0590799,0.825568
NLOBK_MV_smallest,0.00057665,27,0.962856,0.147536,0.245653,0.0522883,0.749677
NLOBK_MV_smallest,0.000864976,27,0.87259,0.130459,0.216271,0.0461674,0.679739
NLOBK_MV_smallest,0.00129746,27,0.790032,0.115183,0.189846,0.0406636,0.61538
NLOBK_MV_smallest,0.0019462,27,0.714837,0.101357,0.165978,0.0356771,0.556243
NLOBK_MV_smallest,0.00291929,27,0.646761,0.0887902,0.145119,0.031282,0.50199
NLOBK_MV_smallest,0.00437894,27,0.585642,0.0776755,0.126581,0.0273705,0.452296
NLOBK_MV_smallest,0.00656841,27,0.531031,0.0678215,0.110208,0.0238452,0.406856
NLOBK_MV_smallest,0.00985261,27,0.48234,0.0591154,0.0958866,0.0207778,0.365376
