fit,x,Q2,F2 light,FL light,F2 charm,FL charm,F2_LO
NLOBK_MV_smallest,1e-05,4.5,1.19739,0.220815,0.228944,0.0274577,0.978549
NLOBK_MV_smallest,1.5e-05,4.5,1.1136,0.202674,0.207636,0.024956,0.909903
NLOBK_MV_smallest,2.25e-05,4.5,1.03385,0.185469,0.187776,0.0226458,0.844926
NLOBK_MV_smallest,3.375e-05,4.5,0.958154,0.16924,0.169289,0.020472,0.783495
NLOBK_MV_smallest,5.0625e-05,4.5,0.886293,0.153926,0.152256,0.018448,0.725492
NLOBK_MV_smallest,7.59375e-05,4.5,0.818356,0.139479,0.136559,0.0166025,0.670799
NLOBK_MV_smallest,0.000113906,4.5,0.754436,0.12602,0.122179,0.0148744,0.619284
NLOBK_MV_smallest,0.000170859,4.5,0.694365,0.113454,0.108936,0.0132985,0.570828
NLOBK_MV_smallest,0.000256289,4.5,0.638006,0.101734,0.0968322,0.0118358,0.525316
NLOBK_MV_smallest,0.000384434,4.5,0.585405,0.0908581,0.0858602,0.010512,0.482627
NLOBK_MV_smallest,0.00057665,4.5,0.536586,0.0808279,0.0759684,0.00930831,0.44264
NLOBK_MV_smallest,0.000864976,4.5,0.491606,0.0716061,0.0669815,0.00821708,0.405241
NLOBK_MV_smallest,0.00129746,4.5,0.450206,0.063179,0.05896,0.00723034,0.370317
NLOBK_MV_smallest,0.0019462,4.5,0.412396,0.0555485,0.0517993,0.0063478,0.337752
NLOBK_MV_smallest,0.00291929,4.5,0.378142,0.0486347,0.0454432,0.00556167,0.307433
NLOBK_MV_smallest,0.00437894,4.5,0.347475,0.0425083,0.0398598,0.00486522,0.279249
NLOBK_MV_smallest,0.00656841,4.5,0.320185,0.0370721,0.0349684,0.00425621,0.253096
NLOBK_MV_smallest,0.00985261,4.5,0.295944,0.0323206,0.0307284,0.00371867,0.228869
NLOBK_MV_smallest,1e-05,45,2.68178,0.488294,0.957306,0.209932,2.06484
NLOBK_MV_smallest,1.5e-05,45,2.46443,0.44437,0.865653,0.1903,1.89544
NLOBK_MV_smallest,2.25e-05,45,2.26114,0.403043,0.781238,0.172562,1.73785
NLOBK_MV_smallest,3.375e-05,45,2.07058,0.364794,0.70322,0.155502,1.59142
NLOBK_MV_smallest,5.0625e-05,45,1.89404,0.329768,0.631439,0.140144,1.45553
NLOBK_MV_smallest,7.59375e-05,45,1.72859,0.29697,0.565339,0.126046,1.3296
NLOBK_MV_smallest,0.000113906,45,1.57509,0.267162,0.505503,0.113112,1.21301
NLOBK_MV_smallest,0.000170859,45,1.43191,0.23959,0.450126,0.101203,1.1052
NLOBK_MV_smallest,0.000256289,45,1.30026,0.214203,0.400501,0.0903567,1.00567
NLOBK_MV_smallest,0.000384434,45,1.17927,0.191035,0.354365,0.0803508,0.913894
NLOBK_MV_smallest,0.00057665,45,1.06817,0.169938,0.31381,0.0714488,0.829374
NLOBK_MV_smallest,0.000864976,45,0.965778,0.150646,0.276304,0.0632407,0.751654
NLOBK_MV_smallest,0.00129746,45,0.871992,0.133347,0.242727,0.0558564,0.680289
NLOBK_MV_smallest,0.0019462,45,0.787005,0.117824,0.212937,0.049249,0.61485
NLOBK_MV_smallest,0.00291929,45,0.709859,0.103654,0.186322,0.0433082,0.554929
NLOBK_MV_smallest,0.00437894,45,0.640605,0.0909269,0.162666,0.0379992,0.500142
NLOBK_MV_smallest,0.00656841,45,0.578996,0.0797165,0.1419,0.0333036,0.450131
NLOBK_MV_smallest,0.00985261,45,0.523669,0.069726,0.123531,0.0290407,0.404553
NLOBK_MV_smallest,1e-05,15,1.88408,0.341532,0.537635,0.0997725,1.50703
NLOBK_MV_smallest,1.5e-05,15,1.74078,0.311592,0.487343,0.0906514,1.39065
NLOBK_MV_smallest,2.25e-05,15,1.60576,0.283784,0.440315,0.0821157,1.28159
NLOBK_MV_smallest,3.375e-05,15,1.47846,0.257427,0.396874,0.0742328,1.17951
NLOBK_MV_smallest,5.0625e-05,15,1.35926,0.23306,0.356815,0.0668885,1.0841
NLOBK_MV_smallest,7.59375e-05,15,1.24741,0.210458,0.320092,0.0600992,0.995033
NLOBK_MV_smallest,0.000113906,15,1.14274,0.189295,0.28612,0.0539345,0.911985
NLOBK_MV_smallest,0.000170859,15,1.04529,0.169843,0.255064,0.048233,0.834654
NLOBK_MV_smallest,0.000256289,15,0.954391,0.152067,0.226855,0.0429896,0.762752
NLOBK_MV_smallest,0.000384434,15,0.870098,0.135508,0.201075,0.0382036,0.695989
NLOBK_MV_smallest,0.00057665,15,0.792357,0.12043,0.177737,0.0338458,0.634083
NLOBK_MV_smallest,0.000864976,15,0.721018,0.106639,0.156759,0.0299,0.576768
NLOBK_MV_smallest,0.00129746,15,0.655616,0.0941375,0.137809,0.0263623,0.523785
NLOBK_MV_smallest,0.0019462,15,0.595564,0.0828157,0.120795,0.0231588,0.47488
NLOBK_MV_smallest,0.00291929,15,0.541417,0.0725694,0.105738,0.0202854,0.429806
NLOBK_MV_smallest,0.00437894,15,0.492576,0.0634536,0.0923977,0.0177281,0.38833
NLOBK_MV_smallest,0.00656841,15,0.448986,0.0553594,0.0807142,0.0154881,0.35023
NLOBK_MV_smallest,0.00985261,15,0.410088,0.0482197,0.0704437,0.0135006,0.315293
NLOBK_MV_smallest,1e-05,27,2.29148,0.415231,0.747301,0.154542,1.79963
NLOBK_MV_smallest,1.5e-05,27,2.11037,0.377905,0.676528,0.140244,1.65569
NLOBK_MV_smallest,2.25e-05,27,1.94101,0.343368,0.610857,0.126965,1.52136
NLOBK_MV_smallest,3.375e-05,27,1.7826,0.31117,0.550177,0.114675,1.39615
NLOBK_MV_smallest,5.0625e-05,27,1.63388,0.281369,0.4943,0.103488,1.27958
NLOBK_MV_smallest,7.59375e-05,27,1.49517,0.253471,0.443164,0.0930639,1.17122
NLOBK_MV_smallest,0.000113906,27,1.36604,0.228324,0.396355,0.0834564,1.07058
NLOBK_MV_smallest,0.000170859,27,1.24551,0.204628,0.353117,0.0746507,0.977251
NLOBK_MV_smallest,0.000256289,27,1.13371,0.182995,0.314006,0.0665872,0.890816
NLOBK_MV_smallest,0.000384434,27,1.03055,0.163215,0.278246,0.0592128,0.810877
NLOBK_MV_smallest,0.00057665,27,0.935829,0.145126,0.246056,0.0524779,0.737045
NLOBK_MV_smallest,0.000864976,27,0.848913,0.128571,0.21679,0.0464197,0.668954
NLOBK_MV_smallest,0.00129746,27,0.768862,0.113538,0.190661,0.0409469,0.606253
NLOBK_MV_smallest,0.0019462,27,0.696024,0.100182,0.167015,0.0360246,0.548597
NLOBK_MV_smallest,0.00291929,27,0.630241,0.0878878,0.146293,0.0316302,0.49566
NLOBK_MV_smallest,0.00437894,27,0.571082,0.0770438,0.127733,0.0276884,0.447128
NLOBK_MV_smallest,0.00656841,27,0.517917,0.0673289,0.11148,0.0242013,0.402711
NLOBK_MV_smallest,0.00985261,27,0.470673,0.0587802,0.0971818,0.0211206,0.362128
