fit,x,Q2,F2 light,FL light,F2 charm,FL charm,F2_LO
NLOBK_MV_smallest,1e-05,4.5,1.23459,0.225641,0.228477,0.0271216,1.01051
NLOBK_MV_smallest,1.5e-05,4.5,1.14722,0.206771,0.206872,0.0246326,0.93901
NLOBK_MV_smallest,2.25e-05,4.5,1.06452,0.189014,0.186943,0.0223292,0.8714
NLOBK_MV_smallest,3.375e-05,4.5,0.986023,0.172224,0.168579,0.0201728,0.807556
NLOBK_MV_smallest,5.0625e-05,4.5,0.911598,0.156402,0.151522,0.0181791,0.747335
NLOBK_MV_smallest,7.59375e-05,4.5,0.841428,0.141724,0.135808,0.0163366,0.690608
NLOBK_MV_smallest,0.000113906,4.5,0.775416,0.127924,0.121364,0.0146396,0.637233
NLOBK_MV_smallest,0.000170859,4.5,0.71349,0.115052,0.108187,0.0130675,0.587075
NLOBK_MV_smallest,0.000256289,4.5,0.655443,0.103111,0.096149,0.0116376,0.54001
NLOBK_MV_smallest,0.000384434,4.5,0.601371,0.0920655,0.0852271,0.0103371,0.495908
NLOBK_MV_smallest,0.00057665,4.5,0.551229,0.081829,0.0753995,0.00914875,0.454638
NLOBK_MV_smallest,0.000864976,4.5,0.505043,0.0724832,0.0664751,0.00807083,0.416079
NLOBK_MV_smallest,0.00129746,4.5,0.462609,0.0639205,0.0585405,0.0071066,0.3801
NLOBK_MV_smallest,0.0019462,4.5,0.423861,0.0561851,0.0514536,0.00624427,0.346581
NLOBK_MV_smallest,0.00291929,4.5,0.38881,0.0492068,0.0451494,0.0054712,0.315404
NLOBK_MV_smallest,0.00437894,4.5,0.357341,0.0430215,0.0396491,0.00479055,0.286453
NLOBK_MV_smallest,0.00656841,4.5,0.329371,0.0375313,0.0348184,0.00419339,0.259617
NLOBK_MV_smallest,0.00985261,4.5,0.304547,0.0327403,0.030621,0.00366849,0.234776
NLOBK_MV_smallest,1e-05,45,2.72874,0.493955,0.960298,0.210537,2.11009
NLOBK_MV_smallest,1.5e-05,45,2.50688,0.449084,0.868054,0.190862,1.93644
NLOBK_MV_smallest,2.25e-05,45,2.29925,0.406829,0.783327,0.17275,1.775
NLOBK_MV_smallest,3.375e-05,45,2.10395,0.368154,0.704699,0.156016,1.62511
NLOBK_MV_smallest,5.0625e-05,45,1.92451,0.332683,0.632628,0.140309,1.48609
NLOBK_MV_smallest,7.59375e-05,45,1.75584,0.299711,0.566348,0.126299,1.35732
NLOBK_MV_smallest,0.000113906,45,1.60031,0.26961,0.506236,0.113148,1.23816
NLOBK_MV_smallest,0.000170859,45,1.45456,0.241669,0.451101,0.101329,1.12805
NLOBK_MV_smallest,0.000256289,45,1.32034,0.216012,0.400635,0.0903765,1.02643
NLOBK_MV_smallest,0.000384434,45,1.19752,0.192614,0.355269,0.0805352,0.932776
NLOBK_MV_smallest,0.00057665,45,1.08517,0.1714,0.314221,0.0715437,0.846573
NLOBK_MV_smallest,0.000864976,45,0.981246,0.152061,0.276676,0.0632672,0.767341
NLOBK_MV_smallest,0.00129746,45,0.886325,0.134681,0.243627,0.0560076,0.694607
NLOBK_MV_smallest,0.0019462,45,0.800085,0.118754,0.213768,0.0493117,0.627933
NLOBK_MV_smallest,0.00291929,45,0.722552,0.10462,0.187146,0.0434062,0.566906
NLOBK_MV_smallest,0.00437894,45,0.652605,0.091839,0.163495,0.038103,0.51113
NLOBK_MV_smallest,0.00656841,45,0.58987,0.0805213,0.142753,0.0333286,0.460229
NLOBK_MV_smallest,0.00985261,45,0.533982,0.0705376,0.124657,0.0292175,0.413844
NLOBK_MV_smallest,1e-05,15,1.92789,0.346398,0.538656,0.0996374,1.54601
NLOBK_MV_smallest,1.5e-05,15,1.78039,0.316023,0.487685,0.0903793,1.42598
NLOBK_MV_smallest,2.25e-05,15,1.64119,0.287216,0.440579,0.0818508,1.31358
NLOBK_MV_smallest,3.375e-05,15,1.51058,0.260657,0.397037,0.0738925,1.20849
NLOBK_MV_smallest,5.0625e-05,15,1.38832,0.23583,0.35665,0.066643,1.11033
NLOBK_MV_smallest,7.59375e-05,15,1.2738,0.2128,0.319666,0.0598523,1.01877
NLOBK_MV_smallest,0.000113906,15,1.1669,0.191398,0.285866,0.0536772,0.933472
NLOBK_MV_smallest,0.000170859,15,1.06734,0.171824,0.254687,0.0479733,0.854094
NLOBK_MV_smallest,0.000256289,15,0.974203,0.153547,0.226451,0.0427696,0.780344
NLOBK_MV_smallest,0.000384434,15,0.888279,0.136804,0.200847,0.0380007,0.711914
NLOBK_MV_smallest,0.00057665,15,0.809027,0.121558,0.177443,0.0336696,0.648508
NLOBK_MV_smallest,0.000864976,15,0.736209,0.107599,0.156495,0.0297544,0.589846
NLOBK_MV_smallest,0.00129746,15,0.669385,0.0950318,0.13757,0.026191,0.535646
NLOBK_MV_smallest,0.0019462,15,0.608496,0.0836504,0.120767,0.0230471,0.485645
NLOBK_MV_smallest,0.00291929,15,0.553427,0.0732711,0.105712,0.0202014,0.439592
NLOBK_MV_smallest,0.00437894,15,0.503732,0.0640562,0.0925615,0.0176971,0.397242
NLOBK_MV_smallest,0.00656841,15,0.459524,0.0559755,0.0807895,0.0154344,0.358363
NLOBK_MV_smallest,0.00985261,15,0.419843,0.0488157,0.0706712,0.0134734,0.322725
NLOBK_MV_smallest,1e-05,27,2.33745,0.420436,0.749312,0.154707,1.84201
NLOBK_MV_smallest,1.5e-05,27,2.15178,0.38236,0.677667,0.140317,1.69408
NLOBK_MV_smallest,2.25e-05,27,1.97842,0.347236,0.611871,0.127083,1.55612
NLOBK_MV_smallest,3.375e-05,27,1.81639,0.314693,0.551036,0.114825,1.42764
NLOBK_MV_smallest,5.0625e-05,27,1.66395,0.284161,0.495055,0.103367,1.30811
NLOBK_MV_smallest,7.59375e-05,27,1.52254,0.25615,0.44338,0.0928762,1.19706
NLOBK_MV_smallest,0.000113906,27,1.39041,0.230151,0.396413,0.0833359,1.09399
NLOBK_MV_smallest,0.000170859,27,1.26765,0.206476,0.353393,0.0745214,0.998464
NLOBK_MV_smallest,0.000256289,27,1.15394,0.184622,0.313928,0.0664741,0.910051
NLOBK_MV_smallest,0.000384434,27,1.04922,0.164618,0.278428,0.0590809,0.828329
NLOBK_MV_smallest,0.00057665,27,0.952922,0.146353,0.245923,0.0523587,0.752896
NLOBK_MV_smallest,0.000864976,27,0.864412,0.129625,0.216972,0.0463681,0.683369
NLOBK_MV_smallest,0.00129746,27,0.78284,0.114547,0.190775,0.0408847,0.61937
NLOBK_MV_smallest,0.0019462,27,0.709298,0.101021,0.167444,0.0360499,0.560546
NLOBK_MV_smallest,0.00291929,27,0.642535,0.0887163,0.146499,0.0316437,0.506562
NLOBK_MV_smallest,0.00437894,27,0.582594,0.0778661,0.128123,0.0277209,0.457098
NLOBK_MV_smallest,0.00656841,27,0.528963,0.0680962,0.111936,0.0242437,0.411845
NLOBK_MV_smallest,0.00985261,27,0.480753,0.0594704,0.0978032,0.0212015,0.370507
