fit,x,Q2,F2 light,FL light,F2 charm,FL charm,F2_LO
NLOBK_MV_smallest,1e-05,4.5,1.20347,0.222252,0.247597,0.031567,0.996159
NLOBK_MV_smallest,1.5e-05,4.5,1.1192,0.203922,0.224684,0.0286943,0.926281
NLOBK_MV_smallest,2.25e-05,4.5,1.03907,0.186594,0.203291,0.0260446,0.860121
NLOBK_MV_smallest,3.375e-05,4.5,0.963026,0.170213,0.183452,0.0235512,0.797566
NLOBK_MV_smallest,5.0625e-05,4.5,0.89084,0.154794,0.165153,0.0212645,0.738499
NLOBK_MV_smallest,7.59375e-05,4.5,0.822637,0.140361,0.148238,0.0191379,0.682785
NLOBK_MV_smallest,0.000113906,4.5,0.75834,0.126793,0.132625,0.0171675,0.630302
NLOBK_MV_smallest,0.000170859,4.5,0.697995,0.114198,0.118355,0.0153421,0.58094
NLOBK_MV_smallest,0.000256289,4.5,0.641356,0.102389,0.105274,0.0136728,0.534576
NLOBK_MV_smallest,0.000384434,4.5,0.588466,0.0914611,0.0933858,0.0121384,0.491086
NLOBK_MV_smallest,0.00057665,4.5,0.53939,0.0813569,0.0826281,0.0107544,0.450351
NLOBK_MV_smallest,0.000864976,4.5,0.494148,0.0720798,0.0728851,0.00949598,0.412251
NLOBK_MV_smallest,0.00129746,4.5,0.452483,0.0635774,0.0641667,0.00835539,0.376669
NLOBK_MV_smallest,0.0019462,4.5,0.414479,0.0559018,0.056335,0.00733799,0.343489
NLOBK_MV_smallest,0.00291929,4.5,0.380047,0.0489466,0.0494496,0.0064282,0.3126
NLOBK_MV_smallest,0.00437894,4.5,0.34917,0.0427566,0.0433733,0.00561719,0.28389
NLOBK_MV_smallest,0.00656841,4.5,0.321738,0.0372905,0.0380062,0.00491072,0.257252
NLOBK_MV_smallest,0.00985261,4.5,0.297368,0.0325155,0.0334012,0.00429136,0.232577
NLOBK_MV_smallest,1e-05,45,2.69934,0.491808,0.98885,0.218127,2.09417
NLOBK_MV_smallest,1.5e-05,45,2.47977,0.447268,0.894647,0.197863,1.92245
NLOBK_MV_smallest,2.25e-05,45,2.27545,0.405804,0.807432,0.179139,1.76266
NLOBK_MV_smallest,3.375e-05,45,2.08389,0.367438,0.726971,0.161719,1.61416
NLOBK_MV_smallest,5.0625e-05,45,1.90552,0.33195,0.65311,0.145757,1.47636
NLOBK_MV_smallest,7.59375e-05,45,1.73963,0.298908,0.584653,0.131108,1.3486
NLOBK_MV_smallest,0.000113906,45,1.58489,0.268795,0.522662,0.117581,1.2303
NLOBK_MV_smallest,0.000170859,45,1.44108,0.241072,0.465951,0.105366,1.12093
NLOBK_MV_smallest,0.000256289,45,1.30858,0.215752,0.413901,0.0940033,1.01994
NLOBK_MV_smallest,0.000384434,45,1.18644,0.192302,0.366849,0.0836885,0.926805
NLOBK_MV_smallest,0.00057665,45,1.07483,0.17109,0.324159,0.074282,0.841038
NLOBK_MV_smallest,0.000864976,45,0.971841,0.151792,0.285601,0.0657392,0.762159
NLOBK_MV_smallest,0.00129746,45,0.877327,0.134192,0.251089,0.0580942,0.689719
NLOBK_MV_smallest,0.0019462,45,0.791626,0.118601,0.220099,0.0512193,0.623295
NLOBK_MV_smallest,0.00291929,45,0.714069,0.104245,0.192193,0.0450058,0.562473
NLOBK_MV_smallest,0.00437894,45,0.644316,0.0914765,0.168141,0.0395095,0.506864
NLOBK_MV_smallest,0.00656841,45,0.582342,0.0802129,0.146124,0.0345106,0.456105
NLOBK_MV_smallest,0.00985261,45,0.526532,0.0701169,0.127539,0.0301806,0.409841
NLOBK_MV_smallest,1e-05,15,1.89528,0.343888,0.565782,0.1076,1.53243
NLOBK_MV_smallest,1.5e-05,15,1.7509,0.313618,0.512752,0.0977699,1.41414
NLOBK_MV_smallest,2.25e-05,15,1.61503,0.285528,0.463501,0.0885882,1.30326
NLOBK_MV_smallest,3.375e-05,15,1.48702,0.259196,0.417823,0.0800953,1.19947
NLOBK_MV_smallest,5.0625e-05,15,1.36738,0.234664,0.376015,0.0722436,1.10245
NLOBK_MV_smallest,7.59375e-05,15,1.25465,0.211872,0.337437,0.0649678,1.01185
NLOBK_MV_smallest,0.000113906,15,1.14942,0.190552,0.301558,0.0582381,0.927356
NLOBK_MV_smallest,0.000170859,15,1.05132,0.171006,0.269026,0.0521103,0.848683
NLOBK_MV_smallest,0.000256289,15,0.959913,0.153022,0.239203,0.0464504,0.775531
NLOBK_MV_smallest,0.000384434,15,0.875136,0.13642,0.21218,0.0412761,0.707599
NLOBK_MV_smallest,0.00057665,15,0.796918,0.1212,0.187476,0.0365608,0.64461
NLOBK_MV_smallest,0.000864976,15,0.725147,0.10731,0.165288,0.0323276,0.586286
NLOBK_MV_smallest,0.00129746,15,0.659333,0.0947683,0.145267,0.0284539,0.532363
NLOBK_MV_smallest,0.0019462,15,0.598848,0.0833547,0.12736,0.0250181,0.482589
NLOBK_MV_smallest,0.00291929,15,0.544381,0.073029,0.111525,0.0218929,0.436716
NLOBK_MV_smallest,0.00437894,15,0.495254,0.0638214,0.0974255,0.0191308,0.394506
NLOBK_MV_smallest,0.00656841,15,0.451367,0.0557034,0.0850743,0.016718,0.355736
NLOBK_MV_smallest,0.00985261,15,0.412208,0.0484825,0.0742098,0.0145573,0.320182
NLOBK_MV_smallest,1e-05,27,2.30547,0.417987,0.778171,0.163018,1.8274
NLOBK_MV_smallest,1.5e-05,27,2.12321,0.380505,0.704026,0.147817,1.68132
NLOBK_MV_smallest,2.25e-05,27,1.95264,0.345653,0.636093,0.13394,1.54495
NLOBK_MV_smallest,3.375e-05,27,1.79368,0.313343,0.573214,0.121024,1.41782
NLOBK_MV_smallest,5.0625e-05,27,1.64382,0.283236,0.515238,0.109104,1.29946
NLOBK_MV_smallest,7.59375e-05,27,1.50447,0.25543,0.461863,0.0982333,1.18939
NLOBK_MV_smallest,0.000113906,27,1.3742,0.229605,0.412837,0.0879915,1.08715
NLOBK_MV_smallest,0.000170859,27,1.25322,0.20611,0.367966,0.0787996,0.992341
NLOBK_MV_smallest,0.000256289,27,1.14056,0.184241,0.327335,0.0702686,0.904532
NLOBK_MV_smallest,0.000384434,27,1.03679,0.164345,0.290329,0.0624624,0.823311
NLOBK_MV_smallest,0.00057665,27,0.941101,0.145906,0.256456,0.0554454,0.748295
NLOBK_MV_smallest,0.000864976,27,0.853882,0.129362,0.225922,0.0490114,0.679104
NLOBK_MV_smallest,0.00129746,27,0.77347,0.114257,0.198629,0.0432481,0.61538
NLOBK_MV_smallest,0.0019462,27,0.699876,0.100707,0.174164,0.0380531,0.556784
NLOBK_MV_smallest,0.00291929,27,0.633812,0.0884389,0.152295,0.0333792,0.502983
NLOBK_MV_smallest,0.00437894,27,0.574086,0.0774415,0.133081,0.0292525,0.453663
NLOBK_MV_smallest,0.00656841,27,0.520722,0.0677041,0.116026,0.0255249,0.408526
NLOBK_MV_smallest,0.00985261,27,0.473082,0.0591067,0.101194,0.0223087,0.367283
