fit,x,Q2,F2 light,FL light,F2 charm,FL charm,F2_LO
NLOBK_MV_smallest,1e-05,4.5,1.2331,0.227534,0.232538,0.0275126,1.00313
NLOBK_MV_smallest,1.5e-05,4.5,1.14664,0.208755,0.210735,0.0250096,0.932756
NLOBK_MV_smallest,2.25e-05,4.5,1.0645,0.191028,0.190607,0.0226838,0.866133
NLOBK_MV_smallest,3.375e-05,4.5,0.986506,0.174259,0.171768,0.0205067,0.803142
NLOBK_MV_smallest,5.0625e-05,4.5,0.9125,0.158494,0.154443,0.0184956,0.743666
NLOBK_MV_smallest,7.59375e-05,4.5,0.84252,0.143611,0.138438,0.0166186,0.687572
NLOBK_MV_smallest,0.000113906,4.5,0.776673,0.129754,0.123834,0.0148918,0.634735
NLOBK_MV_smallest,0.000170859,4.5,0.714735,0.116775,0.110349,0.0132969,0.585031
NLOBK_MV_smallest,0.000256289,4.5,0.656618,0.10469,0.0980784,0.0118385,0.538344
NLOBK_MV_smallest,0.000384434,4.5,0.602468,0.0934902,0.0869499,0.0105067,0.49455
NLOBK_MV_smallest,0.00057665,4.5,0.552166,0.0831403,0.0768623,0.00930632,0.453531
NLOBK_MV_smallest,0.000864976,4.5,0.505809,0.073647,0.0677347,0.00821161,0.415162
NLOBK_MV_smallest,0.00129746,4.5,0.463132,0.0649519,0.0595829,0.00722095,0.379328
NLOBK_MV_smallest,0.0019462,4.5,0.424179,0.0570845,0.0523456,0.00633428,0.345914
NLOBK_MV_smallest,0.00291929,4.5,0.388902,0.0499645,0.0458948,0.00555196,0.314803
NLOBK_MV_smallest,0.00437894,4.5,0.357279,0.0436425,0.0402571,0.00485269,0.285885
NLOBK_MV_smallest,0.00656841,4.5,0.329202,0.0380535,0.0352782,0.00423965,0.259052
NLOBK_MV_smallest,0.00985261,4.5,0.304227,0.033152,0.0309933,0.00370647,0.234196
NLOBK_MV_smallest,1e-05,45,2.76298,0.503225,0.980477,0.214591,2.11875
NLOBK_MV_smallest,1.5e-05,45,2.53911,0.457437,0.886749,0.194865,1.94471
NLOBK_MV_smallest,2.25e-05,45,2.32885,0.414854,0.799988,0.176179,1.7828
NLOBK_MV_smallest,3.375e-05,45,2.13298,0.375867,0.72001,0.159083,1.63237
NLOBK_MV_smallest,5.0625e-05,45,1.94992,0.339256,0.646057,0.143227,1.49279
NLOBK_MV_smallest,7.59375e-05,45,1.77994,0.305523,0.578874,0.128755,1.36341
NLOBK_MV_smallest,0.000113906,45,1.62171,0.274795,0.51686,0.115488,1.24366
NLOBK_MV_smallest,0.000170859,45,1.47454,0.246423,0.460164,0.103281,1.13293
NLOBK_MV_smallest,0.000256289,45,1.3382,0.220103,0.409105,0.0922929,1.0307
NLOBK_MV_smallest,0.000384434,45,1.2133,0.196299,0.362386,0.0820027,0.936441
NLOBK_MV_smallest,0.00057665,45,1.09896,0.174556,0.320271,0.0729195,0.849655
NLOBK_MV_smallest,0.000864976,45,0.993693,0.154972,0.281863,0.064538,0.769852
NLOBK_MV_smallest,0.00129746,45,0.896947,0.136961,0.247724,0.0568446,0.696579
NLOBK_MV_smallest,0.0019462,45,0.809024,0.120832,0.217223,0.0502269,0.629398
NLOBK_MV_smallest,0.00291929,45,0.729803,0.106335,0.189851,0.0441073,0.567894
NLOBK_MV_smallest,0.00437894,45,0.65852,0.0932049,0.165637,0.0386322,0.511675
NLOBK_MV_smallest,0.00656841,45,0.594929,0.0817247,0.144429,0.0338391,0.460365
NLOBK_MV_smallest,0.00985261,45,0.538011,0.071489,0.12582,0.0296525,0.41361
NLOBK_MV_smallest,1e-05,15,1.94104,0.351887,0.548725,0.10133,1.54559
NLOBK_MV_smallest,1.5e-05,15,1.79313,0.32097,0.497559,0.0920214,1.42614
NLOBK_MV_smallest,2.25e-05,15,1.65381,0.292123,0.448999,0.0832619,1.31419
NLOBK_MV_smallest,3.375e-05,15,1.52266,0.265038,0.40487,0.0753479,1.20941
NLOBK_MV_smallest,5.0625e-05,15,1.39989,0.239956,0.363784,0.0678428,1.11148
NLOBK_MV_smallest,7.59375e-05,15,1.28437,0.216553,0.326366,0.061009,1.02005
NLOBK_MV_smallest,0.000113906,15,1.17663,0.194837,0.29147,0.0546748,0.934808
NLOBK_MV_smallest,0.000170859,15,1.07598,0.174754,0.259875,0.0488983,0.855428
NLOBK_MV_smallest,0.000256289,15,0.982233,0.156312,0.231032,0.0435823,0.781621
NLOBK_MV_smallest,0.000384434,15,0.89553,0.139389,0.204647,0.0386851,0.713092
NLOBK_MV_smallest,0.00057665,15,0.815397,0.123807,0.18083,0.0342519,0.649556
NLOBK_MV_smallest,0.000864976,15,0.741895,0.109615,0.159353,0.0302633,0.590729
NLOBK_MV_smallest,0.00129746,15,0.674392,0.0967134,0.140073,0.0266516,0.53635
NLOBK_MV_smallest,0.0019462,15,0.612549,0.0850424,0.122734,0.0234159,0.486156
NLOBK_MV_smallest,0.00291929,15,0.556822,0.0745269,0.107377,0.0204985,0.4399
NLOBK_MV_smallest,0.00437894,15,0.506452,0.0651256,0.093804,0.0179148,0.397344
NLOBK_MV_smallest,0.00656841,15,0.46156,0.0567871,0.0818853,0.0156209,0.358258
NLOBK_MV_smallest,0.00985261,15,0.421484,0.0494433,0.0714077,0.0136008,0.322419
NLOBK_MV_smallest,1e-05,27,2.36081,0.427733,0.764046,0.157641,1.84622
NLOBK_MV_smallest,1.5e-05,27,2.17403,0.38923,0.69154,0.14297,1.6984
NLOBK_MV_smallest,2.25e-05,27,1.9994,0.353792,0.62446,0.129432,1.56044
NLOBK_MV_smallest,3.375e-05,27,1.83614,0.32054,0.562189,0.116999,1.43185
NLOBK_MV_smallest,5.0625e-05,27,1.68282,0.289652,0.505103,0.105309,1.31216
NLOBK_MV_smallest,7.59375e-05,27,1.53975,0.261059,0.452965,0.0947498,1.20087
NLOBK_MV_smallest,0.000113906,27,1.4065,0.234808,0.404444,0.0849574,1.09753
NLOBK_MV_smallest,0.000170859,27,1.28225,0.21043,0.360282,0.0759146,1.00169
NLOBK_MV_smallest,0.000256289,27,1.16695,0.188283,0.320499,0.0677836,0.912933
NLOBK_MV_smallest,0.000384434,27,1.06078,0.167899,0.283932,0.0602361,0.830852
NLOBK_MV_smallest,0.00057665,27,0.962947,0.149093,0.250828,0.0533826,0.755055
NLOBK_MV_smallest,0.000864976,27,0.873165,0.132116,0.220955,0.0471832,0.685151
NLOBK_MV_smallest,0.00129746,27,0.790939,0.116607,0.194141,0.0416555,0.620783
NLOBK_MV_smallest,0.0019462,27,0.715735,0.102802,0.170343,0.0366601,0.561599
NLOBK_MV_smallest,0.00291929,27,0.647937,0.0901277,0.148807,0.0321088,0.507266
NLOBK_MV_smallest,0.00437894,27,0.587048,0.078935,0.129881,0.0281242,0.457467
NLOBK_MV_smallest,0.00656841,27,0.532379,0.0690585,0.113322,0.0245788,0.411897
NLOBK_MV_smallest,0.00985261,27,0.483609,0.0602295,0.0988422,0.0214108,0.370266
