fit,x,Q2,F2 light,FL light,F2 charm,FL charm,F2_LO
NLOBK_MV_smallest,1e-05,4.5,1.20903,0.224945,0.239892,0.0292164,0.98223
NLOBK_MV_smallest,1.5e-05,4.5,1.12478,0.206557,0.217566,0.0265599,0.913708
NLOBK_MV_smallest,2.25e-05,4.5,1.04462,0.189082,0.196714,0.0240785,0.848776
NLOBK_MV_smallest,3.375e-05,4.5,0.968368,0.172576,0.177406,0.0217857,0.787318
NLOBK_MV_smallest,5.0625e-05,4.5,0.895952,0.156992,0.159612,0.0196441,0.729225
NLOBK_MV_smallest,7.59375e-05,4.5,0.827371,0.142404,0.143109,0.0176704,0.674387
NLOBK_MV_smallest,0.000113906,4.5,0.762726,0.12871,0.127926,0.0158324,0.622686
NLOBK_MV_smallest,0.000170859,4.5,0.701836,0.115852,0.11405,0.0141427,0.574011
NLOBK_MV_smallest,0.000256289,4.5,0.64473,0.103854,0.10128,0.0125921,0.528251
NLOBK_MV_smallest,0.000384434,4.5,0.591372,0.0927563,0.0897653,0.0111682,0.485289
NLOBK_MV_smallest,0.00057665,4.5,0.541833,0.0824839,0.0792974,0.00987968,0.44501
NLOBK_MV_smallest,0.000864976,4.5,0.496077,0.0730433,0.0697865,0.0087009,0.407302
NLOBK_MV_smallest,0.00129746,4.5,0.453934,0.0643581,0.06133,0.00764896,0.372055
NLOBK_MV_smallest,0.0019462,4.5,0.415539,0.0565271,0.0537595,0.00670003,0.339163
NLOBK_MV_smallest,0.00291929,4.5,0.380722,0.0494385,0.0470937,0.00586309,0.308521
NLOBK_MV_smallest,0.00437894,4.5,0.349528,0.0430957,0.0412256,0.00511627,0.280022
NLOBK_MV_smallest,0.00656841,4.5,0.321806,0.037524,0.0360483,0.0044575,0.253555
NLOBK_MV_smallest,0.00985261,4.5,0.297216,0.032634,0.0315959,0.0038889,0.229022
NLOBK_MV_smallest,1e-05,45,2.7406,0.501123,0.990177,0.217445,2.08872
NLOBK_MV_smallest,1.5e-05,45,2.51811,0.455496,0.895186,0.197192,1.91702
NLOBK_MV_smallest,2.25e-05,45,2.31088,0.413437,0.807686,0.178441,1.75721
NLOBK_MV_smallest,3.375e-05,45,2.11618,0.374034,0.72653,0.161053,1.60864
NLOBK_MV_smallest,5.0625e-05,45,1.934,0.337615,0.652201,0.144914,1.47071
NLOBK_MV_smallest,7.59375e-05,45,1.76541,0.30426,0.583768,0.130321,1.34282
NLOBK_MV_smallest,0.000113906,45,1.60826,0.27353,0.520945,0.1168,1.2244
NLOBK_MV_smallest,0.000170859,45,1.46119,0.244702,0.463861,0.104461,1.11489
NLOBK_MV_smallest,0.000256289,45,1.32625,0.218859,0.411697,0.0931162,1.01376
NLOBK_MV_smallest,0.000384434,45,1.20171,0.195256,0.364377,0.0828681,0.920502
NLOBK_MV_smallest,0.00057665,45,1.08704,0.173339,0.321305,0.0734391,0.834616
NLOBK_MV_smallest,0.000864976,45,0.982395,0.153515,0.28267,0.0648727,0.755636
NLOBK_MV_smallest,0.00129746,45,0.886178,0.135628,0.247998,0.0572504,0.683116
NLOBK_MV_smallest,0.0019462,45,0.798492,0.119491,0.216848,0.0503632,0.616632
NLOBK_MV_smallest,0.00291929,45,0.71951,0.104918,0.18926,0.0441934,0.555778
NLOBK_MV_smallest,0.00437894,45,0.648283,0.091818,0.164738,0.0386979,0.500165
NLOBK_MV_smallest,0.00656841,45,0.584882,0.0803683,0.143396,0.0337892,0.449418
NLOBK_MV_smallest,0.00985261,45,0.52837,0.0701603,0.124115,0.0293757,0.403187
NLOBK_MV_smallest,1e-05,15,1.9163,0.349616,0.558808,0.104345,1.52093
NLOBK_MV_smallest,1.5e-05,15,1.77091,0.319027,0.506341,0.0947512,1.40361
NLOBK_MV_smallest,2.25e-05,15,1.63339,0.290305,0.457549,0.0858368,1.29358
NLOBK_MV_smallest,3.375e-05,15,1.5044,0.263713,0.412389,0.0776749,1.19052
NLOBK_MV_smallest,5.0625e-05,15,1.38275,0.238584,0.370721,0.0699356,1.0941
NLOBK_MV_smallest,7.59375e-05,15,1.26872,0.215298,0.332129,0.0628035,1.00404
NLOBK_MV_smallest,0.000113906,15,1.16205,0.193813,0.29686,0.0563235,0.920014
NLOBK_MV_smallest,0.000170859,15,1.06262,0.173777,0.264591,0.0503507,0.841734
NLOBK_MV_smallest,0.000256289,15,0.969801,0.155449,0.23505,0.0448341,0.768913
NLOBK_MV_smallest,0.000384434,15,0.883877,0.138512,0.20805,0.0397786,0.701262
NLOBK_MV_smallest,0.00057665,15,0.804151,0.122911,0.183692,0.0352398,0.638506
NLOBK_MV_smallest,0.000864976,15,0.731256,0.108761,0.161592,0.0310661,0.580378
NLOBK_MV_smallest,0.00129746,15,0.664095,0.0958085,0.141884,0.0273142,0.526622
NLOBK_MV_smallest,0.0019462,15,0.602814,0.0841613,0.124058,0.0239607,0.476992
NLOBK_MV_smallest,0.00291929,15,0.547383,0.0736514,0.108425,0.0209579,0.43125
NLOBK_MV_smallest,0.00437894,15,0.497368,0.0642457,0.094502,0.0182715,0.38916
NLOBK_MV_smallest,0.00656841,15,0.452847,0.0559591,0.0822108,0.0158985,0.350492
NLOBK_MV_smallest,0.00985261,15,0.413073,0.0485818,0.0715356,0.0137993,0.315032
NLOBK_MV_smallest,1e-05,27,2.33659,0.425368,0.774564,0.160716,1.81889
NLOBK_MV_smallest,1.5e-05,27,2.15305,0.38765,0.70108,0.145822,1.67333
NLOBK_MV_smallest,2.25e-05,27,1.9797,0.351964,0.632401,0.13196,1.53738
NLOBK_MV_smallest,3.375e-05,27,1.81811,0.318948,0.56986,0.119294,1.41059
NLOBK_MV_smallest,5.0625e-05,27,1.66642,0.288409,0.511653,0.107298,1.29248
NLOBK_MV_smallest,7.59375e-05,27,1.52397,0.259782,0.458554,0.0965699,1.18262
NLOBK_MV_smallest,0.000113906,27,1.39214,0.233486,0.409848,0.0865438,1.08055
NLOBK_MV_smallest,0.000170859,27,1.26892,0.209359,0.364662,0.0772938,0.98587
NLOBK_MV_smallest,0.000256289,27,1.15456,0.186989,0.323943,0.0689254,0.898156
NLOBK_MV_smallest,0.000384434,27,1.04881,0.166716,0.286682,0.0612453,0.817008
NLOBK_MV_smallest,0.00057665,27,0.951339,0.148027,0.253006,0.0542009,0.742044
NLOBK_MV_smallest,0.000864976,27,0.862329,0.130985,0.222559,0.0478788,0.672895
NLOBK_MV_smallest,0.00129746,27,0.780368,0.115473,0.19525,0.0421146,0.609208
NLOBK_MV_smallest,0.0019462,27,0.705633,0.101697,0.17079,0.0370014,0.550649
NLOBK_MV_smallest,0.00291929,27,0.637997,0.0890922,0.14913,0.0324595,0.496892
NLOBK_MV_smallest,0.00437894,27,0.577145,0.0778607,0.129896,0.0283227,0.447623
NLOBK_MV_smallest,0.00656841,27,0.522849,0.0679069,0.112926,0.0246864,0.402539
NLOBK_MV_smallest,0.00985261,27,0.474418,0.0591627,0.0981865,0.0214823,0.361355
