fit,x,Q2,F2 light,FL light,F2 charm,FL charm,F2_LO
NLOBK_MV_smallest,1e-05,4.5,1.2235,0.22697,0.234746,0.0279957,0.986643
NLOBK_MV_smallest,1.5e-05,4.5,1.13806,0.208322,0.212762,0.0254189,0.917537
NLOBK_MV_smallest,2.25e-05,4.5,1.05648,0.190649,0.192307,0.0230443,0.852065
NLOBK_MV_smallest,3.375e-05,4.5,0.97911,0.173877,0.173246,0.0208124,0.790116
NLOBK_MV_smallest,5.0625e-05,4.5,0.905474,0.158041,0.155723,0.0187629,0.731574
NLOBK_MV_smallest,7.59375e-05,4.5,0.835981,0.143295,0.139507,0.0168524,0.676324
NLOBK_MV_smallest,0.000113906,4.5,0.770381,0.12939,0.124558,0.0150864,0.624254
NLOBK_MV_smallest,0.000170859,4.5,0.708619,0.116404,0.110928,0.0134569,0.575246
NLOBK_MV_smallest,0.000256289,4.5,0.650778,0.104283,0.0984404,0.0119722,0.529182
NLOBK_MV_smallest,0.000384434,4.5,0.596798,0.0930597,0.0870968,0.0106057,0.485945
NLOBK_MV_smallest,0.00057665,4.5,0.546559,0.0826986,0.0768874,0.00937632,0.44542
NLOBK_MV_smallest,0.000864976,4.5,0.500277,0.0731513,0.067639,0.00825489,0.407499
NLOBK_MV_smallest,0.00129746,4.5,0.45768,0.0644044,0.0593894,0.00725216,0.372065
NLOBK_MV_smallest,0.0019462,4.5,0.418867,0.0565055,0.0520281,0.00634343,0.33901
NLOBK_MV_smallest,0.00291929,4.5,0.383746,0.0493736,0.045519,0.00554388,0.308225
NLOBK_MV_smallest,0.00437894,4.5,0.35219,0.0430073,0.0397904,0.00483193,0.279595
NLOBK_MV_smallest,0.00656841,4.5,0.324224,0.0374133,0.0347927,0.00420973,0.253015
NLOBK_MV_smallest,0.00985261,4.5,0.299438,0.0325186,0.0304484,0.00366675,0.228388
NLOBK_MV_smallest,1e-05,45,2.76242,0.503414,0.983659,0.215681,2.09265
NLOBK_MV_smallest,1.5e-05,45,2.53685,0.457478,0.889221,0.195531,1.91988
NLOBK_MV_smallest,2.25e-05,45,2.327,0.414417,0.800869,0.176492,1.75914
NLOBK_MV_smallest,3.375e-05,45,2.13035,0.375329,0.720629,0.159467,1.60976
NLOBK_MV_smallest,5.0625e-05,45,1.9462,0.33839,0.646031,0.143466,1.47113
NLOBK_MV_smallest,7.59375e-05,45,1.77623,0.304731,0.577575,0.128697,1.34263
NLOBK_MV_smallest,0.000113906,45,1.61694,0.273489,0.51512,0.115356,1.2237
NLOBK_MV_smallest,0.000170859,45,1.46905,0.245015,0.458654,0.103202,1.11376
NLOBK_MV_smallest,0.000256289,45,1.33238,0.218802,0.406567,0.0918994,1.01227
NLOBK_MV_smallest,0.000384434,45,1.20669,0.194805,0.359358,0.0815616,0.918705
NLOBK_MV_smallest,0.00057665,45,1.09166,0.173053,0.316943,0.0722752,0.832572
NLOBK_MV_smallest,0.000864976,45,0.985965,0.153135,0.278425,0.0638706,0.753403
NLOBK_MV_smallest,0.00129746,45,0.889099,0.135123,0.243933,0.0562194,0.680741
NLOBK_MV_smallest,0.0019462,45,0.800864,0.119067,0.213235,0.0494525,0.614156
NLOBK_MV_smallest,0.00291929,45,0.721588,0.104481,0.185975,0.0433245,0.553236
NLOBK_MV_smallest,0.00437894,45,0.650181,0.0914615,0.161792,0.0379557,0.49758
NLOBK_MV_smallest,0.00656841,45,0.586273,0.079919,0.140321,0.0331213,0.446816
NLOBK_MV_smallest,0.00985261,45,0.529264,0.0696676,0.121965,0.028888,0.400598
NLOBK_MV_smallest,1e-05,15,1.93536,0.351774,0.552286,0.102224,1.52505
NLOBK_MV_smallest,1.5e-05,15,1.78779,0.32095,0.500037,0.0927552,1.40691
NLOBK_MV_smallest,2.25e-05,15,1.64851,0.291942,0.451466,0.0839643,1.29615
NLOBK_MV_smallest,3.375e-05,15,1.51745,0.264916,0.406473,0.0758058,1.19243
NLOBK_MV_smallest,5.0625e-05,15,1.39482,0.239694,0.365133,0.0683031,1.09545
NLOBK_MV_smallest,7.59375e-05,15,1.2792,0.2161,0.327027,0.0613334,1.00487
NLOBK_MV_smallest,0.000113906,15,1.17087,0.194236,0.292007,0.0548504,0.920404
NLOBK_MV_smallest,0.000170859,15,1.07062,0.174274,0.259788,0.0490721,0.841741
NLOBK_MV_smallest,0.000256289,15,0.976611,0.155568,0.230644,0.0436251,0.768584
NLOBK_MV_smallest,0.000384434,15,0.889903,0.138624,0.204073,0.0386876,0.700641
NLOBK_MV_smallest,0.00057665,15,0.809327,0.122916,0.179901,0.0342172,0.637637
NLOBK_MV_smallest,0.000864976,15,0.735643,0.10865,0.158219,0.0301475,0.579307
NLOBK_MV_smallest,0.00129746,15,0.668096,0.0956304,0.138691,0.0264708,0.525386
NLOBK_MV_smallest,0.0019462,15,0.606105,0.0839489,0.121246,0.0232042,0.475624
NLOBK_MV_smallest,0.00291929,15,0.550328,0.0734112,0.105817,0.0202663,0.429777
NLOBK_MV_smallest,0.00437894,15,0.499929,0.0639546,0.0921368,0.0176843,0.387601
NLOBK_MV_smallest,0.00656841,15,0.455095,0.0556622,0.0801558,0.0153543,0.348869
NLOBK_MV_smallest,0.00985261,15,0.415085,0.0483299,0.0696587,0.0133418,0.313371
NLOBK_MV_smallest,1e-05,27,2.35721,0.427624,0.767768,0.158564,1.82297
NLOBK_MV_smallest,1.5e-05,27,2.17111,0.389477,0.694534,0.143851,1.67644
NLOBK_MV_smallest,2.25e-05,27,1.9955,0.353519,0.626335,0.130116,1.53966
NLOBK_MV_smallest,3.375e-05,27,1.83258,0.320449,0.563855,0.117479,1.41212
NLOBK_MV_smallest,5.0625e-05,27,1.67866,0.289243,0.506042,0.105742,1.29338
NLOBK_MV_smallest,7.59375e-05,27,1.5348,0.260402,0.453108,0.0949079,1.18294
NLOBK_MV_smallest,0.000113906,27,1.40145,0.234066,0.404345,0.0850329,1.0804
NLOBK_MV_smallest,0.000170859,27,1.27702,0.209593,0.35957,0.0759613,0.9853
NLOBK_MV_smallest,0.000256289,27,1.16154,0.187208,0.319299,0.0676465,0.897232
NLOBK_MV_smallest,0.000384434,27,1.05475,0.16672,0.282091,0.0600436,0.815781
NLOBK_MV_smallest,0.00057665,27,0.956348,0.147906,0.248884,0.0531056,0.740567
NLOBK_MV_smallest,0.000864976,27,0.866393,0.130732,0.218761,0.0468553,0.67122
NLOBK_MV_smallest,0.00129746,27,0.783974,0.115272,0.191836,0.0412412,0.607378
NLOBK_MV_smallest,0.0019462,27,0.70862,0.101388,0.167509,0.0361756,0.548701
NLOBK_MV_smallest,0.00291929,27,0.640559,0.0887293,0.146135,0.0316637,0.494857
NLOBK_MV_smallest,0.00437894,27,0.57958,0.0775218,0.127072,0.0276471,0.445524
NLOBK_MV_smallest,0.00656841,27,0.524699,0.0675333,0.110582,0.0240574,0.4004
NLOBK_MV_smallest,0.00985261,27,0.476063,0.0587764,0.0959149,0.0208876,0.359204
