fit,x,Q2,F2 light,FL light,F2 charm,FL charm,F2_LO
NLOBK_MV_smallest,1e-05,4.5,1.22271,0.226787,0.23877,0.0288729,0.993772
NLOBK_MV_smallest,1.5e-05,4.5,1.13733,0.208175,0.216555,0.0262352,0.9243
NLOBK_MV_smallest,2.25e-05,4.5,1.05616,0.190603,0.195819,0.0237927,0.858484
NLOBK_MV_smallest,3.375e-05,4.5,0.979003,0.173959,0.176595,0.0215314,0.796217
NLOBK_MV_smallest,5.0625e-05,4.5,0.905659,0.158195,0.158747,0.0194148,0.737382
NLOBK_MV_smallest,7.59375e-05,4.5,0.836209,0.143397,0.142375,0.0174508,0.68186
NLOBK_MV_smallest,0.000113906,4.5,0.770817,0.129565,0.127275,0.0156305,0.629536
NLOBK_MV_smallest,0.000170859,4.5,0.709296,0.116619,0.113426,0.0139646,0.580291
NLOBK_MV_smallest,0.000256289,4.5,0.651607,0.104532,0.100797,0.0124296,0.534001
NLOBK_MV_smallest,0.000384434,4.5,0.597801,0.0933931,0.0893196,0.0110253,0.490545
NLOBK_MV_smallest,0.00057665,4.5,0.547684,0.0830234,0.0789085,0.00975637,0.449812
NLOBK_MV_smallest,0.000864976,4.5,0.501521,0.0735291,0.0695061,0.00859629,0.411694
NLOBK_MV_smallest,0.00129746,4.5,0.458978,0.0647728,0.0610677,0.00755732,0.376078
NLOBK_MV_smallest,0.0019462,4.5,0.420248,0.0569095,0.0535746,0.00662708,0.34285
NLOBK_MV_smallest,0.00291929,4.5,0.385135,0.0497816,0.0469158,0.00579698,0.311901
NLOBK_MV_smallest,0.00437894,4.5,0.353624,0.0434119,0.0411035,0.00506215,0.283122
NLOBK_MV_smallest,0.00656841,4.5,0.325695,0.0378241,0.0359874,0.00441993,0.256406
NLOBK_MV_smallest,0.00985261,4.5,0.300899,0.0329127,0.0315543,0.00385217,0.231651
NLOBK_MV_smallest,1e-05,45,2.75965,0.503922,0.991134,0.217488,2.10748
NLOBK_MV_smallest,1.5e-05,45,2.53591,0.458021,0.8965,0.197314,1.93424
NLOBK_MV_smallest,2.25e-05,45,2.32625,0.41534,0.808641,0.178432,1.77302
NLOBK_MV_smallest,3.375e-05,45,2.13083,0.376116,0.727432,0.161127,1.62317
NLOBK_MV_smallest,5.0625e-05,45,1.94712,0.33951,0.65303,0.145053,1.48408
NLOBK_MV_smallest,7.59375e-05,45,1.77775,0.305735,0.58453,0.130424,1.35513
NLOBK_MV_smallest,0.000113906,45,1.61921,0.274717,0.521583,0.116795,1.23575
NLOBK_MV_smallest,0.000170859,45,1.47165,0.246148,0.464505,0.104492,1.12537
NLOBK_MV_smallest,0.000256289,45,1.33548,0.220026,0.412538,0.0932007,1.02343
NLOBK_MV_smallest,0.000384434,45,1.21046,0.196047,0.365317,0.082914,0.929417
NLOBK_MV_smallest,0.00057665,45,1.09548,0.174351,0.322288,0.0735953,0.842842
NLOBK_MV_smallest,0.000864976,45,0.98997,0.154419,0.283706,0.0650671,0.763243
NLOBK_MV_smallest,0.00129746,45,0.893357,0.136497,0.248897,0.057382,0.69016
NLOBK_MV_smallest,0.0019462,45,0.805136,0.120392,0.217539,0.0505005,0.623161
NLOBK_MV_smallest,0.00291929,45,0.725779,0.10572,0.190114,0.0443267,0.561832
NLOBK_MV_smallest,0.00437894,45,0.654402,0.0925668,0.165707,0.038833,0.505782
NLOBK_MV_smallest,0.00656841,45,0.590617,0.0811561,0.144249,0.0339495,0.454639
NLOBK_MV_smallest,0.00985261,45,0.533691,0.070877,0.125216,0.0296349,0.408049
NLOBK_MV_smallest,1e-05,15,1.93296,0.351791,0.558474,0.103931,1.53589
NLOBK_MV_smallest,1.5e-05,15,1.78618,0.320929,0.506027,0.0943672,1.41732
NLOBK_MV_smallest,2.25e-05,15,1.64738,0.292055,0.457112,0.0855174,1.30613
NLOBK_MV_smallest,3.375e-05,15,1.51706,0.265222,0.412021,0.0772479,1.20201
NLOBK_MV_smallest,5.0625e-05,15,1.39471,0.240075,0.370242,0.0696694,1.10465
NLOBK_MV_smallest,7.59375e-05,15,1.27957,0.216569,0.33193,0.06261,1.01371
NLOBK_MV_smallest,0.000113906,15,1.17197,0.194965,0.296475,0.0561204,0.928899
NLOBK_MV_smallest,0.000170859,15,1.07182,0.174832,0.264448,0.0501399,0.849902
NLOBK_MV_smallest,0.000256289,15,0.978138,0.156274,0.234748,0.0446455,0.776414
NLOBK_MV_smallest,0.000384434,15,0.891636,0.139282,0.2079,0.0396627,0.708146
NLOBK_MV_smallest,0.00057665,15,0.811347,0.123649,0.183535,0.0350601,0.644826
NLOBK_MV_smallest,0.000864976,15,0.737833,0.109444,0.161631,0.0309549,0.586193
NLOBK_MV_smallest,0.00129746,15,0.670461,0.0964522,0.141787,0.0272553,0.531981
NLOBK_MV_smallest,0.0019462,15,0.608521,0.0847537,0.124077,0.0239033,0.481936
NLOBK_MV_smallest,0.00291929,15,0.552801,0.0741869,0.108402,0.0208712,0.435812
NLOBK_MV_smallest,0.00437894,15,0.502532,0.0647277,0.0946636,0.0182539,0.393374
NLOBK_MV_smallest,0.00656841,15,0.457621,0.0564037,0.0824581,0.0158766,0.354395
NLOBK_MV_smallest,0.00985261,15,0.417651,0.0490217,0.0718085,0.0138225,0.318655
NLOBK_MV_smallest,1e-05,27,2.3554,0.427968,0.774747,0.160546,1.83582
NLOBK_MV_smallest,1.5e-05,27,2.16939,0.389659,0.701401,0.145665,1.68885
NLOBK_MV_smallest,2.25e-05,27,1.99485,0.353889,0.63335,0.131843,1.55161
NLOBK_MV_smallest,3.375e-05,27,1.83226,0.320745,0.569979,0.119084,1.42365
NLOBK_MV_smallest,5.0625e-05,27,1.67915,0.289907,0.512245,0.107236,1.30448
NLOBK_MV_smallest,7.59375e-05,27,1.53568,0.261369,0.458698,0.0964179,1.19364
NLOBK_MV_smallest,0.000113906,27,1.40263,0.234797,0.409929,0.0864409,1.0907
NLOBK_MV_smallest,0.000170859,27,1.27891,0.210544,0.365027,0.077192,0.995217
NLOBK_MV_smallest,0.000256289,27,1.16359,0.188167,0.324382,0.0688964,0.90676
NLOBK_MV_smallest,0.000384434,27,1.05717,0.167637,0.286973,0.0612117,0.824925
NLOBK_MV_smallest,0.00057665,27,0.959026,0.148879,0.253578,0.0542674,0.749333
NLOBK_MV_smallest,0.000864976,27,0.869557,0.131763,0.222894,0.0478616,0.67962
NLOBK_MV_smallest,0.00129746,27,0.787122,0.116222,0.195611,0.0421851,0.615423
NLOBK_MV_smallest,0.0019462,27,0.711901,0.102384,0.171198,0.0370394,0.556397
NLOBK_MV_smallest,0.00291929,27,0.644009,0.0897973,0.149645,0.0324686,0.502212
NLOBK_MV_smallest,0.00437894,27,0.582936,0.0785463,0.13045,0.0283607,0.45255
NLOBK_MV_smallest,0.00656841,27,0.528196,0.0684814,0.113558,0.0247826,0.407112
NLOBK_MV_smallest,0.00985261,27,0.479412,0.0596954,0.0986901,0.0215655,0.365608
