fit,x,Q2,F2 light,FL light,F2 charm,FL charm,F2_LO
NLOBK_MV_smallest,1e-05,4.5,1.22941,0.225423,0.231475,0.027735,1.00287
NLOBK_MV_smallest,1.5e-05,4.5,1.1426,0.206597,0.20962,0.025186,0.93202
NLOBK_MV_smallest,2.25e-05,4.5,1.06038,0.188945,0.189438,0.0228228,0.864999
NLOBK_MV_smallest,3.375e-05,4.5,0.98228,0.172167,0.17068,0.0206145,0.801676
NLOBK_MV_smallest,5.0625e-05,4.5,0.908135,0.156369,0.153362,0.0185659,0.741925
NLOBK_MV_smallest,7.59375e-05,4.5,0.838171,0.141658,0.13746,0.0166764,0.685611
NLOBK_MV_smallest,0.000113906,4.5,0.772443,0.127923,0.122875,0.0149517,0.632599
NLOBK_MV_smallest,0.000170859,4.5,0.710602,0.114986,0.109474,0.0133494,0.582769
NLOBK_MV_smallest,0.000256289,4.5,0.652733,0.103049,0.0972202,0.0118784,0.535995
NLOBK_MV_smallest,0.000384434,4.5,0.59875,0.091958,0.0861498,0.0105406,0.492151
NLOBK_MV_smallest,0.00057665,4.5,0.54869,0.0817237,0.0761334,0.00932335,0.451111
NLOBK_MV_smallest,0.000864976,4.5,0.502562,0.0723515,0.0670492,0.00822029,0.412749
NLOBK_MV_smallest,0.00129746,4.5,0.460188,0.0637647,0.0590287,0.00722811,0.376949
NLOBK_MV_smallest,0.0019462,4.5,0.421493,0.0560043,0.0518145,0.00634104,0.343588
NLOBK_MV_smallest,0.00291929,4.5,0.38649,0.0490114,0.045452,0.00555946,0.312547
NLOBK_MV_smallest,0.00437894,4.5,0.355081,0.0427887,0.0398402,0.00485742,0.283713
NLOBK_MV_smallest,0.00656841,4.5,0.327162,0.0373019,0.0349294,0.00424253,0.256973
NLOBK_MV_smallest,0.00985261,4.5,0.302402,0.0324949,0.0306707,0.00371081,0.232223
NLOBK_MV_smallest,1e-05,45,2.73098,0.494946,0.966029,0.211855,2.10015
NLOBK_MV_smallest,1.5e-05,45,2.50737,0.449466,0.873063,0.192122,1.927
NLOBK_MV_smallest,2.25e-05,45,2.30057,0.407778,0.787318,0.173774,1.76601
NLOBK_MV_smallest,3.375e-05,45,2.10545,0.368617,0.708124,0.156714,1.61649
NLOBK_MV_smallest,5.0625e-05,45,1.92505,0.33305,0.635819,0.141094,1.47782
NLOBK_MV_smallest,7.59375e-05,45,1.75634,0.299782,0.568934,0.126897,1.34935
NLOBK_MV_smallest,0.000113906,45,1.59941,0.269314,0.507941,0.113725,1.23047
NLOBK_MV_smallest,0.000170859,45,1.45353,0.241307,0.451949,0.101716,1.12061
NLOBK_MV_smallest,0.000256289,45,1.31928,0.21575,0.401412,0.0907205,1.01923
NLOBK_MV_smallest,0.000384434,45,1.19649,0.192352,0.35562,0.0806937,0.925786
NLOBK_MV_smallest,0.00057665,45,1.0834,0.170975,0.314217,0.0716714,0.839786
NLOBK_MV_smallest,0.000864976,45,0.979183,0.15161,0.276521,0.0633196,0.760743
NLOBK_MV_smallest,0.00129746,45,0.883913,0.134013,0.24298,0.0560184,0.6882
NLOBK_MV_smallest,0.0019462,45,0.797575,0.118243,0.212983,0.0493216,0.621716
NLOBK_MV_smallest,0.00291929,45,0.719665,0.103985,0.186146,0.0433319,0.56087
NLOBK_MV_smallest,0.00437894,45,0.649623,0.091303,0.162578,0.0379559,0.50527
NLOBK_MV_smallest,0.00656841,45,0.586773,0.0798331,0.14162,0.0332044,0.45454
NLOBK_MV_smallest,0.00985261,45,0.530919,0.069969,0.123463,0.0290667,0.408332
NLOBK_MV_smallest,1e-05,15,1.92578,0.347035,0.543343,0.100807,1.53762
NLOBK_MV_smallest,1.5e-05,15,1.77796,0.31627,0.491781,0.091494,1.41819
NLOBK_MV_smallest,2.25e-05,15,1.63933,0.287544,0.444172,0.0828634,1.30633
NLOBK_MV_smallest,3.375e-05,15,1.50872,0.260806,0.39991,0.0748095,1.20169
NLOBK_MV_smallest,5.0625e-05,15,1.38698,0.23617,0.35935,0.0673855,1.10395
NLOBK_MV_smallest,7.59375e-05,15,1.27202,0.212892,0.322093,0.0605209,1.01274
NLOBK_MV_smallest,0.000113906,15,1.16507,0.191477,0.287916,0.0542794,0.92774
NLOBK_MV_smallest,0.000170859,15,1.06514,0.171641,0.256343,0.0484862,0.848642
NLOBK_MV_smallest,0.000256289,15,0.972174,0.15349,0.227717,0.0431636,0.775137
NLOBK_MV_smallest,0.000384434,15,0.886176,0.136694,0.201706,0.0383296,0.706924
NLOBK_MV_smallest,0.00057665,15,0.806829,0.121389,0.178266,0.0339576,0.643713
NLOBK_MV_smallest,0.000864976,15,0.733938,0.107374,0.156921,0.0299499,0.585221
NLOBK_MV_smallest,0.00129746,15,0.667191,0.0948042,0.137926,0.0263664,0.531182
NLOBK_MV_smallest,0.0019462,15,0.606131,0.083259,0.120834,0.0231381,0.481331
NLOBK_MV_smallest,0.00291929,15,0.550956,0.0729388,0.105634,0.0202597,0.435412
NLOBK_MV_smallest,0.00437894,15,0.501269,0.0637111,0.0924095,0.0177189,0.393184
NLOBK_MV_smallest,0.00656841,15,0.456974,0.0555997,0.0806366,0.01548,0.354416
NLOBK_MV_smallest,0.00985261,15,0.417376,0.0484189,0.0703158,0.0134834,0.318888
NLOBK_MV_smallest,1e-05,27,2.33728,0.420907,0.754275,0.15618,1.8329
NLOBK_MV_smallest,1.5e-05,27,2.15162,0.383087,0.682434,0.141624,1.68552
NLOBK_MV_smallest,2.25e-05,27,1.97805,0.347907,0.616178,0.128228,1.54806
NLOBK_MV_smallest,3.375e-05,27,1.81589,0.314995,0.554456,0.115675,1.41999
NLOBK_MV_smallest,5.0625e-05,27,1.66352,0.284375,0.497949,0.104121,1.30084
NLOBK_MV_smallest,7.59375e-05,27,1.52174,0.256249,0.445994,0.0936313,1.19011
NLOBK_MV_smallest,0.000113906,27,1.3894,0.23022,0.398326,0.0839522,1.08733
NLOBK_MV_smallest,0.000170859,27,1.2666,0.206613,0.354876,0.0750403,0.99206
NLOBK_MV_smallest,0.000256289,27,1.15274,0.184584,0.315241,0.0668674,0.903881
NLOBK_MV_smallest,0.000384434,27,1.04764,0.164386,0.27926,0.0594109,0.82237
NLOBK_MV_smallest,0.00057665,27,0.950972,0.146104,0.246454,0.0526482,0.747129
NLOBK_MV_smallest,0.000864976,27,0.862356,0.129313,0.21717,0.0464898,0.677777
NLOBK_MV_smallest,0.00129746,27,0.780846,0.114189,0.190877,0.0410119,0.613949
NLOBK_MV_smallest,0.0019462,27,0.706782,0.100601,0.167316,0.0360649,0.555289
NLOBK_MV_smallest,0.00291929,27,0.639948,0.0881765,0.146218,0.0316606,0.501459
NLOBK_MV_smallest,0.00437894,27,0.579926,0.0772943,0.127634,0.0277,0.452139
NLOBK_MV_smallest,0.00656841,27,0.526026,0.0675539,0.111208,0.0241713,0.407024
NLOBK_MV_smallest,0.00985261,27,0.477946,0.0589781,0.0971199,0.0211057,0.365827
