fit,x,Q2,F2 light,FL light,F2 charm,FL charm,F2_LO
NLOBK_MV_smallest,1e-05,4.5,1.20264,0.223153,0.252931,0.0324925,0.998049
NLOBK_MV_smallest,1.5e-05,4.5,1.11894,0.204878,0.229645,0.0295829,0.928413
NLOBK_MV_smallest,2.25e-05,4.5,1.03929,0.187653,0.207886,0.0268666,0.862451
NLOBK_MV_smallest,3.375e-05,4.5,0.963632,0.171322,0.187747,0.0243036,0.800052
NLOBK_MV_smallest,5.0625e-05,4.5,0.891595,0.155836,0.169169,0.0219474,0.741097
NLOBK_MV_smallest,7.59375e-05,4.5,0.823679,0.141436,0.151911,0.0197785,0.685469
NLOBK_MV_smallest,0.000113906,4.5,0.759556,0.127872,0.135982,0.017742,0.633041
NLOBK_MV_smallest,0.000170859,4.5,0.699203,0.115188,0.121426,0.0158632,0.583698
NLOBK_MV_smallest,0.000256289,4.5,0.642633,0.103356,0.108057,0.0141514,0.537325
NLOBK_MV_smallest,0.000384434,4.5,0.58981,0.0924135,0.0959313,0.0125791,0.493802
NLOBK_MV_smallest,0.00057665,4.5,0.540701,0.0822499,0.0849261,0.0111472,0.453017
NLOBK_MV_smallest,0.000864976,4.5,0.495369,0.0729195,0.0748985,0.00983947,0.414849
NLOBK_MV_smallest,0.00129746,4.5,0.453575,0.0643481,0.0659842,0.00866896,0.379186
NLOBK_MV_smallest,0.0019462,4.5,0.415512,0.0566066,0.0580021,0.00761616,0.345914
NLOBK_MV_smallest,0.00291929,4.5,0.381024,0.0496048,0.0508948,0.00667285,0.314924
NLOBK_MV_smallest,0.00437894,4.5,0.350074,0.043328,0.0446502,0.00583841,0.286107
NLOBK_MV_smallest,0.00656841,4.5,0.32255,0.0378177,0.0391505,0.00509535,0.259356
NLOBK_MV_smallest,0.00985261,4.5,0.298119,0.0329728,0.0344024,0.00446064,0.234565
NLOBK_MV_smallest,1e-05,45,2.71623,0.49718,1.00538,0.221764,2.10932
NLOBK_MV_smallest,1.5e-05,45,2.49612,0.452156,0.909585,0.20134,1.93693
NLOBK_MV_smallest,2.25e-05,45,2.2915,0.410242,0.82136,0.182174,1.77647
NLOBK_MV_smallest,3.375e-05,45,2.09949,0.371688,0.739874,0.164707,1.62729
NLOBK_MV_smallest,5.0625e-05,45,1.91927,0.335908,0.664856,0.148545,1.48878
NLOBK_MV_smallest,7.59375e-05,45,1.75329,0.302704,0.595805,0.13349,1.36034
NLOBK_MV_smallest,0.000113906,45,1.59781,0.272115,0.532662,0.119867,1.24138
NLOBK_MV_smallest,0.000170859,45,1.45317,0.244377,0.47467,0.107276,1.13133
NLOBK_MV_smallest,0.000256289,45,1.31978,0.218486,0.422038,0.0958434,1.02967
NLOBK_MV_smallest,0.000384434,45,1.1969,0.195116,0.374234,0.0853232,0.935879
NLOBK_MV_smallest,0.00057665,45,1.08372,0.173484,0.330821,0.0758633,0.84948
NLOBK_MV_smallest,0.000864976,45,0.980152,0.154061,0.291426,0.0671539,0.769994
NLOBK_MV_smallest,0.00129746,45,0.885438,0.136331,0.256469,0.0593088,0.696975
NLOBK_MV_smallest,0.0019462,45,0.79879,0.120354,0.224965,0.05236,0.62999
NLOBK_MV_smallest,0.00291929,45,0.720436,0.10594,0.196358,0.0459469,0.568634
NLOBK_MV_smallest,0.00437894,45,0.650019,0.0929207,0.171732,0.040381,0.512523
NLOBK_MV_smallest,0.00656841,45,0.587153,0.0814788,0.149498,0.0353113,0.461287
NLOBK_MV_smallest,0.00985261,45,0.531095,0.0712399,0.13034,0.0308925,0.414576
NLOBK_MV_smallest,1e-05,15,1.90124,0.346571,0.575819,0.10983,1.54037
NLOBK_MV_smallest,1.5e-05,15,1.75733,0.316296,0.522241,0.0998091,1.42197
NLOBK_MV_smallest,2.25e-05,15,1.62139,0.288199,0.47216,0.0905146,1.31094
NLOBK_MV_smallest,3.375e-05,15,1.49321,0.261529,0.425828,0.0818211,1.20697
NLOBK_MV_smallest,5.0625e-05,15,1.37338,0.236939,0.383498,0.0739112,1.10971
NLOBK_MV_smallest,7.59375e-05,15,1.26058,0.213984,0.34434,0.0665051,1.01887
NLOBK_MV_smallest,0.000113906,15,1.15533,0.192807,0.30794,0.0596421,0.934123
NLOBK_MV_smallest,0.000170859,15,1.05702,0.173049,0.27499,0.0534236,0.855163
NLOBK_MV_smallest,0.000256289,15,0.96512,0.154857,0.244545,0.0476068,0.781702
NLOBK_MV_smallest,0.000384434,15,0.880177,0.138159,0.216958,0.0423487,0.713454
NLOBK_MV_smallest,0.00057665,15,0.801638,0.122905,0.191817,0.0375145,0.650144
NLOBK_MV_smallest,0.000864976,15,0.72956,0.108853,0.169204,0.0331802,0.591499
NLOBK_MV_smallest,0.00129746,15,0.663136,0.0960752,0.148818,0.0292461,0.537258
NLOBK_MV_smallest,0.0019462,15,0.602394,0.084551,0.130532,0.0256994,0.487166
NLOBK_MV_smallest,0.00291929,15,0.54765,0.0741534,0.114271,0.0225247,0.44098
NLOBK_MV_smallest,0.00437894,15,0.498198,0.0648232,0.0997894,0.0196813,0.398469
NLOBK_MV_smallest,0.00656841,15,0.453952,0.0565569,0.0871731,0.0171728,0.359405
NLOBK_MV_smallest,0.00985261,15,0.414556,0.0492289,0.0760902,0.0149637,0.323568
NLOBK_MV_smallest,1e-05,27,2.31645,0.422111,0.790778,0.165966,1.83901
NLOBK_MV_smallest,1.5e-05,27,2.1348,0.384318,0.716234,0.150575,1.69255
NLOBK_MV_smallest,2.25e-05,27,1.96392,0.349453,0.647456,0.136555,1.55577
NLOBK_MV_smallest,3.375e-05,27,1.80415,0.316716,0.583561,0.123378,1.42821
NLOBK_MV_smallest,5.0625e-05,27,1.6541,0.286567,0.524689,0.111296,1.30939
NLOBK_MV_smallest,7.59375e-05,27,1.5138,0.258521,0.470791,0.100121,1.19886
NLOBK_MV_smallest,0.000113906,27,1.38349,0.232463,0.421171,0.0897918,1.09616
NLOBK_MV_smallest,0.000170859,27,1.26207,0.208799,0.375761,0.0804302,1.00087
NLOBK_MV_smallest,0.000256289,27,1.14881,0.186728,0.334046,0.0717742,0.912563
NLOBK_MV_smallest,0.000384434,27,1.04457,0.166546,0.296397,0.0638863,0.830854
NLOBK_MV_smallest,0.00057665,27,0.948183,0.147975,0.262087,0.0567203,0.755357
NLOBK_MV_smallest,0.000864976,27,0.860405,0.131215,0.230991,0.0501883,0.685697
NLOBK_MV_smallest,0.00129746,27,0.779491,0.116012,0.203212,0.0442958,0.621519
NLOBK_MV_smallest,0.0019462,27,0.705476,0.102317,0.178156,0.0389533,0.562479
NLOBK_MV_smallest,0.00291929,27,0.638424,0.0897823,0.155912,0.0341723,0.50825
NLOBK_MV_smallest,0.00437894,27,0.578353,0.0786519,0.136134,0.0299598,0.458522
NLOBK_MV_smallest,0.00656841,27,0.52459,0.0688074,0.118773,0.0261525,0.412995
NLOBK_MV_smallest,0.00985261,27,0.476454,0.0600047,0.103474,0.0228353,0.371382
