fit,x,Q2,F2 light,FL light,F2 charm,FL charm,F2_LO
NLOBK_MV_smallest,1e-05,4.5,1.2492,0.228231,0.237164,0.028768,1.03308
NLOBK_MV_smallest,1.5e-05,4.5,1.161,0.209241,0.214946,0.0261373,0.960103
NLOBK_MV_smallest,2.25e-05,4.5,1.07755,0.191377,0.194447,0.0237152,0.891111
NLOBK_MV_smallest,3.375e-05,4.5,0.998126,0.174328,0.17533,0.0214444,0.825961
NLOBK_MV_smallest,5.0625e-05,4.5,0.923049,0.158501,0.157746,0.0193376,0.764507
NLOBK_MV_smallest,7.59375e-05,4.5,0.852157,0.143627,0.141565,0.0173882,0.706621
NLOBK_MV_smallest,0.000113906,4.5,0.785472,0.129737,0.126627,0.0155974,0.652161
NLOBK_MV_smallest,0.000170859,4.5,0.72289,0.116727,0.112964,0.0139351,0.600996
NLOBK_MV_smallest,0.000256289,4.5,0.664295,0.104681,0.100483,0.0124217,0.552995
NLOBK_MV_smallest,0.000384434,4.5,0.609632,0.0934978,0.089215,0.0110427,0.508022
NLOBK_MV_smallest,0.00057665,4.5,0.559067,0.083202,0.0789671,0.00978226,0.465939
NLOBK_MV_smallest,0.000864976,4.5,0.512356,0.0737504,0.069725,0.00864323,0.426616
NLOBK_MV_smallest,0.00129746,4.5,0.469467,0.0651073,0.0614867,0.00761999,0.389927
NLOBK_MV_smallest,0.0019462,4.5,0.430237,0.0572953,0.0540867,0.00670845,0.355748
NLOBK_MV_smallest,0.00291929,4.5,0.394849,0.0502355,0.0475668,0.00588158,0.323955
NLOBK_MV_smallest,0.00437894,4.5,0.363044,0.0439725,0.0417985,0.00515736,0.294427
NLOBK_MV_smallest,0.00656841,4.5,0.33472,0.0384061,0.0367502,0.00451894,0.267045
NLOBK_MV_smallest,0.00985261,4.5,0.309575,0.0335438,0.0323594,0.0039555,0.241698
NLOBK_MV_smallest,1e-05,45,2.75884,0.500449,0.982411,0.215803,2.15457
NLOBK_MV_smallest,1.5e-05,45,2.53514,0.454873,0.888861,0.195845,1.97802
NLOBK_MV_smallest,2.25e-05,45,2.32616,0.412641,0.802377,0.177285,1.81386
NLOBK_MV_smallest,3.375e-05,45,2.13074,0.373756,0.722421,0.160131,1.66141
NLOBK_MV_smallest,5.0625e-05,45,1.94843,0.337585,0.649137,0.144262,1.51997
NLOBK_MV_smallest,7.59375e-05,45,1.77867,0.304585,0.581771,0.129866,1.38893
NLOBK_MV_smallest,0.000113906,45,1.6204,0.273829,0.519948,0.116544,1.26766
NLOBK_MV_smallest,0.000170859,45,1.4741,0.245783,0.46412,0.10442,1.15559
NLOBK_MV_smallest,0.000256289,45,1.3393,0.219899,0.41259,0.0932374,1.05213
NLOBK_MV_smallest,0.000384434,45,1.21498,0.196198,0.366397,0.083075,0.956757
NLOBK_MV_smallest,0.00057665,45,1.10128,0.174751,0.324296,0.0737999,0.868935
NLOBK_MV_smallest,0.000864976,45,0.996519,0.155071,0.286231,0.0654508,0.788178
NLOBK_MV_smallest,0.00129746,45,0.900285,0.137367,0.251853,0.0579224,0.71402
NLOBK_MV_smallest,0.0019462,45,0.813549,0.121531,0.221472,0.0511688,0.646016
NLOBK_MV_smallest,0.00291929,45,0.734957,0.107108,0.194128,0.0450476,0.583741
NLOBK_MV_smallest,0.00437894,45,0.664254,0.0941947,0.169919,0.0396444,0.526793
NLOBK_MV_smallest,0.00656841,45,0.601057,0.0827289,0.148618,0.0347682,0.474789
NLOBK_MV_smallest,0.00985261,45,0.544286,0.0725052,0.129778,0.0303936,0.427371
NLOBK_MV_smallest,1e-05,15,1.94985,0.350827,0.554163,0.103365,1.57953
NLOBK_MV_smallest,1.5e-05,15,1.80067,0.319897,0.501993,0.093922,1.4573
NLOBK_MV_smallest,2.25e-05,15,1.66015,0.290889,0.453647,0.0850728,1.34285
NLOBK_MV_smallest,3.375e-05,15,1.5286,0.264037,0.409074,0.0768878,1.23581
NLOBK_MV_smallest,5.0625e-05,15,1.40529,0.239124,0.367764,0.0692736,1.13582
NLOBK_MV_smallest,7.59375e-05,15,1.28974,0.215981,0.32996,0.0623762,1.04255
NLOBK_MV_smallest,0.000113906,15,1.18162,0.194169,0.295371,0.0559364,0.955639
NLOBK_MV_smallest,0.000170859,15,1.08103,0.174411,0.263554,0.050067,0.874776
NLOBK_MV_smallest,0.000256289,15,0.987166,0.156042,0.234438,0.0446264,0.799637
NLOBK_MV_smallest,0.000384434,15,0.90056,0.139224,0.208016,0.0396943,0.72991
NLOBK_MV_smallest,0.00057665,15,0.820589,0.123775,0.184176,0.0351866,0.66529
NLOBK_MV_smallest,0.000864976,15,0.747064,0.109683,0.162573,0.0311657,0.605487
NLOBK_MV_smallest,0.00129746,15,0.679673,0.0969689,0.143238,0.0274861,0.550221
NLOBK_MV_smallest,0.0019462,15,0.617978,0.0853563,0.12579,0.024193,0.499227
NLOBK_MV_smallest,0.00291929,15,0.562345,0.0749382,0.110329,0.021218,0.452243
NLOBK_MV_smallest,0.00437894,15,0.512199,0.0656752,0.0966802,0.018616,0.409021
NLOBK_MV_smallest,0.00656841,15,0.467336,0.0574113,0.0845598,0.0162891,0.36932
NLOBK_MV_smallest,0.00985261,15,0.427232,0.0501342,0.0740392,0.014233,0.332914
NLOBK_MV_smallest,1e-05,27,2.36391,0.425816,0.768543,0.159435,1.88125
NLOBK_MV_smallest,1.5e-05,27,2.1764,0.387429,0.695472,0.144697,1.73075
NLOBK_MV_smallest,2.25e-05,27,2.00143,0.351797,0.627915,0.131075,1.5904
NLOBK_MV_smallest,3.375e-05,27,1.83793,0.318917,0.566236,0.11837,1.45965
NLOBK_MV_smallest,5.0625e-05,27,1.6848,0.288499,0.508736,0.106707,1.33798
NLOBK_MV_smallest,7.59375e-05,27,1.54199,0.260175,0.456439,0.0959885,1.22492
NLOBK_MV_smallest,0.000113906,27,1.40851,0.23393,0.408307,0.0861436,1.11999
NLOBK_MV_smallest,0.000170859,27,1.28435,0.210006,0.364338,0.0771051,1.02272
NLOBK_MV_smallest,0.000256289,27,1.1697,0.18776,0.324228,0.0688429,0.932687
NLOBK_MV_smallest,0.000384434,27,1.06403,0.167616,0.287591,0.0612872,0.849448
NLOBK_MV_smallest,0.00057665,27,0.966682,0.149111,0.254458,0.0544177,0.77259
NLOBK_MV_smallest,0.000864976,27,0.877445,0.132258,0.224578,0.0481516,0.701723
NLOBK_MV_smallest,0.00129746,27,0.795199,0.117035,0.197966,0.0426155,0.636471
NLOBK_MV_smallest,0.0019462,27,0.720786,0.103265,0.173693,0.0375078,0.576478
NLOBK_MV_smallest,0.00291929,27,0.653412,0.0908642,0.152395,0.032991,0.521398
NLOBK_MV_smallest,0.00437894,27,0.592582,0.079749,0.133362,0.028965,0.470904
NLOBK_MV_smallest,0.00656841,27,0.538365,0.069893,0.116821,0.0253526,0.424682
NLOBK_MV_smallest,0.00985261,27,0.489584,0.0610916,0.102142,0.022255,0.382438
