fit,x,Q2,F2 light,FL light,F2 charm,FL charm,F2_LO
NLOBK_MV_smallest,1e-05,4.5,1.19979,0.223502,0.227972,0.02661,0.973383
NLOBK_MV_smallest,1.5e-05,4.5,1.11653,0.205299,0.206811,0.0242126,0.905819
NLOBK_MV_smallest,2.25e-05,4.5,1.03727,0.188071,0.187108,0.021968,0.841796
NLOBK_MV_smallest,3.375e-05,4.5,0.962005,0.17177,0.168893,0.0198806,0.781203
NLOBK_MV_smallest,5.0625e-05,4.5,0.890366,0.156363,0.151978,0.017953,0.723926
NLOBK_MV_smallest,7.59375e-05,4.5,0.822695,0.141958,0.136401,0.0161488,0.669856
NLOBK_MV_smallest,0.000113906,4.5,0.758688,0.128415,0.12201,0.0144801,0.618878
NLOBK_MV_smallest,0.000170859,4.5,0.698513,0.115692,0.108824,0.0129482,0.570881
NLOBK_MV_smallest,0.000256289,4.5,0.642131,0.103871,0.0968311,0.0115394,0.525747
NLOBK_MV_smallest,0.000384434,4.5,0.589282,0.0928414,0.085892,0.0102501,0.483362
NLOBK_MV_smallest,0.00057665,4.5,0.540311,0.0827051,0.075978,0.00908121,0.443616
NLOBK_MV_smallest,0.000864976,4.5,0.494922,0.0732984,0.0670016,0.00801788,0.406402
NLOBK_MV_smallest,0.00129746,4.5,0.453226,0.0647162,0.0589788,0.00705188,0.371609
NLOBK_MV_smallest,0.0019462,4.5,0.415111,0.0569332,0.0517817,0.00619563,0.339126
NLOBK_MV_smallest,0.00291929,4.5,0.380643,0.0499028,0.0454065,0.00543136,0.308851
NLOBK_MV_smallest,0.00437894,4.5,0.349645,0.0435923,0.0398648,0.00475117,0.280681
NLOBK_MV_smallest,0.00656841,4.5,0.32207,0.038039,0.0349493,0.00414985,0.254511
NLOBK_MV_smallest,0.00985261,4.5,0.297643,0.0331488,0.0306753,0.00362525,0.230243
NLOBK_MV_smallest,1e-05,45,2.72516,0.50009,0.972692,0.212438,2.08216
NLOBK_MV_smallest,1.5e-05,45,2.50407,0.454928,0.880597,0.192906,1.91215
NLOBK_MV_smallest,2.25e-05,45,2.29936,0.412836,0.794871,0.174547,1.75388
NLOBK_MV_smallest,3.375e-05,45,2.10677,0.374076,0.716117,0.157803,1.60671
NLOBK_MV_smallest,5.0625e-05,45,1.92617,0.338149,0.643082,0.142225,1.47004
NLOBK_MV_smallest,7.59375e-05,45,1.75986,0.304813,0.576502,0.128016,1.34329
NLOBK_MV_smallest,0.000113906,45,1.60409,0.274391,0.515095,0.114766,1.22588
NLOBK_MV_smallest,0.000170859,45,1.45933,0.246023,0.459212,0.102803,1.11727
NLOBK_MV_smallest,0.000256289,45,1.32496,0.220011,0.408141,0.0917523,1.01692
NLOBK_MV_smallest,0.000384434,45,1.20139,0.196484,0.361817,0.0817207,0.924325
NLOBK_MV_smallest,0.00057665,45,1.0883,0.174858,0.320141,0.0726199,0.83901
NLOBK_MV_smallest,0.000864976,45,0.983971,0.155094,0.282009,0.0642649,0.760514
NLOBK_MV_smallest,0.00129746,45,0.888434,0.137233,0.24789,0.056796,0.688394
NLOBK_MV_smallest,0.0019462,45,0.801236,0.121132,0.217255,0.0500334,0.622225
NLOBK_MV_smallest,0.00291929,45,0.722789,0.106565,0.189977,0.0439549,0.561609
NLOBK_MV_smallest,0.00437894,45,0.65214,0.0935048,0.165823,0.0386023,0.506168
NLOBK_MV_smallest,0.00656841,45,0.588929,0.0819242,0.144553,0.0338083,0.455536
NLOBK_MV_smallest,0.00985261,45,0.532338,0.0717524,0.125912,0.0295203,0.409371
NLOBK_MV_smallest,1e-05,15,1.90227,0.347844,0.541817,0.0994092,1.51073
NLOBK_MV_smallest,1.5e-05,15,1.75898,0.317904,0.491016,0.0902715,1.39489
NLOBK_MV_smallest,2.25e-05,15,1.62308,0.289447,0.444001,0.081803,1.28624
NLOBK_MV_smallest,3.375e-05,15,1.4955,0.262912,0.400306,0.0740267,1.18446
NLOBK_MV_smallest,5.0625e-05,15,1.37548,0.238298,0.360183,0.0667771,1.08923
NLOBK_MV_smallest,7.59375e-05,15,1.26293,0.21538,0.323336,0.0601137,1.00026
NLOBK_MV_smallest,0.000113906,15,1.15714,0.193899,0.289255,0.053926,0.917245
NLOBK_MV_smallest,0.000170859,15,1.05892,0.174085,0.257974,0.0482419,0.839887
NLOBK_MV_smallest,0.000256289,15,0.967143,0.155927,0.229393,0.0429971,0.767894
NLOBK_MV_smallest,0.000384434,15,0.881874,0.139116,0.203422,0.0382365,0.700986
NLOBK_MV_smallest,0.00057665,15,0.803125,0.123682,0.179837,0.0338809,0.638896
NLOBK_MV_smallest,0.000864976,15,0.730795,0.10956,0.158597,0.0299398,0.581364
NLOBK_MV_smallest,0.00129746,15,0.664295,0.0967311,0.139416,0.0263893,0.528135
NLOBK_MV_smallest,0.0019462,15,0.603375,0.0850887,0.122173,0.0231705,0.478961
NLOBK_MV_smallest,0.00291929,15,0.548381,0.0746823,0.10704,0.0203239,0.433607
NLOBK_MV_smallest,0.00437894,15,0.498704,0.0652365,0.0935239,0.0177709,0.391847
NLOBK_MV_smallest,0.00656841,15,0.454334,0.0569211,0.0815397,0.0154989,0.353459
NLOBK_MV_smallest,0.00985261,15,0.414798,0.0495306,0.0711189,0.0134947,0.318231
NLOBK_MV_smallest,1e-05,27,2.32093,0.423978,0.756301,0.155472,1.81009
NLOBK_MV_smallest,1.5e-05,27,2.13974,0.386474,0.685119,0.14114,1.66615
NLOBK_MV_smallest,2.25e-05,27,1.96832,0.350966,0.619399,0.127908,1.53171
NLOBK_MV_smallest,3.375e-05,27,1.80885,0.31866,0.557973,0.11565,1.40629
NLOBK_MV_smallest,5.0625e-05,27,1.65873,0.288233,0.501892,0.104229,1.28945
NLOBK_MV_smallest,7.59375e-05,27,1.51793,0.260014,0.449839,0.0938238,1.18074
NLOBK_MV_smallest,0.000113906,27,1.38782,0.234237,0.402515,0.0841193,1.07971
NLOBK_MV_smallest,0.000170859,27,1.26548,0.210111,0.359121,0.0752821,0.985966
NLOBK_MV_smallest,0.000256289,27,1.15235,0.187902,0.31926,0.067228,0.899081
NLOBK_MV_smallest,0.000384434,27,1.0478,0.167696,0.283111,0.0598387,0.818662
NLOBK_MV_smallest,0.00057665,27,0.951212,0.149133,0.250183,0.0530932,0.744337
NLOBK_MV_smallest,0.000864976,27,0.862931,0.132198,0.220428,0.0468964,0.675747
NLOBK_MV_smallest,0.00129746,27,0.781569,0.116869,0.193788,0.0413347,0.612541
NLOBK_MV_smallest,0.0019462,27,0.707186,0.102971,0.170068,0.0363829,0.55438
NLOBK_MV_smallest,0.00291929,27,0.639993,0.0903465,0.148793,0.0319517,0.50095
NLOBK_MV_smallest,0.00437894,27,0.579698,0.0792034,0.129889,0.0279913,0.451944
NLOBK_MV_smallest,0.00656841,27,0.525506,0.0692037,0.113204,0.0244441,0.407066
NLOBK_MV_smallest,0.00985261,27,0.477218,0.0603832,0.0987281,0.0212942,0.366039
