fit,x,Q2,F2 light,FL light,F2 charm,FL charm,F2_LO
NLOBK_MV_smallest,1e-05,4.5,1.20221,0.22293,0.23734,0.0289773,0.977412
NLOBK_MV_smallest,1.5e-05,4.5,1.1183,0.204599,0.215084,0.0263361,0.908984
NLOBK_MV_smallest,2.25e-05,4.5,1.0383,0.187281,0.194497,0.0238724,0.84416
NLOBK_MV_smallest,3.375e-05,4.5,0.962351,0.170866,0.175371,0.0215887,0.782827
NLOBK_MV_smallest,5.0625e-05,4.5,0.890253,0.155411,0.157689,0.0194681,0.724878
NLOBK_MV_smallest,7.59375e-05,4.5,0.821823,0.1408,0.141336,0.0174999,0.670196
NLOBK_MV_smallest,0.000113906,4.5,0.757519,0.127247,0.126283,0.0156666,0.618666
NLOBK_MV_smallest,0.000170859,4.5,0.696942,0.114464,0.112531,0.0139903,0.570165
NLOBK_MV_smallest,0.000256289,4.5,0.640075,0.102557,0.0999325,0.0124522,0.52458
NLOBK_MV_smallest,0.000384434,4.5,0.587131,0.091573,0.0885324,0.0110471,0.48179
NLOBK_MV_smallest,0.00057665,4.5,0.537855,0.0814006,0.0781926,0.00976451,0.441685
NLOBK_MV_smallest,0.000864976,4.5,0.492404,0.0720467,0.0688302,0.00860636,0.404157
NLOBK_MV_smallest,0.00129746,4.5,0.450614,0.0634774,0.0604783,0.00755897,0.369094
NLOBK_MV_smallest,0.0019462,4.5,0.41247,0.0557057,0.0530111,0.0066238,0.336385
NLOBK_MV_smallest,0.00291929,4.5,0.37798,0.0487186,0.0464287,0.00579276,0.305921
NLOBK_MV_smallest,0.00437894,4.5,0.347006,0.042475,0.0406399,0.00505488,0.277594
NLOBK_MV_smallest,0.00656841,4.5,0.319521,0.0369745,0.0355417,0.00440581,0.251302
NLOBK_MV_smallest,0.00985261,4.5,0.295153,0.0321546,0.031156,0.00384148,0.22694
NLOBK_MV_smallest,1e-05,45,2.71201,0.494876,0.976882,0.214499,2.06938
NLOBK_MV_smallest,1.5e-05,45,2.49178,0.449649,0.883012,0.194628,1.89895
NLOBK_MV_smallest,2.25e-05,45,2.28644,0.407632,0.796257,0.175963,1.74034
NLOBK_MV_smallest,3.375e-05,45,2.09294,0.368989,0.716156,0.158837,1.59294
NLOBK_MV_smallest,5.0625e-05,45,1.91238,0.332996,0.642849,0.143111,1.45613
NLOBK_MV_smallest,7.59375e-05,45,1.74604,0.300032,0.575241,0.12851,1.32932
NLOBK_MV_smallest,0.000113906,45,1.58981,0.269263,0.513022,0.115127,1.21193
NLOBK_MV_smallest,0.000170859,45,1.44481,0.241382,0.456647,0.102838,1.10339
NLOBK_MV_smallest,0.000256289,45,1.31038,0.215462,0.405496,0.0918127,1.00318
NLOBK_MV_smallest,0.000384434,45,1.18801,0.192238,0.358685,0.0815989,0.91078
NLOBK_MV_smallest,0.00057665,45,1.07467,0.170718,0.31638,0.0723105,0.825701
NLOBK_MV_smallest,0.000864976,45,0.97085,0.151091,0.278228,0.0638673,0.747485
NLOBK_MV_smallest,0.00129746,45,0.875779,0.133433,0.243844,0.0562941,0.675685
NLOBK_MV_smallest,0.0019462,45,0.789214,0.117696,0.213377,0.0495274,0.609874
NLOBK_MV_smallest,0.00291929,45,0.711158,0.103204,0.185977,0.0434698,0.549645
NLOBK_MV_smallest,0.00437894,45,0.641134,0.0904627,0.162197,0.0380679,0.494609
NLOBK_MV_smallest,0.00656841,45,0.578402,0.0791448,0.140845,0.0332266,0.444401
NLOBK_MV_smallest,0.00985261,45,0.522458,0.0691106,0.122406,0.0290158,0.398673
NLOBK_MV_smallest,1e-05,15,1.90055,0.345573,0.552353,0.10321,1.50957
NLOBK_MV_smallest,1.5e-05,15,1.75588,0.315278,0.500003,0.0936663,1.39283
NLOBK_MV_smallest,2.25e-05,15,1.61926,0.28671,0.451783,0.0849434,1.28336
NLOBK_MV_smallest,3.375e-05,15,1.49081,0.260277,0.406992,0.0766369,1.18086
NLOBK_MV_smallest,5.0625e-05,15,1.37035,0.235481,0.365785,0.0691197,1.08501
NLOBK_MV_smallest,7.59375e-05,15,1.2572,0.212539,0.32761,0.0620062,0.995503
NLOBK_MV_smallest,0.000113906,15,1.15116,0.191166,0.292774,0.0556312,0.912026
NLOBK_MV_smallest,0.000170859,15,1.05266,0.17143,0.260748,0.0497043,0.834275
NLOBK_MV_smallest,0.000256289,15,0.960438,0.153137,0.23156,0.0442472,0.761959
NLOBK_MV_smallest,0.000384434,15,0.875342,0.136507,0.205018,0.039255,0.694791
NLOBK_MV_smallest,0.00057665,15,0.796385,0.121141,0.180921,0.0347206,0.632498
NLOBK_MV_smallest,0.000864976,15,0.724065,0.10712,0.159234,0.0306361,0.574821
NLOBK_MV_smallest,0.00129746,15,0.657826,0.0943468,0.139643,0.0269386,0.521499
NLOBK_MV_smallest,0.0019462,15,0.596941,0.082877,0.122122,0.0236113,0.472282
NLOBK_MV_smallest,0.00291929,15,0.542138,0.0725181,0.106725,0.0206599,0.426929
NLOBK_MV_smallest,0.00437894,15,0.492777,0.0632537,0.0930239,0.0179991,0.385205
NLOBK_MV_smallest,0.00656841,15,0.448577,0.055053,0.080929,0.0156629,0.346887
NLOBK_MV_smallest,0.00985261,15,0.409307,0.0478336,0.0705329,0.0136323,0.311761
NLOBK_MV_smallest,1e-05,27,2.3147,0.420155,0.764622,0.158811,1.80345
NLOBK_MV_smallest,1.5e-05,27,2.1321,0.38267,0.691796,0.144083,1.6588
NLOBK_MV_smallest,2.25e-05,27,1.96022,0.347321,0.624839,0.130385,1.52375
NLOBK_MV_smallest,3.375e-05,27,1.80014,0.314805,0.561905,0.11765,1.39782
NLOBK_MV_smallest,5.0625e-05,27,1.64937,0.284352,0.504707,0.10603,1.28056
NLOBK_MV_smallest,7.59375e-05,27,1.50847,0.25624,0.452215,0.0952822,1.17151
NLOBK_MV_smallest,0.000113906,27,1.37758,0.23023,0.403522,0.0853469,1.07024
NLOBK_MV_smallest,0.000170859,27,1.25566,0.206428,0.359365,0.0761741,0.976311
NLOBK_MV_smallest,0.000256289,27,1.14228,0.184308,0.318939,0.0679339,0.889312
NLOBK_MV_smallest,0.000384434,27,1.0375,0.164197,0.282233,0.060324,0.808839
NLOBK_MV_smallest,0.00057665,27,0.941205,0.145797,0.249127,0.0534231,0.734516
NLOBK_MV_smallest,0.000864976,27,0.85307,0.12893,0.219124,0.0471861,0.66598
NLOBK_MV_smallest,0.00129746,27,0.772065,0.113739,0.192365,0.0415619,0.602876
NLOBK_MV_smallest,0.0019462,27,0.698001,0.100091,0.168118,0.0364943,0.544864
NLOBK_MV_smallest,0.00291929,27,0.631209,0.0876668,0.146792,0.0319388,0.491619
NLOBK_MV_smallest,0.00437894,27,0.571319,0.0766985,0.127784,0.0278792,0.442828
NLOBK_MV_smallest,0.00656841,27,0.517508,0.0668756,0.111256,0.0243272,0.398193
NLOBK_MV_smallest,0.00985261,27,0.469683,0.0582546,0.0966315,0.0211795,0.357432
