fit,x,Q2,F2 light,FL light,F2 charm,FL charm,F2_LO
NLOBK_MV_smallest,1e-05,4.5,1.20612,0.221865,0.229097,0.0274857,0.983846
NLOBK_MV_smallest,1.5e-05,4.5,1.12125,0.20344,0.207696,0.0249781,0.914578
NLOBK_MV_smallest,2.25e-05,4.5,1.04089,0.186161,0.187723,0.0226341,0.849024
NLOBK_MV_smallest,3.375e-05,4.5,0.964337,0.169688,0.169202,0.020459,0.787063
NLOBK_MV_smallest,5.0625e-05,4.5,0.891789,0.15419,0.152163,0.0184431,0.728575
NLOBK_MV_smallest,7.59375e-05,4.5,0.823216,0.13974,0.136393,0.0165691,0.673435
NLOBK_MV_smallest,0.000113906,4.5,0.758741,0.126193,0.121851,0.0148454,0.621516
NLOBK_MV_smallest,0.000170859,4.5,0.698189,0.113538,0.1086,0.0132562,0.572697
NLOBK_MV_smallest,0.000256289,4.5,0.641263,0.101711,0.0964891,0.0118006,0.526856
NLOBK_MV_smallest,0.000384434,4.5,0.588299,0.0908262,0.0855109,0.0104738,0.483869
NLOBK_MV_smallest,0.00057665,4.5,0.539173,0.0807625,0.0755822,0.00926448,0.443617
NLOBK_MV_smallest,0.000864976,4.5,0.493899,0.071517,0.0666337,0.00817954,0.405981
NLOBK_MV_smallest,0.00129746,4.5,0.452238,0.063049,0.0586158,0.00719077,0.370847
NLOBK_MV_smallest,0.0019462,4.5,0.414182,0.0553753,0.0514619,0.00631104,0.338094
NLOBK_MV_smallest,0.00291929,4.5,0.379757,0.0484771,0.0451604,0.00552675,0.30761
NLOBK_MV_smallest,0.00437894,4.5,0.348905,0.0423328,0.0395803,0.00483146,0.279284
NLOBK_MV_smallest,0.00656841,4.5,0.32147,0.0369074,0.0346902,0.0042216,0.253008
NLOBK_MV_smallest,0.00985261,4.5,0.297117,0.0321513,0.030474,0.0036883,0.228676
NLOBK_MV_smallest,1e-05,45,2.69112,0.488881,0.956533,0.2099,2.06837
NLOBK_MV_smallest,1.5e-05,45,2.47205,0.444305,0.864461,0.190113,1.89816
NLOBK_MV_smallest,2.25e-05,45,2.268,0.402961,0.779873,0.172126,1.73984
NLOBK_MV_smallest,3.375e-05,45,2.07616,0.364662,0.701693,0.155379,1.59277
NLOBK_MV_smallest,5.0625e-05,45,1.89792,0.329139,0.629625,0.139936,1.45633
NLOBK_MV_smallest,7.59375e-05,45,1.73223,0.296524,0.563863,0.125789,1.3299
NLOBK_MV_smallest,0.000113906,45,1.57802,0.266416,0.50329,0.112646,1.21289
NLOBK_MV_smallest,0.000170859,45,1.43455,0.239005,0.448034,0.100779,1.10474
NLOBK_MV_smallest,0.000256289,45,1.3015,0.213372,0.398298,0.0900379,1.00491
NLOBK_MV_smallest,0.000384434,45,1.18062,0.190428,0.3528,0.0799885,0.912884
NLOBK_MV_smallest,0.00057665,45,1.06901,0.169307,0.311961,0.0710754,0.828164
NLOBK_MV_smallest,0.000864976,45,0.966213,0.150071,0.274443,0.0628938,0.750283
NLOBK_MV_smallest,0.00129746,45,0.871731,0.132666,0.241262,0.0555396,0.678793
NLOBK_MV_smallest,0.0019462,45,0.78694,0.11713,0.211303,0.0490044,0.613258
NLOBK_MV_smallest,0.00291929,45,0.709868,0.103043,0.184697,0.0430095,0.553271
NLOBK_MV_smallest,0.00437894,45,0.640934,0.0904078,0.161323,0.0376981,0.498446
NLOBK_MV_smallest,0.00656841,45,0.578875,0.0791489,0.140584,0.0329659,0.448418
NLOBK_MV_smallest,0.00985261,45,0.523515,0.0692438,0.122491,0.0288208,0.402837
NLOBK_MV_smallest,1e-05,15,1.8941,0.342351,0.537687,0.0998048,1.51202
NLOBK_MV_smallest,1.5e-05,15,1.74956,0.31219,0.486893,0.0906038,1.39487
NLOBK_MV_smallest,2.25e-05,15,1.6132,0.284002,0.439772,0.0821147,1.2851
NLOBK_MV_smallest,3.375e-05,15,1.48504,0.257775,0.396475,0.0741573,1.18239
NLOBK_MV_smallest,5.0625e-05,15,1.3651,0.233252,0.356151,0.0668325,1.08641
NLOBK_MV_smallest,7.59375e-05,15,1.25232,0.210362,0.319229,0.0600136,0.996838
NLOBK_MV_smallest,0.000113906,15,1.14694,0.189158,0.285346,0.0538373,0.913341
NLOBK_MV_smallest,0.000170859,15,1.04894,0.169769,0.254244,0.0480635,0.835619
NLOBK_MV_smallest,0.000256289,15,0.957453,0.151743,0.225957,0.0428291,0.763372
NLOBK_MV_smallest,0.000384434,15,0.872804,0.135236,0.200268,0.0380566,0.696307
NLOBK_MV_smallest,0.00057665,15,0.794541,0.12007,0.17685,0.0336827,0.634141
NLOBK_MV_smallest,0.000864976,15,0.722908,0.106315,0.155855,0.0297904,0.576604
NLOBK_MV_smallest,0.00129746,15,0.657111,0.0937448,0.13691,0.0262115,0.523432
NLOBK_MV_smallest,0.0019462,15,0.596853,0.0824369,0.120012,0.0230178,0.474366
NLOBK_MV_smallest,0.00291929,15,0.542629,0.0722559,0.104937,0.0201326,0.429162
NLOBK_MV_smallest,0.00437894,15,0.493596,0.0631158,0.0917043,0.0176031,0.38758
NLOBK_MV_smallest,0.00656841,15,0.44985,0.0550549,0.0800057,0.0153486,0.349398
NLOBK_MV_smallest,0.00985261,15,0.410817,0.0479097,0.0697566,0.0133735,0.314396
NLOBK_MV_smallest,1e-05,27,2.30137,0.415866,0.746809,0.15464,1.80399
NLOBK_MV_smallest,1.5e-05,27,2.11928,0.37852,0.675905,0.140197,1.65924
NLOBK_MV_smallest,2.25e-05,27,1.94842,0.34343,0.609967,0.126864,1.52418
NLOBK_MV_smallest,3.375e-05,27,1.7891,0.311301,0.549222,0.114513,1.39832
NLOBK_MV_smallest,5.0625e-05,27,1.63945,0.281285,0.493251,0.103182,1.28118
NLOBK_MV_smallest,7.59375e-05,27,1.49937,0.253398,0.442023,0.092785,1.17231
NLOBK_MV_smallest,0.000113906,27,1.36976,0.227863,0.394881,0.0831457,1.07123
NLOBK_MV_smallest,0.000170859,27,1.24841,0.204355,0.352027,0.0743992,0.97752
NLOBK_MV_smallest,0.000256289,27,1.1362,0.182638,0.312711,0.0663368,0.890759
NLOBK_MV_smallest,0.000384434,27,1.03262,0.162689,0.277045,0.058965,0.810538
NLOBK_MV_smallest,0.00057665,27,0.937597,0.144609,0.244619,0.0522127,0.73647
NLOBK_MV_smallest,0.000864976,27,0.850151,0.127977,0.215376,0.046119,0.668185
NLOBK_MV_smallest,0.00129746,27,0.770061,0.113096,0.189347,0.0407077,0.605324
NLOBK_MV_smallest,0.0019462,27,0.696827,0.099589,0.165899,0.035791,0.547538
NLOBK_MV_smallest,0.00291929,27,0.63087,0.0873962,0.145187,0.0313847,0.4945
NLOBK_MV_smallest,0.00437894,27,0.571578,0.0765709,0.126621,0.0275107,0.445896
NLOBK_MV_smallest,0.00656841,27,0.518299,0.0668637,0.110312,0.0240026,0.401428
NLOBK_MV_smallest,0.00985261,27,0.470947,0.058375,0.0961998,0.0209078,0.360812
