fit,x,Q2,F2 light,FL light,F2 charm,FL charm,F2_LO
NLOBK_MV_smallest,1e-05,4.5,1.23215,0.225532,0.224232,0.0261454,1.00803
NLOBK_MV_smallest,1.5e-05,4.5,1.14519,0.206729,0.20309,0.0237456,0.936929
NLOBK_MV_smallest,2.25e-05,4.5,1.06293,0.189075,0.183528,0.0215054,0.869681
NLOBK_MV_smallest,3.375e-05,4.5,0.984698,0.172315,0.165604,0.019454,0.806164
NLOBK_MV_smallest,5.0625e-05,4.5,0.910469,0.156581,0.148836,0.017537,0.74625
NLOBK_MV_smallest,7.59375e-05,4.5,0.840651,0.141922,0.133457,0.0157666,0.689801
NLOBK_MV_smallest,0.000113906,4.5,0.774833,0.128172,0.119365,0.0141246,0.636682
NLOBK_MV_smallest,0.000170859,4.5,0.713202,0.115407,0.106432,0.0126262,0.586762
NLOBK_MV_smallest,0.000256289,4.5,0.655311,0.103445,0.0946782,0.0112431,0.539913
NLOBK_MV_smallest,0.000384434,4.5,0.601324,0.0923748,0.0839864,0.00999136,0.496004
NLOBK_MV_smallest,0.00057665,4.5,0.551312,0.0821592,0.0742839,0.00884953,0.454909
NLOBK_MV_smallest,0.000864976,4.5,0.505256,0.0728378,0.0655346,0.00781903,0.416504
NLOBK_MV_smallest,0.00129746,4.5,0.462909,0.0642853,0.0577465,0.00688307,0.380664
NLOBK_MV_smallest,0.0019462,4.5,0.42414,0.0565468,0.0507938,0.00605557,0.347273
NLOBK_MV_smallest,0.00291929,4.5,0.389214,0.04956,0.0446523,0.00531327,0.316207
NLOBK_MV_smallest,0.00437894,4.5,0.357813,0.0433675,0.0392135,0.00465325,0.287351
NLOBK_MV_smallest,0.00656841,4.5,0.329798,0.0378652,0.034498,0.00407584,0.260589
NLOBK_MV_smallest,0.00985261,4.5,0.305011,0.033049,0.030351,0.00357174,0.23581
NLOBK_MV_smallest,1e-05,45,2.72815,0.494928,0.95648,0.209138,2.1118
NLOBK_MV_smallest,1.5e-05,45,2.50666,0.449888,0.86478,0.189453,1.93858
NLOBK_MV_smallest,2.25e-05,45,2.29988,0.408282,0.781008,0.171754,1.77751
NLOBK_MV_smallest,3.375e-05,45,2.10605,0.369603,0.702377,0.155014,1.62791
NLOBK_MV_smallest,5.0625e-05,45,1.9262,0.333735,0.631006,0.139663,1.48916
NLOBK_MV_smallest,7.59375e-05,45,1.75801,0.300797,0.565536,0.125603,1.3606
NLOBK_MV_smallest,0.000113906,45,1.60147,0.270551,0.505308,0.112734,1.24163
NLOBK_MV_smallest,0.000170859,45,1.45685,0.243001,0.450637,0.100962,1.13166
NLOBK_MV_smallest,0.000256289,45,1.32319,0.217255,0.400682,0.0902169,1.03015
NLOBK_MV_smallest,0.000384434,45,1.20043,0.193896,0.355593,0.0802945,0.936566
NLOBK_MV_smallest,0.00057665,45,1.08805,0.172481,0.31485,0.0713982,0.850407
NLOBK_MV_smallest,0.000864976,45,0.984107,0.15323,0.277444,0.0633085,0.771192
NLOBK_MV_smallest,0.00129746,45,0.889098,0.135656,0.244243,0.0559141,0.698452
NLOBK_MV_smallest,0.0019462,45,0.803126,0.120003,0.214334,0.0492905,0.631761
NLOBK_MV_smallest,0.00291929,45,0.725137,0.105536,0.187926,0.0434485,0.570694
NLOBK_MV_smallest,0.00437894,45,0.655389,0.0928568,0.164572,0.0381803,0.514859
NLOBK_MV_smallest,0.00656841,45,0.59275,0.0814863,0.143925,0.033508,0.463879
NLOBK_MV_smallest,0.00985261,45,0.536713,0.0714243,0.125656,0.0293256,0.417401
NLOBK_MV_smallest,1e-05,15,1.92588,0.347037,0.532961,0.0976679,1.54444
NLOBK_MV_smallest,1.5e-05,15,1.77858,0.316399,0.482832,0.0888056,1.42491
NLOBK_MV_smallest,2.25e-05,15,1.64006,0.287799,0.436174,0.0803967,1.31297
NLOBK_MV_smallest,3.375e-05,15,1.51001,0.261079,0.393205,0.0726436,1.20827
NLOBK_MV_smallest,5.0625e-05,15,1.38814,0.236471,0.353383,0.0654886,1.11048
NLOBK_MV_smallest,7.59375e-05,15,1.27364,0.213378,0.317165,0.0588696,1.01924
NLOBK_MV_smallest,0.000113906,15,1.1671,0.191998,0.283554,0.052849,0.93422
NLOBK_MV_smallest,0.000170859,15,1.06749,0.172401,0.252865,0.0472544,0.8551
NLOBK_MV_smallest,0.000256289,15,0.974741,0.154214,0.224908,0.042118,0.781572
NLOBK_MV_smallest,0.000384434,15,0.889191,0.137536,0.199566,0.0374643,0.71333
NLOBK_MV_smallest,0.00057665,15,0.810073,0.122267,0.176458,0.0331982,0.650086
NLOBK_MV_smallest,0.000864976,15,0.73737,0.108335,0.155794,0.0293571,0.591558
NLOBK_MV_smallest,0.00129746,15,0.670792,0.0957851,0.137113,0.0258913,0.53747
NLOBK_MV_smallest,0.0019462,15,0.609761,0.0842542,0.120372,0.0227841,0.487564
NLOBK_MV_smallest,0.00291929,15,0.554839,0.0739365,0.105519,0.0199804,0.441584
NLOBK_MV_smallest,0.00437894,15,0.505083,0.0647008,0.0924327,0.0175146,0.399286
NLOBK_MV_smallest,0.00656841,15,0.460818,0.0565648,0.0808035,0.0152997,0.360436
NLOBK_MV_smallest,0.00985261,15,0.421126,0.049335,0.0706834,0.0133836,0.324808
NLOBK_MV_smallest,1e-05,27,2.33576,0.420772,0.74425,0.153116,1.84193
NLOBK_MV_smallest,1.5e-05,27,2.15068,0.383043,0.673712,0.138854,1.69448
NLOBK_MV_smallest,2.25e-05,27,1.97776,0.34798,0.607776,0.125677,1.55695
NLOBK_MV_smallest,3.375e-05,27,1.81665,0.315727,0.547927,0.113594,1.42883
NLOBK_MV_smallest,5.0625e-05,27,1.66468,0.285323,0.49236,0.102399,1.30963
NLOBK_MV_smallest,7.59375e-05,27,1.52357,0.257107,0.441269,0.092014,1.19886
NLOBK_MV_smallest,0.000113906,27,1.392,0.231362,0.39467,0.0825805,1.09604
NLOBK_MV_smallest,0.000170859,27,1.26906,0.207599,0.351988,0.0738809,1.00072
NLOBK_MV_smallest,0.000256289,27,1.15564,0.185694,0.313262,0.0659616,0.912483
NLOBK_MV_smallest,0.000384434,27,1.05093,0.165625,0.277901,0.0587055,0.830898
NLOBK_MV_smallest,0.00057665,27,0.954756,0.147255,0.245788,0.0520753,0.755576
NLOBK_MV_smallest,0.000864976,27,0.866443,0.130591,0.216766,0.0461309,0.686131
NLOBK_MV_smallest,0.00129746,27,0.785017,0.115509,0.190865,0.0407042,0.62219
NLOBK_MV_smallest,0.0019462,27,0.711278,0.101895,0.167574,0.0358202,0.56341
NLOBK_MV_smallest,0.00291929,27,0.644669,0.0896667,0.146986,0.031534,0.509447
NLOBK_MV_smallest,0.00437894,27,0.584507,0.0786089,0.128597,0.027653,0.459982
NLOBK_MV_smallest,0.00656841,27,0.530783,0.068818,0.11239,0.0242022,0.414707
NLOBK_MV_smallest,0.00985261,27,0.482811,0.0602015,0.0982701,0.0211513,0.373329
