fit,x,Q2,F2 light,FL light,F2 charm,FL charm,F2_LO
NLOBK_MV_smallest,1e-05,4.5,1.23683,0.226852,0.222043,0.0255007,1.00378
NLOBK_MV_smallest,1.5e-05,4.5,1.14964,0.207961,0.201135,0.0231494,0.933035
NLOBK_MV_smallest,2.25e-05,4.5,1.06694,0.190206,0.18168,0.0209787,0.86611
NLOBK_MV_smallest,3.375e-05,4.5,0.988549,0.173425,0.163754,0.0189622,0.802879
NLOBK_MV_smallest,5.0625e-05,4.5,0.914065,0.157576,0.147178,0.0170898,0.743216
NLOBK_MV_smallest,7.59375e-05,4.5,0.843776,0.142777,0.13188,0.01535,0.686982
NLOBK_MV_smallest,0.000113906,4.5,0.777676,0.128896,0.117882,0.0137408,0.634043
NLOBK_MV_smallest,0.000170859,4.5,0.715724,0.116049,0.105051,0.012276,0.584281
NLOBK_MV_smallest,0.000256289,4.5,0.657543,0.103967,0.0933864,0.0109307,0.537569
NLOBK_MV_smallest,0.000384434,4.5,0.60324,0.09282,0.0827572,0.00969932,0.493777
NLOBK_MV_smallest,0.00057665,4.5,0.552986,0.0825309,0.0731449,0.00858658,0.452785
NLOBK_MV_smallest,0.000864976,4.5,0.506643,0.073125,0.0645151,0.00757548,0.414467
NLOBK_MV_smallest,0.00129746,4.5,0.464027,0.0644938,0.0567851,0.00667279,0.378699
NLOBK_MV_smallest,0.0019462,4.5,0.425025,0.0566867,0.0498629,0.00585854,0.345362
NLOBK_MV_smallest,0.00291929,4.5,0.389881,0.0496489,0.0437946,0.00513513,0.31434
NLOBK_MV_smallest,0.00437894,4.5,0.358322,0.0433834,0.0384388,0.00449597,0.285519
NLOBK_MV_smallest,0.00656841,4.5,0.330234,0.0378568,0.0337132,0.00393108,0.258787
NLOBK_MV_smallest,0.00985261,4.5,0.30531,0.033013,0.0296477,0.00343919,0.234034
NLOBK_MV_smallest,1e-05,45,2.74687,0.498811,0.956988,0.208976,2.10959
NLOBK_MV_smallest,1.5e-05,45,2.52448,0.453502,0.864876,0.189332,1.93615
NLOBK_MV_smallest,2.25e-05,45,2.31561,0.4112,0.780477,0.17145,1.77487
NLOBK_MV_smallest,3.375e-05,45,2.11958,0.37187,0.702299,0.154725,1.62509
NLOBK_MV_smallest,5.0625e-05,45,1.93856,0.335919,0.630743,0.139357,1.48616
NLOBK_MV_smallest,7.59375e-05,45,1.76957,0.302835,0.564916,0.125317,1.35742
NLOBK_MV_smallest,0.000113906,45,1.61189,0.272109,0.504299,0.112286,1.23828
NLOBK_MV_smallest,0.000170859,45,1.46528,0.244054,0.44922,0.100499,1.12817
NLOBK_MV_smallest,0.000256289,45,1.3303,0.218219,0.399773,0.0897528,1.02654
NLOBK_MV_smallest,0.000384434,45,1.20679,0.194661,0.354204,0.0798401,0.932852
NLOBK_MV_smallest,0.00057665,45,1.09313,0.17306,0.312997,0.0709776,0.846616
NLOBK_MV_smallest,0.000864976,45,0.988459,0.153616,0.275747,0.0627977,0.76734
NLOBK_MV_smallest,0.00129746,45,0.892665,0.135928,0.242494,0.0554899,0.694556
NLOBK_MV_smallest,0.0019462,45,0.805786,0.119965,0.212968,0.0489905,0.62783
NLOBK_MV_smallest,0.00291929,45,0.727386,0.105645,0.186403,0.0430561,0.566748
NLOBK_MV_smallest,0.00437894,45,0.656923,0.092772,0.162865,0.0378109,0.510917
NLOBK_MV_smallest,0.00656841,45,0.593618,0.0813127,0.142055,0.0330592,0.459962
NLOBK_MV_smallest,0.00985261,45,0.537172,0.071118,0.123965,0.02895,0.413523
NLOBK_MV_smallest,1e-05,15,1.9374,0.349479,0.531493,0.0968649,1.54079
NLOBK_MV_smallest,1.5e-05,15,1.78898,0.318601,0.481004,0.0878095,1.42141
NLOBK_MV_smallest,2.25e-05,15,1.64964,0.28991,0.434432,0.079525,1.3096
NLOBK_MV_smallest,3.375e-05,15,1.51837,0.262825,0.391419,0.0719262,1.20501
NLOBK_MV_smallest,5.0625e-05,15,1.39588,0.237883,0.351643,0.0647454,1.10731
NLOBK_MV_smallest,7.59375e-05,15,1.28081,0.214799,0.315246,0.0581595,1.01613
NLOBK_MV_smallest,0.000113906,15,1.17339,0.193138,0.281727,0.0521682,0.931153
NLOBK_MV_smallest,0.000170859,15,1.07305,0.173339,0.251356,0.0466249,0.85207
NLOBK_MV_smallest,0.000256289,15,0.979469,0.154962,0.223212,0.0415405,0.778572
NLOBK_MV_smallest,0.000384434,15,0.893234,0.138194,0.197832,0.0369234,0.710355
NLOBK_MV_smallest,0.00057665,15,0.813458,0.122722,0.174899,0.0327103,0.647136
NLOBK_MV_smallest,0.000864976,15,0.740259,0.108665,0.154279,0.0288987,0.588631
NLOBK_MV_smallest,0.00129746,15,0.673176,0.0959633,0.135552,0.0254422,0.534562
NLOBK_MV_smallest,0.0019462,15,0.611599,0.0843956,0.118858,0.0223946,0.484669
NLOBK_MV_smallest,0.00291929,15,0.556239,0.0740068,0.104057,0.0195939,0.438704
NLOBK_MV_smallest,0.00437894,15,0.506252,0.0646968,0.091055,0.0171471,0.396425
NLOBK_MV_smallest,0.00656841,15,0.461589,0.0564929,0.0795662,0.0149856,0.357599
NLOBK_MV_smallest,0.00985261,15,0.421691,0.0492358,0.0694829,0.0130717,0.322002
NLOBK_MV_smallest,1e-05,27,2.35157,0.424116,0.743547,0.152267,1.83901
NLOBK_MV_smallest,1.5e-05,27,2.16494,0.386002,0.673065,0.138177,1.69153
NLOBK_MV_smallest,2.25e-05,27,1.99036,0.350377,0.607208,0.125038,1.55397
NLOBK_MV_smallest,3.375e-05,27,1.82812,0.317705,0.54662,0.112907,1.42581
NLOBK_MV_smallest,5.0625e-05,27,1.67506,0.287028,0.491128,0.10184,1.30657
NLOBK_MV_smallest,7.59375e-05,27,1.53276,0.258726,0.439984,0.0914333,1.19573
NLOBK_MV_smallest,0.000113906,27,1.40013,0.232712,0.393259,0.0819066,1.09284
NLOBK_MV_smallest,0.000170859,27,1.27604,0.208536,0.350539,0.0733466,0.997474
NLOBK_MV_smallest,0.000256289,27,1.1617,0.186508,0.311672,0.0654164,0.909185
NLOBK_MV_smallest,0.000384434,27,1.05616,0.166244,0.276159,0.0582159,0.827558
NLOBK_MV_smallest,0.00057665,27,0.95909,0.147814,0.244131,0.051558,0.752207
NLOBK_MV_smallest,0.000864976,27,0.870081,0.130916,0.215147,0.0456192,0.682739
NLOBK_MV_smallest,0.00129746,27,0.788053,0.115691,0.189312,0.040281,0.618783
NLOBK_MV_smallest,0.0019462,27,0.713673,0.101989,0.165904,0.0354059,0.559989
NLOBK_MV_smallest,0.00291929,27,0.646334,0.0895079,0.14532,0.0311253,0.506023
NLOBK_MV_smallest,0.00437894,27,0.585928,0.0785219,0.127047,0.0272884,0.456567
NLOBK_MV_smallest,0.00656841,27,0.531803,0.0686676,0.110882,0.0238345,0.411314
NLOBK_MV_smallest,0.00985261,27,0.483312,0.0600138,0.0968302,0.0207895,0.369971
