fit,x,Q2,F2 light,FL light,F2 charm,FL charm,F2_LO
NLOBK_MV_smallest,1e-05,4.5,1.22487,0.225726,0.23395,0.0280931,0.999265
NLOBK_MV_smallest,1.5e-05,4.5,1.13892,0.207067,0.212179,0.025551,0.929042
NLOBK_MV_smallest,2.25e-05,4.5,1.05733,0.18951,0.191747,0.0231479,0.862575
NLOBK_MV_smallest,3.375e-05,4.5,0.979626,0.172797,0.172887,0.020936,0.79974
NLOBK_MV_smallest,5.0625e-05,4.5,0.906096,0.157053,0.155468,0.0188671,0.740416
NLOBK_MV_smallest,7.59375e-05,4.5,0.836501,0.142332,0.139333,0.0169467,0.684471
NLOBK_MV_smallest,0.000113906,4.5,0.771057,0.128557,0.124596,0.0151951,0.631778
NLOBK_MV_smallest,0.000170859,4.5,0.709488,0.1157,0.111051,0.013563,0.582226
NLOBK_MV_smallest,0.000256289,4.5,0.651786,0.103674,0.0987421,0.0120836,0.535688
NLOBK_MV_smallest,0.000384434,4.5,0.598032,0.0926313,0.0874757,0.0107228,0.492044
NLOBK_MV_smallest,0.00057665,4.5,0.54807,0.0823433,0.0773351,0.00949521,0.451172
NLOBK_MV_smallest,0.000864976,4.5,0.50202,0.0729082,0.0681422,0.00837577,0.412949
NLOBK_MV_smallest,0.00129746,4.5,0.459673,0.0643067,0.0599748,0.00736746,0.377254
NLOBK_MV_smallest,0.0019462,4.5,0.420982,0.056496,0.0526489,0.0064663,0.343973
NLOBK_MV_smallest,0.00291929,4.5,0.386,0.0494471,0.0461893,0.00566331,0.312994
NLOBK_MV_smallest,0.00437894,4.5,0.354602,0.0431922,0.0404822,0.00494831,0.284201
NLOBK_MV_smallest,0.00656841,4.5,0.326752,0.0376617,0.0354697,0.00432531,0.257487
NLOBK_MV_smallest,0.00985261,4.5,0.301974,0.0328051,0.031178,0.00377701,0.232745
NLOBK_MV_smallest,1e-05,45,2.73917,0.498365,0.976241,0.214365,2.10512
NLOBK_MV_smallest,1.5e-05,45,2.51712,0.452948,0.882875,0.194245,1.93205
NLOBK_MV_smallest,2.25e-05,45,2.30953,0.41128,0.796403,0.175624,1.77106
NLOBK_MV_smallest,3.375e-05,45,2.11406,0.371859,0.716591,0.158578,1.6215
NLOBK_MV_smallest,5.0625e-05,45,1.93318,0.335826,0.643202,0.142932,1.48272
NLOBK_MV_smallest,7.59375e-05,45,1.76444,0.302399,0.575964,0.128538,1.3541
NLOBK_MV_smallest,0.000113906,45,1.60753,0.271964,0.514086,0.115067,1.23505
NLOBK_MV_smallest,0.000170859,45,1.4613,0.24374,0.457996,0.102989,1.125
NLOBK_MV_smallest,0.000256289,45,1.32583,0.217978,0.40721,0.0919032,1.0234
NLOBK_MV_smallest,0.000384434,45,1.20277,0.194291,0.360602,0.0818207,0.929746
NLOBK_MV_smallest,0.00057665,45,1.08913,0.172885,0.318584,0.0726111,0.843524
NLOBK_MV_smallest,0.000864976,45,0.984549,0.153219,0.280454,0.064225,0.764246
NLOBK_MV_smallest,0.00129746,45,0.888588,0.135416,0.246283,0.0567026,0.691454
NLOBK_MV_smallest,0.0019462,45,0.80192,0.119644,0.215947,0.0499799,0.624723
NLOBK_MV_smallest,0.00291929,45,0.723276,0.105067,0.188747,0.0438775,0.563636
NLOBK_MV_smallest,0.00437894,45,0.65252,0.0921643,0.16478,0.0385087,0.507797
NLOBK_MV_smallest,0.00656841,45,0.589451,0.0807425,0.14361,0.0336833,0.456838
NLOBK_MV_smallest,0.00985261,45,0.533188,0.0706971,0.12503,0.0294312,0.410404
NLOBK_MV_smallest,1e-05,15,1.92598,0.34872,0.548935,0.101928,1.53766
NLOBK_MV_smallest,1.5e-05,15,1.7792,0.318028,0.497211,0.0925457,1.41868
NLOBK_MV_smallest,2.25e-05,15,1.64074,0.289324,0.449134,0.08385,1.30719
NLOBK_MV_smallest,3.375e-05,15,1.51014,0.262442,0.404722,0.0757666,1.20286
NLOBK_MV_smallest,5.0625e-05,15,1.38867,0.237717,0.363813,0.0682308,1.10534
NLOBK_MV_smallest,7.59375e-05,15,1.27408,0.214498,0.326121,0.0612627,1.01431
NLOBK_MV_smallest,0.000113906,15,1.16693,0.192909,0.291566,0.0550601,0.929431
NLOBK_MV_smallest,0.000170859,15,1.06728,0.173082,0.259845,0.0491762,0.850419
NLOBK_MV_smallest,0.000256289,15,0.974254,0.154864,0.230939,0.0437929,0.776962
NLOBK_MV_smallest,0.000384434,15,0.888187,0.137978,0.204577,0.0388992,0.70877
NLOBK_MV_smallest,0.00057665,15,0.808683,0.122569,0.180847,0.034467,0.645556
NLOBK_MV_smallest,0.000864976,15,0.735595,0.108423,0.159283,0.0304313,0.587037
NLOBK_MV_smallest,0.00129746,15,0.668759,0.0957064,0.139951,0.0267828,0.532942
NLOBK_MV_smallest,0.0019462,15,0.607334,0.0841367,0.122629,0.0235212,0.483019
NLOBK_MV_smallest,0.00291929,15,0.552188,0.073768,0.107268,0.0206084,0.437019
NLOBK_MV_smallest,0.00437894,15,0.502333,0.0644351,0.093738,0.0179862,0.394699
NLOBK_MV_smallest,0.00656841,15,0.457699,0.0561608,0.0816836,0.0156873,0.355833
NLOBK_MV_smallest,0.00985261,15,0.418,0.048899,0.0713446,0.0136923,0.320199
NLOBK_MV_smallest,1e-05,27,2.34138,0.423831,0.762304,0.157822,1.83542
NLOBK_MV_smallest,1.5e-05,27,2.15633,0.385548,0.690077,0.143143,1.68832
NLOBK_MV_smallest,2.25e-05,27,1.983,0.350107,0.622779,0.12958,1.55105
NLOBK_MV_smallest,3.375e-05,27,1.82092,0.317527,0.560777,0.116938,1.42311
NLOBK_MV_smallest,5.0625e-05,27,1.66861,0.286878,0.503874,0.10551,1.30403
NLOBK_MV_smallest,7.59375e-05,27,1.52677,0.258528,0.451514,0.0948477,1.19331
NLOBK_MV_smallest,0.000113906,27,1.39439,0.23229,0.403459,0.0849516,1.09051
NLOBK_MV_smallest,0.000170859,27,1.27115,0.208424,0.359651,0.0759913,0.995192
NLOBK_MV_smallest,0.000256289,27,1.15683,0.186362,0.319316,0.067686,0.90693
NLOBK_MV_smallest,0.000384434,27,1.05157,0.16598,0.283256,0.0602372,0.825319
NLOBK_MV_smallest,0.00057665,27,0.954619,0.147556,0.250038,0.0533664,0.749966
NLOBK_MV_smallest,0.000864976,27,0.865687,0.130673,0.22034,0.0471931,0.68048
NLOBK_MV_smallest,0.00129746,27,0.783974,0.115394,0.193464,0.0415951,0.616497
NLOBK_MV_smallest,0.0019462,27,0.709487,0.101713,0.169443,0.0365988,0.557675
NLOBK_MV_smallest,0.00291929,27,0.642226,0.089145,0.148325,0.0321072,0.50368
NLOBK_MV_smallest,0.00437894,27,0.582015,0.0781745,0.129446,0.0281292,0.454192
NLOBK_MV_smallest,0.00656841,27,0.527704,0.0682787,0.11277,0.0244766,0.408909
NLOBK_MV_smallest,0.00985261,27,0.479404,0.0595793,0.0983385,0.0214068,0.367543
