fit,x,Q2,F2 light,FL light,F2 charm,FL charm,F2_LO
NLOBK_MV_smallest,1e-05,4.5,1.2231,0.224488,0.224609,0.0262701,0.992134
NLOBK_MV_smallest,1.5e-05,4.5,1.1368,0.205774,0.203292,0.0238536,0.922123
NLOBK_MV_smallest,2.25e-05,4.5,1.05504,0.18817,0.183686,0.0216124,0.855882
NLOBK_MV_smallest,3.375e-05,4.5,0.977324,0.171501,0.165456,0.019524,0.793291
NLOBK_MV_smallest,5.0625e-05,4.5,0.903661,0.155811,0.148791,0.0175783,0.734221
NLOBK_MV_smallest,7.59375e-05,4.5,0.834033,0.141142,0.133214,0.0158084,0.678542
NLOBK_MV_smallest,0.000113906,4.5,0.768636,0.127447,0.118995,0.0141402,0.626128
NLOBK_MV_smallest,0.000170859,4.5,0.707156,0.114582,0.10604,0.0126262,0.576854
NLOBK_MV_smallest,0.000256289,4.5,0.649422,0.102636,0.0941985,0.0112391,0.530595
NLOBK_MV_smallest,0.000384434,4.5,0.595784,0.0916054,0.0834361,0.00996643,0.487228
NLOBK_MV_smallest,0.00057665,4.5,0.545995,0.0814466,0.0737077,0.00882038,0.44663
NLOBK_MV_smallest,0.000864976,4.5,0.50008,0.0720804,0.0649549,0.00777704,0.408678
NLOBK_MV_smallest,0.00129746,4.5,0.457865,0.0635296,0.0571153,0.00683691,0.373252
NLOBK_MV_smallest,0.0019462,4.5,0.419367,0.0558153,0.0501431,0.00599858,0.340237
NLOBK_MV_smallest,0.00291929,4.5,0.384496,0.0488296,0.0439641,0.00525718,0.309513
NLOBK_MV_smallest,0.00437894,4.5,0.353237,0.0426185,0.0385166,0.00459001,0.28097
NLOBK_MV_smallest,0.00656841,4.5,0.325448,0.0371495,0.0337633,0.00401096,0.254497
NLOBK_MV_smallest,0.00985261,4.5,0.300845,0.0323672,0.0296683,0.00350648,0.229987
NLOBK_MV_smallest,1e-05,45,2.71995,0.493122,0.953724,0.208713,2.08334
NLOBK_MV_smallest,1.5e-05,45,2.49825,0.448306,0.862211,0.189289,1.91157
NLOBK_MV_smallest,2.25e-05,45,2.29206,0.40651,0.777086,0.17112,1.75184
NLOBK_MV_smallest,3.375e-05,45,2.09745,0.36756,0.699217,0.1544,1.60351
NLOBK_MV_smallest,5.0625e-05,45,1.91735,0.331793,0.627323,0.139017,1.46592
NLOBK_MV_smallest,7.59375e-05,45,1.74996,0.298952,0.561348,0.124829,1.33847
NLOBK_MV_smallest,0.000113906,45,1.59355,0.268522,0.501562,0.112076,1.22053
NLOBK_MV_smallest,0.000170859,45,1.44883,0.240917,0.4466,0.100258,1.11154
NLOBK_MV_smallest,0.000256289,45,1.31451,0.215106,0.396366,0.0893411,1.01096
NLOBK_MV_smallest,0.000384434,45,1.19168,0.191747,0.350816,0.0794271,0.91825
NLOBK_MV_smallest,0.00057665,45,1.07906,0.170413,0.309997,0.0705171,0.832925
NLOBK_MV_smallest,0.000864976,45,0.975548,0.151123,0.272813,0.0624412,0.754502
NLOBK_MV_smallest,0.00129746,45,0.880242,0.133488,0.239568,0.0549927,0.682521
NLOBK_MV_smallest,0.0019462,45,0.794374,0.117881,0.210278,0.0484943,0.616553
NLOBK_MV_smallest,0.00291929,45,0.716855,0.103701,0.183737,0.042682,0.55618
NLOBK_MV_smallest,0.00437894,45,0.64683,0.0908948,0.160395,0.0373908,0.501013
NLOBK_MV_smallest,0.00656841,45,0.584353,0.0797012,0.139904,0.0327326,0.45068
NLOBK_MV_smallest,0.00985261,45,0.528475,0.0696058,0.121649,0.0285972,0.404833
NLOBK_MV_smallest,1e-05,15,1.91741,0.34576,0.532697,0.097873,1.52303
NLOBK_MV_smallest,1.5e-05,15,1.77054,0.315212,0.482152,0.0887943,1.40477
NLOBK_MV_smallest,2.25e-05,15,1.63239,0.286623,0.435214,0.0803829,1.294
NLOBK_MV_smallest,3.375e-05,15,1.50225,0.259968,0.392117,0.0725642,1.19039
NLOBK_MV_smallest,5.0625e-05,15,1.38097,0.235311,0.352097,0.0653459,1.09358
NLOBK_MV_smallest,7.59375e-05,15,1.26655,0.212077,0.31553,0.0587172,1.00325
NLOBK_MV_smallest,0.000113906,15,1.16001,0.190755,0.281877,0.0525855,0.919076
NLOBK_MV_smallest,0.000170859,15,1.06058,0.171065,0.251086,0.0470047,0.840737
NLOBK_MV_smallest,0.000256289,15,0.968101,0.153014,0.223081,0.0418673,0.76793
NLOBK_MV_smallest,0.000384434,15,0.882422,0.136281,0.197553,0.0371753,0.70036
NLOBK_MV_smallest,0.00057665,15,0.803457,0.121042,0.174424,0.0328965,0.637743
NLOBK_MV_smallest,0.000864976,15,0.730773,0.107006,0.1538,0.0290715,0.5798
NLOBK_MV_smallest,0.00129746,15,0.664211,0.0943737,0.135015,0.0255853,0.52626
NLOBK_MV_smallest,0.0019462,15,0.603344,0.082973,0.11824,0.0224425,0.476866
NLOBK_MV_smallest,0.00291929,15,0.548441,0.0726601,0.103426,0.0196577,0.431366
NLOBK_MV_smallest,0.00437894,15,0.498896,0.0634268,0.0904082,0.0171883,0.389523
NLOBK_MV_smallest,0.00656841,15,0.454862,0.0553925,0.0788541,0.0149542,0.351106
NLOBK_MV_smallest,0.00985261,15,0.41533,0.0482111,0.0688361,0.0130516,0.315897
NLOBK_MV_smallest,1e-05,27,2.32791,0.419507,0.74308,0.152943,1.81701
NLOBK_MV_smallest,1.5e-05,27,2.14304,0.381893,0.671957,0.138686,1.67093
NLOBK_MV_smallest,2.25e-05,27,1.97019,0.346666,0.606299,0.125457,1.53465
NLOBK_MV_smallest,3.375e-05,27,1.80844,0.313774,0.545739,0.113241,1.4077
NLOBK_MV_smallest,5.0625e-05,27,1.65696,0.283477,0.490169,0.102025,1.28958
NLOBK_MV_smallest,7.59375e-05,27,1.51591,0.255571,0.438907,0.0916099,1.1798
NLOBK_MV_smallest,0.000113906,27,1.38409,0.229517,0.39206,0.0821168,1.07792
NLOBK_MV_smallest,0.000170859,27,1.2615,0.205916,0.349398,0.0733983,0.98348
NLOBK_MV_smallest,0.000256289,27,1.14798,0.183921,0.309915,0.0654476,0.896058
NLOBK_MV_smallest,0.000384434,27,1.04346,0.163935,0.27451,0.0581201,0.815243
NLOBK_MV_smallest,0.00057665,27,0.947158,0.145626,0.24259,0.0515671,0.740646
NLOBK_MV_smallest,0.000864976,27,0.858757,0.128861,0.213662,0.0455088,0.671885
NLOBK_MV_smallest,0.00129746,27,0.777695,0.113824,0.187605,0.0400963,0.608594
NLOBK_MV_smallest,0.0019462,27,0.703921,0.100245,0.164328,0.0352533,0.550427
NLOBK_MV_smallest,0.00291929,27,0.637125,0.0878524,0.143703,0.0309624,0.497048
NLOBK_MV_smallest,0.00437894,27,0.577409,0.0770368,0.125523,0.0270782,0.448141
NLOBK_MV_smallest,0.00656841,27,0.523617,0.0673152,0.109404,0.0236455,0.403404
NLOBK_MV_smallest,0.00985261,27,0.475707,0.0586778,0.0953714,0.0206385,0.362551
