fit,x,Q2,F2 light,FL light,F2 charm,FL charm,F2_LO
NLOBK_MV_smallest,1e-05,4.5,1.20004,0.221414,0.239838,0.0298609,0.989017
NLOBK_MV_smallest,1.5e-05,4.5,1.11605,0.203141,0.217593,0.0271622,0.919627
NLOBK_MV_smallest,2.25e-05,4.5,1.03619,0.18595,0.196808,0.0246408,0.85394
NLOBK_MV_smallest,3.375e-05,4.5,0.960332,0.169654,0.177676,0.0222856,0.791834
NLOBK_MV_smallest,5.0625e-05,4.5,0.888383,0.154296,0.159859,0.0201147,0.733196
NLOBK_MV_smallest,7.59375e-05,4.5,0.82023,0.139817,0.143479,0.0180883,0.677898
NLOBK_MV_smallest,0.000113906,4.5,0.756167,0.126317,0.12834,0.0162275,0.625812
NLOBK_MV_smallest,0.000170859,4.5,0.696028,0.113788,0.114468,0.0145008,0.576824
NLOBK_MV_smallest,0.000256289,4.5,0.639569,0.102023,0.101839,0.012925,0.530814
NLOBK_MV_smallest,0.000384434,4.5,0.586848,0.0911423,0.0903091,0.011474,0.487657
NLOBK_MV_smallest,0.00057665,4.5,0.537914,0.0810663,0.0798916,0.0101605,0.447233
NLOBK_MV_smallest,0.000864976,4.5,0.492826,0.0718279,0.0704726,0.00897441,0.409427
NLOBK_MV_smallest,0.00129746,4.5,0.451315,0.0633648,0.0620093,0.00789591,0.374123
NLOBK_MV_smallest,0.0019462,4.5,0.413415,0.0557122,0.054523,0.00693579,0.341204
NLOBK_MV_smallest,0.00291929,4.5,0.379077,0.0487865,0.0478226,0.00608226,0.310559
NLOBK_MV_smallest,0.00437894,4.5,0.348331,0.0426365,0.041969,0.0053169,0.282075
NLOBK_MV_smallest,0.00656841,4.5,0.320994,0.0371946,0.0368106,0.00464559,0.255646
NLOBK_MV_smallest,0.00985261,4.5,0.296683,0.0324219,0.0323351,0.00406194,0.231164
NLOBK_MV_smallest,1e-05,45,2.68852,0.489762,0.975486,0.214751,2.08161
NLOBK_MV_smallest,1.5e-05,45,2.47014,0.445367,0.88238,0.194602,1.91093
NLOBK_MV_smallest,2.25e-05,45,2.26647,0.403865,0.795951,0.176381,1.75213
NLOBK_MV_smallest,3.375e-05,45,2.07582,0.365835,0.71687,0.15917,1.60456
NLOBK_MV_smallest,5.0625e-05,45,1.8989,0.330635,0.643672,0.143435,1.46761
NLOBK_MV_smallest,7.59375e-05,45,1.73316,0.29782,0.57658,0.12886,1.34067
NLOBK_MV_smallest,0.000113906,45,1.57941,0.267938,0.515106,0.115707,1.22314
NLOBK_MV_smallest,0.000170859,45,1.43575,0.240284,0.459261,0.103535,1.11447
NLOBK_MV_smallest,0.000256289,45,1.30382,0.214866,0.408266,0.0925305,1.01413
NLOBK_MV_smallest,0.000384434,45,1.18253,0.191682,0.361579,0.0823313,0.921595
NLOBK_MV_smallest,0.00057665,45,1.07089,0.170338,0.319904,0.0731732,0.836381
NLOBK_MV_smallest,0.000864976,45,0.968635,0.151277,0.281755,0.0647076,0.758015
NLOBK_MV_smallest,0.00129746,45,0.874431,0.1337,0.247715,0.0571768,0.686053
NLOBK_MV_smallest,0.0019462,45,0.789086,0.118199,0.216995,0.0504015,0.620063
NLOBK_MV_smallest,0.00291929,45,0.711936,0.103992,0.1898,0.0442954,0.559636
NLOBK_MV_smallest,0.00437894,45,0.642509,0.0912511,0.165939,0.0389022,0.50439
NLOBK_MV_smallest,0.00656841,45,0.580635,0.0799127,0.144781,0.0340486,0.453958
NLOBK_MV_smallest,0.00985261,45,0.525189,0.0699982,0.126038,0.0297568,0.407991
NLOBK_MV_smallest,1e-05,15,1.88875,0.342587,0.554192,0.104428,1.52183
NLOBK_MV_smallest,1.5e-05,15,1.74483,0.31231,0.502243,0.0949045,1.40435
NLOBK_MV_smallest,2.25e-05,15,1.6095,0.284435,0.453748,0.0859518,1.29424
NLOBK_MV_smallest,3.375e-05,15,1.48183,0.25805,0.409159,0.0777074,1.19118
NLOBK_MV_smallest,5.0625e-05,15,1.36251,0.233627,0.368221,0.0700728,1.09484
NLOBK_MV_smallest,7.59375e-05,15,1.2504,0.210962,0.330122,0.0630172,1.0049
NLOBK_MV_smallest,0.000113906,15,1.14572,0.189824,0.295377,0.0565143,0.921029
NLOBK_MV_smallest,0.000170859,15,1.04793,0.17037,0.263264,0.0505474,0.842934
NLOBK_MV_smallest,0.000256289,15,0.956828,0.152493,0.234122,0.0450368,0.77032
NLOBK_MV_smallest,0.000384434,15,0.872342,0.135901,0.207561,0.0400665,0.702893
NLOBK_MV_smallest,0.00057665,15,0.794356,0.12077,0.183513,0.035474,0.640369
NLOBK_MV_smallest,0.000864976,15,0.722931,0.106975,0.161801,0.0313514,0.582481
NLOBK_MV_smallest,0.00129746,15,0.657305,0.0944257,0.142317,0.0276264,0.528965
NLOBK_MV_smallest,0.0019462,15,0.597117,0.0830721,0.12483,0.0242691,0.479567
NLOBK_MV_smallest,0.00291929,15,0.542863,0.0728171,0.109178,0.0212616,0.434041
NLOBK_MV_smallest,0.00437894,15,0.493869,0.0636399,0.0955199,0.0186005,0.392151
NLOBK_MV_smallest,0.00656841,15,0.4502,0.0556004,0.0833167,0.0162299,0.353671
NLOBK_MV_smallest,0.00985261,15,0.41119,0.0483771,0.0727735,0.0141629,0.318384
NLOBK_MV_smallest,1e-05,27,2.29691,0.416405,0.765021,0.159458,1.81565
NLOBK_MV_smallest,1.5e-05,27,2.11608,0.379129,0.692263,0.144774,1.6705
NLOBK_MV_smallest,2.25e-05,27,1.94589,0.344355,0.625347,0.131091,1.53503
NLOBK_MV_smallest,3.375e-05,27,1.78725,0.312093,0.563604,0.118364,1.40873
NLOBK_MV_smallest,5.0625e-05,27,1.63809,0.282209,0.50657,0.10678,1.29116
NLOBK_MV_smallest,7.59375e-05,27,1.49939,0.254441,0.454048,0.096061,1.18184
NLOBK_MV_smallest,0.000113906,27,1.36965,0.228688,0.40596,0.0860463,1.08031
NLOBK_MV_smallest,0.000170859,27,1.24885,0.20522,0.361908,0.0770305,0.986143
NLOBK_MV_smallest,0.000256289,27,1.13675,0.183663,0.321677,0.0687982,0.898937
NLOBK_MV_smallest,0.000384434,27,1.03325,0.163665,0.285227,0.0611415,0.818279
NLOBK_MV_smallest,0.00057665,27,0.9381,0.145477,0.25215,0.054159,0.74378
NLOBK_MV_smallest,0.000864976,27,0.851191,0.128978,0.222235,0.0479803,0.675071
NLOBK_MV_smallest,0.00129746,27,0.770984,0.11397,0.19545,0.0422939,0.611796
NLOBK_MV_smallest,0.0019462,27,0.697781,0.100456,0.171402,0.0372241,0.553611
NLOBK_MV_smallest,0.00291929,27,0.632015,0.0882358,0.149871,0.0326666,0.500188
NLOBK_MV_smallest,0.00437894,27,0.57262,0.0772625,0.131064,0.028628,0.451213
NLOBK_MV_smallest,0.00656841,27,0.519371,0.0675477,0.114262,0.025028,0.40639
NLOBK_MV_smallest,0.00985261,27,0.471968,0.0589572,0.0996402,0.0218371,0.365433
