fit,x,Q2,F2 light,FL light,F2 charm,FL charm,F2_LO
NLOBK_MV_smallest,1e-05,4.5,1.20916,0.222664,0.241103,0.0300387,1.0001
NLOBK_MV_smallest,1.5e-05,4.5,1.12425,0.204224,0.218613,0.0273374,0.929857
NLOBK_MV_smallest,2.25e-05,4.5,1.04384,0.186903,0.197804,0.02479,0.863377
NLOBK_MV_smallest,3.375e-05,4.5,0.967339,0.170501,0.17852,0.0224305,0.800548
NLOBK_MV_smallest,5.0625e-05,4.5,0.894828,0.155051,0.160655,0.0202514,0.741241
NLOBK_MV_smallest,7.59375e-05,4.5,0.826184,0.140521,0.144186,0.0182215,0.685332
NLOBK_MV_smallest,0.000113906,4.5,0.761711,0.126965,0.129081,0.0163451,0.632687
NLOBK_MV_smallest,0.000170859,4.5,0.701102,0.114332,0.115147,0.0146045,0.583178
NLOBK_MV_smallest,0.000256289,4.5,0.644316,0.102534,0.102476,0.0130228,0.536687
NLOBK_MV_smallest,0.000384434,4.5,0.59131,0.0916067,0.0909455,0.011566,0.493089
NLOBK_MV_smallest,0.00057665,4.5,0.542111,0.0815247,0.0804323,0.0102489,0.452265
NLOBK_MV_smallest,0.000864976,4.5,0.496763,0.0722561,0.0710186,0.00906071,0.414093
NLOBK_MV_smallest,0.00129746,4.5,0.455021,0.0637614,0.0625802,0.00797348,0.378452
NLOBK_MV_smallest,0.0019462,4.5,0.416907,0.0560894,0.0550027,0.00700086,0.345225
NLOBK_MV_smallest,0.00291929,4.5,0.382397,0.0491636,0.048327,0.00614563,0.314298
NLOBK_MV_smallest,0.00437894,4.5,0.35145,0.0429808,0.0424076,0.00538016,0.285555
NLOBK_MV_smallest,0.00656841,4.5,0.323938,0.0375101,0.0372228,0.00470337,0.25889
NLOBK_MV_smallest,0.00985261,4.5,0.299485,0.0327273,0.0327576,0.00411932,0.234194
NLOBK_MV_smallest,1e-05,45,2.69982,0.491341,0.979776,0.215713,2.1
NLOBK_MV_smallest,1.5e-05,45,2.48156,0.447241,0.885778,0.195496,1.92801
NLOBK_MV_smallest,2.25e-05,45,2.27743,0.405752,0.799564,0.177236,1.768
NLOBK_MV_smallest,3.375e-05,45,2.0855,0.367571,0.720479,0.159946,1.61935
NLOBK_MV_smallest,5.0625e-05,45,1.90728,0.33195,0.646861,0.144218,1.4814
NLOBK_MV_smallest,7.59375e-05,45,1.74136,0.299093,0.579643,0.129706,1.35353
NLOBK_MV_smallest,0.000113906,45,1.58677,0.268974,0.518115,0.116371,1.23515
NLOBK_MV_smallest,0.000170859,45,1.44263,0.241252,0.461804,0.104082,1.12569
NLOBK_MV_smallest,0.000256289,45,1.31063,0.216092,0.410851,0.0931853,1.02461
NLOBK_MV_smallest,0.000384434,45,1.18881,0.192696,0.364447,0.0829068,0.931393
NLOBK_MV_smallest,0.00057665,45,1.0775,0.171552,0.321914,0.0736775,0.845553
NLOBK_MV_smallest,0.000864976,45,0.974509,0.152231,0.284168,0.0652772,0.766608
NLOBK_MV_smallest,0.00129746,45,0.880104,0.134785,0.250122,0.0576342,0.694102
NLOBK_MV_smallest,0.0019462,45,0.794472,0.119121,0.21947,0.0508504,0.627605
NLOBK_MV_smallest,0.00291929,45,0.716852,0.104779,0.191849,0.0447705,0.566711
NLOBK_MV_smallest,0.00437894,45,0.647359,0.0920679,0.167953,0.0393371,0.511024
NLOBK_MV_smallest,0.00656841,45,0.585544,0.0807667,0.146484,0.0344245,0.46018
NLOBK_MV_smallest,0.00985261,45,0.529827,0.0707049,0.127686,0.0301169,0.41383
NLOBK_MV_smallest,1e-05,15,1.89945,0.344147,0.556391,0.104924,1.5365
NLOBK_MV_smallest,1.5e-05,15,1.75456,0.313724,0.504089,0.0952719,1.41791
NLOBK_MV_smallest,2.25e-05,15,1.61828,0.285533,0.455781,0.086411,1.30679
NLOBK_MV_smallest,3.375e-05,15,1.49011,0.259164,0.411108,0.0780738,1.20281
NLOBK_MV_smallest,5.0625e-05,15,1.37025,0.234697,0.369656,0.0704046,1.10562
NLOBK_MV_smallest,7.59375e-05,15,1.25763,0.211961,0.331912,0.0633927,1.0149
NLOBK_MV_smallest,0.000113906,15,1.15239,0.190762,0.297011,0.0568469,0.930327
NLOBK_MV_smallest,0.000170859,15,1.05415,0.171199,0.264855,0.0508733,0.851574
NLOBK_MV_smallest,0.000256289,15,0.962685,0.153292,0.235788,0.0453531,0.778351
NLOBK_MV_smallest,0.000384434,15,0.877841,0.136682,0.208979,0.0403265,0.710363
NLOBK_MV_smallest,0.00057665,15,0.799566,0.121457,0.184839,0.0357373,0.647332
NLOBK_MV_smallest,0.000864976,15,0.727917,0.107633,0.163081,0.0316186,0.588977
NLOBK_MV_smallest,0.00129746,15,0.661865,0.0950857,0.14349,0.0278865,0.535029
NLOBK_MV_smallest,0.0019462,15,0.601557,0.0836671,0.125861,0.0244915,0.485231
NLOBK_MV_smallest,0.00291929,15,0.547076,0.0733759,0.11031,0.0214785,0.439337
NLOBK_MV_smallest,0.00437894,15,0.497898,0.0642308,0.0964561,0.0187987,0.397105
NLOBK_MV_smallest,0.00656841,15,0.454003,0.0560939,0.0843207,0.0164123,0.358309
NLOBK_MV_smallest,0.00985261,15,0.41479,0.0488713,0.0736721,0.0143255,0.322731
NLOBK_MV_smallest,1e-05,27,2.30811,0.417829,0.768076,0.160141,1.83224
NLOBK_MV_smallest,1.5e-05,27,2.12611,0.380628,0.695132,0.145304,1.68588
NLOBK_MV_smallest,2.25e-05,27,1.95559,0.345739,0.628383,0.131662,1.54929
NLOBK_MV_smallest,3.375e-05,27,1.79617,0.313299,0.565907,0.118924,1.42198
NLOBK_MV_smallest,5.0625e-05,27,1.6464,0.283424,0.509035,0.107414,1.30348
NLOBK_MV_smallest,7.59375e-05,27,1.50672,0.255589,0.456674,0.0965746,1.19331
NLOBK_MV_smallest,0.000113906,27,1.37688,0.229863,0.408198,0.086658,1.091
NLOBK_MV_smallest,0.000170859,27,1.25535,0.20618,0.364263,0.0774684,0.996105
NLOBK_MV_smallest,0.000256289,27,1.14314,0.184535,0.323957,0.0692121,0.908221
NLOBK_MV_smallest,0.000384434,27,1.03931,0.164553,0.287286,0.0615806,0.826939
NLOBK_MV_smallest,0.00057665,27,0.94404,0.146366,0.254099,0.0546454,0.751872
NLOBK_MV_smallest,0.000864976,27,0.856556,0.129733,0.223996,0.0483398,0.682638
NLOBK_MV_smallest,0.00129746,27,0.776119,0.114707,0.197179,0.0426962,0.618876
NLOBK_MV_smallest,0.0019462,27,0.702737,0.10123,0.173019,0.0375679,0.560237
NLOBK_MV_smallest,0.00291929,27,0.636672,0.0888857,0.151425,0.0329711,0.506395
NLOBK_MV_smallest,0.00437894,27,0.577046,0.0779777,0.132404,0.0289358,0.457029
NLOBK_MV_smallest,0.00656841,27,0.523742,0.0682574,0.115624,0.0253309,0.411841
NLOBK_MV_smallest,0.00985261,27,0.476048,0.0595972,0.101084,0.0221643,0.370546
