fit,x,Q2,F2 light,FL light,F2 charm,FL charm,F2_LO
NLOBK_MV_smallest,1e-05,4.5,1.21304,0.225049,0.237787,0.0288271,0.986131
NLOBK_MV_smallest,1.5e-05,4.5,1.12836,0.206595,0.215654,0.0261937,0.917199
NLOBK_MV_smallest,2.25e-05,4.5,1.0477,0.18912,0.194958,0.0237583,0.851896
NLOBK_MV_smallest,3.375e-05,4.5,0.971186,0.172555,0.175893,0.0214943,0.79011
NLOBK_MV_smallest,5.0625e-05,4.5,0.898605,0.157065,0.158171,0.0193842,0.731726
NLOBK_MV_smallest,7.59375e-05,4.5,0.829603,0.142289,0.141827,0.0174297,0.67663
NLOBK_MV_smallest,0.000113906,4.5,0.764764,0.128592,0.126801,0.0156102,0.624703
NLOBK_MV_smallest,0.000170859,4.5,0.703747,0.115773,0.112973,0.0139477,0.575829
NLOBK_MV_smallest,0.000256289,4.5,0.646445,0.103735,0.100359,0.0124142,0.52989
NLOBK_MV_smallest,0.000384434,4.5,0.593061,0.0926737,0.0889515,0.0110119,0.486768
NLOBK_MV_smallest,0.00057665,4.5,0.543317,0.0823919,0.0785825,0.0097439,0.446344
NLOBK_MV_smallest,0.000864976,4.5,0.497562,0.0729716,0.0692301,0.00858584,0.408511
NLOBK_MV_smallest,0.00129746,4.5,0.455294,0.0642748,0.0608382,0.00754832,0.373157
NLOBK_MV_smallest,0.0019462,4.5,0.416865,0.0564627,0.0533406,0.00661607,0.340176
NLOBK_MV_smallest,0.00291929,4.5,0.382035,0.0493986,0.046729,0.00578638,0.309455
NLOBK_MV_smallest,0.00437894,4.5,0.350759,0.0430737,0.0408951,0.00505468,0.280889
NLOBK_MV_smallest,0.00656841,4.5,0.323034,0.0375194,0.0358096,0.00440718,0.254369
NLOBK_MV_smallest,0.00985261,4.5,0.298454,0.0326489,0.0314153,0.00384427,0.229796
NLOBK_MV_smallest,1e-05,45,2.73891,0.500227,0.985245,0.216167,2.09158
NLOBK_MV_smallest,1.5e-05,45,2.51627,0.454434,0.891105,0.196155,1.9196
NLOBK_MV_smallest,2.25e-05,45,2.30935,0.412178,0.803485,0.17744,1.75957
NLOBK_MV_smallest,3.375e-05,45,2.11424,0.372979,0.722726,0.160111,1.61082
NLOBK_MV_smallest,5.0625e-05,45,1.93281,0.337103,0.648911,0.144241,1.47274
NLOBK_MV_smallest,7.59375e-05,45,1.76398,0.303601,0.580748,0.129609,1.34474
NLOBK_MV_smallest,0.000113906,45,1.60736,0.27278,0.51861,0.116265,1.22624
NLOBK_MV_smallest,0.000170859,45,1.46053,0.244294,0.461539,0.103903,1.11666
NLOBK_MV_smallest,0.000256289,45,1.32551,0.21851,0.410046,0.0926759,1.01547
NLOBK_MV_smallest,0.000384434,45,1.20151,0.194756,0.362833,0.0823831,0.922161
NLOBK_MV_smallest,0.00057665,45,1.08696,0.172978,0.320033,0.073113,0.836233
NLOBK_MV_smallest,0.000864976,45,0.982346,0.153223,0.28185,0.0646532,0.75722
NLOBK_MV_smallest,0.00129746,45,0.886413,0.135377,0.247093,0.0570163,0.684669
NLOBK_MV_smallest,0.0019462,45,0.798826,0.11944,0.216338,0.0501497,0.618163
NLOBK_MV_smallest,0.00291929,45,0.720009,0.104851,0.188678,0.0439943,0.557288
NLOBK_MV_smallest,0.00437894,45,0.649253,0.0918613,0.164475,0.0385722,0.501653
NLOBK_MV_smallest,0.00656841,45,0.585714,0.0803864,0.142992,0.0336771,0.450891
NLOBK_MV_smallest,0.00985261,45,0.529411,0.070281,0.124324,0.029387,0.404651
NLOBK_MV_smallest,1e-05,15,1.91796,0.349276,0.555718,0.103525,1.52432
NLOBK_MV_smallest,1.5e-05,15,1.77266,0.318506,0.503208,0.0940033,1.40662
NLOBK_MV_smallest,2.25e-05,15,1.635,0.28996,0.454638,0.0851525,1.29627
NLOBK_MV_smallest,3.375e-05,15,1.50551,0.263319,0.409721,0.0768952,1.19293
NLOBK_MV_smallest,5.0625e-05,15,1.38405,0.238293,0.3682,0.0693654,1.09628
NLOBK_MV_smallest,7.59375e-05,15,1.26981,0.214967,0.330064,0.0623177,1.00602
NLOBK_MV_smallest,0.000113906,15,1.16297,0.193444,0.295167,0.0558717,0.921828
NLOBK_MV_smallest,0.000170859,15,1.06359,0.173524,0.262837,0.0499345,0.843406
NLOBK_MV_smallest,0.000256289,15,0.970686,0.155158,0.233468,0.0444309,0.770462
NLOBK_MV_smallest,0.000384434,15,0.884828,0.138318,0.20678,0.0394703,0.702706
NLOBK_MV_smallest,0.00057665,15,0.805069,0.122682,0.182407,0.0349298,0.639858
NLOBK_MV_smallest,0.000864976,15,0.732092,0.108603,0.160609,0.0308118,0.581653
NLOBK_MV_smallest,0.00129746,15,0.665053,0.0956846,0.141012,0.0271121,0.527833
NLOBK_MV_smallest,0.0019462,15,0.603707,0.0840651,0.12338,0.0237973,0.478153
NLOBK_MV_smallest,0.00291929,15,0.548438,0.0735945,0.107741,0.0207807,0.432366
NLOBK_MV_smallest,0.00437894,15,0.498478,0.0642115,0.0940735,0.0181528,0.390238
NLOBK_MV_smallest,0.00656841,15,0.453924,0.0559309,0.0819231,0.015802,0.351544
NLOBK_MV_smallest,0.00985261,15,0.414249,0.0486178,0.0713563,0.0137599,0.316068
NLOBK_MV_smallest,1e-05,27,2.33763,0.424682,0.770295,0.159726,1.82199
NLOBK_MV_smallest,1.5e-05,27,2.15315,0.38686,0.697585,0.144973,1.6761
NLOBK_MV_smallest,2.25e-05,27,1.9796,0.351114,0.629323,0.131175,1.53988
NLOBK_MV_smallest,3.375e-05,27,1.8185,0.318568,0.566802,0.118544,1.41285
NLOBK_MV_smallest,5.0625e-05,27,1.66651,0.287859,0.508973,0.106727,1.29456
NLOBK_MV_smallest,7.59375e-05,27,1.52384,0.259136,0.45621,0.0959526,1.18454
NLOBK_MV_smallest,0.000113906,27,1.39214,0.233205,0.407269,0.0859495,1.08235
NLOBK_MV_smallest,0.000170859,27,1.26926,0.209073,0.362985,0.0768458,0.987564
NLOBK_MV_smallest,0.000256289,27,1.15482,0.186702,0.322343,0.0684751,0.89976
NLOBK_MV_smallest,0.000384434,27,1.04904,0.166351,0.285167,0.0608552,0.818538
NLOBK_MV_smallest,0.00057665,27,0.951687,0.147766,0.25189,0.0539194,0.743509
NLOBK_MV_smallest,0.000864976,27,0.862784,0.130728,0.221594,0.0475706,0.674307
NLOBK_MV_smallest,0.00129746,27,0.7811,0.11538,0.194568,0.0419202,0.610575
NLOBK_MV_smallest,0.0019462,27,0.706405,0.101639,0.170225,0.0368064,0.551982
NLOBK_MV_smallest,0.00291929,27,0.638839,0.0890597,0.148632,0.0323094,0.498194
NLOBK_MV_smallest,0.00437894,27,0.57827,0.0779313,0.129497,0.0282188,0.448898
NLOBK_MV_smallest,0.00656841,27,0.523912,0.0679467,0.112717,0.0246039,0.403795
NLOBK_MV_smallest,0.00985261,27,0.475566,0.0592383,0.0979938,0.0213798,0.3626
