fit,x,Q2,F2 light,FL light,F2 charm,FL charm,F2_LO
NLOBK_MV_smallest,1e-05,4.5,1.22184,0.225102,0.235022,0.0283882,1.00033
NLOBK_MV_smallest,1.5e-05,4.5,1.13616,0.206579,0.213155,0.0258161,0.930069
NLOBK_MV_smallest,2.25e-05,4.5,1.05476,0.188991,0.192693,0.023396,0.863566
NLOBK_MV_smallest,3.375e-05,4.5,0.977375,0.172362,0.173748,0.021147,0.800704
NLOBK_MV_smallest,5.0625e-05,4.5,0.904098,0.156712,0.156322,0.0190935,0.741353
NLOBK_MV_smallest,7.59375e-05,4.5,0.834712,0.142042,0.140218,0.0171662,0.685392
NLOBK_MV_smallest,0.000113906,4.5,0.769413,0.128291,0.125397,0.0153815,0.632696
NLOBK_MV_smallest,0.000170859,4.5,0.70816,0.115495,0.111796,0.0137397,0.583138
NLOBK_MV_smallest,0.000256289,4.5,0.650676,0.103566,0.0994077,0.012241,0.536596
NLOBK_MV_smallest,0.000384434,4.5,0.597081,0.0925246,0.0881521,0.0108734,0.492947
NLOBK_MV_smallest,0.00057665,4.5,0.54725,0.0822714,0.0779542,0.009624,0.452068
NLOBK_MV_smallest,0.000864976,4.5,0.501376,0.0728956,0.0687138,0.00849602,0.41384
NLOBK_MV_smallest,0.00129746,4.5,0.459135,0.0642896,0.0605175,0.00747475,0.378146
NLOBK_MV_smallest,0.0019462,4.5,0.420575,0.05652,0.053138,0.00655914,0.344864
NLOBK_MV_smallest,0.00291929,4.5,0.385689,0.0494979,0.0466347,0.00575408,0.313883
NLOBK_MV_smallest,0.00437894,4.5,0.354376,0.0432442,0.0409314,0.00503408,0.285091
NLOBK_MV_smallest,0.00656841,4.5,0.326583,0.0377354,0.0358806,0.00440039,0.258377
NLOBK_MV_smallest,0.00985261,4.5,0.301844,0.0328805,0.0315459,0.00384979,0.233635
NLOBK_MV_smallest,1e-05,45,2.73167,0.497178,0.976902,0.214398,2.10667
NLOBK_MV_smallest,1.5e-05,45,2.51,0.451943,0.883729,0.194579,1.93376
NLOBK_MV_smallest,2.25e-05,45,2.30279,0.410215,0.797028,0.175913,1.77289
NLOBK_MV_smallest,3.375e-05,45,2.10878,0.371239,0.717599,0.15894,1.62344
NLOBK_MV_smallest,5.0625e-05,45,1.92848,0.335194,0.644615,0.143218,1.48476
NLOBK_MV_smallest,7.59375e-05,45,1.76042,0.302093,0.576955,0.128722,1.35624
NLOBK_MV_smallest,0.000113906,45,1.60413,0.271796,0.515457,0.115431,1.23727
NLOBK_MV_smallest,0.000170859,45,1.45853,0.243895,0.459428,0.103345,1.12729
NLOBK_MV_smallest,0.000256289,45,1.3243,0.218019,0.408348,0.092295,1.02574
NLOBK_MV_smallest,0.000384434,45,1.20101,0.194392,0.361788,0.0820511,0.932111
NLOBK_MV_smallest,0.00057665,45,1.08777,0.172962,0.319917,0.0728901,0.845896
NLOBK_MV_smallest,0.000864976,45,0.983512,0.153405,0.281779,0.0645516,0.766619
NLOBK_MV_smallest,0.00129746,45,0.887892,0.135664,0.247731,0.0570052,0.693823
NLOBK_MV_smallest,0.0019462,45,0.801419,0.119795,0.217275,0.0503046,0.627072
NLOBK_MV_smallest,0.00291929,45,0.723024,0.105324,0.19008,0.0442117,0.565959
NLOBK_MV_smallest,0.00437894,45,0.652704,0.0925513,0.165974,0.0388274,0.510089
NLOBK_MV_smallest,0.00656841,45,0.589698,0.0810256,0.144738,0.0340024,0.459093
NLOBK_MV_smallest,0.00985261,45,0.5336,0.0710175,0.126116,0.029742,0.412618
NLOBK_MV_smallest,1e-05,15,1.92074,0.3477,0.550224,0.102383,1.53896
NLOBK_MV_smallest,1.5e-05,15,1.77454,0.31731,0.498389,0.0930294,1.42002
NLOBK_MV_smallest,2.25e-05,15,1.63646,0.288763,0.450302,0.0842108,1.30856
NLOBK_MV_smallest,3.375e-05,15,1.50692,0.262086,0.405918,0.0761521,1.20426
NLOBK_MV_smallest,5.0625e-05,15,1.38541,0.23725,0.365087,0.0685644,1.10677
NLOBK_MV_smallest,7.59375e-05,15,1.27132,0.214227,0.327265,0.0617214,1.01577
NLOBK_MV_smallest,0.000113906,15,1.1648,0.192729,0.292544,0.0553572,0.930939
NLOBK_MV_smallest,0.000170859,15,1.06521,0.172905,0.260928,0.04948,0.851956
NLOBK_MV_smallest,0.000256289,15,0.972469,0.154681,0.23203,0.0440882,0.778521
NLOBK_MV_smallest,0.000384434,15,0.886704,0.137967,0.205512,0.0391683,0.710343
NLOBK_MV_smallest,0.00057665,15,0.807423,0.122496,0.181869,0.0347337,0.647132
NLOBK_MV_smallest,0.000864976,15,0.734771,0.108522,0.160329,0.0306783,0.588614
NLOBK_MV_smallest,0.00129746,15,0.668078,0.0957161,0.140843,0.0269756,0.534521
NLOBK_MV_smallest,0.0019462,15,0.6069,0.0842437,0.123526,0.0237402,0.484593
NLOBK_MV_smallest,0.00291929,15,0.551801,0.0738784,0.108179,0.0208201,0.438583
NLOBK_MV_smallest,0.00437894,15,0.502051,0.0645415,0.094483,0.0181982,0.396253
NLOBK_MV_smallest,0.00656841,15,0.457679,0.0563673,0.0825639,0.0158972,0.357373
NLOBK_MV_smallest,0.00985261,15,0.418004,0.0490734,0.0720627,0.0138431,0.321722
NLOBK_MV_smallest,1e-05,27,2.33516,0.422766,0.763438,0.158189,1.83682
NLOBK_MV_smallest,1.5e-05,27,2.15036,0.384736,0.690914,0.143528,1.68982
NLOBK_MV_smallest,2.25e-05,27,1.97783,0.349474,0.624015,0.129957,1.55263
NLOBK_MV_smallest,3.375e-05,27,1.81646,0.316849,0.561884,0.117427,1.42477
NLOBK_MV_smallest,5.0625e-05,27,1.6647,0.28641,0.505138,0.10574,1.30575
NLOBK_MV_smallest,7.59375e-05,27,1.52301,0.25818,0.452539,0.0951115,1.1951
NLOBK_MV_smallest,0.000113906,27,1.39131,0.232304,0.404473,0.0853151,1.09237
NLOBK_MV_smallest,0.000170859,27,1.26888,0.208379,0.360579,0.0762896,0.997098
NLOBK_MV_smallest,0.000256289,27,1.155,0.186283,0.320497,0.06808,0.908873
NLOBK_MV_smallest,0.000384434,27,1.04985,0.166063,0.284051,0.0605425,0.827286
NLOBK_MV_smallest,0.00057665,27,0.953387,0.147631,0.251124,0.0537025,0.751939
NLOBK_MV_smallest,0.000864976,27,0.864606,0.130726,0.221452,0.0474455,0.682456
NLOBK_MV_smallest,0.00129746,27,0.783232,0.115465,0.194699,0.0418993,0.618473
NLOBK_MV_smallest,0.0019462,27,0.708983,0.101856,0.170581,0.0368192,0.559641
NLOBK_MV_smallest,0.00291929,27,0.642108,0.0894363,0.149402,0.0323672,0.50563
NLOBK_MV_smallest,0.00437894,27,0.581822,0.0783875,0.130391,0.0283042,0.456122
NLOBK_MV_smallest,0.00656841,27,0.527744,0.0684967,0.113863,0.0247819,0.410815
NLOBK_MV_smallest,0.00985261,27,0.479608,0.0598094,0.0993031,0.0216094,0.36942
