fit,x,Q2,F2 light,FL light,F2 charm,FL charm,F2_LO
NLOBK_MV_smallest,1e-05,4.5,1.1993,0.222561,0.238533,0.029262,0.979717
NLOBK_MV_smallest,1.5e-05,4.5,1.1157,0.204272,0.216428,0.026603,0.911279
NLOBK_MV_smallest,2.25e-05,4.5,1.036,0.187005,0.195756,0.0241407,0.846448
NLOBK_MV_smallest,3.375e-05,4.5,0.960463,0.170707,0.176641,0.0218405,0.785116
NLOBK_MV_smallest,5.0625e-05,4.5,0.888621,0.155273,0.158858,0.0197024,0.727163
NLOBK_MV_smallest,7.59375e-05,4.5,0.820586,0.140819,0.142561,0.0177305,0.672477
NLOBK_MV_smallest,0.000113906,4.5,0.756499,0.127262,0.127499,0.015881,0.620939
NLOBK_MV_smallest,0.000170859,4.5,0.696208,0.114565,0.113646,0.0141953,0.57243
NLOBK_MV_smallest,0.000256289,4.5,0.639687,0.102737,0.10103,0.0126442,0.526837
NLOBK_MV_smallest,0.000384434,4.5,0.586922,0.0917816,0.0895793,0.011221,0.484042
NLOBK_MV_smallest,0.00057665,4.5,0.537855,0.0816344,0.0792212,0.00992802,0.44393
NLOBK_MV_smallest,0.000864976,4.5,0.492575,0.0723112,0.0697611,0.00875802,0.406387
NLOBK_MV_smallest,0.00129746,4.5,0.450843,0.0637475,0.0613527,0.00770256,0.371301
NLOBK_MV_smallest,0.0019462,4.5,0.412878,0.0560184,0.0538536,0.00675797,0.338567
NLOBK_MV_smallest,0.00291929,4.5,0.378442,0.049038,0.047211,0.0059152,0.308078
NLOBK_MV_smallest,0.00437894,4.5,0.34757,0.0427857,0.0413702,0.0051672,0.279725
NLOBK_MV_smallest,0.00656841,4.5,0.320139,0.0372993,0.0362124,0.00451188,0.253404
NLOBK_MV_smallest,0.00985261,4.5,0.295775,0.0324748,0.0317766,0.00393279,0.229011
NLOBK_MV_smallest,1e-05,45,2.7088,0.494866,0.980327,0.215416,2.07687
NLOBK_MV_smallest,1.5e-05,45,2.48821,0.449556,0.886199,0.195367,1.90644
NLOBK_MV_smallest,2.25e-05,45,2.28325,0.408256,0.799959,0.176881,1.74783
NLOBK_MV_smallest,3.375e-05,45,2.09147,0.369389,0.719586,0.159522,1.60041
NLOBK_MV_smallest,5.0625e-05,45,1.91201,0.333602,0.646344,0.143856,1.46354
NLOBK_MV_smallest,7.59375e-05,45,1.74556,0.300801,0.578961,0.129425,1.33665
NLOBK_MV_smallest,0.000113906,45,1.59022,0.270237,0.516564,0.115885,1.21916
NLOBK_MV_smallest,0.000170859,45,1.44568,0.242251,0.460321,0.103728,1.1105
NLOBK_MV_smallest,0.000256289,45,1.31209,0.216476,0.408954,0.0926299,1.01016
NLOBK_MV_smallest,0.000384434,45,1.18955,0.193087,0.362242,0.0823286,0.917614
NLOBK_MV_smallest,0.00057665,45,1.07683,0.171727,0.31998,0.0731432,0.832381
NLOBK_MV_smallest,0.000864976,45,0.97315,0.152144,0.28153,0.0646981,0.75399
NLOBK_MV_smallest,0.00129746,45,0.87857,0.134539,0.247295,0.0570976,0.681999
NLOBK_MV_smallest,0.0019462,45,0.791877,0.118669,0.21642,0.0502497,0.615986
NLOBK_MV_smallest,0.00291929,45,0.714186,0.104394,0.189002,0.0441042,0.555551
NLOBK_MV_smallest,0.00437894,45,0.643812,0.0913593,0.164826,0.038712,0.500305
NLOBK_MV_smallest,0.00656841,45,0.581267,0.0800766,0.143597,0.0337589,0.449881
NLOBK_MV_smallest,0.00985261,45,0.525459,0.0700151,0.124779,0.0294578,0.403935
NLOBK_MV_smallest,1e-05,15,1.89615,0.345208,0.554454,0.103787,1.51404
NLOBK_MV_smallest,1.5e-05,15,1.75233,0.31504,0.50232,0.0942684,1.39731
NLOBK_MV_smallest,2.25e-05,15,1.61654,0.286837,0.453996,0.085445,1.28786
NLOBK_MV_smallest,3.375e-05,15,1.48837,0.260367,0.409384,0.0771959,1.18537
NLOBK_MV_smallest,5.0625e-05,15,1.36862,0.235832,0.368046,0.0696622,1.08951
NLOBK_MV_smallest,7.59375e-05,15,1.25597,0.212831,0.329957,0.0625495,0.999984
NLOBK_MV_smallest,0.000113906,15,1.15051,0.19162,0.295079,0.0561714,0.916476
NLOBK_MV_smallest,0.000170859,15,1.05233,0.171816,0.263073,0.0501944,0.838682
NLOBK_MV_smallest,0.000256289,15,0.960466,0.153724,0.233762,0.0446961,0.766318
NLOBK_MV_smallest,0.000384434,15,0.87565,0.137054,0.207114,0.0397076,0.699097
NLOBK_MV_smallest,0.00057665,15,0.797066,0.121702,0.182866,0.0351432,0.636744
NLOBK_MV_smallest,0.000864976,15,0.72506,0.107743,0.161173,0.0310599,0.578991
NLOBK_MV_smallest,0.00129746,15,0.658805,0.0949966,0.141544,0.0273166,0.525582
NLOBK_MV_smallest,0.0019462,15,0.598136,0.0835049,0.123976,0.0239661,0.476271
NLOBK_MV_smallest,0.00291929,15,0.543493,0.0731726,0.108403,0.0209875,0.430819
NLOBK_MV_smallest,0.00437894,15,0.494117,0.0638467,0.0946024,0.0183272,0.388994
NLOBK_MV_smallest,0.00656841,15,0.450142,0.0556834,0.0824489,0.0159651,0.350569
NLOBK_MV_smallest,0.00985261,15,0.410832,0.0484029,0.0718837,0.0139239,0.315331
NLOBK_MV_smallest,1e-05,27,2.31032,0.419979,0.766966,0.159433,1.80939
NLOBK_MV_smallest,1.5e-05,27,2.1284,0.382785,0.694552,0.14482,1.66476
NLOBK_MV_smallest,2.25e-05,27,1.95783,0.347844,0.626962,0.130995,1.52971
NLOBK_MV_smallest,3.375e-05,27,1.7978,0.314991,0.565035,0.118384,1.40378
NLOBK_MV_smallest,5.0625e-05,27,1.64804,0.284814,0.507855,0.106702,1.2865
NLOBK_MV_smallest,7.59375e-05,27,1.50738,0.256726,0.455256,0.0959643,1.17741
NLOBK_MV_smallest,0.000113906,27,1.37742,0.230961,0.406556,0.0860014,1.07608
NLOBK_MV_smallest,0.000170859,27,1.25577,0.207,0.362669,0.0768622,0.982072
NLOBK_MV_smallest,0.000256289,27,1.14312,0.185205,0.322138,0.0686366,0.894986
NLOBK_MV_smallest,0.000384434,27,1.03852,0.164907,0.285149,0.0609968,0.81442
NLOBK_MV_smallest,0.00057665,27,0.94243,0.146633,0.252001,0.0541252,0.739992
NLOBK_MV_smallest,0.000864976,27,0.854658,0.129805,0.221793,0.0477552,0.671333
NLOBK_MV_smallest,0.00129746,27,0.77398,0.114648,0.194964,0.0421,0.608092
NLOBK_MV_smallest,0.0019462,27,0.699983,0.100967,0.170581,0.03703,0.549935
NLOBK_MV_smallest,0.00291929,27,0.63342,0.0885405,0.149049,0.0324161,0.496539
NLOBK_MV_smallest,0.00437894,27,0.573423,0.0775367,0.130011,0.0283376,0.447593
NLOBK_MV_smallest,0.00656841,27,0.519669,0.0676473,0.113235,0.0247153,0.402797
NLOBK_MV_smallest,0.00985261,27,0.471819,0.0589672,0.0986726,0.0215739,0.361871
