fit,x,Q2,F2 light,FL light,F2 charm,FL charm,F2_LO
NLOBK_MV_smallest,1e-05,4.5,1.18904,0.221462,0.243601,0.0304008,0.975234
NLOBK_MV_smallest,1.5e-05,4.5,1.10653,0.20343,0.221156,0.0276719,0.907383
NLOBK_MV_smallest,2.25e-05,4.5,1.02774,0.186308,0.200143,0.0251166,0.843081
NLOBK_MV_smallest,3.375e-05,4.5,0.953148,0.170163,0.180674,0.0227372,0.782213
NLOBK_MV_smallest,5.0625e-05,4.5,0.881969,0.154783,0.162646,0.0205317,0.724675
NLOBK_MV_smallest,7.59375e-05,4.5,0.814731,0.140498,0.145998,0.0184625,0.670358
NLOBK_MV_smallest,0.000113906,4.5,0.751244,0.127022,0.13065,0.0165704,0.619145
NLOBK_MV_smallest,0.000170859,4.5,0.691472,0.114385,0.116536,0.0148139,0.570928
NLOBK_MV_smallest,0.000256289,4.5,0.63546,0.10267,0.103657,0.0131971,0.525587
NLOBK_MV_smallest,0.000384434,4.5,0.583111,0.0917762,0.0919651,0.0117297,0.483009
NLOBK_MV_smallest,0.00057665,4.5,0.53444,0.0816471,0.0813054,0.0103765,0.443085
NLOBK_MV_smallest,0.000864976,4.5,0.489416,0.0723544,0.071661,0.00915371,0.405708
NLOBK_MV_smallest,0.00129746,4.5,0.44801,0.06383,0.0630305,0.00805392,0.370768
NLOBK_MV_smallest,0.0019462,4.5,0.410212,0.0560974,0.0553675,0.00706513,0.338159
NLOBK_MV_smallest,0.00291929,4.5,0.376032,0.0491239,0.0485454,0.00619256,0.307771
NLOBK_MV_smallest,0.00437894,4.5,0.345312,0.0428674,0.0425147,0.00540589,0.279502
NLOBK_MV_smallest,0.00656841,4.5,0.318012,0.0373603,0.0372248,0.00471497,0.253249
NLOBK_MV_smallest,0.00985261,4.5,0.293812,0.0325388,0.0326584,0.00411831,0.228912
NLOBK_MV_smallest,1e-05,45,2.70011,0.494848,0.989506,0.21765,2.07429
NLOBK_MV_smallest,1.5e-05,45,2.48125,0.45019,0.895135,0.197465,1.90448
NLOBK_MV_smallest,2.25e-05,45,2.27782,0.408437,0.807861,0.17876,1.74641
NLOBK_MV_smallest,3.375e-05,45,2.08648,0.369849,0.727701,0.161461,1.59942
NLOBK_MV_smallest,5.0625e-05,45,1.90754,0.33426,0.653559,0.145573,1.46291
NLOBK_MV_smallest,7.59375e-05,45,1.74176,0.30103,0.585401,0.130925,1.3363
NLOBK_MV_smallest,0.000113906,45,1.58721,0.27068,0.522548,0.117341,1.21904
NLOBK_MV_smallest,0.000170859,45,1.44336,0.242775,0.465454,0.104988,1.11058
NLOBK_MV_smallest,0.000256289,45,1.31002,0.217035,0.413736,0.0937212,1.01038
NLOBK_MV_smallest,0.000384434,45,1.18758,0.193618,0.366761,0.0834913,0.917929
NLOBK_MV_smallest,0.00057665,45,1.07483,0.172164,0.323565,0.0740372,0.832764
NLOBK_MV_smallest,0.000864976,45,0.971661,0.152569,0.285056,0.065475,0.754425
NLOBK_MV_smallest,0.00129746,45,0.877285,0.135005,0.250184,0.057771,0.682464
NLOBK_MV_smallest,0.0019462,45,0.790794,0.119156,0.219199,0.0509263,0.616468
NLOBK_MV_smallest,0.00291929,45,0.712749,0.104574,0.191641,0.0448181,0.55603
NLOBK_MV_smallest,0.00437894,45,0.642785,0.0916744,0.16679,0.0392449,0.500768
NLOBK_MV_smallest,0.00656841,45,0.580017,0.0803125,0.145394,0.0342925,0.450322
NLOBK_MV_smallest,0.00985261,45,0.524287,0.0701664,0.126121,0.0298914,0.404346
NLOBK_MV_smallest,1e-05,15,1.8859,0.344577,0.561946,0.105957,1.51058
NLOBK_MV_smallest,1.5e-05,15,1.74309,0.314587,0.509417,0.0962771,1.39448
NLOBK_MV_smallest,2.25e-05,15,1.60837,0.286514,0.460569,0.0872606,1.28558
NLOBK_MV_smallest,3.375e-05,15,1.48138,0.260123,0.415332,0.0789351,1.18355
NLOBK_MV_smallest,5.0625e-05,15,1.3624,0.235692,0.373796,0.0712042,1.08809
NLOBK_MV_smallest,7.59375e-05,15,1.25057,0.212837,0.335373,0.0640424,0.998904
NLOBK_MV_smallest,0.000113906,15,1.14558,0.191667,0.299961,0.0574587,0.915679
NLOBK_MV_smallest,0.000170859,15,1.04817,0.172047,0.267415,0.0513989,0.838132
NLOBK_MV_smallest,0.000256289,15,0.956979,0.153972,0.237719,0.0457752,0.765967
NLOBK_MV_smallest,0.000384434,15,0.872337,0.137173,0.210677,0.0406833,0.698903
NLOBK_MV_smallest,0.00057665,15,0.794,0.121875,0.186235,0.0360313,0.636677
NLOBK_MV_smallest,0.000864976,15,0.722314,0.107984,0.164103,0.031822,0.579029
NLOBK_MV_smallest,0.00129746,15,0.656384,0.0952198,0.144169,0.0280224,0.525702
NLOBK_MV_smallest,0.0019462,15,0.59603,0.0837368,0.126284,0.0246043,0.476455
NLOBK_MV_smallest,0.00291929,15,0.541319,0.0733843,0.110332,0.0215225,0.431045
NLOBK_MV_smallest,0.00437894,15,0.492158,0.0640714,0.0962628,0.0187853,0.389244
NLOBK_MV_smallest,0.00656841,15,0.448212,0.05584,0.0839312,0.0163536,0.350833
NLOBK_MV_smallest,0.00985261,15,0.409015,0.0485225,0.0731381,0.0142434,0.315599
NLOBK_MV_smallest,1e-05,27,2.30028,0.419833,0.775415,0.161768,1.80637
NLOBK_MV_smallest,1.5e-05,27,2.12065,0.382529,0.702461,0.146839,1.66237
NLOBK_MV_smallest,2.25e-05,27,1.95036,0.347687,0.634424,0.132963,1.52788
NLOBK_MV_smallest,3.375e-05,27,1.79174,0.31517,0.571863,0.120165,1.4024
NLOBK_MV_smallest,5.0625e-05,27,1.64272,0.28506,0.514284,0.108483,1.2855
NLOBK_MV_smallest,7.59375e-05,27,1.50298,0.256988,0.461036,0.0975496,1.17672
NLOBK_MV_smallest,0.000113906,27,1.37348,0.231296,0.412151,0.0874273,1.07565
NLOBK_MV_smallest,0.000170859,27,1.25227,0.207256,0.367131,0.0781562,0.981866
NLOBK_MV_smallest,0.000256289,27,1.13989,0.185501,0.32673,0.0698049,0.894951
NLOBK_MV_smallest,0.000384434,27,1.03602,0.165325,0.289214,0.0620259,0.814512
NLOBK_MV_smallest,0.00057665,27,0.940026,0.146878,0.255456,0.0549669,0.740182
NLOBK_MV_smallest,0.000864976,27,0.852544,0.130172,0.225134,0.0485817,0.671601
NLOBK_MV_smallest,0.00129746,27,0.771975,0.114859,0.19769,0.0428795,0.608415
NLOBK_MV_smallest,0.0019462,27,0.698329,0.101239,0.172987,0.0376775,0.550296
NLOBK_MV_smallest,0.00291929,27,0.631638,0.0888008,0.151379,0.0330454,0.496918
NLOBK_MV_smallest,0.00437894,27,0.571687,0.0777366,0.131946,0.0288848,0.447974
NLOBK_MV_smallest,0.00656841,27,0.518069,0.0678876,0.114964,0.0251923,0.403171
NLOBK_MV_smallest,0.00985261,27,0.470319,0.0591512,0.10007,0.0219307,0.362231
