fit,x,Q2,F2 light,FL light,F2 charm,FL charm,F2_LO
NLOBK_MV_smallest,1e-05,4.5,1.21664,0.22492,0.244692,0.0305042,1.00147
NLOBK_MV_smallest,1.5e-05,4.5,1.13157,0.20637,0.221922,0.0277628,0.931298
NLOBK_MV_smallest,2.25e-05,4.5,1.05063,0.188871,0.200796,0.0251696,0.864854
NLOBK_MV_smallest,3.375e-05,4.5,0.973836,0.172356,0.181126,0.0227722,0.802021
NLOBK_MV_smallest,5.0625e-05,4.5,0.900801,0.156749,0.163061,0.0205566,0.742684
NLOBK_MV_smallest,7.59375e-05,4.5,0.831852,0.142103,0.146296,0.0184896,0.686719
NLOBK_MV_smallest,0.000113906,4.5,0.7669,0.128374,0.130859,0.0165767,0.633993
NLOBK_MV_smallest,0.000170859,4.5,0.705804,0.115572,0.116768,0.0148138,0.584387
NLOBK_MV_smallest,0.000256289,4.5,0.648539,0.103655,0.103812,0.0132024,0.537785
NLOBK_MV_smallest,0.000384434,4.5,0.5951,0.0926044,0.092105,0.0117234,0.494066
NLOBK_MV_smallest,0.00057665,4.5,0.545434,0.0823882,0.0814444,0.0103731,0.453112
NLOBK_MV_smallest,0.000864976,4.5,0.499661,0.0729812,0.0718112,0.00915834,0.414801
NLOBK_MV_smallest,0.00129746,4.5,0.45752,0.0643807,0.0632224,0.00806131,0.379017
NLOBK_MV_smallest,0.0019462,4.5,0.419056,0.0565934,0.055542,0.00707862,0.345644
NLOBK_MV_smallest,0.00291929,4.5,0.384239,0.0495596,0.0487182,0.00620291,0.314571
NLOBK_MV_smallest,0.00437894,4.5,0.353001,0.0432922,0.0426861,0.00542115,0.285686
NLOBK_MV_smallest,0.00656841,4.5,0.325239,0.0377518,0.037454,0.00473832,0.258883
NLOBK_MV_smallest,0.00985261,4.5,0.300584,0.0329042,0.0328896,0.00413867,0.234055
NLOBK_MV_smallest,1e-05,45,2.73261,0.497998,0.993397,0.218775,2.11149
NLOBK_MV_smallest,1.5e-05,45,2.51066,0.452952,0.898698,0.1984,1.93833
NLOBK_MV_smallest,2.25e-05,45,2.304,0.411086,0.810907,0.179323,1.7772
NLOBK_MV_smallest,3.375e-05,45,2.10997,0.372289,0.72974,0.162221,1.62746
NLOBK_MV_smallest,5.0625e-05,45,1.92859,0.336156,0.655495,0.146099,1.48849
NLOBK_MV_smallest,7.59375e-05,45,1.76146,0.302817,0.587011,0.131399,1.35967
NLOBK_MV_smallest,0.000113906,45,1.60509,0.272567,0.524182,0.117778,1.2404
NLOBK_MV_smallest,0.000170859,45,1.45927,0.244354,0.467285,0.105481,1.1301
NLOBK_MV_smallest,0.000256289,45,1.32443,0.218433,0.415314,0.0940754,1.02824
NLOBK_MV_smallest,0.000384434,45,1.20128,0.194922,0.368267,0.0838689,0.934312
NLOBK_MV_smallest,0.00057665,45,1.08811,0.173305,0.32515,0.074397,0.847811
NLOBK_MV_smallest,0.000864976,45,0.983741,0.153764,0.286419,0.0658563,0.768258
NLOBK_MV_smallest,0.00129746,45,0.888243,0.13605,0.251609,0.0581109,0.695198
NLOBK_MV_smallest,0.0019462,45,0.801168,0.119959,0.220556,0.051301,0.628203
NLOBK_MV_smallest,0.00291929,45,0.722644,0.105555,0.192908,0.0450687,0.566862
NLOBK_MV_smallest,0.00437894,45,0.651941,0.0926021,0.168443,0.0395707,0.510782
NLOBK_MV_smallest,0.00656841,45,0.589174,0.0812016,0.146873,0.034573,0.459592
NLOBK_MV_smallest,0.00985261,45,0.532735,0.0709668,0.127688,0.030221,0.412941
NLOBK_MV_smallest,1e-05,15,1.91758,0.348112,0.564409,0.106512,1.54278
NLOBK_MV_smallest,1.5e-05,15,1.77179,0.317587,0.511708,0.0966671,1.42373
NLOBK_MV_smallest,2.25e-05,15,1.63428,0.289213,0.462266,0.0876441,1.31214
NLOBK_MV_smallest,3.375e-05,15,1.5045,0.262347,0.416975,0.0791523,1.20767
NLOBK_MV_smallest,5.0625e-05,15,1.38371,0.237725,0.374769,0.0713764,1.11001
NLOBK_MV_smallest,7.59375e-05,15,1.26971,0.214542,0.336454,0.064208,1.01883
NLOBK_MV_smallest,0.000113906,15,1.1631,0.192995,0.300781,0.0576022,0.933787
NLOBK_MV_smallest,0.000170859,15,1.06391,0.173221,0.268241,0.0514693,0.854584
NLOBK_MV_smallest,0.000256289,15,0.971525,0.15508,0.238402,0.0459119,0.780926
NLOBK_MV_smallest,0.000384434,15,0.885725,0.138234,0.211415,0.0408107,0.712524
NLOBK_MV_smallest,0.00057665,15,0.806468,0.122762,0.186904,0.036142,0.649095
NLOBK_MV_smallest,0.000864976,15,0.733789,0.108738,0.164713,0.0319702,0.590361
NLOBK_MV_smallest,0.00129746,15,0.666962,0.0959036,0.144754,0.0281224,0.536055
NLOBK_MV_smallest,0.0019462,15,0.605917,0.0843989,0.126903,0.0246867,0.485923
NLOBK_MV_smallest,0.00291929,15,0.55072,0.0739537,0.111016,0.0216451,0.439719
NLOBK_MV_smallest,0.00437894,15,0.500956,0.0646042,0.0970822,0.018928,0.397204
NLOBK_MV_smallest,0.00656841,15,0.45648,0.0563618,0.0846605,0.0164943,0.358151
NLOBK_MV_smallest,0.00985261,15,0.416906,0.0491073,0.0738611,0.0143861,0.322342
NLOBK_MV_smallest,1e-05,27,2.33336,0.423209,0.779054,0.162506,1.84129
NLOBK_MV_smallest,1.5e-05,27,2.1494,0.385473,0.70503,0.147493,1.69411
NLOBK_MV_smallest,2.25e-05,27,1.97697,0.35027,0.637181,0.13356,1.55671
NLOBK_MV_smallest,3.375e-05,27,1.81536,0.31738,0.574012,0.120721,1.42862
NLOBK_MV_smallest,5.0625e-05,27,1.66415,0.287085,0.516004,0.108825,1.30936
NLOBK_MV_smallest,7.59375e-05,27,1.5226,0.258672,0.462408,0.0978531,1.19846
NLOBK_MV_smallest,0.000113906,27,1.39117,0.232632,0.413096,0.087673,1.09546
NLOBK_MV_smallest,0.000170859,27,1.26858,0.208691,0.368572,0.0784496,0.999919
NLOBK_MV_smallest,0.000256289,27,1.15464,0.186656,0.327481,0.0700626,0.91142
NLOBK_MV_smallest,0.000384434,27,1.04955,0.166508,0.290628,0.0622867,0.829562
NLOBK_MV_smallest,0.00057665,27,0.952773,0.148054,0.256644,0.0552056,0.753955
NLOBK_MV_smallest,0.000864976,27,0.864195,0.131041,0.226164,0.0488062,0.684219
NLOBK_MV_smallest,0.00129746,27,0.782759,0.115707,0.198822,0.0430568,0.61999
NLOBK_MV_smallest,0.0019462,27,0.708273,0.101964,0.174191,0.0378681,0.560927
NLOBK_MV_smallest,0.00291929,27,0.641345,0.089572,0.152421,0.0332514,0.506697
NLOBK_MV_smallest,0.00437894,27,0.580843,0.0783896,0.133059,0.029094,0.456985
NLOBK_MV_smallest,0.00656841,27,0.526847,0.0686279,0.116006,0.0254184,0.41149
NLOBK_MV_smallest,0.00985261,27,0.478473,0.0597761,0.101187,0.0221849,0.369923
