fit,x,Q2,F2 light,FL light,F2 charm,FL charm,F2_LO
NLOBK_MV_smallest,1e-05,4.5,1.22717,0.226427,0.22344,0.0256995,0.986006
NLOBK_MV_smallest,1.5e-05,4.5,1.14097,0.207657,0.202409,0.023333,0.916689
NLOBK_MV_smallest,2.25e-05,4.5,1.05906,0.189951,0.182723,0.0211454,0.851066
NLOBK_MV_smallest,3.375e-05,4.5,0.981222,0.173128,0.164532,0.0190988,0.789015
NLOBK_MV_smallest,5.0625e-05,4.5,0.907314,0.157324,0.147821,0.0172004,0.730416
NLOBK_MV_smallest,7.59375e-05,4.5,0.837515,0.14258,0.13234,0.0154433,0.675149
NLOBK_MV_smallest,0.000113906,4.5,0.771798,0.128781,0.118184,0.0138158,0.62309
NLOBK_MV_smallest,0.000170859,4.5,0.709913,0.115747,0.105221,0.0123291,0.57412
NLOBK_MV_smallest,0.000256289,4.5,0.652006,0.103717,0.0933782,0.0109634,0.528116
NLOBK_MV_smallest,0.000384434,4.5,0.597943,0.092542,0.0826647,0.00971925,0.484958
NLOBK_MV_smallest,0.00057665,4.5,0.547794,0.0822246,0.0729535,0.00858971,0.444532
NLOBK_MV_smallest,0.000864976,4.5,0.501561,0.0727414,0.064209,0.00756618,0.406716
NLOBK_MV_smallest,0.00129746,4.5,0.459068,0.0640885,0.0564041,0.00664666,0.371397
NLOBK_MV_smallest,0.0019462,4.5,0.420237,0.0562164,0.0494452,0.00582237,0.338459
NLOBK_MV_smallest,0.00291929,4.5,0.385141,0.0491548,0.043297,0.00509138,0.307791
NLOBK_MV_smallest,0.00437894,4.5,0.353645,0.0428594,0.0379035,0.00444568,0.279287
NLOBK_MV_smallest,0.00656841,4.5,0.325698,0.0373204,0.0331659,0.00387738,0.252839
NLOBK_MV_smallest,0.00985261,4.5,0.300926,0.0324627,0.0290739,0.00338251,0.228343
NLOBK_MV_smallest,1e-05,45,2.74795,0.499364,0.960737,0.209709,2.08384
NLOBK_MV_smallest,1.5e-05,45,2.52516,0.453637,0.867673,0.190113,1.91178
NLOBK_MV_smallest,2.25e-05,45,2.31562,0.411399,0.781705,0.171805,1.75176
NLOBK_MV_smallest,3.375e-05,45,2.11959,0.372098,0.702811,0.154991,1.60311
NLOBK_MV_smallest,5.0625e-05,45,1.93708,0.335882,0.630165,0.139386,1.46519
NLOBK_MV_smallest,7.59375e-05,45,1.76738,0.302252,0.564013,0.125279,1.33742
NLOBK_MV_smallest,0.000113906,45,1.60952,0.271578,0.503218,0.112179,1.21917
NLOBK_MV_smallest,0.000170859,45,1.46255,0.243094,0.44792,0.100282,1.10989
NLOBK_MV_smallest,0.000256289,45,1.32628,0.217049,0.397343,0.0895211,1.00902
NLOBK_MV_smallest,0.000384434,45,1.20251,0.193585,0.351652,0.079444,0.916048
NLOBK_MV_smallest,0.00057665,45,1.08777,0.171972,0.310083,0.070521,0.830481
NLOBK_MV_smallest,0.000864976,45,0.982993,0.152333,0.272666,0.0622493,0.751833
NLOBK_MV_smallest,0.00129746,45,0.886711,0.134486,0.238996,0.0548641,0.679651
NLOBK_MV_smallest,0.0019462,45,0.799299,0.118546,0.209434,0.0482946,0.613501
NLOBK_MV_smallest,0.00291929,45,0.720693,0.10418,0.182695,0.0423927,0.552974
NLOBK_MV_smallest,0.00437894,45,0.649741,0.0912127,0.159264,0.0371189,0.497678
NLOBK_MV_smallest,0.00656841,45,0.586588,0.0798258,0.138597,0.032397,0.447244
NLOBK_MV_smallest,0.00985261,45,0.529913,0.0696859,0.120367,0.0282434,0.401319
NLOBK_MV_smallest,1e-05,15,1.9319,0.349686,0.533762,0.0973373,1.51946
NLOBK_MV_smallest,1.5e-05,15,1.78412,0.318748,0.482878,0.0883121,1.40156
NLOBK_MV_smallest,2.25e-05,15,1.64518,0.289844,0.435841,0.0798535,1.29108
NLOBK_MV_smallest,3.375e-05,15,1.51416,0.263189,0.392447,0.0721428,1.18769
NLOBK_MV_smallest,5.0625e-05,15,1.39186,0.238095,0.352543,0.0649439,1.09105
NLOBK_MV_smallest,7.59375e-05,15,1.27665,0.214589,0.315632,0.0583344,1.00085
NLOBK_MV_smallest,0.000113906,15,1.16873,0.192898,0.281651,0.0522411,0.916759
NLOBK_MV_smallest,0.000170859,15,1.06862,0.173072,0.25092,0.0466443,0.838479
NLOBK_MV_smallest,0.000256289,15,0.974823,0.154492,0.222634,0.0415312,0.765702
NLOBK_MV_smallest,0.000384434,15,0.888398,0.137669,0.19698,0.0368062,0.698137
NLOBK_MV_smallest,0.00057665,15,0.808488,0.122124,0.173833,0.0325723,0.635507
NLOBK_MV_smallest,0.000864976,15,0.735071,0.107987,0.152937,0.0287254,0.577534
NLOBK_MV_smallest,0.00129746,15,0.667705,0.0951467,0.134234,0.0252716,0.523955
NLOBK_MV_smallest,0.0019462,15,0.606159,0.0835572,0.117389,0.0221406,0.474513
NLOBK_MV_smallest,0.00291929,15,0.55067,0.0730835,0.102498,0.019368,0.428965
NLOBK_MV_smallest,0.00437894,15,0.500624,0.0637832,0.0894402,0.0169076,0.387074
NLOBK_MV_smallest,0.00656841,15,0.455992,0.0555531,0.0779057,0.0147116,0.348615
NLOBK_MV_smallest,0.00985261,15,0.416151,0.0482682,0.0677767,0.0127723,0.313368
NLOBK_MV_smallest,1e-05,27,2.34901,0.424792,0.746291,0.152915,1.81551
NLOBK_MV_smallest,1.5e-05,27,2.16337,0.386519,0.674779,0.138661,1.66947
NLOBK_MV_smallest,2.25e-05,27,1.98863,0.350856,0.608554,0.125352,1.5332
NLOBK_MV_smallest,3.375e-05,27,1.82515,0.317778,0.547837,0.113163,1.4062
NLOBK_MV_smallest,5.0625e-05,27,1.67245,0.28694,0.491588,0.101883,1.288
NLOBK_MV_smallest,7.59375e-05,27,1.52959,0.258496,0.439952,0.0915989,1.17813
NLOBK_MV_smallest,0.000113906,27,1.39654,0.232298,0.392629,0.0819469,1.07613
NLOBK_MV_smallest,0.000170859,27,1.2728,0.208147,0.34944,0.0732195,0.98157
NLOBK_MV_smallest,0.000256289,27,1.15774,0.185922,0.310344,0.0652474,0.894018
NLOBK_MV_smallest,0.000384434,27,1.05162,0.165504,0.27435,0.0579399,0.813069
NLOBK_MV_smallest,0.00057665,27,0.954175,0.147,0.242164,0.0512995,0.738338
NLOBK_MV_smallest,0.000864976,27,0.86457,0.129915,0.213128,0.0453216,0.669443
NLOBK_MV_smallest,0.00129746,27,0.782854,0.114703,0.187002,0.0398974,0.606025
NLOBK_MV_smallest,0.0019462,27,0.707838,0.100916,0.163513,0.0349579,0.547738
NLOBK_MV_smallest,0.00291929,27,0.640529,0.0884552,0.142733,0.0306191,0.494251
NLOBK_MV_smallest,0.00437894,27,0.57979,0.0773508,0.124333,0.0267713,0.445251
NLOBK_MV_smallest,0.00656841,27,0.525383,0.0674518,0.108345,0.0233621,0.400437
NLOBK_MV_smallest,0.00985261,27,0.476994,0.0587695,0.0942288,0.0203227,0.359521
