fit,x,Q2,F2 light,FL light,F2 charm,FL charm,F2_LO
NLOBK_MV_smallest,1e-05,4.5,1.23977,0.228004,0.225639,0.0261103,1.00233
NLOBK_MV_smallest,1.5e-05,4.5,1.15253,0.209087,0.204328,0.0237016,0.931733
NLOBK_MV_smallest,2.25e-05,4.5,1.06975,0.191191,0.184617,0.0214776,0.864926
NLOBK_MV_smallest,3.375e-05,4.5,0.991137,0.174373,0.166361,0.0194051,0.801783
NLOBK_MV_smallest,5.0625e-05,4.5,0.916367,0.158352,0.14948,0.017482,0.74218
NLOBK_MV_smallest,7.59375e-05,4.5,0.845907,0.143496,0.133891,0.0157075,0.685981
NLOBK_MV_smallest,0.000113906,4.5,0.779631,0.129618,0.119668,0.014061,0.633062
NLOBK_MV_smallest,0.000170859,4.5,0.717321,0.116598,0.106536,0.0125472,0.583304
NLOBK_MV_smallest,0.000256289,4.5,0.65879,0.104421,0.0946352,0.011171,0.536583
NLOBK_MV_smallest,0.000384434,4.5,0.604319,0.0932196,0.0838149,0.00990253,0.492774
NLOBK_MV_smallest,0.00057665,4.5,0.553746,0.0828255,0.0740437,0.00875638,0.451752
NLOBK_MV_smallest,0.000864976,4.5,0.50717,0.0733235,0.0652383,0.00772909,0.413393
NLOBK_MV_smallest,0.00129746,4.5,0.464332,0.0646221,0.0573367,0.00678553,0.377582
NLOBK_MV_smallest,0.0019462,4.5,0.425271,0.0567735,0.0503147,0.00595767,0.344199
NLOBK_MV_smallest,0.00291929,4.5,0.389869,0.0496647,0.0441114,0.00521454,0.313128
NLOBK_MV_smallest,0.00437894,4.5,0.358133,0.0433452,0.03867,0.00455961,0.284257
NLOBK_MV_smallest,0.00656841,4.5,0.329942,0.0377731,0.0338814,0.00397897,0.257476
NLOBK_MV_smallest,0.00985261,4.5,0.304939,0.0328973,0.0297628,0.00347645,0.232674
NLOBK_MV_smallest,1e-05,45,2.76503,0.502017,0.966607,0.211179,2.11102
NLOBK_MV_smallest,1.5e-05,45,2.53975,0.45595,0.873973,0.191574,1.93703
NLOBK_MV_smallest,2.25e-05,45,2.32961,0.413665,0.787679,0.173248,1.77523
NLOBK_MV_smallest,3.375e-05,45,2.13267,0.374486,0.708964,0.156366,1.62494
NLOBK_MV_smallest,5.0625e-05,45,1.94951,0.33802,0.635942,0.140693,1.48553
NLOBK_MV_smallest,7.59375e-05,45,1.77901,0.304049,0.568835,0.126431,1.35635
NLOBK_MV_smallest,0.000113906,45,1.62012,0.273226,0.508021,0.113302,1.23681
NLOBK_MV_smallest,0.000170859,45,1.47222,0.24485,0.452154,0.1012,1.12634
NLOBK_MV_smallest,0.000256289,45,1.33591,0.218727,0.40148,0.0904046,1.02438
NLOBK_MV_smallest,0.000384434,45,1.21157,0.195084,0.355582,0.0804116,0.930414
NLOBK_MV_smallest,0.00057665,45,1.09664,0.173402,0.31403,0.0713957,0.843922
NLOBK_MV_smallest,0.000864976,45,0.99128,0.153663,0.276553,0.063063,0.764412
NLOBK_MV_smallest,0.00129746,45,0.894365,0.135908,0.242823,0.055713,0.691435
NLOBK_MV_smallest,0.0019462,45,0.807243,0.119897,0.21257,0.0489753,0.624551
NLOBK_MV_smallest,0.00291929,45,0.728107,0.105422,0.186037,0.0430944,0.563337
NLOBK_MV_smallest,0.00437894,45,0.657096,0.0924494,0.162256,0.0377811,0.507399
NLOBK_MV_smallest,0.00656841,45,0.593477,0.0809601,0.141437,0.0329754,0.456365
NLOBK_MV_smallest,0.00985261,45,0.536635,0.0707463,0.1231,0.0288812,0.409873
NLOBK_MV_smallest,1e-05,15,1.94614,0.351726,0.538041,0.0983821,1.54119
NLOBK_MV_smallest,1.5e-05,15,1.79791,0.320451,0.486901,0.0892083,1.42164
NLOBK_MV_smallest,2.25e-05,15,1.65769,0.291662,0.439607,0.0807659,1.30964
NLOBK_MV_smallest,3.375e-05,15,1.52589,0.264646,0.396053,0.0730041,1.20486
NLOBK_MV_smallest,5.0625e-05,15,1.40239,0.239282,0.355676,0.0656796,1.10695
NLOBK_MV_smallest,7.59375e-05,15,1.28658,0.215995,0.318789,0.0590391,1.01556
NLOBK_MV_smallest,0.000113906,15,1.17818,0.194129,0.284756,0.0529212,0.930382
NLOBK_MV_smallest,0.000170859,15,1.07717,0.17405,0.253662,0.0472569,0.851103
NLOBK_MV_smallest,0.000256289,15,0.983156,0.155639,0.225363,0.0420761,0.77742
NLOBK_MV_smallest,0.000384434,15,0.896144,0.13866,0.199411,0.0373567,0.709031
NLOBK_MV_smallest,0.00057665,15,0.815868,0.123142,0.176193,0.0330448,0.645645
NLOBK_MV_smallest,0.000864976,15,0.742072,0.108932,0.155156,0.029183,0.586977
NLOBK_MV_smallest,0.00129746,15,0.67455,0.0960783,0.13624,0.0256975,0.532764
NLOBK_MV_smallest,0.0019462,15,0.612617,0.0844556,0.119377,0.0225491,0.482744
NLOBK_MV_smallest,0.00291929,15,0.556814,0.0739894,0.104386,0.0197411,0.436662
NLOBK_MV_smallest,0.00437894,15,0.506354,0.0645396,0.091128,0.0172386,0.394279
NLOBK_MV_smallest,0.00656841,15,0.461561,0.0563417,0.0795485,0.0150249,0.355366
NLOBK_MV_smallest,0.00985261,15,0.421435,0.0489968,0.0693493,0.0130999,0.319695
NLOBK_MV_smallest,1e-05,27,2.36478,0.426866,0.751752,0.15439,1.84008
NLOBK_MV_smallest,1.5e-05,27,2.17728,0.388341,0.679791,0.139956,1.69223
NLOBK_MV_smallest,2.25e-05,27,2.00152,0.352455,0.613548,0.126558,1.5543
NLOBK_MV_smallest,3.375e-05,27,1.8378,0.319568,0.552428,0.114323,1.42578
NLOBK_MV_smallest,5.0625e-05,27,1.68384,0.288555,0.49587,0.10293,1.30619
NLOBK_MV_smallest,7.59375e-05,27,1.54031,0.260045,0.444058,0.0924804,1.19502
NLOBK_MV_smallest,0.000113906,27,1.40688,0.233796,0.39657,0.0829057,1.09182
NLOBK_MV_smallest,0.000170859,27,1.28194,0.2095,0.353151,0.0740491,0.996154
NLOBK_MV_smallest,0.000256289,27,1.16652,0.187189,0.313774,0.0660574,0.907602
NLOBK_MV_smallest,0.000384434,27,1.06015,0.166815,0.277973,0.058672,0.82574
NLOBK_MV_smallest,0.00057665,27,0.962286,0.148205,0.245354,0.0519624,0.750166
NLOBK_MV_smallest,0.000864976,27,0.872544,0.131202,0.215885,0.0458951,0.680492
NLOBK_MV_smallest,0.00129746,27,0.790026,0.115795,0.189678,0.0404958,0.616359
NLOBK_MV_smallest,0.0019462,27,0.714998,0.101977,0.1662,0.0355974,0.557414
NLOBK_MV_smallest,0.00291929,27,0.647178,0.0894073,0.145237,0.0311715,0.503318
NLOBK_MV_smallest,0.00437894,27,0.586395,0.0784089,0.126748,0.0272998,0.45375
NLOBK_MV_smallest,0.00656841,27,0.531607,0.0684269,0.110591,0.0238137,0.408409
NLOBK_MV_smallest,0.00985261,27,0.482891,0.0596491,0.0962943,0.0207583,0.366997
