fit,x,Q2,F2 light,FL light,F2 charm,FL charm,F2_LO
NLOBK_MV_smallest,1e-05,4.5,1.22019,0.22418,0.235143,0.0286298,0.999055
NLOBK_MV_smallest,1.5e-05,4.5,1.13413,0.205506,0.213092,0.025995,0.928629
NLOBK_MV_smallest,2.25e-05,4.5,1.05269,0.188013,0.192654,0.0235503,0.861993
NLOBK_MV_smallest,3.375e-05,4.5,0.975345,0.171429,0.173711,0.0213037,0.799023
NLOBK_MV_smallest,5.0625e-05,4.5,0.901895,0.155746,0.156202,0.0192103,0.739591
NLOBK_MV_smallest,7.59375e-05,4.5,0.832553,0.14114,0.139949,0.0172665,0.683571
NLOBK_MV_smallest,0.000113906,4.5,0.767287,0.127427,0.125154,0.0154605,0.630828
NLOBK_MV_smallest,0.000170859,4.5,0.706018,0.114618,0.111554,0.0138098,0.581235
NLOBK_MV_smallest,0.000256289,4.5,0.648538,0.102752,0.0991295,0.0123034,0.534673
NLOBK_MV_smallest,0.000384434,4.5,0.595005,0.0917315,0.0878644,0.0109191,0.491017
NLOBK_MV_smallest,0.00057665,4.5,0.545277,0.0815434,0.0776859,0.00965729,0.450143
NLOBK_MV_smallest,0.000864976,4.5,0.49949,0.0722103,0.0684574,0.00851597,0.411932
NLOBK_MV_smallest,0.00129746,4.5,0.457372,0.0636481,0.0602575,0.00749786,0.376263
NLOBK_MV_smallest,0.0019462,4.5,0.418899,0.0559269,0.0529243,0.00658334,0.343019
NLOBK_MV_smallest,0.00291929,4.5,0.38413,0.0489532,0.0464126,0.00576491,0.312082
NLOBK_MV_smallest,0.00437894,4.5,0.352926,0.0427411,0.0406889,0.00504163,0.283338
NLOBK_MV_smallest,0.00656841,4.5,0.325201,0.0372787,0.0356793,0.00440256,0.256679
NLOBK_MV_smallest,0.00985261,4.5,0.300574,0.0324823,0.0313322,0.00384765,0.231996
NLOBK_MV_smallest,1e-05,45,2.71832,0.493429,0.97095,0.213328,2.09549
NLOBK_MV_smallest,1.5e-05,45,2.49705,0.44855,0.877707,0.193275,1.92302
NLOBK_MV_smallest,2.25e-05,45,2.29071,0.406737,0.791752,0.175082,1.76262
NLOBK_MV_smallest,3.375e-05,45,2.0964,0.367721,0.712167,0.157915,1.61364
NLOBK_MV_smallest,5.0625e-05,45,1.91662,0.33217,0.639589,0.142236,1.47543
NLOBK_MV_smallest,7.59375e-05,45,1.74939,0.299273,0.57235,0.127905,1.34737
NLOBK_MV_smallest,0.000113906,45,1.59348,0.269005,0.511054,0.114674,1.22885
NLOBK_MV_smallest,0.000170859,45,1.44884,0.241076,0.455454,0.102493,1.11931
NLOBK_MV_smallest,0.000256289,45,1.31499,0.215626,0.404263,0.0914093,1.01818
NLOBK_MV_smallest,0.000384434,45,1.19249,0.192185,0.357997,0.081335,0.92496
NLOBK_MV_smallest,0.00057665,45,1.07937,0.170797,0.316605,0.0723112,0.83915
NLOBK_MV_smallest,0.000864976,45,0.976034,0.151537,0.278591,0.0639676,0.760269
NLOBK_MV_smallest,0.00129746,45,0.88086,0.13401,0.244825,0.0564665,0.687858
NLOBK_MV_smallest,0.0019462,45,0.794962,0.118273,0.214809,0.0497404,0.62148
NLOBK_MV_smallest,0.00291929,45,0.717285,0.10405,0.187663,0.0437365,0.560724
NLOBK_MV_smallest,0.00437894,45,0.647531,0.0912124,0.163821,0.0384132,0.505196
NLOBK_MV_smallest,0.00656841,45,0.585063,0.0799931,0.142689,0.0335616,0.45453
NLOBK_MV_smallest,0.00985261,45,0.529132,0.0699658,0.124384,0.0293299,0.408368
NLOBK_MV_smallest,1e-05,15,1.91444,0.345697,0.548359,0.102479,1.53362
NLOBK_MV_smallest,1.5e-05,15,1.76804,0.315206,0.496643,0.0929779,1.41472
NLOBK_MV_smallest,2.25e-05,15,1.6302,0.28674,0.448444,0.0842071,1.30334
NLOBK_MV_smallest,3.375e-05,15,1.5002,0.259861,0.40436,0.0760724,1.19914
NLOBK_MV_smallest,5.0625e-05,15,1.37935,0.235339,0.363116,0.0684577,1.10177
NLOBK_MV_smallest,7.59375e-05,15,1.26532,0.212219,0.325699,0.0616517,1.01091
NLOBK_MV_smallest,0.000113906,15,1.15904,0.190943,0.291044,0.0552062,0.926228
NLOBK_MV_smallest,0.000170859,15,1.05989,0.171345,0.259352,0.0493678,0.847394
NLOBK_MV_smallest,0.000256289,15,0.967391,0.153169,0.230605,0.0439574,0.774114
NLOBK_MV_smallest,0.000384434,15,0.881951,0.136498,0.204167,0.0390405,0.706098
NLOBK_MV_smallest,0.00057665,15,0.803105,0.12123,0.18042,0.0345862,0.643056
NLOBK_MV_smallest,0.000864976,15,0.730598,0.107285,0.158982,0.0305434,0.584712
NLOBK_MV_smallest,0.00129746,15,0.664164,0.0946737,0.13961,0.026868,0.530796
NLOBK_MV_smallest,0.0019462,15,0.603329,0.0831973,0.122443,0.0236253,0.481048
NLOBK_MV_smallest,0.00291929,15,0.548431,0.0729208,0.107172,0.0206813,0.435217
NLOBK_MV_smallest,0.00437894,15,0.498985,0.0637201,0.0936426,0.018093,0.393062
NLOBK_MV_smallest,0.00656841,15,0.454859,0.055609,0.0817147,0.0157641,0.354358
NLOBK_MV_smallest,0.00985261,15,0.415372,0.0484069,0.0713083,0.0137397,0.318879
NLOBK_MV_smallest,1e-05,27,2.32498,0.419533,0.759479,0.157719,1.82856
NLOBK_MV_smallest,1.5e-05,27,2.14071,0.381953,0.687101,0.143044,1.6818
NLOBK_MV_smallest,2.25e-05,27,1.96844,0.346927,0.620645,0.12954,1.54488
NLOBK_MV_smallest,3.375e-05,27,1.80719,0.314212,0.558571,0.116953,1.41729
NLOBK_MV_smallest,5.0625e-05,27,1.65605,0.283927,0.501829,0.105393,1.29856
NLOBK_MV_smallest,7.59375e-05,27,1.51535,0.255999,0.449661,0.094666,1.18821
NLOBK_MV_smallest,0.000113906,27,1.38356,0.229889,0.40178,0.0849449,1.08578
NLOBK_MV_smallest,0.000170859,27,1.26103,0.206123,0.357775,0.0758865,0.9908
NLOBK_MV_smallest,0.000256289,27,1.1476,0.184272,0.318044,0.0676494,0.902861
NLOBK_MV_smallest,0.000384434,27,1.04319,0.1642,0.282003,0.0601913,0.82156
NLOBK_MV_smallest,0.00057665,27,0.947186,0.145928,0.248777,0.0532751,0.7465
NLOBK_MV_smallest,0.000864976,27,0.85895,0.129273,0.219337,0.047127,0.677303
NLOBK_MV_smallest,0.00129746,27,0.777879,0.114138,0.19285,0.0416236,0.613601
NLOBK_MV_smallest,0.0019462,27,0.704135,0.100545,0.168762,0.0366015,0.555046
NLOBK_MV_smallest,0.00291929,27,0.637513,0.0882295,0.147731,0.0320822,0.501304
NLOBK_MV_smallest,0.00437894,27,0.577643,0.0772623,0.128959,0.028075,0.452056
NLOBK_MV_smallest,0.00656841,27,0.524012,0.0676299,0.112551,0.0245645,0.407003
NLOBK_MV_smallest,0.00985261,27,0.476058,0.0589657,0.0980386,0.0213721,0.365853
