fit,x,Q2,F2 light,FL light,F2 charm,FL charm,F2_LO
NLOBK_MV_smallest,1e-05,4.5,1.23893,0.228998,0.217112,0.0240582,0.989686
NLOBK_MV_smallest,1.5e-05,4.5,1.15223,0.210148,0.1966,0.021833,0.920344
NLOBK_MV_smallest,2.25e-05,4.5,1.06979,0.192365,0.177633,0.0197844,0.854683
NLOBK_MV_smallest,3.375e-05,4.5,0.991338,0.175401,0.159998,0.0178611,0.792582
NLOBK_MV_smallest,5.0625e-05,4.5,0.916913,0.159474,0.143684,0.0160949,0.733927
NLOBK_MV_smallest,7.59375e-05,4.5,0.846462,0.144493,0.128754,0.0144574,0.678597
NLOBK_MV_smallest,0.000113906,4.5,0.78016,0.130541,0.11494,0.0129388,0.626465
NLOBK_MV_smallest,0.000170859,4.5,0.717858,0.117454,0.102316,0.0115478,0.577415
NLOBK_MV_smallest,0.000256289,4.5,0.659406,0.105294,0.0908223,0.010267,0.531326
NLOBK_MV_smallest,0.000384434,4.5,0.604845,0.0939639,0.080418,0.00910843,0.488081
NLOBK_MV_smallest,0.00057665,4.5,0.554183,0.083514,0.0709842,0.00805061,0.44756
NLOBK_MV_smallest,0.000864976,4.5,0.507477,0.0739423,0.0625182,0.0070937,0.409644
NLOBK_MV_smallest,0.00129746,4.5,0.464496,0.0651515,0.0549322,0.00623091,0.374222
NLOBK_MV_smallest,0.0019462,4.5,0.425284,0.0572178,0.0481714,0.00546224,0.34118
NLOBK_MV_smallest,0.00291929,4.5,0.389802,0.0500435,0.0421756,0.00477931,0.310405
NLOBK_MV_smallest,0.00437894,4.5,0.357984,0.0436605,0.0369584,0.00417782,0.281791
NLOBK_MV_smallest,0.00656841,4.5,0.329714,0.0380323,0.0323762,0.00364565,0.255231
NLOBK_MV_smallest,0.00985261,4.5,0.30464,0.0330975,0.0283855,0.00318298,0.230623
NLOBK_MV_smallest,1e-05,45,2.7832,0.506764,0.960246,0.208642,2.10207
NLOBK_MV_smallest,1.5e-05,45,2.55624,0.460224,0.867636,0.188982,1.92891
NLOBK_MV_smallest,2.25e-05,45,2.34528,0.417618,0.782047,0.170904,1.76785
NLOBK_MV_smallest,3.375e-05,45,2.14772,0.378028,0.703523,0.154253,1.6182
NLOBK_MV_smallest,5.0625e-05,45,1.96275,0.341273,0.631291,0.138843,1.47935
NLOBK_MV_smallest,7.59375e-05,45,1.79102,0.307079,0.564878,0.12477,1.35068
NLOBK_MV_smallest,0.000113906,45,1.63171,0.276062,0.50378,0.111748,1.23158
NLOBK_MV_smallest,0.000170859,45,1.48274,0.247318,0.448778,0.0999124,1.1215
NLOBK_MV_smallest,0.000256289,45,1.34547,0.220997,0.398294,0.089047,1.01988
NLOBK_MV_smallest,0.000384434,45,1.2198,0.197035,0.352525,0.0792475,0.926196
NLOBK_MV_smallest,0.00057665,45,1.10404,0.175153,0.311082,0.0702898,0.839947
NLOBK_MV_smallest,0.000864976,45,0.997637,0.155157,0.273825,0.0621854,0.760656
NLOBK_MV_smallest,0.00129746,45,0.900076,0.137069,0.240412,0.0547911,0.687868
NLOBK_MV_smallest,0.0019462,45,0.811483,0.120921,0.210471,0.04831,0.62115
NLOBK_MV_smallest,0.00291929,45,0.731747,0.106197,0.184117,0.0423418,0.560086
NLOBK_MV_smallest,0.00437894,45,0.659842,0.0931353,0.160203,0.0371847,0.504283
NLOBK_MV_smallest,0.00656841,45,0.595744,0.0814613,0.139599,0.0324695,0.45337
NLOBK_MV_smallest,0.00985261,45,0.538258,0.0711183,0.121247,0.0282977,0.406995
NLOBK_MV_smallest,1e-05,15,1.95352,0.354405,0.527511,0.0945389,1.52841
NLOBK_MV_smallest,1.5e-05,15,1.80457,0.323213,0.477174,0.0857747,1.41013
NLOBK_MV_smallest,2.25e-05,15,1.66447,0.294188,0.430801,0.0776198,1.29929
NLOBK_MV_smallest,3.375e-05,15,1.53178,0.266773,0.387978,0.0701055,1.19553
NLOBK_MV_smallest,5.0625e-05,15,1.40822,0.241456,0.348461,0.0631418,1.09854
NLOBK_MV_smallest,7.59375e-05,15,1.29205,0.217952,0.312138,0.056695,1.00799
NLOBK_MV_smallest,0.000113906,15,1.18329,0.195964,0.278782,0.0508348,0.923566
NLOBK_MV_smallest,0.000170859,15,1.0819,0.175678,0.248428,0.0454173,0.844955
NLOBK_MV_smallest,0.000256289,15,0.987503,0.157217,0.220432,0.0404074,0.771859
NLOBK_MV_smallest,0.000384434,15,0.899969,0.140016,0.195107,0.0358656,0.703986
NLOBK_MV_smallest,0.00057665,15,0.818983,0.124211,0.172196,0.0317086,0.641051
NLOBK_MV_smallest,0.000864976,15,0.744908,0.109974,0.151563,0.0279903,0.582782
NLOBK_MV_smallest,0.00129746,15,0.676863,0.0968967,0.133058,0.0246142,0.528916
NLOBK_MV_smallest,0.0019462,15,0.614461,0.0851238,0.116528,0.0215827,0.479199
NLOBK_MV_smallest,0.00291929,15,0.558284,0.0745273,0.101772,0.0189081,0.433383
NLOBK_MV_smallest,0.00437894,15,0.507629,0.0650665,0.0887714,0.0164827,0.391232
NLOBK_MV_smallest,0.00656841,15,0.46235,0.0566666,0.0774172,0.014378,0.35252
NLOBK_MV_smallest,0.00985261,15,0.421972,0.0492508,0.067499,0.0125176,0.317031
NLOBK_MV_smallest,1e-05,27,2.37699,0.430594,0.742885,0.150712,1.82899
NLOBK_MV_smallest,1.5e-05,27,2.18944,0.391989,0.671867,0.136819,1.68223
NLOBK_MV_smallest,2.25e-05,27,2.0127,0.356066,0.606076,0.123658,1.54527
NLOBK_MV_smallest,3.375e-05,27,1.84815,0.322495,0.545193,0.111541,1.41761
NLOBK_MV_smallest,5.0625e-05,27,1.69413,0.291713,0.489509,0.100497,1.29877
NLOBK_MV_smallest,7.59375e-05,27,1.5492,0.262545,0.438091,0.0903331,1.18829
NLOBK_MV_smallest,0.000113906,27,1.41478,0.236105,0.391261,0.0808733,1.08571
NLOBK_MV_smallest,0.000170859,27,1.2896,0.211598,0.348496,0.0723347,0.990589
NLOBK_MV_smallest,0.000256289,27,1.17325,0.189044,0.309323,0.0644028,0.902507
NLOBK_MV_smallest,0.000384434,27,1.06612,0.16842,0.273965,0.0572516,0.821053
NLOBK_MV_smallest,0.00057665,27,0.96724,0.14951,0.241667,0.0506894,0.745833
NLOBK_MV_smallest,0.000864976,27,0.876892,0.132317,0.212734,0.0447518,0.676472
NLOBK_MV_smallest,0.00129746,27,0.794061,0.116905,0.1868,0.0394316,0.612611
NLOBK_MV_smallest,0.0019462,27,0.718069,0.102807,0.163444,0.0346229,0.553904
NLOBK_MV_smallest,0.00291929,27,0.649745,0.0901608,0.142878,0.0303829,0.500016
NLOBK_MV_smallest,0.00437894,27,0.58828,0.078846,0.124578,0.0265538,0.450634
NLOBK_MV_smallest,0.00656841,27,0.533116,0.0688437,0.108482,0.0231407,0.405455
NLOBK_MV_smallest,0.00985261,27,0.483972,0.0600217,0.0944348,0.0201923,0.364194
