NLOBK_MVgamma_parent,1e-05,4.5,1.13572,0.253304,0.234107,0.0256902,1.56847
NLOBK_MVgamma_parent,1.5e-05,4.5,1.07714,0.239216,0.216045,0.0238474,1.49759
NLOBK_MVgamma_parent,2.25e-05,4.5,1.02078,0.225434,0.198871,0.0220864,1.42908
NLOBK_MVgamma_parent,3.375e-05,4.5,0.966981,0.212144,0.182433,0.0203778,1.3629
NLOBK_MVgamma_parent,5.0625e-05,4.5,0.914613,0.19925,0.166788,0.018756,1.29899
NLOBK_MVgamma_parent,7.59375e-05,4.5,0.863706,0.186646,0.151958,0.0172097,1.23728
NLOBK_MVgamma_parent,0.000113906,4.5,0.815361,0.174485,0.137707,0.0156977,1.17771
NLOBK_MVgamma_parent,0.000170859,4.5,0.768696,0.162754,0.12416,0.0142682,1.12022
NLOBK_MVgamma_parent,0.000256289,4.5,0.724051,0.151346,0.111377,0.0129178,1.06476
NLOBK_MVgamma_parent,0.000384434,4.5,0.681369,0.140251,0.0994585,0.0116262,1.01128
NLOBK_MVgamma_parent,0.00057665,4.5,0.64111,0.129704,0.0880323,0.010394,0.959718
NLOBK_MVgamma_parent,0.000864976,4.5,0.602104,0.119419,0.0774535,0.00922048,0.910019
NLOBK_MVgamma_parent,0.00129746,4.5,0.566001,0.10955,0.0675711,0.00811782,0.862124
NLOBK_MVgamma_parent,0.0019462,4.5,0.532075,0.1001,0.0584281,0.00709111,0.815979
NLOBK_MVgamma_parent,0.00291929,4.5,0.501066,0.0912348,0.0500533,0.00613262,0.771539
NLOBK_MVgamma_parent,0.00437894,4.5,0.473151,0.0828026,0.042457,0.0052421,0.728757
NLOBK_MVgamma_parent,0.00656841,4.5,0.447965,0.0749605,0.0356779,0.0044381,0.687589
NLOBK_MVgamma_parent,0.00985261,4.5,0.425973,0.0676653,0.0296819,0.00370018,0.647972
NLOBK_MVgamma_parent,1e-05,45.0,2.53212,0.547598,1.02174,0.221694,3.28648
NLOBK_MVgamma_parent,1.5e-05,45.0,2.35569,0.506297,0.938157,0.204165,3.07828
NLOBK_MVgamma_parent,2.25e-05,45.0,2.18442,0.468242,0.858543,0.187621,2.88024
NLOBK_MVgamma_parent,3.375e-05,45.0,2.02456,0.431561,0.784336,0.172043,2.69193
NLOBK_MVgamma_parent,5.0625e-05,45.0,1.87156,0.396431,0.713177,0.157266,2.51303
NLOBK_MVgamma_parent,7.59375e-05,45.0,1.7239,0.36295,0.646859,0.143364,2.34319
NLOBK_MVgamma_parent,0.000113906,45.0,1.58596,0.331622,0.58312,0.130058,2.18207
NLOBK_MVgamma_parent,0.000170859,45.0,1.45691,0.301849,0.523973,0.117504,2.02933
NLOBK_MVgamma_parent,0.000256289,45.0,1.33191,0.273299,0.468247,0.105633,1.88466
NLOBK_MVgamma_parent,0.000384434,45.0,1.21594,0.247024,0.415729,0.0945955,1.74776
NLOBK_MVgamma_parent,0.00057665,45.0,1.10681,0.221576,0.366753,0.0840668,1.61831
NLOBK_MVgamma_parent,0.000864976,45.0,1.00404,0.19794,0.321167,0.0743733,1.49602
NLOBK_MVgamma_parent,0.00129746,45.0,0.909342,0.175962,0.278532,0.0653506,1.38061
NLOBK_MVgamma_parent,0.0019462,45.0,0.819759,0.155204,0.239031,0.0569649,1.2718
NLOBK_MVgamma_parent,0.00291929,45.0,0.737934,0.136143,0.202804,0.0489405,1.16935
NLOBK_MVgamma_parent,0.00437894,45.0,0.662224,0.118088,0.169787,0.0417486,1.073
NLOBK_MVgamma_parent,0.00656841,45.0,0.595753,0.10166,0.139733,0.0351445,0.98253
NLOBK_MVgamma_parent,0.00985261,45.0,0.535754,0.0866784,0.113206,0.0292349,0.89768
NLOBK_MVgamma_parent,1e-05,15.0,1.78505,0.39047,0.566853,0.101478,2.42299
NLOBK_MVgamma_parent,1.5e-05,15.0,1.67466,0.364052,0.522263,0.0938996,2.289
NLOBK_MVgamma_parent,2.25e-05,15.0,1.56936,0.339035,0.480136,0.0867511,2.16054
NLOBK_MVgamma_parent,3.375e-05,15.0,1.46788,0.315138,0.439978,0.0798646,2.03744
NLOBK_MVgamma_parent,5.0625e-05,15.0,1.3702,0.291785,0.401533,0.0732803,1.91954
NLOBK_MVgamma_parent,7.59375e-05,15.0,1.27719,0.269609,0.365052,0.0669617,1.80667
NLOBK_MVgamma_parent,0.000113906,15.0,1.18797,0.248316,0.330772,0.0609824,1.69867
NLOBK_MVgamma_parent,0.000170859,15.0,1.10285,0.227903,0.298237,0.0553222,1.59538
NLOBK_MVgamma_parent,0.000256289,15.0,1.02264,0.208496,0.267121,0.0499242,1.49666
NLOBK_MVgamma_parent,0.000384434,15.0,0.945256,0.18988,0.238264,0.0448534,1.40236
NLOBK_MVgamma_parent,0.00057665,15.0,0.873221,0.172056,0.210897,0.0399964,1.31233
NLOBK_MVgamma_parent,0.000864976,15.0,0.804417,0.155226,0.185231,0.0354496,1.22643
NLOBK_MVgamma_parent,0.00129746,15.0,0.739936,0.139103,0.161272,0.0311762,1.14453
NLOBK_MVgamma_parent,0.0019462,15.0,0.680414,0.12406,0.13924,0.0271638,1.06648
NLOBK_MVgamma_parent,0.00291929,15.0,0.62524,0.109851,0.118795,0.0234653,0.992159
NLOBK_MVgamma_parent,0.00437894,15.0,0.574054,0.0963899,0.100278,0.0199748,0.921464
NLOBK_MVgamma_parent,0.00656841,15.0,0.528346,0.0840286,0.0832553,0.0167735,0.854277
NLOBK_MVgamma_parent,0.00985261,15.0,0.487833,0.0726161,0.0681858,0.0139674,0.790467
NLOBK_MVgamma_parent,1e-05,27.0,2.16829,0.470698,0.794949,0.161504,2.88263
NLOBK_MVgamma_parent,1.5e-05,27.0,2.02367,0.437127,0.73095,0.149019,2.71039
NLOBK_MVgamma_parent,2.25e-05,27.0,1.88646,0.404999,0.670859,0.137223,2.54595
NLOBK_MVgamma_parent,3.375e-05,27.0,1.75502,0.374136,0.613328,0.125944,2.38903
NLOBK_MVgamma_parent,5.0625e-05,27.0,1.62918,0.345358,0.559174,0.115335,2.23939
NLOBK_MVgamma_parent,7.59375e-05,27.0,1.50988,0.317458,0.507702,0.105226,2.09678
NLOBK_MVgamma_parent,0.000113906,27.0,1.39578,0.290881,0.4589,0.0957822,1.96094
NLOBK_MVgamma_parent,0.000170859,27.0,1.28778,0.265467,0.413153,0.0866518,1.83165
NLOBK_MVgamma_parent,0.000256289,27.0,1.18565,0.24149,0.369676,0.0781155,1.70866
NLOBK_MVgamma_parent,0.000384434,27.0,1.08862,0.218939,0.328888,0.0700263,1.59178
NLOBK_MVgamma_parent,0.00057665,27.0,0.996745,0.197368,0.290573,0.0623994,1.48077
NLOBK_MVgamma_parent,0.000864976,27.0,0.911752,0.17699,0.254882,0.0551883,1.37543
NLOBK_MVgamma_parent,0.00129746,27.0,0.831229,0.157681,0.221716,0.0485079,1.27553
NLOBK_MVgamma_parent,0.0019462,27.0,0.756555,0.139765,0.190828,0.0422706,1.18088
NLOBK_MVgamma_parent,0.00291929,27.0,0.687211,0.122853,0.16246,0.0363901,1.09131
NLOBK_MVgamma_parent,0.00437894,27.0,0.623881,0.107084,0.136531,0.0310173,1.00663
NLOBK_MVgamma_parent,0.00656841,27.0,0.566591,0.0924778,0.112975,0.0261376,0.926678
NLOBK_MVgamma_parent,0.00985261,27.0,0.51578,0.0791235,0.0920128,0.0216692,0.851265
