NLOBK_MVgamma_parent,1e-05,4.5,1.13215,0.249701,0.228571,0.0251732,1.53652
NLOBK_MVgamma_parent,1.5e-05,4.5,1.07259,0.235411,0.211041,0.0233713,1.46464
NLOBK_MVgamma_parent,2.25e-05,4.5,1.01487,0.221618,0.194426,0.0216256,1.39532
NLOBK_MVgamma_parent,3.375e-05,4.5,0.958717,0.208127,0.178342,0.0199732,1.32849
NLOBK_MVgamma_parent,5.0625e-05,4.5,0.905095,0.195275,0.163326,0.0183968,1.2641
NLOBK_MVgamma_parent,7.59375e-05,4.5,0.853131,0.18254,0.148792,0.0168682,1.20207
NLOBK_MVgamma_parent,0.000113906,4.5,0.803797,0.170607,0.135151,0.0154228,1.14233
NLOBK_MVgamma_parent,0.000170859,4.5,0.756025,0.158834,0.122109,0.0140444,1.08483
NLOBK_MVgamma_parent,0.000256289,4.5,0.709833,0.147439,0.10982,0.0127384,1.0295
NLOBK_MVgamma_parent,0.000384434,4.5,0.666494,0.136544,0.0983019,0.0114922,0.976285
NLOBK_MVgamma_parent,0.00057665,4.5,0.624832,0.126086,0.0874615,0.0102979,0.925108
NLOBK_MVgamma_parent,0.000864976,4.5,0.585992,0.115997,0.0773371,0.0091745,0.875911
NLOBK_MVgamma_parent,0.00129746,4.5,0.549337,0.106343,0.0679427,0.00812981,0.828635
NLOBK_MVgamma_parent,0.0019462,4.5,0.515008,0.0971501,0.0592619,0.00714358,0.783225
NLOBK_MVgamma_parent,0.00291929,4.5,0.483546,0.0884563,0.0512925,0.0062359,0.739626
NLOBK_MVgamma_parent,0.00437894,4.5,0.454868,0.0802645,0.0441651,0.00539107,0.697779
NLOBK_MVgamma_parent,0.00656841,4.5,0.429642,0.07268,0.0377623,0.00462799,0.657627
NLOBK_MVgamma_parent,0.00985261,4.5,0.407708,0.0657224,0.0320873,0.00393537,0.619118
NLOBK_MVgamma_parent,1e-05,45.0,2.47663,0.530837,0.990759,0.214634,3.20238
NLOBK_MVgamma_parent,1.5e-05,45.0,2.30082,0.490826,0.910658,0.198168,2.99811
NLOBK_MVgamma_parent,2.25e-05,45.0,2.13582,0.453938,0.834906,0.182243,2.80404
NLOBK_MVgamma_parent,3.375e-05,45.0,1.97549,0.418141,0.762355,0.166962,2.61979
NLOBK_MVgamma_parent,5.0625e-05,45.0,1.82593,0.384122,0.69422,0.152504,2.44497
NLOBK_MVgamma_parent,7.59375e-05,45.0,1.68328,0.352198,0.630002,0.139225,2.27921
NLOBK_MVgamma_parent,0.000113906,45.0,1.54845,0.321771,0.569099,0.126514,2.12213
NLOBK_MVgamma_parent,0.000170859,45.0,1.419,0.292955,0.512155,0.114508,1.97341
NLOBK_MVgamma_parent,0.000256289,45.0,1.29951,0.265867,0.458239,0.103094,1.83272
NLOBK_MVgamma_parent,0.000384434,45.0,1.18675,0.240485,0.408986,0.0926361,1.69973
NLOBK_MVgamma_parent,0.00057665,45.0,1.07851,0.215997,0.36131,0.0825579,1.57412
NLOBK_MVgamma_parent,0.000864976,45.0,0.979647,0.193585,0.317549,0.0731994,1.45558
NLOBK_MVgamma_parent,0.00129746,45.0,0.885556,0.172184,0.277109,0.0643406,1.34382
NLOBK_MVgamma_parent,0.0019462,45.0,0.799618,0.152332,0.239499,0.0562776,1.23856
NLOBK_MVgamma_parent,0.00291929,45.0,0.719791,0.133893,0.204708,0.0487585,1.13954
NLOBK_MVgamma_parent,0.00437894,45.0,0.646614,0.116927,0.173046,0.0417826,1.04649
NLOBK_MVgamma_parent,0.00656841,45.0,0.581522,0.101079,0.144736,0.0355371,0.959162
NLOBK_MVgamma_parent,0.00985261,45.0,0.523001,0.0867534,0.119343,0.0297662,0.877303
NLOBK_MVgamma_parent,1e-05,15.0,1.75876,0.380188,0.551577,0.0989191,2.36575
NLOBK_MVgamma_parent,1.5e-05,15.0,1.64825,0.35462,0.508486,0.0915493,2.23278
NLOBK_MVgamma_parent,2.25e-05,15.0,1.54308,0.330025,0.467643,0.0844729,2.10554
NLOBK_MVgamma_parent,3.375e-05,15.0,1.44176,0.306286,0.428823,0.0778003,1.98383
NLOBK_MVgamma_parent,5.0625e-05,15.0,1.34499,0.28373,0.3916,0.0714493,1.86747
NLOBK_MVgamma_parent,7.59375e-05,15.0,1.25154,0.262202,0.356712,0.0653588,1.75628
NLOBK_MVgamma_parent,0.000113906,15.0,1.16364,0.241581,0.323635,0.0596231,1.65008
NLOBK_MVgamma_parent,0.000170859,15.0,1.07982,0.221744,0.291963,0.0541562,1.5487
NLOBK_MVgamma_parent,0.000256289,15.0,1.00001,0.202822,0.262571,0.0489266,1.45201
NLOBK_MVgamma_parent,0.000384434,15.0,0.923506,0.184843,0.234464,0.04402,1.35981
NLOBK_MVgamma_parent,0.00057665,15.0,0.851734,0.167784,0.208534,0.0393802,1.27196
NLOBK_MVgamma_parent,0.000864976,15.0,0.784588,0.151602,0.183897,0.0350203,1.1883
NLOBK_MVgamma_parent,0.00129746,15.0,0.721189,0.136157,0.160969,0.030971,1.10868
NLOBK_MVgamma_parent,0.0019462,15.0,0.662215,0.12172,0.139928,0.0271047,1.03296
NLOBK_MVgamma_parent,0.00291929,15.0,0.607857,0.108,0.120659,0.0235476,0.96101
NLOBK_MVgamma_parent,0.00437894,15.0,0.557521,0.0952332,0.102875,0.020231,0.892698
NLOBK_MVgamma_parent,0.00656841,15.0,0.512541,0.0835094,0.0868448,0.0172236,0.827886
NLOBK_MVgamma_parent,0.00985261,15.0,0.473064,0.0726285,0.0723972,0.0144764,0.766449
NLOBK_MVgamma_parent,1e-05,27.0,2.12654,0.456974,0.771993,0.15669,2.8112
NLOBK_MVgamma_parent,1.5e-05,27.0,1.98484,0.424211,0.710896,0.144884,2.64144
NLOBK_MVgamma_parent,2.25e-05,27.0,1.84795,0.393093,0.652263,0.133472,2.47962
NLOBK_MVgamma_parent,3.375e-05,27.0,1.71745,0.363334,0.597199,0.122419,2.32545
NLOBK_MVgamma_parent,5.0625e-05,27.0,1.59496,0.335181,0.544572,0.112204,2.17865
NLOBK_MVgamma_parent,7.59375e-05,27.0,1.47595,0.308211,0.495223,0.102535,2.03896
NLOBK_MVgamma_parent,0.000113906,27.0,1.36366,0.28238,0.448327,0.0932762,1.9061
NLOBK_MVgamma_parent,0.000170859,27.0,1.25775,0.257915,0.404008,0.0845439,1.77983
NLOBK_MVgamma_parent,0.000256289,27.0,1.15737,0.23495,0.362651,0.0763612,1.65993
NLOBK_MVgamma_parent,0.000384434,27.0,1.06315,0.21327,0.323407,0.0686193,1.54613
NLOBK_MVgamma_parent,0.00057665,27.0,0.973075,0.192545,0.286714,0.0612369,1.43821
NLOBK_MVgamma_parent,0.000864976,27.0,0.888438,0.172798,0.252528,0.0543051,1.33593
NLOBK_MVgamma_parent,0.00129746,27.0,0.809661,0.154296,0.220765,0.0479591,1.23908
NLOBK_MVgamma_parent,0.0019462,27.0,0.737143,0.137086,0.191257,0.041915,1.14746
NLOBK_MVgamma_parent,0.00291929,27.0,0.669443,0.120819,0.163964,0.0363541,1.06088
NLOBK_MVgamma_parent,0.00437894,27.0,0.607006,0.105831,0.139629,0.0312044,0.979124
NLOBK_MVgamma_parent,0.00656841,27.0,0.551447,0.0919992,0.117121,0.0264818,0.902013
NLOBK_MVgamma_parent,0.00985261,27.0,0.502001,0.0791754,0.0972191,0.0222081,0.829361
