NLOBK_MVgamma_parent,1e-05,4.5,1.15462,0.256763,0.235634,0.025787,1.56354
NLOBK_MVgamma_parent,1.5e-05,4.5,1.0935,0.241843,0.217228,0.0239216,1.49005
NLOBK_MVgamma_parent,2.25e-05,4.5,1.03391,0.227705,0.200057,0.0221331,1.41917
NLOBK_MVgamma_parent,3.375e-05,4.5,0.976488,0.213791,0.183503,0.0204382,1.35084
NLOBK_MVgamma_parent,5.0625e-05,4.5,0.921162,0.200519,0.167764,0.0187992,1.28499
NLOBK_MVgamma_parent,7.59375e-05,4.5,0.868025,0.187445,0.152782,0.0172242,1.22155
NLOBK_MVgamma_parent,0.000113906,4.5,0.817277,0.175048,0.13856,0.0157313,1.16046
NLOBK_MVgamma_parent,0.000170859,4.5,0.768218,0.162892,0.125113,0.0143135,1.10165
NLOBK_MVgamma_parent,0.000256289,4.5,0.721572,0.151295,0.11237,0.0129547,1.04506
NLOBK_MVgamma_parent,0.000384434,4.5,0.6768,0.139969,0.100418,0.0116759,0.990612
NLOBK_MVgamma_parent,0.00057665,4.5,0.634376,0.12913,0.0891848,0.0104465,0.938266
NLOBK_MVgamma_parent,0.000864976,4.5,0.59432,0.118697,0.0786699,0.00930562,0.887941
NLOBK_MVgamma_parent,0.00129746,4.5,0.556491,0.108719,0.0688467,0.00822103,0.839583
NLOBK_MVgamma_parent,0.0019462,4.5,0.521533,0.0992087,0.0599202,0.00719958,0.793139
NLOBK_MVgamma_parent,0.00291929,4.5,0.489224,0.0902083,0.0516507,0.00625491,0.748544
NLOBK_MVgamma_parent,0.00437894,4.5,0.46021,0.0817877,0.044185,0.0053916,0.705737
NLOBK_MVgamma_parent,0.00656841,4.5,0.43405,0.0738899,0.0375579,0.00460212,0.66466
NLOBK_MVgamma_parent,0.00985261,4.5,0.411405,0.0666496,0.0317003,0.00389408,0.625261
NLOBK_MVgamma_parent,1e-05,45.0,2.55938,0.553658,1.02991,0.223516,3.28724
NLOBK_MVgamma_parent,1.5e-05,45.0,2.37628,0.512306,0.945773,0.206089,3.07552
NLOBK_MVgamma_parent,2.25e-05,45.0,2.20237,0.472992,0.866056,0.189343,2.87444
NLOBK_MVgamma_parent,3.375e-05,45.0,2.03723,0.435843,0.790177,0.1735,2.68358
NLOBK_MVgamma_parent,5.0625e-05,45.0,1.88195,0.400421,0.718881,0.158691,2.50255
NLOBK_MVgamma_parent,7.59375e-05,45.0,1.73308,0.366353,0.651419,0.14438,2.33096
NLOBK_MVgamma_parent,0.000113906,45.0,1.59231,0.334636,0.588411,0.131071,2.16847
NLOBK_MVgamma_parent,0.000170859,45.0,1.45859,0.304549,0.529348,0.118505,2.01468
NLOBK_MVgamma_parent,0.000256289,45.0,1.33311,0.275984,0.473451,0.106735,1.86925
NLOBK_MVgamma_parent,0.000384434,45.0,1.21583,0.249152,0.420146,0.0956015,1.73183
NLOBK_MVgamma_parent,0.00057665,45.0,1.10338,0.224078,0.371884,0.0851263,1.60213
NLOBK_MVgamma_parent,0.000864976,45.0,1.00059,0.20035,0.325834,0.0753687,1.47979
NLOBK_MVgamma_parent,0.00129746,45.0,0.903556,0.17802,0.283495,0.066252,1.36454
NLOBK_MVgamma_parent,0.0019462,45.0,0.814057,0.157264,0.244274,0.057882,1.25607
NLOBK_MVgamma_parent,0.00291929,45.0,0.731235,0.138127,0.208514,0.0500906,1.1541
NLOBK_MVgamma_parent,0.00437894,45.0,0.655138,0.1201,0.175418,0.0427873,1.05834
NLOBK_MVgamma_parent,0.00656841,45.0,0.587227,0.103875,0.145943,0.0361902,0.968523
NLOBK_MVgamma_parent,0.00985261,45.0,0.527333,0.0889539,0.1197,0.0302841,0.884405
NLOBK_MVgamma_parent,1e-05,15.0,1.80864,0.394848,0.571504,0.102255,2.41993
NLOBK_MVgamma_parent,1.5e-05,15.0,1.69464,0.368136,0.526463,0.0945709,2.28284
NLOBK_MVgamma_parent,2.25e-05,15.0,1.58442,0.342233,0.483657,0.0872925,2.15168
NLOBK_MVgamma_parent,3.375e-05,15.0,1.47984,0.317816,0.443248,0.0803433,2.02621
NLOBK_MVgamma_parent,5.0625e-05,15.0,1.37889,0.294308,0.404446,0.073701,1.90629
NLOBK_MVgamma_parent,7.59375e-05,15.0,1.28328,0.27166,0.367853,0.0673223,1.7917
NLOBK_MVgamma_parent,0.000113906,15.0,1.19259,0.249934,0.333062,0.0613897,1.6823
NLOBK_MVgamma_parent,0.000170859,15.0,1.10534,0.229434,0.300405,0.0556804,1.57789
NLOBK_MVgamma_parent,0.000256289,15.0,1.02242,0.209691,0.269727,0.0502533,1.4783
NLOBK_MVgamma_parent,0.000384434,15.0,0.943837,0.190973,0.240763,0.0451916,1.38336
NLOBK_MVgamma_parent,0.00057665,15.0,0.86918,0.17314,0.21355,0.0403345,1.29293
NLOBK_MVgamma_parent,0.000864976,15.0,0.799107,0.156301,0.187977,0.0358668,1.20683
NLOBK_MVgamma_parent,0.00129746,15.0,0.733968,0.140179,0.164438,0.0316406,1.12493
NLOBK_MVgamma_parent,0.0019462,15.0,0.673315,0.125236,0.142429,0.0276144,1.04707
NLOBK_MVgamma_parent,0.00291929,15.0,0.616546,0.110929,0.12222,0.0239078,0.973111
NLOBK_MVgamma_parent,0.00437894,15.0,0.564916,0.0975371,0.10372,0.020459,0.902907
NLOBK_MVgamma_parent,0.00656841,15.0,0.518588,0.0852541,0.0870078,0.0173799,0.836318
NLOBK_MVgamma_parent,0.00985261,15.0,0.477465,0.073977,0.0723352,0.0145443,0.773221
NLOBK_MVgamma_parent,1e-05,27.0,2.19364,0.475695,0.801461,0.16278,2.88142
NLOBK_MVgamma_parent,1.5e-05,27.0,2.04549,0.441463,0.737217,0.150233,2.70585
NLOBK_MVgamma_parent,2.25e-05,27.0,1.90417,0.409156,0.67593,0.138282,2.53854
NLOBK_MVgamma_parent,3.375e-05,27.0,1.7677,0.377906,0.618267,0.126932,2.37917
NLOBK_MVgamma_parent,5.0625e-05,27.0,1.63994,0.348306,0.563494,0.11623,2.22745
NLOBK_MVgamma_parent,7.59375e-05,27.0,1.5166,0.320003,0.511746,0.105995,2.08311
NLOBK_MVgamma_parent,0.000113906,27.0,1.40031,0.293286,0.462706,0.0963823,1.9459
NLOBK_MVgamma_parent,0.000170859,27.0,1.29105,0.267764,0.416995,0.0873944,1.81554
NLOBK_MVgamma_parent,0.000256289,27.0,1.18562,0.243472,0.373174,0.0786859,1.69177
NLOBK_MVgamma_parent,0.000384434,27.0,1.08705,0.220755,0.332671,0.0706717,1.57435
NLOBK_MVgamma_parent,0.00057665,27.0,0.99403,0.199042,0.294224,0.062971,1.46304
NLOBK_MVgamma_parent,0.000864976,27.0,0.90705,0.178703,0.258881,0.0558425,1.3576
NLOBK_MVgamma_parent,0.00129746,27.0,0.82561,0.159431,0.225855,0.0491871,1.25782
NLOBK_MVgamma_parent,0.0019462,27.0,0.749322,0.141317,0.195107,0.0429299,1.16348
NLOBK_MVgamma_parent,0.00291929,27.0,0.679561,0.124436,0.166926,0.0372506,1.07437
NLOBK_MVgamma_parent,0.00437894,27.0,0.615518,0.108693,0.141308,0.0318154,0.990267
NLOBK_MVgamma_parent,0.00656841,27.0,0.557775,0.0943116,0.118068,0.0269106,0.910981
NLOBK_MVgamma_parent,0.00985261,27.0,0.506587,0.0809572,0.0972439,0.0224901,0.836329
