NLOBK_MVgamma_parent,1e-05,4.5,1.13028,0.250236,0.234158,0.0259973,1.53131
NLOBK_MVgamma_parent,1.5e-05,4.5,1.07131,0.236026,0.216456,0.0241739,1.46035
NLOBK_MVgamma_parent,2.25e-05,4.5,1.01396,0.222378,0.199511,0.022384,1.3919
NLOBK_MVgamma_parent,3.375e-05,4.5,0.959275,0.209144,0.183179,0.0207006,1.32589
NLOBK_MVgamma_parent,5.0625e-05,4.5,0.906261,0.196246,0.167825,0.0190632,1.26226
NLOBK_MVgamma_parent,7.59375e-05,4.5,0.854484,0.183884,0.153081,0.0175101,1.20094
NLOBK_MVgamma_parent,0.000113906,4.5,0.805592,0.171926,0.139146,0.0160197,1.14186
NLOBK_MVgamma_parent,0.000170859,4.5,0.75847,0.160296,0.125998,0.0146164,1.08497
NLOBK_MVgamma_parent,0.000256289,4.5,0.713156,0.149001,0.113491,0.013248,1.03021
NLOBK_MVgamma_parent,0.000384434,4.5,0.669734,0.138163,0.101609,0.0119602,0.977501
NLOBK_MVgamma_parent,0.00057665,4.5,0.628581,0.127699,0.0904724,0.0107405,0.926797
NLOBK_MVgamma_parent,0.000864976,4.5,0.590091,0.117663,0.0801152,0.00958442,0.878037
NLOBK_MVgamma_parent,0.00129746,4.5,0.553182,0.108002,0.0703993,0.00848923,0.831161
NLOBK_MVgamma_parent,0.0019462,4.5,0.519365,0.0988617,0.061417,0.00747831,0.786111
NLOBK_MVgamma_parent,0.00291929,4.5,0.488057,0.090112,0.0532247,0.00651932,0.742834
NLOBK_MVgamma_parent,0.00437894,4.5,0.459555,0.0819926,0.0458205,0.005647,0.701278
NLOBK_MVgamma_parent,0.00656841,4.5,0.434231,0.0742767,0.0391419,0.00484075,0.661384
NLOBK_MVgamma_parent,0.00985261,4.5,0.412071,0.0672729,0.0332349,0.00412607,0.623099
NLOBK_MVgamma_parent,1e-05,45.0,2.50037,0.538345,1.01157,0.219625,3.22408
NLOBK_MVgamma_parent,1.5e-05,45.0,2.32525,0.498642,0.930726,0.202679,3.01915
NLOBK_MVgamma_parent,2.25e-05,45.0,2.15815,0.460565,0.853465,0.186439,2.8244
NLOBK_MVgamma_parent,3.375e-05,45.0,1.99838,0.424726,0.779252,0.170912,2.63941
NLOBK_MVgamma_parent,5.0625e-05,45.0,1.84766,0.390605,0.710422,0.15641,2.46382
NLOBK_MVgamma_parent,7.59375e-05,45.0,1.70414,0.358552,0.645007,0.142768,2.29729
NLOBK_MVgamma_parent,0.000113906,45.0,1.56815,0.327419,0.582931,0.129636,2.13942
NLOBK_MVgamma_parent,0.000170859,45.0,1.43882,0.298135,0.524536,0.117352,1.98988
NLOBK_MVgamma_parent,0.000256289,45.0,1.31725,0.270846,0.470106,0.105895,1.84837
NLOBK_MVgamma_parent,0.000384434,45.0,1.20382,0.244888,0.419172,0.0950592,1.71453
NLOBK_MVgamma_parent,0.00057665,45.0,1.09665,0.220234,0.37115,0.0847991,1.58808
NLOBK_MVgamma_parent,0.000864976,45.0,0.995196,0.197485,0.326369,0.0752587,1.46869
NLOBK_MVgamma_parent,0.00129746,45.0,0.900158,0.175713,0.284599,0.0662658,1.35609
NLOBK_MVgamma_parent,0.0019462,45.0,0.812369,0.155472,0.245742,0.0578836,1.25
NLOBK_MVgamma_parent,0.00291929,45.0,0.731493,0.136798,0.210562,0.0502182,1.15014
NLOBK_MVgamma_parent,0.00437894,45.0,0.658257,0.119356,0.178415,0.0431103,1.05628
NLOBK_MVgamma_parent,0.00656841,45.0,0.591476,0.103264,0.149229,0.0366148,0.96815
NLOBK_MVgamma_parent,0.00985261,45.0,0.531859,0.0884751,0.122559,0.0305896,0.88551
NLOBK_MVgamma_parent,1e-05,15.0,1.76795,0.383932,0.563684,0.101391,2.3727
NLOBK_MVgamma_parent,1.5e-05,15.0,1.6575,0.358329,0.52014,0.0938955,2.24015
NLOBK_MVgamma_parent,2.25e-05,15.0,1.55255,0.333815,0.47839,0.0868026,2.11325
NLOBK_MVgamma_parent,3.375e-05,15.0,1.4518,0.310173,0.438849,0.07993,1.99181
NLOBK_MVgamma_parent,5.0625e-05,15.0,1.35451,0.287177,0.40115,0.0734619,1.87565
NLOBK_MVgamma_parent,7.59375e-05,15.0,1.26182,0.265727,0.36566,0.0672594,1.76461
NLOBK_MVgamma_parent,0.000113906,15.0,1.17294,0.244875,0.332126,0.0614145,1.65851
NLOBK_MVgamma_parent,0.000170859,15.0,1.08929,0.225037,0.299862,0.0557291,1.55718
NLOBK_MVgamma_parent,0.000256289,15.0,1.0091,0.206013,0.269766,0.050539,1.46047
NLOBK_MVgamma_parent,0.000384434,15.0,0.933331,0.187855,0.241201,0.04545,1.36821
NLOBK_MVgamma_parent,0.00057665,15.0,0.861145,0.170571,0.214467,0.0407421,1.28025
NLOBK_MVgamma_parent,0.000864976,15.0,0.793313,0.154323,0.189375,0.0362013,1.19645
NLOBK_MVgamma_parent,0.00129746,15.0,0.730087,0.138744,0.165923,0.0320419,1.11665
NLOBK_MVgamma_parent,0.0019462,15.0,0.670753,0.123979,0.144302,0.0280553,1.04072
NLOBK_MVgamma_parent,0.00291929,15.0,0.615192,0.110087,0.124438,0.0244027,0.968529
NLOBK_MVgamma_parent,0.00437894,15.0,0.565376,0.0972058,0.10614,0.0209982,0.899947
NLOBK_MVgamma_parent,0.00656841,15.0,0.519634,0.0851882,0.0895555,0.0178622,0.834841
NLOBK_MVgamma_parent,0.00985261,15.0,0.479449,0.0741223,0.074763,0.0150119,0.773087
NLOBK_MVgamma_parent,1e-05,27.0,2.14365,0.462871,0.78904,0.160527,2.82571
NLOBK_MVgamma_parent,1.5e-05,27.0,2.00102,0.4297,0.726056,0.148188,2.65587
NLOBK_MVgamma_parent,2.25e-05,27.0,1.86425,0.398314,0.666784,0.13644,2.4939
NLOBK_MVgamma_parent,3.375e-05,27.0,1.73485,0.368627,0.610661,0.125575,2.33951
NLOBK_MVgamma_parent,5.0625e-05,27.0,1.60952,0.340044,0.557519,0.115216,2.19245
NLOBK_MVgamma_parent,7.59375e-05,27.0,1.49216,0.312949,0.507149,0.105238,2.05246
NLOBK_MVgamma_parent,0.000113906,27.0,1.37896,0.28719,0.459374,0.095835,1.91926
NLOBK_MVgamma_parent,0.000170859,27.0,1.27268,0.262472,0.414489,0.0869511,1.79261
NLOBK_MVgamma_parent,0.000256289,27.0,1.17057,0.238936,0.372313,0.07852,1.67227
NLOBK_MVgamma_parent,0.000384434,27.0,1.07578,0.216916,0.332112,0.0705591,1.55802
NLOBK_MVgamma_parent,0.00057665,27.0,0.985929,0.19599,0.294766,0.0630223,1.44961
NLOBK_MVgamma_parent,0.000864976,27.0,0.900355,0.176124,0.259762,0.0560438,1.34682
NLOBK_MVgamma_parent,0.00129746,27.0,0.821089,0.157423,0.227135,0.0494145,1.24945
NLOBK_MVgamma_parent,0.0019462,27.0,0.747254,0.139855,0.196986,0.043265,1.15729
NLOBK_MVgamma_parent,0.00291929,27.0,0.679422,0.12337,0.168932,0.0375173,1.07014
NLOBK_MVgamma_parent,0.00437894,27.0,0.616241,0.108107,0.143727,0.0322587,0.987824
NLOBK_MVgamma_parent,0.00656841,27.0,0.560156,0.0941672,0.120665,0.0273578,0.91014
NLOBK_MVgamma_parent,0.00985261,27.0,0.509962,0.0810057,0.0998849,0.0230028,0.836912
