NLOBK_MVgamma_parent,1e-05,4.5,1.1457,0.252237,0.228018,0.0248907,1.55408
NLOBK_MVgamma_parent,1.5e-05,4.5,1.08548,0.23784,0.210533,0.023111,1.4817
NLOBK_MVgamma_parent,2.25e-05,4.5,1.02728,0.223828,0.193853,0.0214002,1.4119
NLOBK_MVgamma_parent,3.375e-05,4.5,0.970761,0.210323,0.17789,0.0197507,1.3446
NLOBK_MVgamma_parent,5.0625e-05,4.5,0.917029,0.197262,0.162865,0.0181785,1.27974
NLOBK_MVgamma_parent,7.59375e-05,4.5,0.864502,0.184587,0.148464,0.016679,1.21725
NLOBK_MVgamma_parent,0.000113906,4.5,0.814649,0.172448,0.134777,0.0152429,1.15707
NLOBK_MVgamma_parent,0.000170859,4.5,0.766518,0.160681,0.121808,0.0138838,1.09912
NLOBK_MVgamma_parent,0.000256289,4.5,0.720133,0.149263,0.109564,0.0125906,1.04335
NLOBK_MVgamma_parent,0.000384434,4.5,0.67638,0.138192,0.0980781,0.0113593,0.989701
NLOBK_MVgamma_parent,0.00057665,4.5,0.634719,0.127639,0.087185,0.010178,0.938093
NLOBK_MVgamma_parent,0.000864976,4.5,0.595222,0.11744,0.0771244,0.00907878,0.888473
NLOBK_MVgamma_parent,0.00129746,4.5,0.558116,0.107701,0.0676679,0.00803257,0.840784
NLOBK_MVgamma_parent,0.0019462,4.5,0.523601,0.0984372,0.0590428,0.00705758,0.794968
NLOBK_MVgamma_parent,0.00291929,4.5,0.491778,0.0896234,0.0510813,0.00614686,0.750965
NLOBK_MVgamma_parent,0.00437894,4.5,0.46297,0.0814233,0.0439324,0.00532092,0.708724
NLOBK_MVgamma_parent,0.00656841,4.5,0.437337,0.0737401,0.0375712,0.00456315,0.668188
NLOBK_MVgamma_parent,0.00985261,4.5,0.415171,0.0666983,0.0319104,0.00389355,0.629298
NLOBK_MVgamma_parent,1e-05,45.0,2.49827,0.533758,0.994084,0.215003,3.23304
NLOBK_MVgamma_parent,1.5e-05,45.0,2.3213,0.494218,0.913939,0.198214,3.02751
NLOBK_MVgamma_parent,2.25e-05,45.0,2.1545,0.456363,0.836862,0.182192,2.83222
NLOBK_MVgamma_parent,3.375e-05,45.0,1.99455,0.420835,0.764323,0.166892,2.64678
NLOBK_MVgamma_parent,5.0625e-05,45.0,1.84435,0.386676,0.696374,0.152924,2.4708
NLOBK_MVgamma_parent,7.59375e-05,45.0,1.7002,0.354656,0.631785,0.139452,2.30389
NLOBK_MVgamma_parent,0.000113906,45.0,1.56377,0.323789,0.571362,0.126532,2.14571
NLOBK_MVgamma_parent,0.000170859,45.0,1.43506,0.295211,0.513997,0.11463,1.99591
NLOBK_MVgamma_parent,0.000256289,45.0,1.31345,0.267742,0.460587,0.103372,1.85416
NLOBK_MVgamma_parent,0.000384434,45.0,1.19943,0.242205,0.410144,0.0926362,1.72014
NLOBK_MVgamma_parent,0.00057665,45.0,1.09372,0.217851,0.362751,0.0826785,1.59351
NLOBK_MVgamma_parent,0.000864976,45.0,0.991984,0.194986,0.318867,0.073213,1.47399
NLOBK_MVgamma_parent,0.00129746,45.0,0.898164,0.173658,0.27805,0.0645183,1.36127
NLOBK_MVgamma_parent,0.0019462,45.0,0.81052,0.153619,0.240196,0.0564359,1.25509
NLOBK_MVgamma_parent,0.00291929,45.0,0.730061,0.135059,0.205764,0.0488344,1.15517
NLOBK_MVgamma_parent,0.00437894,45.0,0.656233,0.117838,0.174062,0.0418259,1.06125
NLOBK_MVgamma_parent,0.00656841,45.0,0.590623,0.101882,0.145194,0.0355877,0.973085
NLOBK_MVgamma_parent,0.00985261,45.0,0.532013,0.087479,0.119839,0.0298301,0.890417
NLOBK_MVgamma_parent,1e-05,15.0,1.77622,0.383143,0.552313,0.0985633,2.38972
NLOBK_MVgamma_parent,1.5e-05,15.0,1.66505,0.357118,0.50904,0.091219,2.25591
NLOBK_MVgamma_parent,2.25e-05,15.0,1.5599,0.33272,0.468266,0.0841416,2.12784
NLOBK_MVgamma_parent,3.375e-05,15.0,1.45742,0.308928,0.429066,0.0775571,2.00533
NLOBK_MVgamma_parent,5.0625e-05,15.0,1.36029,0.286265,0.392153,0.0712207,1.88817
NLOBK_MVgamma_parent,7.59375e-05,15.0,1.26651,0.26443,0.357167,0.0651398,1.7762
NLOBK_MVgamma_parent,0.000113906,15.0,1.17687,0.243732,0.323866,0.0594242,1.66924
NLOBK_MVgamma_parent,0.000170859,15.0,1.0929,0.22379,0.292406,0.0539461,1.56712
NLOBK_MVgamma_parent,0.000256289,15.0,1.01223,0.204695,0.262716,0.0487752,1.46969
NLOBK_MVgamma_parent,0.000384434,15.0,0.935885,0.186642,0.234865,0.0438641,1.37677
NLOBK_MVgamma_parent,0.00057665,15.0,0.862932,0.169356,0.208547,0.0392746,1.2882
NLOBK_MVgamma_parent,0.000864976,15.0,0.795598,0.153025,0.184025,0.0349363,1.20385
NLOBK_MVgamma_parent,0.00129746,15.0,0.731562,0.137547,0.161207,0.0308267,1.12355
NLOBK_MVgamma_parent,0.0019462,15.0,0.671986,0.122871,0.140168,0.027019,1.04717
NLOBK_MVgamma_parent,0.00291929,15.0,0.616968,0.109114,0.120665,0.0234665,0.97457
NLOBK_MVgamma_parent,0.00437894,15.0,0.566786,0.0963079,0.102992,0.0201782,0.905624
NLOBK_MVgamma_parent,0.00656841,15.0,0.521397,0.0844095,0.0867737,0.0171861,0.8402
NLOBK_MVgamma_parent,0.00985261,15.0,0.480859,0.0734347,0.0726802,0.0144421,0.778165
NLOBK_MVgamma_parent,1e-05,27.0,2.14592,0.459875,0.77376,0.156649,2.83872
NLOBK_MVgamma_parent,1.5e-05,27.0,2.00254,0.427234,0.711991,0.144529,2.6679
NLOBK_MVgamma_parent,2.25e-05,27.0,1.86756,0.396165,0.6536,0.133134,2.50504
NLOBK_MVgamma_parent,3.375e-05,27.0,1.73473,0.365905,0.598256,0.122372,2.34987
NLOBK_MVgamma_parent,5.0625e-05,27.0,1.61057,0.33763,0.545614,0.112022,2.20209
NLOBK_MVgamma_parent,7.59375e-05,27.0,1.49254,0.310444,0.496269,0.102484,2.06142
NLOBK_MVgamma_parent,0.000113906,27.0,1.3797,0.284529,0.449403,0.0931981,1.92763
NLOBK_MVgamma_parent,0.000170859,27.0,1.27312,0.260114,0.405346,0.0846348,1.80044
NLOBK_MVgamma_parent,0.000256289,27.0,1.17082,0.236866,0.363334,0.0763678,1.67963
NLOBK_MVgamma_parent,0.000384434,27.0,1.07571,0.214861,0.324347,0.0684995,1.56494
NLOBK_MVgamma_parent,0.00057665,27.0,0.98523,0.194038,0.287541,0.0611919,1.45615
NLOBK_MVgamma_parent,0.000864976,27.0,0.899812,0.174303,0.253353,0.0543244,1.35302
NLOBK_MVgamma_parent,0.00129746,27.0,0.821098,0.155756,0.221346,0.0479039,1.25535
NLOBK_MVgamma_parent,0.0019462,27.0,0.746914,0.138277,0.191982,0.0419583,1.16294
NLOBK_MVgamma_parent,0.00291929,27.0,0.679108,0.121904,0.164793,0.0363569,1.07556
NLOBK_MVgamma_parent,0.00437894,27.0,0.61678,0.106931,0.139899,0.0312262,0.993049
NLOBK_MVgamma_parent,0.00656841,27.0,0.560328,0.092872,0.117216,0.02644,0.915207
NLOBK_MVgamma_parent,0.00985261,27.0,0.51061,0.0799637,0.0973082,0.0222057,0.841843
