NLOBK_MVgamma_parent,1e-05,4.5,1.15545,0.255819,0.245341,0.0280159,1.57487
NLOBK_MVgamma_parent,1.5e-05,4.5,1.0941,0.241057,0.226545,0.0260412,1.50062
NLOBK_MVgamma_parent,2.25e-05,4.5,1.03483,0.226865,0.208719,0.0241063,1.42904
NLOBK_MVgamma_parent,3.375e-05,4.5,0.977359,0.213049,0.191767,0.0222684,1.36005
NLOBK_MVgamma_parent,5.0625e-05,4.5,0.921924,0.199706,0.175563,0.0205093,1.29359
NLOBK_MVgamma_parent,7.59375e-05,4.5,0.868886,0.186826,0.160171,0.0188186,1.22958
NLOBK_MVgamma_parent,0.000113906,4.5,0.817376,0.174454,0.145556,0.0172146,1.16796
NLOBK_MVgamma_parent,0.000170859,4.5,0.768615,0.162334,0.131612,0.0156902,1.10865
NLOBK_MVgamma_parent,0.000256289,4.5,0.721677,0.150728,0.118497,0.0142298,1.05159
NLOBK_MVgamma_parent,0.000384434,4.5,0.67677,0.139545,0.106182,0.012848,0.996723
NLOBK_MVgamma_parent,0.00057665,4.5,0.63438,0.128787,0.0945349,0.0115382,0.943971
NLOBK_MVgamma_parent,0.000864976,4.5,0.594269,0.11836,0.0837769,0.0102867,0.893276
NLOBK_MVgamma_parent,0.00129746,4.5,0.556486,0.108476,0.0735929,0.00911143,0.844575
NLOBK_MVgamma_parent,0.0019462,4.5,0.521232,0.0990392,0.06431,0.00802751,0.797808
NLOBK_MVgamma_parent,0.00291929,4.5,0.489113,0.0901492,0.0558206,0.00701359,0.752915
NLOBK_MVgamma_parent,0.00437894,4.5,0.459806,0.0817359,0.0480744,0.00607544,0.709842
NLOBK_MVgamma_parent,0.00656841,4.5,0.433745,0.0739559,0.0411661,0.00522165,0.668532
NLOBK_MVgamma_parent,0.00985261,4.5,0.411233,0.0668297,0.0350951,0.00445825,0.628923
NLOBK_MVgamma_parent,1e-05,45.0,2.54475,0.548524,1.03945,0.226399,3.29421
NLOBK_MVgamma_parent,1.5e-05,45.0,2.36504,0.507653,0.954637,0.208782,3.08287
NLOBK_MVgamma_parent,2.25e-05,45.0,2.19135,0.46865,0.875205,0.191986,2.88215
NLOBK_MVgamma_parent,3.375e-05,45.0,2.02677,0.431604,0.799221,0.176135,2.69164
NLOBK_MVgamma_parent,5.0625e-05,45.0,1.87164,0.396592,0.728257,0.161092,2.51094
NLOBK_MVgamma_parent,7.59375e-05,45.0,1.72485,0.363271,0.660895,0.14693,2.33965
NLOBK_MVgamma_parent,0.000113906,45.0,1.58563,0.331856,0.596606,0.133343,2.17742
NLOBK_MVgamma_parent,0.000170859,45.0,1.45418,0.302064,0.536836,0.120666,2.02386
NLOBK_MVgamma_parent,0.000256289,45.0,1.32939,0.274303,0.480652,0.108848,1.87862
NLOBK_MVgamma_parent,0.000384434,45.0,1.2124,0.247653,0.428723,0.0975378,1.74137
NLOBK_MVgamma_parent,0.00057665,45.0,1.10309,0.22293,0.379086,0.0871089,1.61178
NLOBK_MVgamma_parent,0.000864976,45.0,0.999901,0.199646,0.332995,0.0772538,1.48953
NLOBK_MVgamma_parent,0.00129746,45.0,0.904132,0.177502,0.290413,0.0679155,1.37432
NLOBK_MVgamma_parent,0.0019462,45.0,0.815068,0.157104,0.251149,0.0593864,1.26585
NLOBK_MVgamma_parent,0.00291929,45.0,0.732772,0.13801,0.214932,0.0514505,1.16385
NLOBK_MVgamma_parent,0.00437894,45.0,0.65722,0.120192,0.182034,0.0441983,1.06803
NLOBK_MVgamma_parent,0.00656841,45.0,0.590531,0.104054,0.151748,0.037406,0.978154
NLOBK_MVgamma_parent,0.00985261,45.0,0.530191,0.0891465,0.125049,0.0314412,0.893943
NLOBK_MVgamma_parent,1e-05,15.0,1.80301,0.391658,0.583622,0.106437,2.43174
NLOBK_MVgamma_parent,1.5e-05,15.0,1.68982,0.365108,0.538305,0.0984634,2.29422
NLOBK_MVgamma_parent,2.25e-05,15.0,1.58008,0.339783,0.494932,0.0909784,2.16264
NLOBK_MVgamma_parent,3.375e-05,15.0,1.47589,0.315453,0.453872,0.0838686,2.03681
NLOBK_MVgamma_parent,5.0625e-05,15.0,1.37588,0.292159,0.414937,0.0769028,1.91655
NLOBK_MVgamma_parent,7.59375e-05,15.0,1.28097,0.269782,0.377771,0.0703886,1.80167
NLOBK_MVgamma_parent,0.000113906,15.0,1.18999,0.248469,0.342769,0.0642859,1.69198
NLOBK_MVgamma_parent,0.000170859,15.0,1.10239,0.227923,0.309658,0.0583536,1.58731
NLOBK_MVgamma_parent,0.000256289,15.0,1.02073,0.208526,0.278411,0.0527814,1.48747
NLOBK_MVgamma_parent,0.000384434,15.0,0.942116,0.190075,0.248865,0.0474758,1.39231
NLOBK_MVgamma_parent,0.00057665,15.0,0.868257,0.172408,0.221183,0.0424892,1.30166
NLOBK_MVgamma_parent,0.000864976,15.0,0.798978,0.15575,0.195434,0.0378033,1.21536
NLOBK_MVgamma_parent,0.00129746,15.0,0.734214,0.139857,0.171252,0.0334053,1.13325
NLOBK_MVgamma_parent,0.0019462,15.0,0.673289,0.124891,0.148918,0.0292899,1.05519
NLOBK_MVgamma_parent,0.00291929,15.0,0.617153,0.11087,0.128416,0.0254718,0.981044
NLOBK_MVgamma_parent,0.00437894,15.0,0.56563,0.0977286,0.10949,0.0218636,0.910664
NLOBK_MVgamma_parent,0.00656841,15.0,0.519765,0.085639,0.0926679,0.0186421,0.843923
NLOBK_MVgamma_parent,0.00985261,15.0,0.478775,0.0745222,0.077445,0.0156824,0.78068
NLOBK_MVgamma_parent,1e-05,27.0,2.18325,0.471516,0.811827,0.166535,2.8911
NLOBK_MVgamma_parent,1.5e-05,27.0,2.03656,0.437875,0.748056,0.153959,2.71548
NLOBK_MVgamma_parent,2.25e-05,27.0,1.89547,0.405258,0.686809,0.141917,2.54812
NLOBK_MVgamma_parent,3.375e-05,27.0,1.7618,0.374708,0.628045,0.130401,2.38872
NLOBK_MVgamma_parent,5.0625e-05,27.0,1.63298,0.345744,0.573328,0.119416,2.23698
NLOBK_MVgamma_parent,7.59375e-05,27.0,1.51215,0.317595,0.521167,0.109096,2.09264
NLOBK_MVgamma_parent,0.000113906,27.0,1.39625,0.29099,0.472033,0.0992245,1.95541
NLOBK_MVgamma_parent,0.000170859,27.0,1.28664,0.265817,0.425534,0.0899492,1.82503
NLOBK_MVgamma_parent,0.000256289,27.0,1.18294,0.242016,0.381793,0.0811669,1.70123
NLOBK_MVgamma_parent,0.000384434,27.0,1.08524,0.219435,0.340904,0.0728803,1.58378
NLOBK_MVgamma_parent,0.00057665,27.0,0.992831,0.198223,0.302366,0.0651031,1.47242
NLOBK_MVgamma_parent,0.000864976,27.0,0.906041,0.177922,0.266227,0.0578033,1.36692
NLOBK_MVgamma_parent,0.00129746,27.0,0.82545,0.158771,0.232797,0.051056,1.26707
NLOBK_MVgamma_parent,0.0019462,27.0,0.749742,0.141019,0.201877,0.0446459,1.17263
NLOBK_MVgamma_parent,0.00291929,27.0,0.680635,0.124379,0.173377,0.0387563,1.08341
NLOBK_MVgamma_parent,0.00437894,27.0,0.616775,0.108856,0.147464,0.0333348,0.999201
NLOBK_MVgamma_parent,0.00656841,27.0,0.55937,0.0945144,0.123828,0.0282915,0.919812
NLOBK_MVgamma_parent,0.00985261,27.0,0.50911,0.0815234,0.102772,0.0237216,0.845046
