NLOBK_MVgamma_parent,1e-05,4.5,1.13168,0.251856,0.236198,0.026165,1.53165
NLOBK_MVgamma_parent,1.5e-05,4.5,1.07236,0.237628,0.218337,0.0242832,1.46075
NLOBK_MVgamma_parent,2.25e-05,4.5,1.01574,0.223891,0.200964,0.022483,1.39233
NLOBK_MVgamma_parent,3.375e-05,4.5,0.960379,0.210466,0.184561,0.0207748,1.32635
NLOBK_MVgamma_parent,5.0625e-05,4.5,0.906757,0.197569,0.168964,0.0191203,1.26273
NLOBK_MVgamma_parent,7.59375e-05,4.5,0.855505,0.185084,0.154126,0.0175746,1.2014
NLOBK_MVgamma_parent,0.000113906,4.5,0.806261,0.172947,0.139911,0.0160479,1.1423
NLOBK_MVgamma_parent,0.000170859,4.5,0.759071,0.161356,0.12649,0.0146152,1.08539
NLOBK_MVgamma_parent,0.000256289,4.5,0.713855,0.149964,0.113687,0.0132597,1.03058
NLOBK_MVgamma_parent,0.000384434,4.5,0.670421,0.13902,0.101674,0.0119634,0.977823
NLOBK_MVgamma_parent,0.00057665,4.5,0.629522,0.128436,0.0904487,0.0107123,0.927056
NLOBK_MVgamma_parent,0.000864976,4.5,0.59075,0.118307,0.079856,0.00955341,0.878219
NLOBK_MVgamma_parent,0.00129746,4.5,0.553846,0.108547,0.0700348,0.00843644,0.83126
NLOBK_MVgamma_parent,0.0019462,4.5,0.519753,0.0992668,0.060921,0.00740454,0.786123
NLOBK_MVgamma_parent,0.00291929,4.5,0.488371,0.0904574,0.0525901,0.00644206,0.742752
NLOBK_MVgamma_parent,0.00437894,4.5,0.460027,0.0821594,0.0450683,0.00556041,0.701084
NLOBK_MVgamma_parent,0.00656841,4.5,0.434562,0.0744327,0.038221,0.00474657,0.661069
NLOBK_MVgamma_parent,0.00985261,4.5,0.4124,0.0672639,0.0322381,0.00401819,0.622655
NLOBK_MVgamma_parent,1e-05,45.0,2.52809,0.547132,1.02655,0.223114,3.24312
NLOBK_MVgamma_parent,1.5e-05,45.0,2.34866,0.506876,0.942966,0.205495,3.0359
NLOBK_MVgamma_parent,2.25e-05,45.0,2.17993,0.46868,0.863516,0.189109,2.839
NLOBK_MVgamma_parent,3.375e-05,45.0,2.01732,0.431964,0.78901,0.173546,2.652
NLOBK_MVgamma_parent,5.0625e-05,45.0,1.86494,0.396599,0.718542,0.158463,2.47452
NLOBK_MVgamma_parent,7.59375e-05,45.0,1.71926,0.363627,0.652149,0.144605,2.30618
NLOBK_MVgamma_parent,0.000113906,45.0,1.58021,0.332361,0.588998,0.131348,2.14663
NLOBK_MVgamma_parent,0.000170859,45.0,1.44932,0.302133,0.529769,0.118884,1.99555
NLOBK_MVgamma_parent,0.000256289,45.0,1.32684,0.274594,0.474162,0.10719,1.85257
NLOBK_MVgamma_parent,0.000384434,45.0,1.20994,0.248036,0.421956,0.0961073,1.71737
NLOBK_MVgamma_parent,0.00057665,45.0,1.10193,0.222884,0.373062,0.0856237,1.58964
NLOBK_MVgamma_parent,0.000864976,45.0,0.999052,0.199572,0.327652,0.0757154,1.46909
NLOBK_MVgamma_parent,0.00129746,45.0,0.904231,0.177535,0.285003,0.0667015,1.35542
NLOBK_MVgamma_parent,0.0019462,45.0,0.814964,0.15696,0.24575,0.0582507,1.24837
NLOBK_MVgamma_parent,0.00291929,45.0,0.732853,0.1378,0.209569,0.0503759,1.14765
NLOBK_MVgamma_parent,0.00437894,45.0,0.658056,0.120276,0.176792,0.0429903,1.05299
NLOBK_MVgamma_parent,0.00656841,45.0,0.59026,0.103557,0.146844,0.0363807,0.964142
NLOBK_MVgamma_parent,0.00985261,45.0,0.530435,0.088567,0.120161,0.0305114,0.880861
NLOBK_MVgamma_parent,1e-05,15.0,1.78019,0.389059,0.570263,0.102532,2.38145
NLOBK_MVgamma_parent,1.5e-05,15.0,1.66852,0.36296,0.525623,0.0948184,2.248
NLOBK_MVgamma_parent,2.25e-05,15.0,1.56241,0.337887,0.48364,0.0876433,2.12024
NLOBK_MVgamma_parent,3.375e-05,15.0,1.46088,0.313762,0.443427,0.0808193,1.99798
NLOBK_MVgamma_parent,5.0625e-05,15.0,1.36266,0.290788,0.405554,0.0741207,1.88102
NLOBK_MVgamma_parent,7.59375e-05,15.0,1.26895,0.268863,0.369034,0.0678386,1.7692
NLOBK_MVgamma_parent,0.000113906,15.0,1.17987,0.247719,0.334787,0.0618905,1.66234
NLOBK_MVgamma_parent,0.000170859,15.0,1.0949,0.227477,0.302113,0.0562411,1.56029
NLOBK_MVgamma_parent,0.000256289,15.0,1.01441,0.208282,0.271325,0.0507892,1.46287
NLOBK_MVgamma_parent,0.000384434,15.0,0.936765,0.189831,0.242499,0.0457139,1.36993
NLOBK_MVgamma_parent,0.00057665,15.0,0.86467,0.172292,0.215211,0.040869,1.28132
NLOBK_MVgamma_parent,0.000864976,15.0,0.795902,0.155607,0.189847,0.0363567,1.19688
NLOBK_MVgamma_parent,0.00129746,15.0,0.731458,0.139752,0.165836,0.0320388,1.11649
NLOBK_MVgamma_parent,0.0019462,15.0,0.672108,0.124695,0.143864,0.0280309,1.03999
NLOBK_MVgamma_parent,0.00291929,15.0,0.616214,0.110751,0.123657,0.024317,0.967267
NLOBK_MVgamma_parent,0.00437894,15.0,0.565144,0.0974951,0.104877,0.0208405,0.898164
NLOBK_MVgamma_parent,0.00656841,15.0,0.518921,0.0852121,0.088061,0.0176466,0.832555
NLOBK_MVgamma_parent,0.00985261,15.0,0.478722,0.0740422,0.0731469,0.0147656,0.770325
NLOBK_MVgamma_parent,1e-05,27.0,2.16333,0.469814,0.799238,0.162582,2.83979
NLOBK_MVgamma_parent,1.5e-05,27.0,2.01898,0.436214,0.735304,0.150251,2.66835
NLOBK_MVgamma_parent,2.25e-05,27.0,1.87988,0.404386,0.67532,0.138488,2.50487
NLOBK_MVgamma_parent,3.375e-05,27.0,1.74831,0.374074,0.61741,0.127152,2.34907
NLOBK_MVgamma_parent,5.0625e-05,27.0,1.62227,0.344625,0.56397,0.116556,2.20065
NLOBK_MVgamma_parent,7.59375e-05,27.0,1.50323,0.317466,0.512259,0.106395,2.05935
NLOBK_MVgamma_parent,0.000113906,27.0,1.38865,0.290992,0.463804,0.0968113,1.92491
NLOBK_MVgamma_parent,0.000170859,27.0,1.28038,0.265785,0.417745,0.0877722,1.79711
NLOBK_MVgamma_parent,0.000256289,27.0,1.17807,0.241878,0.374636,0.0791901,1.67567
NLOBK_MVgamma_parent,0.000384434,27.0,1.08159,0.219382,0.334401,0.0711085,1.56037
NLOBK_MVgamma_parent,0.00057665,27.0,0.990004,0.198317,0.296252,0.0634642,1.45097
NLOBK_MVgamma_parent,0.000864976,27.0,0.905172,0.177895,0.260477,0.0563275,1.34726
NLOBK_MVgamma_parent,0.00129746,27.0,0.824221,0.158761,0.227444,0.0496391,1.24903
NLOBK_MVgamma_parent,0.0019462,27.0,0.74941,0.140967,0.19663,0.0433506,1.15608
NLOBK_MVgamma_parent,0.00291929,27.0,0.680389,0.12407,0.168292,0.0376234,1.06821
NLOBK_MVgamma_parent,0.00437894,27.0,0.616735,0.108621,0.142487,0.0321287,0.985208
NLOBK_MVgamma_parent,0.00656841,27.0,0.559552,0.0941602,0.118795,0.0271625,0.906886
NLOBK_MVgamma_parent,0.00985261,27.0,0.508908,0.0810532,0.09791,0.0227412,0.833074
