NLOBK_MVgamma_parent,1e-05,4.5,1.05147,0.233313,0.214816,0.0237798,1.37895
NLOBK_MVgamma_parent,1.5e-05,4.5,0.99589,0.220067,0.19846,0.0220931,1.31486
NLOBK_MVgamma_parent,2.25e-05,4.5,0.941823,0.207019,0.182924,0.0204445,1.25303
NLOBK_MVgamma_parent,3.375e-05,4.5,0.889643,0.194609,0.167756,0.018881,1.19341
NLOBK_MVgamma_parent,5.0625e-05,4.5,0.839424,0.182396,0.153584,0.0173824,1.13595
NLOBK_MVgamma_parent,7.59375e-05,4.5,0.79125,0.170757,0.140044,0.0159464,1.08057
NLOBK_MVgamma_parent,0.000113906,4.5,0.744601,0.159293,0.127162,0.0145834,1.02724
NLOBK_MVgamma_parent,0.000170859,4.5,0.700277,0.148453,0.114929,0.0132714,0.975882
NLOBK_MVgamma_parent,0.000256289,4.5,0.657564,0.137826,0.103379,0.012053,0.926454
NLOBK_MVgamma_parent,0.000384434,4.5,0.616868,0.12761,0.0925014,0.0108657,0.878897
NLOBK_MVgamma_parent,0.00057665,4.5,0.578091,0.117728,0.0822973,0.00974307,0.833147
NLOBK_MVgamma_parent,0.000864976,4.5,0.541704,0.108312,0.0727161,0.00868413,0.789158
NLOBK_MVgamma_parent,0.00129746,4.5,0.507435,0.0992394,0.0638304,0.00768039,0.746872
NLOBK_MVgamma_parent,0.0019462,4.5,0.475105,0.0906166,0.0556471,0.00675177,0.706235
NLOBK_MVgamma_parent,0.00291929,4.5,0.445814,0.082429,0.0481275,0.0058779,0.667206
NLOBK_MVgamma_parent,0.00437894,4.5,0.418994,0.074752,0.0413722,0.00508325,0.629735
NLOBK_MVgamma_parent,0.00656841,4.5,0.395412,0.0675733,0.0352484,0.00435149,0.593768
NLOBK_MVgamma_parent,0.00985261,4.5,0.374695,0.0610271,0.029882,0.00369715,0.559253
NLOBK_MVgamma_parent,1e-05,45.0,2.30437,0.494927,0.926556,0.200682,2.87419
NLOBK_MVgamma_parent,1.5e-05,45.0,2.14241,0.458564,0.851551,0.185207,2.69147
NLOBK_MVgamma_parent,2.25e-05,45.0,1.98744,0.423714,0.780338,0.170088,2.51781
NLOBK_MVgamma_parent,3.375e-05,45.0,1.83968,0.390769,0.71293,0.156089,2.3529
NLOBK_MVgamma_parent,5.0625e-05,45.0,1.69917,0.358615,0.649698,0.142862,2.19639
NLOBK_MVgamma_parent,7.59375e-05,45.0,1.56584,0.329138,0.589261,0.130353,2.04793
NLOBK_MVgamma_parent,0.000113906,45.0,1.43994,0.300649,0.532679,0.118431,1.90722
NLOBK_MVgamma_parent,0.000170859,45.0,1.3202,0.273888,0.478752,0.107171,1.77397
NLOBK_MVgamma_parent,0.000256289,45.0,1.20852,0.24839,0.428966,0.0965241,1.64787
NLOBK_MVgamma_parent,0.000384434,45.0,1.10282,0.224729,0.382372,0.086494,1.52864
NLOBK_MVgamma_parent,0.00057665,45.0,1.0027,0.202025,0.338209,0.077213,1.41598
NLOBK_MVgamma_parent,0.000864976,45.0,0.909367,0.180955,0.297301,0.0686663,1.30964
NLOBK_MVgamma_parent,0.00129746,45.0,0.822463,0.16113,0.25886,0.0602294,1.20936
NLOBK_MVgamma_parent,0.0019462,45.0,0.741182,0.14241,0.223705,0.0526182,1.11487
NLOBK_MVgamma_parent,0.00291929,45.0,0.666402,0.125101,0.191238,0.0456073,1.02596
NLOBK_MVgamma_parent,0.00437894,45.0,0.597843,0.109085,0.161695,0.0390757,0.942387
NLOBK_MVgamma_parent,0.00656841,45.0,0.53693,0.0943709,0.134615,0.0331956,0.863924
NLOBK_MVgamma_parent,0.00985261,45.0,0.482826,0.0808154,0.110885,0.0278319,0.790349
NLOBK_MVgamma_parent,1e-05,15.0,1.63764,0.355773,0.516901,0.0928425,2.12355
NLOBK_MVgamma_parent,1.5e-05,15.0,1.53456,0.331674,0.476739,0.08603,2.00473
NLOBK_MVgamma_parent,2.25e-05,15.0,1.4362,0.308617,0.438467,0.0793993,1.89099
NLOBK_MVgamma_parent,3.375e-05,15.0,1.34156,0.286883,0.402123,0.0731481,1.78216
NLOBK_MVgamma_parent,5.0625e-05,15.0,1.25112,0.265627,0.367652,0.0671858,1.67808
NLOBK_MVgamma_parent,7.59375e-05,15.0,1.16466,0.245617,0.334692,0.0615003,1.5786
NLOBK_MVgamma_parent,0.000113906,15.0,1.08194,0.226067,0.303402,0.0560261,1.48355
NLOBK_MVgamma_parent,0.000170859,15.0,1.0041,0.20753,0.27408,0.0509094,1.3928
NLOBK_MVgamma_parent,0.000256289,15.0,0.928996,0.190062,0.246088,0.0459886,1.3062
NLOBK_MVgamma_parent,0.000384434,15.0,0.85798,0.173156,0.220134,0.0414363,1.22361
NLOBK_MVgamma_parent,0.00057665,15.0,0.790625,0.157054,0.195451,0.0370397,1.14488
NLOBK_MVgamma_parent,0.000864976,15.0,0.727946,0.141913,0.17254,0.032976,1.06988
NLOBK_MVgamma_parent,0.00129746,15.0,0.668698,0.127402,0.151134,0.0290783,0.998482
NLOBK_MVgamma_parent,0.0019462,15.0,0.613277,0.113913,0.13121,0.0254602,0.93055
NLOBK_MVgamma_parent,0.00291929,15.0,0.562097,0.10101,0.112834,0.0221048,0.865979
NLOBK_MVgamma_parent,0.00437894,15.0,0.51524,0.0891315,0.0961889,0.0190005,0.804653
NLOBK_MVgamma_parent,0.00656841,15.0,0.473154,0.0779793,0.0810412,0.0161604,0.746445
NLOBK_MVgamma_parent,0.00985261,15.0,0.435977,0.0677838,0.0675002,0.0135482,0.69124
NLOBK_MVgamma_parent,1e-05,27.0,1.98119,0.426964,0.72243,0.146859,2.52327
NLOBK_MVgamma_parent,1.5e-05,27.0,1.84666,0.396396,0.665431,0.135694,2.37148
NLOBK_MVgamma_parent,2.25e-05,27.0,1.71962,0.367416,0.610651,0.124929,2.22673
NLOBK_MVgamma_parent,3.375e-05,27.0,1.59862,0.339917,0.558984,0.114862,2.08879
NLOBK_MVgamma_parent,5.0625e-05,27.0,1.48387,0.31344,0.510036,0.105269,1.95741
NLOBK_MVgamma_parent,7.59375e-05,27.0,1.37444,0.288166,0.463701,0.0960569,1.83235
NLOBK_MVgamma_parent,0.000113906,27.0,1.26927,0.264193,0.41973,0.0874462,1.71338
NLOBK_MVgamma_parent,0.000170859,27.0,1.17069,0.241403,0.378837,0.0793405,1.60028
NLOBK_MVgamma_parent,0.000256289,27.0,1.0764,0.219797,0.339563,0.0716094,1.49284
NLOBK_MVgamma_parent,0.000384434,27.0,0.987408,0.199422,0.303199,0.0643475,1.39084
NLOBK_MVgamma_parent,0.00057665,27.0,0.903635,0.179943,0.268611,0.0573897,1.29407
NLOBK_MVgamma_parent,0.000864976,27.0,0.82503,0.161846,0.236808,0.0509974,1.20234
NLOBK_MVgamma_parent,0.00129746,27.0,0.751387,0.144431,0.206701,0.044953,1.11546
NLOBK_MVgamma_parent,0.0019462,27.0,0.682844,0.128131,0.179025,0.0392951,1.03323
NLOBK_MVgamma_parent,0.00291929,27.0,0.619972,0.113163,0.153506,0.034113,0.955486
NLOBK_MVgamma_parent,0.00437894,27.0,0.561988,0.0990547,0.13029,0.0292344,0.882068
NLOBK_MVgamma_parent,0.00656841,27.0,0.509323,0.0859389,0.109306,0.0247928,0.812792
NLOBK_MVgamma_parent,0.00985261,27.0,0.463522,0.0740001,0.0902569,0.0207828,0.747493
