NLOBK_MVgamma_parent,1e-05,4.5,1.13252,0.251331,0.23022,0.0252397,1.53653
NLOBK_MVgamma_parent,1.5e-05,4.5,1.0724,0.236683,0.212452,0.0234246,1.46467
NLOBK_MVgamma_parent,2.25e-05,4.5,1.01467,0.222848,0.195535,0.0216844,1.39537
NLOBK_MVgamma_parent,3.375e-05,4.5,0.958584,0.20935,0.17936,0.0200007,1.32854
NLOBK_MVgamma_parent,5.0625e-05,4.5,0.904786,0.196326,0.164149,0.0184066,1.26412
NLOBK_MVgamma_parent,7.59375e-05,4.5,0.853125,0.183685,0.149393,0.0168839,1.20205
NLOBK_MVgamma_parent,0.000113906,4.5,0.803228,0.171504,0.135567,0.015423,1.14227
NLOBK_MVgamma_parent,0.000170859,4.5,0.755404,0.159644,0.122405,0.0140177,1.08471
NLOBK_MVgamma_parent,0.000256289,4.5,0.709819,0.148275,0.109973,0.0126974,1.02931
NLOBK_MVgamma_parent,0.000384434,4.5,0.666334,0.137231,0.0983446,0.0114431,0.975997
NLOBK_MVgamma_parent,0.00057665,4.5,0.624369,0.126671,0.087273,0.0102496,0.92472
NLOBK_MVgamma_parent,0.000864976,4.5,0.585457,0.116519,0.0770204,0.00911571,0.875417
NLOBK_MVgamma_parent,0.00129746,4.5,0.548577,0.106716,0.0674205,0.00805541,0.828034
NLOBK_MVgamma_parent,0.0019462,4.5,0.514395,0.0974721,0.0586837,0.00706254,0.782514
NLOBK_MVgamma_parent,0.00291929,4.5,0.482971,0.0887269,0.0506234,0.00614043,0.738791
NLOBK_MVgamma_parent,0.00437894,4.5,0.45441,0.0803742,0.0433269,0.00528707,0.696809
NLOBK_MVgamma_parent,0.00656841,4.5,0.428951,0.0726819,0.0368386,0.0045191,0.65651
NLOBK_MVgamma_parent,0.00985261,4.5,0.406788,0.0656133,0.0311141,0.00382433,0.617852
NLOBK_MVgamma_parent,1e-05,45.0,2.49923,0.538818,1.00365,0.217911,3.22033
NLOBK_MVgamma_parent,1.5e-05,45.0,2.32217,0.49902,0.922938,0.201043,3.01379
NLOBK_MVgamma_parent,2.25e-05,45.0,2.15369,0.460848,0.844082,0.184562,2.81759
NLOBK_MVgamma_parent,3.375e-05,45.0,1.9932,0.424603,0.77128,0.169048,2.63132
NLOBK_MVgamma_parent,5.0625e-05,45.0,1.83975,0.390005,0.701723,0.15447,2.4546
NLOBK_MVgamma_parent,7.59375e-05,45.0,1.6958,0.357201,0.636498,0.140672,2.28706
NLOBK_MVgamma_parent,0.000113906,45.0,1.55836,0.326403,0.574324,0.128008,2.12834
NLOBK_MVgamma_parent,0.000170859,45.0,1.42902,0.296924,0.516326,0.115668,1.97809
NLOBK_MVgamma_parent,0.000256289,45.0,1.30632,0.269337,0.461957,0.1042,1.83597
NLOBK_MVgamma_parent,0.000384434,45.0,1.19123,0.24315,0.410665,0.093362,1.70164
NLOBK_MVgamma_parent,0.00057665,45.0,1.08372,0.218728,0.362964,0.0831695,1.57479
NLOBK_MVgamma_parent,0.000864976,45.0,0.981584,0.19547,0.318383,0.0737594,1.45512
NLOBK_MVgamma_parent,0.00129746,45.0,0.887222,0.173934,0.276916,0.0648478,1.34235
NLOBK_MVgamma_parent,0.0019462,45.0,0.80066,0.153743,0.238916,0.0564864,1.23618
NLOBK_MVgamma_parent,0.00291929,45.0,0.719735,0.134737,0.203623,0.0487681,1.13633
NLOBK_MVgamma_parent,0.00437894,45.0,0.645296,0.11751,0.171845,0.041885,1.04253
NLOBK_MVgamma_parent,0.00656841,45.0,0.578698,0.101389,0.143102,0.0354582,0.954508
NLOBK_MVgamma_parent,0.00985261,45.0,0.520323,0.0867701,0.117056,0.0295147,0.87205
NLOBK_MVgamma_parent,1e-05,15.0,1.77039,0.38531,0.557428,0.0998024,2.37374
NLOBK_MVgamma_parent,1.5e-05,15.0,1.65817,0.359089,0.513926,0.0923727,2.23987
NLOBK_MVgamma_parent,2.25e-05,15.0,1.55128,0.333922,0.472254,0.0852249,2.11175
NLOBK_MVgamma_parent,3.375e-05,15.0,1.44928,0.310107,0.432571,0.0784738,1.98919
NLOBK_MVgamma_parent,5.0625e-05,15.0,1.35163,0.287232,0.395275,0.0719516,1.87201
NLOBK_MVgamma_parent,7.59375e-05,15.0,1.25841,0.265247,0.359522,0.0658026,1.76002
NLOBK_MVgamma_parent,0.000113906,15.0,1.16864,0.244177,0.325836,0.0599731,1.65306
NLOBK_MVgamma_parent,0.000170859,15.0,1.08356,0.224174,0.293983,0.0545095,1.55097
NLOBK_MVgamma_parent,0.000256289,15.0,1.00244,0.204886,0.263698,0.049188,1.45356
NLOBK_MVgamma_parent,0.000384434,15.0,0.925826,0.186627,0.235317,0.0441746,1.36068
NLOBK_MVgamma_parent,0.00057665,15.0,0.853272,0.16923,0.208772,0.0394583,1.27218
NLOBK_MVgamma_parent,0.000864976,15.0,0.785388,0.152802,0.183962,0.0350898,1.1879
NLOBK_MVgamma_parent,0.00129746,15.0,0.721664,0.137111,0.160742,0.030894,1.1077
NLOBK_MVgamma_parent,0.0019462,15.0,0.662325,0.122304,0.139339,0.0270271,1.03145
NLOBK_MVgamma_parent,0.00291929,15.0,0.60716,0.108518,0.119633,0.0234249,0.958985
NLOBK_MVgamma_parent,0.00437894,15.0,0.556632,0.0954116,0.101638,0.0200635,0.890174
NLOBK_MVgamma_parent,0.00656841,15.0,0.511458,0.0834754,0.0852596,0.0170006,0.824881
NLOBK_MVgamma_parent,0.00985261,15.0,0.471298,0.0724803,0.0707849,0.0142486,0.763
NLOBK_MVgamma_parent,1e-05,27.0,2.1433,0.463839,0.781856,0.158687,2.82432
NLOBK_MVgamma_parent,1.5e-05,27.0,1.99965,0.430576,0.719125,0.146557,2.65298
NLOBK_MVgamma_parent,2.25e-05,27.0,1.86228,0.398832,0.659682,0.134784,2.48965
NLOBK_MVgamma_parent,3.375e-05,27.0,1.73005,0.368674,0.603321,0.123959,2.33404
NLOBK_MVgamma_parent,5.0625e-05,27.0,1.60479,0.339601,0.549872,0.113419,2.18588
NLOBK_MVgamma_parent,7.59375e-05,27.0,1.485,0.312184,0.499226,0.103467,2.04489
NLOBK_MVgamma_parent,0.000113906,27.0,1.37126,0.285982,0.451538,0.0940893,1.91081
NLOBK_MVgamma_parent,0.000170859,27.0,1.26443,0.261304,0.407501,0.0852444,1.7834
NLOBK_MVgamma_parent,0.000256289,27.0,1.1629,0.23758,0.364789,0.0768476,1.6624
NLOBK_MVgamma_parent,0.000384434,27.0,1.067,0.21557,0.324984,0.0689342,1.54758
NLOBK_MVgamma_parent,0.00057665,27.0,0.975291,0.194354,0.287715,0.0615361,1.43869
NLOBK_MVgamma_parent,0.000864976,27.0,0.890592,0.174571,0.253043,0.054568,1.33551
NLOBK_MVgamma_parent,0.00129746,27.0,0.811646,0.155699,0.220871,0.0480612,1.23785
NLOBK_MVgamma_parent,0.0019462,27.0,0.737055,0.137951,0.190894,0.041995,1.14549
NLOBK_MVgamma_parent,0.00291929,27.0,0.669291,0.121723,0.163328,0.0363766,1.05821
NLOBK_MVgamma_parent,0.00437894,27.0,0.606154,0.106354,0.138049,0.0311157,0.975806
NLOBK_MVgamma_parent,0.00656841,27.0,0.549849,0.0923184,0.115607,0.0262715,0.898087
NLOBK_MVgamma_parent,0.00985261,27.0,0.499838,0.0792225,0.0950283,0.0219754,0.824892
