NLOBK_MVgamma_parent,1e-05,4.5,1.14974,0.254375,0.23137,0.0252408,1.55851
NLOBK_MVgamma_parent,1.5e-05,4.5,1.08917,0.239783,0.213606,0.0234267,1.48657
NLOBK_MVgamma_parent,2.25e-05,4.5,1.0314,0.225918,0.196596,0.0216921,1.41715
NLOBK_MVgamma_parent,3.375e-05,4.5,0.975277,0.212285,0.180367,0.0200151,1.35019
NLOBK_MVgamma_parent,5.0625e-05,4.5,0.921815,0.199362,0.164868,0.0184331,1.28562
NLOBK_MVgamma_parent,7.59375e-05,4.5,0.869782,0.186646,0.150203,0.0168982,1.22338
NLOBK_MVgamma_parent,0.000113906,4.5,0.819919,0.17436,0.136264,0.0154272,1.16339
NLOBK_MVgamma_parent,0.000170859,4.5,0.771616,0.162444,0.12301,0.0140401,1.1056
NLOBK_MVgamma_parent,0.000256289,4.5,0.725981,0.15094,0.110542,0.0127161,1.04995
NLOBK_MVgamma_parent,0.000384434,4.5,0.681995,0.139861,0.0987381,0.011448,0.996369
NLOBK_MVgamma_parent,0.00057665,4.5,0.640371,0.129183,0.0876268,0.010253,0.944808
NLOBK_MVgamma_parent,0.000864976,4.5,0.601267,0.118943,0.0772161,0.00911517,0.895204
NLOBK_MVgamma_parent,0.00129746,4.5,0.564086,0.109077,0.067549,0.00804331,0.847505
NLOBK_MVgamma_parent,0.0019462,4.5,0.529354,0.0996632,0.0586908,0.00705004,0.801649
NLOBK_MVgamma_parent,0.00291929,4.5,0.497538,0.0907498,0.0505151,0.00611662,0.757572
NLOBK_MVgamma_parent,0.00437894,4.5,0.468913,0.0823555,0.0431593,0.00525642,0.715221
NLOBK_MVgamma_parent,0.00656841,4.5,0.443216,0.0744942,0.0365233,0.00447877,0.674546
NLOBK_MVgamma_parent,0.00985261,4.5,0.420874,0.0673029,0.0307229,0.00377823,0.635491
NLOBK_MVgamma_parent,1e-05,45.0,2.53025,0.542933,1.0119,0.219145,3.26101
NLOBK_MVgamma_parent,1.5e-05,45.0,2.35208,0.503047,0.928909,0.201747,3.05333
NLOBK_MVgamma_parent,2.25e-05,45.0,2.18247,0.465007,0.850349,0.185618,2.85593
NLOBK_MVgamma_parent,3.375e-05,45.0,2.02112,0.428555,0.777604,0.170347,2.66845
NLOBK_MVgamma_parent,5.0625e-05,45.0,1.8676,0.393848,0.707451,0.155551,2.49049
NLOBK_MVgamma_parent,7.59375e-05,45.0,1.72266,0.360821,0.641548,0.141784,2.32167
NLOBK_MVgamma_parent,0.000113906,45.0,1.58416,0.329532,0.579271,0.128772,2.16165
NLOBK_MVgamma_parent,0.000170859,45.0,1.45234,0.299747,0.52052,0.116392,2.01007
NLOBK_MVgamma_parent,0.000256289,45.0,1.3293,0.272115,0.465838,0.104794,1.86661
NLOBK_MVgamma_parent,0.000384434,45.0,1.21413,0.245591,0.414264,0.0939121,1.73095
NLOBK_MVgamma_parent,0.00057665,45.0,1.10648,0.220818,0.366272,0.083739,1.60277
NLOBK_MVgamma_parent,0.000864976,45.0,1.00221,0.197489,0.320768,0.0740114,1.48177
NLOBK_MVgamma_parent,0.00129746,45.0,0.907467,0.17584,0.278897,0.065131,1.36768
NLOBK_MVgamma_parent,0.0019462,45.0,0.817303,0.15504,0.240284,0.0567649,1.26022
NLOBK_MVgamma_parent,0.00291929,45.0,0.736527,0.136208,0.204752,0.0490742,1.15908
NLOBK_MVgamma_parent,0.00437894,45.0,0.662147,0.118785,0.172226,0.041938,1.064
NLOBK_MVgamma_parent,0.00656841,45.0,0.594482,0.102172,0.142911,0.0354677,0.974756
NLOBK_MVgamma_parent,0.00985261,45.0,0.534572,0.0873264,0.116598,0.0294922,0.891098
NLOBK_MVgamma_parent,1e-05,15.0,1.79248,0.388927,0.560978,0.100192,2.40542
NLOBK_MVgamma_parent,1.5e-05,15.0,1.68063,0.362572,0.517141,0.0927019,2.271
NLOBK_MVgamma_parent,2.25e-05,15.0,1.57323,0.337453,0.475478,0.0855723,2.14227
NLOBK_MVgamma_parent,3.375e-05,15.0,1.47066,0.313267,0.435567,0.0786866,2.01909
NLOBK_MVgamma_parent,5.0625e-05,15.0,1.37257,0.290123,0.39805,0.0723149,1.90124
NLOBK_MVgamma_parent,7.59375e-05,15.0,1.2791,0.268421,0.362098,0.0661046,1.78855
NLOBK_MVgamma_parent,0.000113906,15.0,1.18885,0.247227,0.327938,0.060276,1.68086
NLOBK_MVgamma_parent,0.000170859,15.0,1.1042,0.226965,0.295783,0.0547148,1.57798
NLOBK_MVgamma_parent,0.000256289,15.0,1.02205,0.207558,0.265456,0.0493483,1.47978
NLOBK_MVgamma_parent,0.000384434,15.0,0.94509,0.189088,0.236799,0.0443919,1.38609
NLOBK_MVgamma_parent,0.00057665,15.0,0.871957,0.171475,0.210025,0.0396419,1.29675
NLOBK_MVgamma_parent,0.000864976,15.0,0.803205,0.15478,0.184843,0.0352007,1.21162
NLOBK_MVgamma_parent,0.00129746,15.0,0.738462,0.138874,0.161569,0.0310308,1.13056
NLOBK_MVgamma_parent,0.0019462,15.0,0.678595,0.123922,0.139821,0.0271228,1.05344
NLOBK_MVgamma_parent,0.00291929,15.0,0.622899,0.109947,0.119975,0.0234677,0.980093
NLOBK_MVgamma_parent,0.00437894,15.0,0.571376,0.0966655,0.101637,0.0200648,0.910388
NLOBK_MVgamma_parent,0.00656841,15.0,0.525923,0.0844273,0.0850395,0.0169813,0.844215
NLOBK_MVgamma_parent,0.00985261,15.0,0.485121,0.0732042,0.0703005,0.014132,0.781445
NLOBK_MVgamma_parent,1e-05,27.0,2.17053,0.467594,0.786734,0.159418,2.86089
NLOBK_MVgamma_parent,1.5e-05,27.0,2.02623,0.434101,0.724385,0.147128,2.68869
NLOBK_MVgamma_parent,2.25e-05,27.0,1.88702,0.402786,0.664389,0.135539,2.52444
NLOBK_MVgamma_parent,3.375e-05,27.0,1.7553,0.372332,0.60724,0.124414,2.3679
NLOBK_MVgamma_parent,5.0625e-05,27.0,1.62957,0.343091,0.554247,0.114084,2.21877
NLOBK_MVgamma_parent,7.59375e-05,27.0,1.5087,0.315626,0.503548,0.104186,2.07677
NLOBK_MVgamma_parent,0.000113906,27.0,1.39424,0.289239,0.455582,0.0947862,1.94166
NLOBK_MVgamma_parent,0.000170859,27.0,1.28666,0.264297,0.410133,0.0857498,1.81318
NLOBK_MVgamma_parent,0.000256289,27.0,1.18373,0.24048,0.367655,0.0773992,1.69109
NLOBK_MVgamma_parent,0.000384434,27.0,1.08705,0.217874,0.327692,0.0694397,1.57517
NLOBK_MVgamma_parent,0.00057665,27.0,0.995443,0.196496,0.289947,0.0619103,1.46517
NLOBK_MVgamma_parent,0.000864976,27.0,0.910107,0.176425,0.254817,0.054824,1.36088
NLOBK_MVgamma_parent,0.00129746,27.0,0.829681,0.157383,0.221787,0.0482927,1.26211
NLOBK_MVgamma_parent,0.0019462,27.0,0.754286,0.139523,0.191843,0.0421418,1.16863
NLOBK_MVgamma_parent,0.00291929,27.0,0.686011,0.123067,0.163871,0.0364801,1.08024
NLOBK_MVgamma_parent,0.00437894,27.0,0.621818,0.107386,0.138474,0.0311823,0.996723
NLOBK_MVgamma_parent,0.00656841,27.0,0.564695,0.0930197,0.115224,0.0263517,0.917924
NLOBK_MVgamma_parent,0.00985261,27.0,0.513714,0.0797684,0.0947499,0.0219161,0.843658
