NLOBK_MVgamma_parent,1e-05,4.5,1.12583,0.252854,0.234061,0.0254639,1.54618
NLOBK_MVgamma_parent,1.5e-05,4.5,1.06803,0.238843,0.215966,0.0236547,1.47545
NLOBK_MVgamma_parent,2.25e-05,4.5,1.01087,0.224865,0.198807,0.0218908,1.40712
NLOBK_MVgamma_parent,3.375e-05,4.5,0.956437,0.211512,0.182189,0.0201917,1.34114
NLOBK_MVgamma_parent,5.0625e-05,4.5,0.903973,0.198678,0.166648,0.0185771,1.27744
NLOBK_MVgamma_parent,7.59375e-05,4.5,0.853207,0.185966,0.15163,0.0170069,1.21596
NLOBK_MVgamma_parent,0.000113906,4.5,0.804102,0.173726,0.137459,0.0155397,1.15665
NLOBK_MVgamma_parent,0.000170859,4.5,0.757685,0.162011,0.123891,0.0141277,1.09944
NLOBK_MVgamma_parent,0.000256289,4.5,0.712701,0.150494,0.111198,0.0127857,1.04429
NLOBK_MVgamma_parent,0.000384434,4.5,0.670099,0.139466,0.0991078,0.011496,0.991114
NLOBK_MVgamma_parent,0.00057665,4.5,0.629217,0.128845,0.0877743,0.0102793,0.939874
NLOBK_MVgamma_parent,0.000864976,4.5,0.590628,0.118569,0.077259,0.00912818,0.890517
NLOBK_MVgamma_parent,0.00129746,4.5,0.554567,0.108723,0.0674051,0.00804238,0.842984
NLOBK_MVgamma_parent,0.0019462,4.5,0.520567,0.0993189,0.0582843,0.00701289,0.797218
NLOBK_MVgamma_parent,0.00291929,4.5,0.489501,0.0903655,0.0499385,0.00606538,0.753166
NLOBK_MVgamma_parent,0.00437894,4.5,0.461272,0.081945,0.0424079,0.00518637,0.710781
NLOBK_MVgamma_parent,0.00656841,4.5,0.436248,0.0741013,0.0355959,0.00438506,0.670024
NLOBK_MVgamma_parent,0.00985261,4.5,0.414417,0.0668285,0.0296456,0.00366591,0.63084
NLOBK_MVgamma_parent,1e-05,45.0,2.54475,0.555471,1.03147,0.223911,3.27464
NLOBK_MVgamma_parent,1.5e-05,45.0,2.36481,0.513865,0.946996,0.20653,3.06505
NLOBK_MVgamma_parent,2.25e-05,45.0,2.19463,0.474599,0.866799,0.189766,2.86578
NLOBK_MVgamma_parent,3.375e-05,45.0,2.02991,0.437174,0.791463,0.173712,2.67646
NLOBK_MVgamma_parent,5.0625e-05,45.0,1.87313,0.401576,0.719084,0.158676,2.4967
NLOBK_MVgamma_parent,7.59375e-05,45.0,1.72543,0.367826,0.651273,0.144607,2.32612
NLOBK_MVgamma_parent,0.000113906,45.0,1.58665,0.3357,0.588085,0.131187,2.1644
NLOBK_MVgamma_parent,0.000170859,45.0,1.45318,0.305434,0.528034,0.118536,2.01121
NLOBK_MVgamma_parent,0.000256289,45.0,1.32893,0.276662,0.471467,0.106657,1.86621
NLOBK_MVgamma_parent,0.000384434,45.0,1.21196,0.249822,0.418476,0.0953354,1.72907
NLOBK_MVgamma_parent,0.00057665,45.0,1.10164,0.224489,0.368944,0.0848589,1.59949
NLOBK_MVgamma_parent,0.000864976,45.0,0.998882,0.200152,0.322807,0.0749931,1.47719
NLOBK_MVgamma_parent,0.00129746,45.0,0.902447,0.17781,0.279914,0.0657884,1.36185
NLOBK_MVgamma_parent,0.0019462,45.0,0.812339,0.157104,0.240555,0.0573606,1.2532
NLOBK_MVgamma_parent,0.00291929,45.0,0.729456,0.137541,0.203812,0.0494214,1.15097
NLOBK_MVgamma_parent,0.00437894,45.0,0.653381,0.119396,0.170788,0.0422068,1.0549
NLOBK_MVgamma_parent,0.00656841,45.0,0.586107,0.102792,0.140608,0.0353402,0.96477
NLOBK_MVgamma_parent,0.00985261,45.0,0.525653,0.0877056,0.114051,0.0293897,0.880337
NLOBK_MVgamma_parent,1e-05,15.0,1.78461,0.393488,0.570218,0.101774,2.40346
NLOBK_MVgamma_parent,1.5e-05,15.0,1.67384,0.367115,0.525233,0.0941112,2.26912
NLOBK_MVgamma_parent,2.25e-05,15.0,1.56631,0.341834,0.482486,0.0868946,2.1404
NLOBK_MVgamma_parent,3.375e-05,15.0,1.46395,0.317202,0.441902,0.0799874,2.0171
NLOBK_MVgamma_parent,5.0625e-05,15.0,1.36515,0.293886,0.403293,0.0733143,1.89908
NLOBK_MVgamma_parent,7.59375e-05,15.0,1.27101,0.271246,0.366447,0.067039,1.78615
NLOBK_MVgamma_parent,0.000113906,15.0,1.18194,0.249996,0.332293,0.0610611,1.67815
NLOBK_MVgamma_parent,0.000170859,15.0,1.09657,0.229341,0.299174,0.0553624,1.57493
NLOBK_MVgamma_parent,0.000256289,15.0,1.01502,0.209681,0.268097,0.0499686,1.47634
NLOBK_MVgamma_parent,0.000384434,15.0,0.93778,0.190917,0.238787,0.0448589,1.3822
NLOBK_MVgamma_parent,0.00057665,15.0,0.864859,0.173024,0.211517,0.0400147,1.29239
NLOBK_MVgamma_parent,0.000864976,15.0,0.795624,0.15602,0.185861,0.0355073,1.20676
NLOBK_MVgamma_parent,0.00129746,15.0,0.731339,0.139926,0.16197,0.0312223,1.12517
NLOBK_MVgamma_parent,0.0019462,15.0,0.671161,0.12464,0.139574,0.0271379,1.04748
NLOBK_MVgamma_parent,0.00291929,15.0,0.615068,0.110236,0.119259,0.0234422,0.973547
NLOBK_MVgamma_parent,0.00437894,15.0,0.564169,0.0968612,0.100435,0.0199938,0.903264
NLOBK_MVgamma_parent,0.00656841,15.0,0.518357,0.084482,0.0835573,0.0168371,0.836523
NLOBK_MVgamma_parent,0.00985261,15.0,0.477485,0.0728532,0.0685276,0.0139983,0.773201
NLOBK_MVgamma_parent,1e-05,27.0,2.17324,0.476109,0.801034,0.162639,2.86671
NLOBK_MVgamma_parent,1.5e-05,27.0,2.02694,0.441883,0.736895,0.150035,2.69363
NLOBK_MVgamma_parent,2.25e-05,27.0,1.88759,0.409853,0.675928,0.138236,2.52847
NLOBK_MVgamma_parent,3.375e-05,27.0,1.75519,0.378282,0.617678,0.126784,2.37098
NLOBK_MVgamma_parent,5.0625e-05,27.0,1.62817,0.348596,0.562826,0.116103,2.22087
NLOBK_MVgamma_parent,7.59375e-05,27.0,1.50783,0.320546,0.510939,0.105921,2.07786
NLOBK_MVgamma_parent,0.000113906,27.0,1.39243,0.293642,0.461455,0.0962208,1.94175
NLOBK_MVgamma_parent,0.000170859,27.0,1.2844,0.268146,0.415451,0.0871011,1.81228
NLOBK_MVgamma_parent,0.000256289,27.0,1.18065,0.243905,0.371744,0.078529,1.68921
NLOBK_MVgamma_parent,0.000384434,27.0,1.08268,0.221074,0.330659,0.0703156,1.5723
NLOBK_MVgamma_parent,0.00057665,27.0,0.990294,0.199126,0.29223,0.0627689,1.46135
NLOBK_MVgamma_parent,0.000864976,27.0,0.904542,0.17852,0.255941,0.0553776,1.35613
NLOBK_MVgamma_parent,0.00129746,27.0,0.823215,0.158937,0.222576,0.0486925,1.25644
NLOBK_MVgamma_parent,0.0019462,27.0,0.747924,0.140956,0.191696,0.042418,1.16206
NLOBK_MVgamma_parent,0.00291929,27.0,0.678196,0.123829,0.163019,0.0366065,1.07279
NLOBK_MVgamma_parent,0.00437894,27.0,0.614531,0.107966,0.137017,0.0311885,0.988466
NLOBK_MVgamma_parent,0.00656841,27.0,0.556994,0.0932969,0.113684,0.0262112,0.908914
NLOBK_MVgamma_parent,0.00985261,27.0,0.506291,0.0799381,0.0925253,0.0217734,0.833959
