NLOBK_MVgamma_parent,1e-05,4.5,1.13566,0.250814,0.231096,0.0255462,1.54128
NLOBK_MVgamma_parent,1.5e-05,4.5,1.07601,0.236398,0.213542,0.023713,1.46958
NLOBK_MVgamma_parent,2.25e-05,4.5,1.01847,0.222478,0.196645,0.0219626,1.40042
NLOBK_MVgamma_parent,3.375e-05,4.5,0.962788,0.209142,0.180655,0.020292,1.33374
NLOBK_MVgamma_parent,5.0625e-05,4.5,0.909397,0.196312,0.165415,0.0186906,1.26947
NLOBK_MVgamma_parent,7.59375e-05,4.5,0.857529,0.183751,0.150832,0.0171472,1.20755
NLOBK_MVgamma_parent,0.000113906,4.5,0.80806,0.171712,0.136937,0.0156829,1.14791
NLOBK_MVgamma_parent,0.000170859,4.5,0.760356,0.159909,0.123947,0.0142821,1.09048
NLOBK_MVgamma_parent,0.000256289,4.5,0.714705,0.148675,0.111583,0.0129642,1.03521
NLOBK_MVgamma_parent,0.000384434,4.5,0.671118,0.137716,0.0998909,0.0117035,0.982023
NLOBK_MVgamma_parent,0.00057665,4.5,0.629638,0.127236,0.0888955,0.0104997,0.930868
NLOBK_MVgamma_parent,0.000864976,4.5,0.590828,0.11714,0.0786895,0.00936501,0.881682
NLOBK_MVgamma_parent,0.00129746,4.5,0.553927,0.107461,0.0690857,0.00828002,0.834405
NLOBK_MVgamma_parent,0.0019462,4.5,0.519645,0.0982608,0.0602946,0.00729213,0.788974
NLOBK_MVgamma_parent,0.00291929,4.5,0.488321,0.0895432,0.0522125,0.00635967,0.745337
NLOBK_MVgamma_parent,0.00437894,4.5,0.45967,0.0813399,0.0449769,0.00549995,0.703444
NLOBK_MVgamma_parent,0.00656841,4.5,0.434325,0.0737173,0.0384171,0.00472504,0.663243
NLOBK_MVgamma_parent,0.00985261,4.5,0.41211,0.0667115,0.0327105,0.00402322,0.624672
NLOBK_MVgamma_parent,1e-05,45.0,2.49235,0.534619,1.00072,0.217025,3.22195
NLOBK_MVgamma_parent,1.5e-05,45.0,2.31484,0.494589,0.919588,0.200095,3.01707
NLOBK_MVgamma_parent,2.25e-05,45.0,2.14908,0.457029,0.842344,0.183758,2.82238
NLOBK_MVgamma_parent,3.375e-05,45.0,1.98988,0.421388,0.77035,0.168831,2.63747
NLOBK_MVgamma_parent,5.0625e-05,45.0,1.84032,0.387315,0.701275,0.154228,2.46198
NLOBK_MVgamma_parent,7.59375e-05,45.0,1.69739,0.354973,0.636558,0.140593,2.29555
NLOBK_MVgamma_parent,0.000113906,45.0,1.56128,0.3246,0.576165,0.127957,2.13783
NLOBK_MVgamma_parent,0.000170859,45.0,1.43254,0.295662,0.518412,0.115849,1.98845
NLOBK_MVgamma_parent,0.000256289,45.0,1.31213,0.268324,0.464082,0.104335,1.84709
NLOBK_MVgamma_parent,0.000384434,45.0,1.19861,0.242515,0.414056,0.0937509,1.71342
NLOBK_MVgamma_parent,0.00057665,45.0,1.09045,0.21822,0.366081,0.0835543,1.58714
NLOBK_MVgamma_parent,0.000864976,45.0,0.989522,0.195428,0.321955,0.0741978,1.46793
NLOBK_MVgamma_parent,0.00129746,45.0,0.8961,0.174001,0.280866,0.065189,1.35552
NLOBK_MVgamma_parent,0.0019462,45.0,0.808741,0.154018,0.242877,0.0571527,1.2496
NLOBK_MVgamma_parent,0.00291929,45.0,0.728904,0.135504,0.207631,0.0495072,1.14992
NLOBK_MVgamma_parent,0.00437894,45.0,0.654542,0.118079,0.175973,0.0424092,1.05623
NLOBK_MVgamma_parent,0.00656841,45.0,0.588696,0.10226,0.147156,0.0360274,0.968285
NLOBK_MVgamma_parent,0.00985261,45.0,0.529938,0.0875543,0.121283,0.0301626,0.88582
NLOBK_MVgamma_parent,1e-05,15.0,1.76801,0.38252,0.557098,0.0999687,2.37753
NLOBK_MVgamma_parent,1.5e-05,15.0,1.65684,0.356773,0.513573,0.0925217,2.24446
NLOBK_MVgamma_parent,2.25e-05,15.0,1.55156,0.33208,0.472839,0.0854745,2.11708
NLOBK_MVgamma_parent,3.375e-05,15.0,1.45037,0.308449,0.433591,0.0787654,1.99519
NLOBK_MVgamma_parent,5.0625e-05,15.0,1.35407,0.28595,0.396051,0.0723242,1.87863
NLOBK_MVgamma_parent,7.59375e-05,15.0,1.2603,0.264234,0.360781,0.0661955,1.76724
NLOBK_MVgamma_parent,0.000113906,15.0,1.17215,0.243496,0.327253,0.0604308,1.66083
NLOBK_MVgamma_parent,0.000170859,15.0,1.08795,0.223516,0.295847,0.054877,1.55922
NLOBK_MVgamma_parent,0.000256289,15.0,1.00761,0.204538,0.265875,0.0496126,1.46225
NLOBK_MVgamma_parent,0.000384434,15.0,0.931831,0.186584,0.237666,0.0446459,1.36977
NLOBK_MVgamma_parent,0.00057665,15.0,0.859302,0.169367,0.211424,0.0400139,1.28163
NLOBK_MVgamma_parent,0.000864976,15.0,0.791515,0.153067,0.186558,0.0355632,1.19766
NLOBK_MVgamma_parent,0.00129746,15.0,0.728523,0.137724,0.163524,0.031475,1.11772
NLOBK_MVgamma_parent,0.0019462,15.0,0.66906,0.123074,0.142244,0.027553,1.04167
NLOBK_MVgamma_parent,0.00291929,15.0,0.614099,0.109297,0.122492,0.0239523,0.969377
NLOBK_MVgamma_parent,0.00437894,15.0,0.563727,0.096367,0.104471,0.020578,0.900714
NLOBK_MVgamma_parent,0.00656841,15.0,0.518678,0.0844991,0.0882228,0.0175365,0.835557
NLOBK_MVgamma_parent,0.00985261,15.0,0.478727,0.073569,0.0736187,0.0147316,0.773769
NLOBK_MVgamma_parent,1e-05,27.0,2.13896,0.460052,0.78015,0.158272,2.82704
NLOBK_MVgamma_parent,1.5e-05,27.0,1.99635,0.427066,0.717871,0.146359,2.65693
NLOBK_MVgamma_parent,2.25e-05,27.0,1.86008,0.39568,0.659019,0.134739,2.49473
NLOBK_MVgamma_parent,3.375e-05,27.0,1.73084,0.366192,0.603476,0.123949,2.34015
NLOBK_MVgamma_parent,5.0625e-05,27.0,1.60455,0.337867,0.55044,0.11352,2.19292
NLOBK_MVgamma_parent,7.59375e-05,27.0,1.48824,0.310856,0.500599,0.103788,2.05279
NLOBK_MVgamma_parent,0.000113906,27.0,1.37506,0.28485,0.453692,0.0944446,1.91951
NLOBK_MVgamma_parent,0.000170859,27.0,1.2681,0.260054,0.408857,0.0856694,1.79279
NLOBK_MVgamma_parent,0.000256289,27.0,1.16715,0.236897,0.367156,0.0772963,1.67241
NLOBK_MVgamma_parent,0.000384434,27.0,1.07181,0.215047,0.327804,0.069472,1.55812
NLOBK_MVgamma_parent,0.00057665,27.0,0.982152,0.194302,0.290655,0.0619244,1.44971
NLOBK_MVgamma_parent,0.000864976,27.0,0.897192,0.174715,0.256244,0.0551159,1.34694
NLOBK_MVgamma_parent,0.00129746,27.0,0.818162,0.155914,0.223882,0.0485826,1.2496
NLOBK_MVgamma_parent,0.0019462,27.0,0.744257,0.138569,0.194229,0.0426062,1.15748
NLOBK_MVgamma_parent,0.00291929,27.0,0.676916,0.122219,0.166788,0.0369391,1.07037
NLOBK_MVgamma_parent,0.00437894,27.0,0.614593,0.107105,0.141583,0.031725,0.988112
NLOBK_MVgamma_parent,0.00656841,27.0,0.558362,0.093167,0.118897,0.0269374,0.910507
NLOBK_MVgamma_parent,0.00985261,27.0,0.50845,0.0802138,0.0985599,0.0225308,0.837363
