NLOBK_MVgamma_parent,1e-05,4.5,1.12012,0.248536,0.229359,0.0251132,1.51396
NLOBK_MVgamma_parent,1.5e-05,4.5,1.0618,0.234599,0.211728,0.0233172,1.44428
NLOBK_MVgamma_parent,2.25e-05,4.5,1.00557,0.220967,0.195046,0.0216027,1.37704
NLOBK_MVgamma_parent,3.375e-05,4.5,0.950967,0.20795,0.179029,0.0199433,1.31218
NLOBK_MVgamma_parent,5.0625e-05,4.5,0.898658,0.19519,0.163814,0.0183542,1.24963
NLOBK_MVgamma_parent,7.59375e-05,4.5,0.848319,0.182872,0.149311,0.0168516,1.18933
NLOBK_MVgamma_parent,0.000113906,4.5,0.799511,0.170863,0.135537,0.0154041,1.13122
NLOBK_MVgamma_parent,0.000170859,4.5,0.752843,0.159328,0.122512,0.0140151,1.07524
NLOBK_MVgamma_parent,0.000256289,4.5,0.708717,0.148162,0.110146,0.0127064,1.02131
NLOBK_MVgamma_parent,0.000384434,4.5,0.666044,0.137393,0.0984253,0.0114541,0.969396
NLOBK_MVgamma_parent,0.00057665,4.5,0.625261,0.127005,0.0874522,0.0102704,0.919429
NLOBK_MVgamma_parent,0.000864976,4.5,0.587142,0.116994,0.0772102,0.00914045,0.871343
NLOBK_MVgamma_parent,0.00129746,4.5,0.550943,0.107331,0.0675645,0.00807374,0.825097
NLOBK_MVgamma_parent,0.0019462,4.5,0.517249,0.0981521,0.0587325,0.00707317,0.78064
NLOBK_MVgamma_parent,0.00291929,4.5,0.486336,0.0895053,0.0505877,0.00614608,0.737902
NLOBK_MVgamma_parent,0.00437894,4.5,0.458175,0.0812419,0.0432293,0.0052922,0.696832
NLOBK_MVgamma_parent,0.00656841,4.5,0.433279,0.0736713,0.0366601,0.00451527,0.657377
NLOBK_MVgamma_parent,0.00985261,4.5,0.411652,0.0665775,0.0308412,0.00380835,0.619486
NLOBK_MVgamma_parent,1e-05,45.0,2.48813,0.536691,1.00172,0.21722,3.19298
NLOBK_MVgamma_parent,1.5e-05,45.0,2.31334,0.497158,0.920385,0.200157,2.98972
NLOBK_MVgamma_parent,2.25e-05,45.0,2.14669,0.459268,0.843274,0.184077,2.79652
NLOBK_MVgamma_parent,3.375e-05,45.0,1.98728,0.423478,0.770762,0.169069,2.613
NLOBK_MVgamma_parent,5.0625e-05,45.0,1.83657,0.389196,0.701688,0.154594,2.43878
NLOBK_MVgamma_parent,7.59375e-05,45.0,1.69493,0.35682,0.636223,0.140717,2.27351
NLOBK_MVgamma_parent,0.000113906,45.0,1.55937,0.325626,0.575203,0.12783,2.11684
NLOBK_MVgamma_parent,0.000170859,45.0,1.43026,0.296741,0.517213,0.115835,1.96844
NLOBK_MVgamma_parent,0.000256289,45.0,1.30946,0.269287,0.46313,0.104233,1.82796
NLOBK_MVgamma_parent,0.000384434,45.0,1.19466,0.243156,0.411866,0.0935572,1.69512
NLOBK_MVgamma_parent,0.00057665,45.0,1.08862,0.218715,0.363843,0.0832531,1.56959
NLOBK_MVgamma_parent,0.000864976,45.0,0.987848,0.19579,0.319154,0.0736812,1.45107
NLOBK_MVgamma_parent,0.00129746,45.0,0.8935,0.174106,0.277553,0.064849,1.33929
NLOBK_MVgamma_parent,0.0019462,45.0,0.805521,0.153967,0.239452,0.0566104,1.23399
NLOBK_MVgamma_parent,0.00291929,45.0,0.725174,0.1351,0.203778,0.0489433,1.13489
NLOBK_MVgamma_parent,0.00437894,45.0,0.651946,0.117577,0.171766,0.0418683,1.04173
NLOBK_MVgamma_parent,0.00656841,45.0,0.584898,0.101515,0.142585,0.03536,0.954253
NLOBK_MVgamma_parent,0.00985261,45.0,0.526383,0.0867376,0.116326,0.0295688,0.872245
NLOBK_MVgamma_parent,1e-05,15.0,1.75604,0.382515,0.555798,0.099413,2.34819
NLOBK_MVgamma_parent,1.5e-05,15.0,1.64697,0.356994,0.512206,0.0920146,2.21717
NLOBK_MVgamma_parent,2.25e-05,15.0,1.54225,0.332039,0.471205,0.084992,2.09171
NLOBK_MVgamma_parent,3.375e-05,15.0,1.44191,0.308682,0.431978,0.0783041,1.97163
NLOBK_MVgamma_parent,5.0625e-05,15.0,1.3452,0.286096,0.394374,0.0718657,1.85673
NLOBK_MVgamma_parent,7.59375e-05,15.0,1.25362,0.264338,0.359329,0.0657565,1.74686
NLOBK_MVgamma_parent,0.000113906,15.0,1.16622,0.243635,0.325552,0.0599296,1.64185
NLOBK_MVgamma_parent,0.000170859,15.0,1.0827,0.22379,0.294052,0.0544509,1.54153
NLOBK_MVgamma_parent,0.000256289,15.0,1.00302,0.204676,0.264003,0.0491916,1.44574
NLOBK_MVgamma_parent,0.000384434,15.0,0.927277,0.186551,0.235581,0.0442174,1.35434
NLOBK_MVgamma_parent,0.00057665,15.0,0.855915,0.169405,0.20917,0.0395535,1.26718
NLOBK_MVgamma_parent,0.000864976,15.0,0.788229,0.153017,0.18421,0.0351275,1.18409
NLOBK_MVgamma_parent,0.00129746,15.0,0.724617,0.137378,0.160932,0.0309682,1.10496
NLOBK_MVgamma_parent,0.0019462,15.0,0.666184,0.122581,0.139366,0.0270671,1.02967
NLOBK_MVgamma_parent,0.00291929,15.0,0.610902,0.108735,0.119726,0.0234265,0.958046
NLOBK_MVgamma_parent,0.00437894,15.0,0.560688,0.0957887,0.101595,0.020082,0.889969
NLOBK_MVgamma_parent,0.00656841,15.0,0.515801,0.0837345,0.0851626,0.0169888,0.825318
NLOBK_MVgamma_parent,0.00985261,15.0,0.476238,0.0726049,0.0703977,0.0141752,0.763977
NLOBK_MVgamma_parent,1e-05,27.0,2.13121,0.461129,0.77936,0.158192,2.7977
NLOBK_MVgamma_parent,1.5e-05,27.0,1.98929,0.428411,0.717022,0.145916,2.62946
NLOBK_MVgamma_parent,2.25e-05,27.0,1.8528,0.39716,0.658222,0.134406,2.469
NLOBK_MVgamma_parent,3.375e-05,27.0,1.72418,0.367262,0.602597,0.123611,2.31603
NLOBK_MVgamma_parent,5.0625e-05,27.0,1.60019,0.338569,0.549685,0.113223,2.17029
NLOBK_MVgamma_parent,7.59375e-05,27.0,1.4826,0.311571,0.499327,0.103452,2.03151
NLOBK_MVgamma_parent,0.000113906,27.0,1.37039,0.285819,0.452053,0.0940835,1.89946
NLOBK_MVgamma_parent,0.000170859,27.0,1.26415,0.261009,0.407432,0.0853086,1.77387
NLOBK_MVgamma_parent,0.000256289,27.0,1.16382,0.237546,0.365262,0.0769935,1.65452
NLOBK_MVgamma_parent,0.000384434,27.0,1.06831,0.215729,0.325711,0.0691183,1.54117
NLOBK_MVgamma_parent,0.00057665,27.0,0.978093,0.194418,0.288306,0.0616771,1.43362
NLOBK_MVgamma_parent,0.000864976,27.0,0.89487,0.174513,0.253627,0.0546908,1.33161
NLOBK_MVgamma_parent,0.00129746,27.0,0.815276,0.155865,0.221107,0.0480991,1.23498
NLOBK_MVgamma_parent,0.0019462,27.0,0.742068,0.138373,0.19107,0.0420381,1.14352
NLOBK_MVgamma_parent,0.00291929,27.0,0.674027,0.121762,0.163385,0.036383,1.05702
NLOBK_MVgamma_parent,0.00437894,27.0,0.61166,0.106599,0.13817,0.0311602,0.975289
NLOBK_MVgamma_parent,0.00656841,27.0,0.554957,0.09223,0.115266,0.0263441,0.89815
NLOBK_MVgamma_parent,0.00985261,27.0,0.504941,0.0792317,0.0945924,0.0219518,0.825433
