NLOBK_MVgamma_parent,1e-05,4.5,1.13741,0.252249,0.238194,0.0267399,1.54823
NLOBK_MVgamma_parent,1.5e-05,4.5,1.07707,0.2379,0.220114,0.024828,1.47635
NLOBK_MVgamma_parent,2.25e-05,4.5,1.01968,0.223966,0.202706,0.0230013,1.40701
NLOBK_MVgamma_parent,3.375e-05,4.5,0.963996,0.210592,0.186167,0.0212298,1.34013
NLOBK_MVgamma_parent,5.0625e-05,4.5,0.910471,0.197706,0.170396,0.0195676,1.27565
NLOBK_MVgamma_parent,7.59375e-05,4.5,0.858853,0.184979,0.155327,0.0179492,1.2135
NLOBK_MVgamma_parent,0.000113906,4.5,0.809062,0.172837,0.141064,0.0164151,1.15362
NLOBK_MVgamma_parent,0.000170859,4.5,0.761371,0.161026,0.127477,0.0149474,1.09594
NLOBK_MVgamma_parent,0.000256289,4.5,0.715952,0.149597,0.114718,0.0135588,1.0404
NLOBK_MVgamma_parent,0.000384434,4.5,0.67264,0.138653,0.102614,0.0122298,0.986943
NLOBK_MVgamma_parent,0.00057665,4.5,0.631098,0.128093,0.091224,0.0109611,0.935508
NLOBK_MVgamma_parent,0.000864976,4.5,0.59216,0.117894,0.0806114,0.00975976,0.886031
NLOBK_MVgamma_parent,0.00129746,4.5,0.555039,0.108113,0.0706792,0.00863077,0.838459
NLOBK_MVgamma_parent,0.0019462,4.5,0.520755,0.0988315,0.0615895,0.00757509,0.792741
NLOBK_MVgamma_parent,0.00291929,4.5,0.489321,0.0899668,0.053175,0.00660249,0.748817
NLOBK_MVgamma_parent,0.00437894,4.5,0.46074,0.081689,0.0456009,0.00569144,0.706627
NLOBK_MVgamma_parent,0.00656841,4.5,0.435296,0.0739438,0.0387768,0.00486349,0.66611
NLOBK_MVgamma_parent,0.00985261,4.5,0.413107,0.0668009,0.0327792,0.00412592,0.62722
NLOBK_MVgamma_parent,1e-05,45.0,2.51755,0.542584,1.02274,0.222536,3.25118
NLOBK_MVgamma_parent,1.5e-05,45.0,2.34,0.502851,0.939783,0.205327,3.04358
NLOBK_MVgamma_parent,2.25e-05,45.0,2.17128,0.464489,0.860906,0.188638,2.8463
NLOBK_MVgamma_parent,3.375e-05,45.0,2.00901,0.428179,0.786253,0.17281,2.65895
NLOBK_MVgamma_parent,5.0625e-05,45.0,1.85643,0.393454,0.715954,0.158131,2.48115
NLOBK_MVgamma_parent,7.59375e-05,45.0,1.71144,0.360658,0.649487,0.144274,2.31252
NLOBK_MVgamma_parent,0.000113906,45.0,1.57306,0.329312,0.586756,0.130787,2.1527
NLOBK_MVgamma_parent,0.000170859,45.0,1.44241,0.299826,0.527868,0.11852,2.00135
NLOBK_MVgamma_parent,0.000256289,45.0,1.32048,0.272051,0.472526,0.106688,1.85812
NLOBK_MVgamma_parent,0.000384434,45.0,1.20594,0.245547,0.420505,0.0957322,1.72269
NLOBK_MVgamma_parent,0.00057665,45.0,1.09805,0.220913,0.371779,0.0852903,1.59476
NLOBK_MVgamma_parent,0.000864976,45.0,0.994871,0.197552,0.325851,0.0755357,1.47401
NLOBK_MVgamma_parent,0.00129746,45.0,0.899688,0.175813,0.28403,0.066473,1.36016
NLOBK_MVgamma_parent,0.0019462,45.0,0.810894,0.155357,0.245199,0.0580509,1.25293
NLOBK_MVgamma_parent,0.00291929,45.0,0.729493,0.136226,0.209086,0.050154,1.15206
NLOBK_MVgamma_parent,0.00437894,45.0,0.655345,0.118907,0.176221,0.0429858,1.05725
NLOBK_MVgamma_parent,0.00656841,45.0,0.588298,0.102512,0.146487,0.0363693,0.968243
NLOBK_MVgamma_parent,0.00985261,45.0,0.52873,0.0877631,0.119944,0.030405,0.884818
NLOBK_MVgamma_parent,1e-05,15.0,1.7802,0.387664,0.571373,0.103319,2.39578
NLOBK_MVgamma_parent,1.5e-05,15.0,1.66906,0.361492,0.527051,0.0956836,2.26143
NLOBK_MVgamma_parent,2.25e-05,15.0,1.56129,0.336252,0.484489,0.0884178,2.1328
NLOBK_MVgamma_parent,3.375e-05,15.0,1.45972,0.312474,0.444238,0.0813805,2.00971
NLOBK_MVgamma_parent,5.0625e-05,15.0,1.36093,0.289365,0.406083,0.0747275,1.89198
NLOBK_MVgamma_parent,7.59375e-05,15.0,1.26824,0.267484,0.369455,0.0683036,1.77944
NLOBK_MVgamma_parent,0.000113906,15.0,1.17827,0.246264,0.335195,0.0623692,1.6719
NLOBK_MVgamma_parent,0.000170859,15.0,1.09342,0.226032,0.302591,0.0565867,1.5692
NLOBK_MVgamma_parent,0.000256289,15.0,1.01214,0.206854,0.271875,0.0512069,1.47117
NLOBK_MVgamma_parent,0.000384434,15.0,0.936165,0.188612,0.242593,0.0459845,1.37766
NLOBK_MVgamma_parent,0.00057665,15.0,0.863271,0.171084,0.215747,0.0411917,1.28851
NLOBK_MVgamma_parent,0.000864976,15.0,0.794592,0.154471,0.19006,0.0365749,1.20358
NLOBK_MVgamma_parent,0.00129746,15.0,0.730825,0.138664,0.166354,0.0322814,1.12271
NLOBK_MVgamma_parent,0.0019462,15.0,0.671321,0.123812,0.144139,0.0282555,1.04579
NLOBK_MVgamma_parent,0.00291929,15.0,0.615272,0.109803,0.123925,0.0244724,0.972659
NLOBK_MVgamma_parent,0.00437894,15.0,0.564625,0.0966203,0.105318,0.0209612,0.903186
NLOBK_MVgamma_parent,0.00656841,15.0,0.518644,0.0845121,0.0883759,0.0177957,0.837227
NLOBK_MVgamma_parent,0.00985261,15.0,0.478355,0.0733972,0.073475,0.0148771,0.774676
NLOBK_MVgamma_parent,1e-05,27.0,2.1564,0.46658,0.798009,0.163005,2.85117
NLOBK_MVgamma_parent,1.5e-05,27.0,2.01369,0.433878,0.734744,0.150679,2.67905
NLOBK_MVgamma_parent,2.25e-05,27.0,1.87574,0.401777,0.674485,0.138653,2.51491
NLOBK_MVgamma_parent,3.375e-05,27.0,1.74287,0.37146,0.617271,0.127425,2.3585
NLOBK_MVgamma_parent,5.0625e-05,27.0,1.61831,0.342696,0.562744,0.116729,2.20951
NLOBK_MVgamma_parent,7.59375e-05,27.0,1.49835,0.314846,0.511783,0.106643,2.06768
NLOBK_MVgamma_parent,0.000113906,27.0,1.38564,0.288697,0.463165,0.0969323,1.93276
NLOBK_MVgamma_parent,0.000170859,27.0,1.27628,0.263761,0.417378,0.0879023,1.80448
NLOBK_MVgamma_parent,0.000256289,27.0,1.17399,0.240042,0.374227,0.0793396,1.6826
NLOBK_MVgamma_parent,0.000384434,27.0,1.07848,0.217577,0.333891,0.0712317,1.56688
NLOBK_MVgamma_parent,0.00057665,27.0,0.986702,0.196333,0.29558,0.0635071,1.45711
NLOBK_MVgamma_parent,0.000864976,27.0,0.90132,0.176285,0.260041,0.0563482,1.35305
NLOBK_MVgamma_parent,0.00129746,27.0,0.821157,0.157457,0.226778,0.0495952,1.2545
NLOBK_MVgamma_parent,0.0019462,27.0,0.747013,0.139645,0.196324,0.0434045,1.16124
NLOBK_MVgamma_parent,0.00291929,27.0,0.678288,0.122984,0.168143,0.0376018,1.0731
NLOBK_MVgamma_parent,0.00437894,27.0,0.615027,0.107503,0.142225,0.0321419,0.989836
NLOBK_MVgamma_parent,0.00656841,27.0,0.558193,0.0932594,0.119065,0.0272939,0.911268
NLOBK_MVgamma_parent,0.00985261,27.0,0.507423,0.0801175,0.0979829,0.0227375,0.837231
