NLOBK_MVgamma_parent,1e-05,4.5,1.12447,0.248939,0.233444,0.0259627,1.52503
NLOBK_MVgamma_parent,1.5e-05,4.5,1.06557,0.234755,0.215718,0.0241283,1.45404
NLOBK_MVgamma_parent,2.25e-05,4.5,1.00783,0.221029,0.198893,0.022362,1.38557
NLOBK_MVgamma_parent,3.375e-05,4.5,0.952982,0.207794,0.182828,0.0206736,1.31956
NLOBK_MVgamma_parent,5.0625e-05,4.5,0.900015,0.195068,0.167512,0.019041,1.25593
NLOBK_MVgamma_parent,7.59375e-05,4.5,0.84885,0.182691,0.152873,0.017499,1.19462
NLOBK_MVgamma_parent,0.000113906,4.5,0.799697,0.170751,0.139209,0.0160285,1.13558
NLOBK_MVgamma_parent,0.000170859,4.5,0.752487,0.159124,0.126092,0.0146219,1.07873
NLOBK_MVgamma_parent,0.000256289,4.5,0.707019,0.147956,0.113548,0.0132735,1.02401
NLOBK_MVgamma_parent,0.000384434,4.5,0.664189,0.1372,0.101809,0.0119921,0.971371
NLOBK_MVgamma_parent,0.00057665,4.5,0.623529,0.126864,0.0907357,0.0107853,0.920739
NLOBK_MVgamma_parent,0.000864976,4.5,0.584851,0.116875,0.080567,0.00962779,0.872057
NLOBK_MVgamma_parent,0.00129746,4.5,0.548319,0.107312,0.070925,0.00855074,0.825273
NLOBK_MVgamma_parent,0.0019462,4.5,0.514396,0.0981823,0.0621338,0.00754812,0.780323
NLOBK_MVgamma_parent,0.00291929,4.5,0.483194,0.0896077,0.0539656,0.00660415,0.737142
NLOBK_MVgamma_parent,0.00437894,4.5,0.4547,0.0814737,0.0466088,0.0057367,0.69569
NLOBK_MVgamma_parent,0.00656841,4.5,0.429569,0.0739495,0.0400882,0.00495094,0.655916
NLOBK_MVgamma_parent,0.00985261,4.5,0.407488,0.067014,0.034218,0.00422662,0.617759
NLOBK_MVgamma_parent,1e-05,45.0,2.48776,0.535329,1.00735,0.21855,3.2117
NLOBK_MVgamma_parent,1.5e-05,45.0,2.31091,0.496102,0.925685,0.201633,3.00764
NLOBK_MVgamma_parent,2.25e-05,45.0,2.14642,0.458312,0.849141,0.185476,2.81373
NLOBK_MVgamma_parent,3.375e-05,45.0,1.98753,0.422537,0.776943,0.170268,2.62958
NLOBK_MVgamma_parent,5.0625e-05,45.0,1.8363,0.388783,0.70807,0.155952,2.4548
NLOBK_MVgamma_parent,7.59375e-05,45.0,1.69452,0.356593,0.643049,0.142358,2.28903
NLOBK_MVgamma_parent,0.000113906,45.0,1.55938,0.325666,0.581501,0.129274,2.13192
NLOBK_MVgamma_parent,0.000170859,45.0,1.43077,0.296869,0.524038,0.117104,1.98313
NLOBK_MVgamma_parent,0.000256289,45.0,1.30916,0.269762,0.470024,0.105686,1.84231
NLOBK_MVgamma_parent,0.000384434,45.0,1.19807,0.244068,0.419021,0.0948854,1.70915
NLOBK_MVgamma_parent,0.00057665,45.0,1.09081,0.219848,0.371692,0.0847555,1.58333
NLOBK_MVgamma_parent,0.000864976,45.0,0.989761,0.197,0.3268,0.075176,1.46456
NLOBK_MVgamma_parent,0.00129746,45.0,0.896113,0.175523,0.285801,0.0663409,1.35255
NLOBK_MVgamma_parent,0.0019462,45.0,0.808936,0.15567,0.247862,0.0581958,1.24702
NLOBK_MVgamma_parent,0.00291929,45.0,0.728843,0.136887,0.212602,0.0505312,1.14767
NLOBK_MVgamma_parent,0.00437894,45.0,0.655041,0.119687,0.180361,0.0434476,1.05428
NLOBK_MVgamma_parent,0.00656841,45.0,0.589317,0.103748,0.151394,0.0370574,0.966607
NLOBK_MVgamma_parent,0.00985261,45.0,0.530034,0.089004,0.125168,0.0310709,0.884387
NLOBK_MVgamma_parent,1e-05,15.0,1.75791,0.381665,0.561488,0.101123,2.36289
NLOBK_MVgamma_parent,1.5e-05,15.0,1.64851,0.356344,0.518179,0.0935336,2.23072
NLOBK_MVgamma_parent,2.25e-05,15.0,1.54249,0.331613,0.476612,0.0864285,2.1042
NLOBK_MVgamma_parent,3.375e-05,15.0,1.44247,0.308126,0.437475,0.0797496,1.98314
NLOBK_MVgamma_parent,5.0625e-05,15.0,1.3467,0.285878,0.400214,0.0732742,1.86738
NLOBK_MVgamma_parent,7.59375e-05,15.0,1.2543,0.264196,0.365017,0.0671352,1.75673
NLOBK_MVgamma_parent,0.000113906,15.0,1.166,0.243371,0.331376,0.0612729,1.65103
NLOBK_MVgamma_parent,0.000170859,15.0,1.08228,0.223846,0.299599,0.0556929,1.5501
NLOBK_MVgamma_parent,0.000256289,15.0,1.00275,0.205045,0.26965,0.0504617,1.45379
NLOBK_MVgamma_parent,0.000384434,15.0,0.927326,0.187195,0.241428,0.0454818,1.36194
NLOBK_MVgamma_parent,0.00057665,15.0,0.855673,0.169984,0.21487,0.0407532,1.27438
NLOBK_MVgamma_parent,0.000864976,15.0,0.788436,0.153841,0.190153,0.0363085,1.19098
NLOBK_MVgamma_parent,0.00129746,15.0,0.725094,0.138445,0.167024,0.0321667,1.11159
NLOBK_MVgamma_parent,0.0019462,15.0,0.666297,0.12392,0.145383,0.0282203,1.03606
NLOBK_MVgamma_parent,0.00291929,15.0,0.611711,0.110293,0.125735,0.0246091,0.964238
NLOBK_MVgamma_parent,0.00437894,15.0,0.561372,0.0973338,0.107696,0.0212105,0.896026
NLOBK_MVgamma_parent,0.00656841,15.0,0.516579,0.0855718,0.0911812,0.0180854,0.831294
NLOBK_MVgamma_parent,0.00985261,15.0,0.476663,0.0746434,0.0765045,0.0153028,0.769909
NLOBK_MVgamma_parent,1e-05,27.0,2.13062,0.45983,0.78506,0.159885,2.81441
NLOBK_MVgamma_parent,1.5e-05,27.0,1.98913,0.427529,0.722997,0.147548,2.64519
NLOBK_MVgamma_parent,2.25e-05,27.0,1.85435,0.396319,0.664428,0.136228,2.48385
NLOBK_MVgamma_parent,3.375e-05,27.0,1.72389,0.36652,0.608747,0.125267,2.33009
NLOBK_MVgamma_parent,5.0625e-05,27.0,1.59956,0.338309,0.555585,0.114802,2.18364
NLOBK_MVgamma_parent,7.59375e-05,27.0,1.48268,0.31126,0.506059,0.104943,2.04424
NLOBK_MVgamma_parent,0.000113906,27.0,1.37102,0.285673,0.458378,0.0955273,1.91164
NLOBK_MVgamma_parent,0.000170859,27.0,1.26476,0.261245,0.413941,0.0866878,1.78559
NLOBK_MVgamma_parent,0.000256289,27.0,1.16378,0.237983,0.371751,0.0783963,1.66582
NLOBK_MVgamma_parent,0.000384434,27.0,1.06907,0.216172,0.332283,0.0704543,1.55212
NLOBK_MVgamma_parent,0.00057665,27.0,0.980063,0.195487,0.29511,0.0630498,1.44426
NLOBK_MVgamma_parent,0.000864976,27.0,0.89554,0.175629,0.260605,0.0560994,1.342
NLOBK_MVgamma_parent,0.00129746,27.0,0.816769,0.157202,0.22822,0.0496016,1.24515
NLOBK_MVgamma_parent,0.0019462,27.0,0.743583,0.139718,0.198098,0.0434173,1.15349
NLOBK_MVgamma_parent,0.00291929,27.0,0.67561,0.123505,0.170636,0.0377798,1.06681
NLOBK_MVgamma_parent,0.00437894,27.0,0.613537,0.108404,0.145618,0.0325425,0.984933
NLOBK_MVgamma_parent,0.00656841,27.0,0.55728,0.0943553,0.123045,0.027701,0.907685
NLOBK_MVgamma_parent,0.00985261,27.0,0.507549,0.0814261,0.102182,0.0233328,0.834873
