NLOBK_MVgamma_parent,1e-05,4.5,1.14647,0.251748,0.229233,0.0252323,1.55611
NLOBK_MVgamma_parent,1.5e-05,4.5,1.08509,0.237252,0.211632,0.0234202,1.48263
NLOBK_MVgamma_parent,2.25e-05,4.5,1.02649,0.223182,0.194911,0.0216757,1.41182
NLOBK_MVgamma_parent,3.375e-05,4.5,0.968989,0.209498,0.178992,0.0200245,1.34358
NLOBK_MVgamma_parent,5.0625e-05,4.5,0.913807,0.196461,0.163874,0.0184304,1.27786
NLOBK_MVgamma_parent,7.59375e-05,4.5,0.861634,0.183657,0.149462,0.0169154,1.21458
NLOBK_MVgamma_parent,0.000113906,4.5,0.810637,0.171412,0.135855,0.0154676,1.15368
NLOBK_MVgamma_parent,0.000170859,4.5,0.76208,0.159604,0.122868,0.0140989,1.09509
NLOBK_MVgamma_parent,0.000256289,4.5,0.715418,0.148106,0.110638,0.0127943,1.03875
NLOBK_MVgamma_parent,0.000384434,4.5,0.670859,0.13708,0.0991298,0.011556,0.984587
NLOBK_MVgamma_parent,0.00057665,4.5,0.628683,0.126517,0.0884157,0.0103705,0.932538
NLOBK_MVgamma_parent,0.000864976,4.5,0.588899,0.116383,0.0783217,0.00926196,0.882528
NLOBK_MVgamma_parent,0.00129746,4.5,0.551647,0.106624,0.068987,0.00821321,0.834505
NLOBK_MVgamma_parent,0.0019462,4.5,0.516878,0.097456,0.0604688,0.00724682,0.78841
NLOBK_MVgamma_parent,0.00291929,4.5,0.484845,0.0887157,0.0525872,0.00634115,0.744188
NLOBK_MVgamma_parent,0.00437894,4.5,0.455856,0.0805897,0.0455103,0.0055123,0.701772
NLOBK_MVgamma_parent,0.00656841,4.5,0.43018,0.0729855,0.039163,0.00476982,0.661103
NLOBK_MVgamma_parent,0.00985261,4.5,0.407895,0.0660324,0.0336066,0.00408571,0.622128
NLOBK_MVgamma_parent,1e-05,45.0,2.48837,0.531545,0.992725,0.215084,3.22968
NLOBK_MVgamma_parent,1.5e-05,45.0,2.31305,0.491806,0.912402,0.197932,3.02379
NLOBK_MVgamma_parent,2.25e-05,45.0,2.14408,0.454599,0.83637,0.182026,2.82826
NLOBK_MVgamma_parent,3.375e-05,45.0,1.98653,0.418654,0.764067,0.16709,2.64265
NLOBK_MVgamma_parent,5.0625e-05,45.0,1.83439,0.384595,0.696503,0.153,2.46659
NLOBK_MVgamma_parent,7.59375e-05,45.0,1.6923,0.35304,0.63224,0.13954,2.29971
NLOBK_MVgamma_parent,0.000113906,45.0,1.55618,0.322667,0.571815,0.126858,2.14161
NLOBK_MVgamma_parent,0.000170859,45.0,1.42811,0.293646,0.51493,0.114856,1.99197
NLOBK_MVgamma_parent,0.000256289,45.0,1.30653,0.266706,0.462197,0.103638,1.85042
NLOBK_MVgamma_parent,0.000384434,45.0,1.19212,0.241152,0.411715,0.0928378,1.71666
NLOBK_MVgamma_parent,0.00057665,45.0,1.08531,0.217139,0.364667,0.0830991,1.59035
NLOBK_MVgamma_parent,0.000864976,45.0,0.985261,0.194693,0.321532,0.0737845,1.47115
NLOBK_MVgamma_parent,0.00129746,45.0,0.891812,0.173656,0.28072,0.0649836,1.3588
NLOBK_MVgamma_parent,0.0019462,45.0,0.805354,0.153634,0.243328,0.056904,1.253
NLOBK_MVgamma_parent,0.00291929,45.0,0.725256,0.135418,0.209218,0.0495041,1.15348
NLOBK_MVgamma_parent,0.00437894,45.0,0.651381,0.118275,0.177922,0.0426043,1.05997
NLOBK_MVgamma_parent,0.00656841,45.0,0.586285,0.102619,0.149576,0.036314,0.972193
NLOBK_MVgamma_parent,0.00985261,45.0,0.528158,0.088398,0.12435,0.030619,0.889921
NLOBK_MVgamma_parent,1e-05,15.0,1.773,0.381606,0.552886,0.099039,2.38915
NLOBK_MVgamma_parent,1.5e-05,15.0,1.66125,0.356018,0.510072,0.0915941,2.25447
NLOBK_MVgamma_parent,2.25e-05,15.0,1.55435,0.331388,0.468804,0.0845472,2.12565
NLOBK_MVgamma_parent,3.375e-05,15.0,1.4515,0.30768,0.429933,0.0779377,2.00248
NLOBK_MVgamma_parent,5.0625e-05,15.0,1.3547,0.284911,0.393248,0.0715396,1.88477
NLOBK_MVgamma_parent,7.59375e-05,15.0,1.26103,0.2629,0.358075,0.0655501,1.77235
NLOBK_MVgamma_parent,0.000113906,15.0,1.17157,0.242424,0.324913,0.0597903,1.66503
NLOBK_MVgamma_parent,0.000170859,15.0,1.08649,0.22261,0.293778,0.0543136,1.56264
NLOBK_MVgamma_parent,0.000256289,15.0,1.00615,0.203741,0.264171,0.049145,1.46501
NLOBK_MVgamma_parent,0.000384434,15.0,0.929179,0.185761,0.236242,0.0442648,1.37197
NLOBK_MVgamma_parent,0.00057665,15.0,0.857045,0.168676,0.210485,0.0396493,1.28336
NLOBK_MVgamma_parent,0.000864976,15.0,0.789234,0.152539,0.186186,0.0353329,1.19901
NLOBK_MVgamma_parent,0.00129746,15.0,0.725494,0.137153,0.163445,0.0312904,1.11878
NLOBK_MVgamma_parent,0.0019462,15.0,0.665755,0.122719,0.142469,0.0274772,1.04252
NLOBK_MVgamma_parent,0.00291929,15.0,0.611592,0.109089,0.123329,0.0239395,0.970094
NLOBK_MVgamma_parent,0.00437894,15.0,0.56099,0.0963997,0.105678,0.020649,0.901356
NLOBK_MVgamma_parent,0.00656841,15.0,0.516041,0.084673,0.0897489,0.0176699,0.836168
NLOBK_MVgamma_parent,0.00985261,15.0,0.476267,0.0740242,0.0755605,0.0149868,0.774406
NLOBK_MVgamma_parent,1e-05,27.0,2.13908,0.457887,0.773858,0.156904,2.83663
NLOBK_MVgamma_parent,1.5e-05,27.0,1.99701,0.425322,0.7121,0.144844,2.66519
NLOBK_MVgamma_parent,2.25e-05,27.0,1.85917,0.393886,0.653549,0.133467,2.50184
NLOBK_MVgamma_parent,3.375e-05,27.0,1.72865,0.364313,0.598565,0.122751,2.34625
NLOBK_MVgamma_parent,5.0625e-05,27.0,1.60406,0.336133,0.546312,0.112414,2.19816
NLOBK_MVgamma_parent,7.59375e-05,27.0,1.48516,0.309015,0.496817,0.102648,2.0573
NLOBK_MVgamma_parent,0.000113906,27.0,1.37225,0.28328,0.450249,0.0935662,1.92337
NLOBK_MVgamma_parent,0.000170859,27.0,1.26451,0.258695,0.406325,0.0848892,1.79614
NLOBK_MVgamma_parent,0.000256289,27.0,1.16392,0.235819,0.364992,0.0765945,1.67535
NLOBK_MVgamma_parent,0.000384434,27.0,1.06901,0.213913,0.325933,0.0688661,1.56076
NLOBK_MVgamma_parent,0.00057665,27.0,0.978778,0.193454,0.289805,0.0616324,1.45212
NLOBK_MVgamma_parent,0.000864976,27.0,0.893843,0.174018,0.255447,0.0547653,1.34919
NLOBK_MVgamma_parent,0.00129746,27.0,0.814581,0.155507,0.224128,0.0484459,1.25176
NLOBK_MVgamma_parent,0.0019462,27.0,0.741667,0.138331,0.194448,0.0424489,1.15962
NLOBK_MVgamma_parent,0.00291929,27.0,0.673712,0.122146,0.167726,0.0369006,1.07257
NLOBK_MVgamma_parent,0.00437894,27.0,0.6119,0.107178,0.143279,0.031861,0.990389
NLOBK_MVgamma_parent,0.00656841,27.0,0.556154,0.0935308,0.121047,0.0272215,0.91289
NLOBK_MVgamma_parent,0.00985261,27.0,0.506849,0.0808131,0.101224,0.0228988,0.83989
