NLOBK_MVgamma_parent,1e-05,4.5,1.14876,0.257501,0.226833,0.0239005,1.57523
NLOBK_MVgamma_parent,1.5e-05,4.5,1.08853,0.242769,0.209018,0.0221582,1.50283
NLOBK_MVgamma_parent,2.25e-05,4.5,1.0302,0.228401,0.192001,0.0204762,1.43291
NLOBK_MVgamma_parent,3.375e-05,4.5,0.974507,0.214858,0.175832,0.0188651,1.36539
NLOBK_MVgamma_parent,5.0625e-05,4.5,0.920328,0.201383,0.160441,0.0173258,1.30021
NLOBK_MVgamma_parent,7.59375e-05,4.5,0.868166,0.188404,0.145805,0.0158576,1.23733
NLOBK_MVgamma_parent,0.000113906,4.5,0.818105,0.175926,0.131828,0.0144387,1.17667
NLOBK_MVgamma_parent,0.000170859,4.5,0.769882,0.163848,0.1186,0.0131047,1.11816
NLOBK_MVgamma_parent,0.000256289,4.5,0.724334,0.152098,0.106078,0.0118161,1.06174
NLOBK_MVgamma_parent,0.000384434,4.5,0.680484,0.14077,0.0944048,0.0106099,1.00738
NLOBK_MVgamma_parent,0.00057665,4.5,0.638806,0.129749,0.0833598,0.00945703,0.954996
NLOBK_MVgamma_parent,0.000864976,4.5,0.599028,0.119305,0.073097,0.0083692,0.904544
NLOBK_MVgamma_parent,0.00129746,4.5,0.56208,0.109144,0.0634663,0.00734189,0.855967
NLOBK_MVgamma_parent,0.0019462,4.5,0.527315,0.0995708,0.0546805,0.00638526,0.809206
NLOBK_MVgamma_parent,0.00291929,4.5,0.495869,0.0904038,0.0466441,0.00549462,0.764208
NLOBK_MVgamma_parent,0.00437894,4.5,0.467004,0.0818035,0.0393816,0.00468258,0.72092
NLOBK_MVgamma_parent,0.00656841,4.5,0.441333,0.0737851,0.0329401,0.00394517,0.6793
NLOBK_MVgamma_parent,0.00985261,4.5,0.419138,0.0663732,0.0271879,0.00327606,0.639286
NLOBK_MVgamma_parent,1e-05,45.0,2.56841,0.558019,1.0203,0.22039,3.30521
NLOBK_MVgamma_parent,1.5e-05,45.0,2.38551,0.516074,0.936842,0.203187,3.09284
NLOBK_MVgamma_parent,2.25e-05,45.0,2.21183,0.47652,0.85604,0.186383,2.89102
NLOBK_MVgamma_parent,3.375e-05,45.0,2.04523,0.439022,0.780078,0.17032,2.6993
NLOBK_MVgamma_parent,5.0625e-05,45.0,1.88784,0.402578,0.708945,0.155667,2.51731
NLOBK_MVgamma_parent,7.59375e-05,45.0,1.7377,0.368879,0.641906,0.141725,2.3447
NLOBK_MVgamma_parent,0.000113906,45.0,1.59615,0.336009,0.578032,0.128408,2.18111
NLOBK_MVgamma_parent,0.000170859,45.0,1.4617,0.305609,0.518202,0.115819,2.02619
NLOBK_MVgamma_parent,0.000256289,45.0,1.33605,0.276977,0.462073,0.104205,1.87959
NLOBK_MVgamma_parent,0.000384434,45.0,1.21736,0.249491,0.409639,0.0930784,1.74102
NLOBK_MVgamma_parent,0.00057665,45.0,1.10616,0.223854,0.360897,0.0826641,1.61015
NLOBK_MVgamma_parent,0.000864976,45.0,1.001,0.19977,0.315139,0.0729391,1.48665
NLOBK_MVgamma_parent,0.00129746,45.0,0.904361,0.177298,0.272576,0.0639458,1.37025
NLOBK_MVgamma_parent,0.0019462,45.0,0.813763,0.156294,0.233271,0.0555689,1.26065
NLOBK_MVgamma_parent,0.00291929,45.0,0.731482,0.136719,0.197564,0.0477839,1.15758
NLOBK_MVgamma_parent,0.00437894,45.0,0.654558,0.118736,0.165028,0.0406651,1.06078
NLOBK_MVgamma_parent,0.00656841,45.0,0.586239,0.101839,0.135371,0.0341748,0.970015
NLOBK_MVgamma_parent,0.00985261,45.0,0.526263,0.0867977,0.109539,0.0283688,0.885008
NLOBK_MVgamma_parent,1e-05,15.0,1.80938,0.398017,0.559824,0.098446,2.43344
NLOBK_MVgamma_parent,1.5e-05,15.0,1.69551,0.370405,0.514943,0.0909151,2.2968
NLOBK_MVgamma_parent,2.25e-05,15.0,1.58734,0.344865,0.472727,0.0838256,2.1659
NLOBK_MVgamma_parent,3.375e-05,15.0,1.48226,0.319789,0.432345,0.0771169,2.04057
NLOBK_MVgamma_parent,5.0625e-05,15.0,1.38193,0.296043,0.39406,0.0706026,1.92061
NLOBK_MVgamma_parent,7.59375e-05,15.0,1.28642,0.273279,0.357473,0.0644226,1.80587
NLOBK_MVgamma_parent,0.000113906,15.0,1.19557,0.251555,0.323547,0.0585829,1.69619
NLOBK_MVgamma_parent,0.000170859,15.0,1.10777,0.230536,0.291172,0.0530994,1.59138
NLOBK_MVgamma_parent,0.000256289,15.0,1.02539,0.210608,0.260127,0.0477695,1.49129
NLOBK_MVgamma_parent,0.000384434,15.0,0.946817,0.191652,0.231333,0.0428133,1.39578
NLOBK_MVgamma_parent,0.00057665,15.0,0.872577,0.173476,0.204283,0.0381619,1.30469
NLOBK_MVgamma_parent,0.000864976,15.0,0.803014,0.156198,0.178864,0.0337788,1.21787
NLOBK_MVgamma_parent,0.00129746,15.0,0.737579,0.139849,0.155438,0.0296371,1.13518
NLOBK_MVgamma_parent,0.0019462,15.0,0.67631,0.124489,0.133757,0.0257388,1.05648
NLOBK_MVgamma_parent,0.00291929,15.0,0.619654,0.10992,0.113818,0.0221628,0.981635
NLOBK_MVgamma_parent,0.00437894,15.0,0.567726,0.0963807,0.0956065,0.0188443,0.910519
NLOBK_MVgamma_parent,0.00656841,15.0,0.521421,0.0838149,0.0791119,0.015809,0.843019
NLOBK_MVgamma_parent,0.00985261,15.0,0.48014,0.0721876,0.0645571,0.0130155,0.778994
NLOBK_MVgamma_parent,1e-05,27.0,2.19787,0.479643,0.78998,0.158914,2.89711
NLOBK_MVgamma_parent,1.5e-05,27.0,2.04959,0.44514,0.725425,0.146514,2.72145
NLOBK_MVgamma_parent,2.25e-05,27.0,1.90815,0.412363,0.66476,0.134741,2.55389
NLOBK_MVgamma_parent,3.375e-05,27.0,1.77369,0.380615,0.607251,0.123708,2.39414
NLOBK_MVgamma_parent,5.0625e-05,27.0,1.64431,0.350678,0.552822,0.112999,2.24191
NLOBK_MVgamma_parent,7.59375e-05,27.0,1.52176,0.322257,0.500743,0.103006,2.09697
NLOBK_MVgamma_parent,0.000113906,27.0,1.40441,0.294705,0.452123,0.0934952,1.95905
NLOBK_MVgamma_parent,0.000170859,27.0,1.2933,0.268884,0.406076,0.0845791,1.8279
NLOBK_MVgamma_parent,0.000256289,27.0,1.18895,0.244447,0.36284,0.0760359,1.70327
NLOBK_MVgamma_parent,0.000384434,27.0,1.09076,0.221102,0.322229,0.0681369,1.58494
NLOBK_MVgamma_parent,0.00057665,27.0,0.996475,0.199324,0.28413,0.0606054,1.47268
NLOBK_MVgamma_parent,0.000864976,27.0,0.908706,0.178284,0.248615,0.0534761,1.36627
NLOBK_MVgamma_parent,0.00129746,27.0,0.827454,0.158637,0.215601,0.0468968,1.26549
NLOBK_MVgamma_parent,0.0019462,27.0,0.751649,0.140363,0.185213,0.0407565,1.17012
NLOBK_MVgamma_parent,0.00291929,27.0,0.680856,0.123221,0.157318,0.035062,1.07999
NLOBK_MVgamma_parent,0.00437894,27.0,0.616666,0.107389,0.131825,0.0298513,0.99488
NLOBK_MVgamma_parent,0.00656841,27.0,0.558669,0.0925349,0.10882,0.0250164,0.914634
NLOBK_MVgamma_parent,0.00985261,27.0,0.50739,0.079155,0.0880898,0.0206526,0.839048
