NLOBK_MVgamma_parent,1e-05,4.5,1.15085,0.255074,0.237203,0.026285,1.55231
NLOBK_MVgamma_parent,1.5e-05,4.5,1.08885,0.240331,0.219115,0.0244137,1.47847
NLOBK_MVgamma_parent,2.25e-05,4.5,1.02906,0.225974,0.2019,0.0226088,1.40731
NLOBK_MVgamma_parent,3.375e-05,4.5,0.971491,0.212201,0.18531,0.0208766,1.33877
NLOBK_MVgamma_parent,5.0625e-05,4.5,0.916091,0.198872,0.169461,0.0192056,1.27276
NLOBK_MVgamma_parent,7.59375e-05,4.5,0.862411,0.185914,0.154591,0.017629,1.20922
NLOBK_MVgamma_parent,0.000113906,4.5,0.811009,0.173507,0.140413,0.0161199,1.14808
NLOBK_MVgamma_parent,0.000170859,4.5,0.762025,0.161489,0.127006,0.0146791,1.08927
NLOBK_MVgamma_parent,0.000256289,4.5,0.714886,0.149904,0.11422,0.0133054,1.03273
NLOBK_MVgamma_parent,0.000384434,4.5,0.670038,0.13875,0.102339,0.0120232,0.978392
NLOBK_MVgamma_parent,0.00057665,4.5,0.627404,0.127966,0.0910759,0.0107783,0.926183
NLOBK_MVgamma_parent,0.000864976,4.5,0.587302,0.117651,0.0806081,0.0096157,0.876042
NLOBK_MVgamma_parent,0.00129746,4.5,0.549523,0.107757,0.0709467,0.00852214,0.827911
NLOBK_MVgamma_parent,0.0019462,4.5,0.514401,0.098379,0.0619936,0.00750833,0.781718
NLOBK_MVgamma_parent,0.00291929,4.5,0.481855,0.0894933,0.0538144,0.00655624,0.737408
NLOBK_MVgamma_parent,0.00437894,4.5,0.452453,0.0811785,0.0463951,0.0056847,0.694924
NLOBK_MVgamma_parent,0.00656841,4.5,0.426536,0.073449,0.0397509,0.00489358,0.654205
NLOBK_MVgamma_parent,0.00985261,4.5,0.403944,0.066347,0.0339508,0.00417747,0.615196
NLOBK_MVgamma_parent,1e-05,45.0,2.5435,0.549572,1.0289,0.223729,3.26678
NLOBK_MVgamma_parent,1.5e-05,45.0,2.36154,0.508623,0.945047,0.206098,3.05612
NLOBK_MVgamma_parent,2.25e-05,45.0,2.18838,0.469487,0.865421,0.189483,2.85615
NLOBK_MVgamma_parent,3.375e-05,45.0,2.02372,0.432244,0.79041,0.173888,2.66643
NLOBK_MVgamma_parent,5.0625e-05,45.0,1.86987,0.397668,0.720307,0.158768,2.48657
NLOBK_MVgamma_parent,7.59375e-05,45.0,1.72206,0.364555,0.652591,0.144672,2.31616
NLOBK_MVgamma_parent,0.000113906,45.0,1.58103,0.332851,0.590059,0.131368,2.15482
NLOBK_MVgamma_parent,0.000170859,45.0,1.4491,0.302916,0.531268,0.119072,2.00216
NLOBK_MVgamma_parent,0.000256289,45.0,1.32387,0.2748,0.475453,0.107326,1.85785
NLOBK_MVgamma_parent,0.000384434,45.0,1.20785,0.248432,0.424134,0.0962003,1.72157
NLOBK_MVgamma_parent,0.00057665,45.0,1.09732,0.223434,0.374903,0.0859397,1.59295
NLOBK_MVgamma_parent,0.000864976,45.0,0.994378,0.200076,0.330178,0.076174,1.47169
NLOBK_MVgamma_parent,0.00129746,45.0,0.89917,0.178032,0.287989,0.0671063,1.35747
NLOBK_MVgamma_parent,0.0019462,45.0,0.809635,0.157704,0.248982,0.0587218,1.24998
NLOBK_MVgamma_parent,0.00291929,45.0,0.727752,0.138588,0.213364,0.0508744,1.14894
NLOBK_MVgamma_parent,0.00437894,45.0,0.652443,0.120937,0.180672,0.0436748,1.05408
NLOBK_MVgamma_parent,0.00656841,45.0,0.585537,0.104859,0.15167,0.0373477,0.965143
NLOBK_MVgamma_parent,0.00985261,45.0,0.525709,0.090024,0.125043,0.0312081,0.881856
NLOBK_MVgamma_parent,1e-05,15.0,1.79947,0.391576,0.57252,0.102973,2.40401
NLOBK_MVgamma_parent,1.5e-05,15.0,1.68491,0.365075,0.527534,0.0952807,2.26717
NLOBK_MVgamma_parent,2.25e-05,15.0,1.57493,0.339635,0.485126,0.0880192,2.13632
NLOBK_MVgamma_parent,3.375e-05,15.0,1.47089,0.315309,0.444852,0.0810449,2.01126
NLOBK_MVgamma_parent,5.0625e-05,15.0,1.37164,0.291947,0.406055,0.0743705,1.89179
NLOBK_MVgamma_parent,7.59375e-05,15.0,1.27423,0.269648,0.36999,0.0680329,1.77771
NLOBK_MVgamma_parent,0.000113906,15.0,1.18387,0.248266,0.335595,0.0620179,1.66884
NLOBK_MVgamma_parent,0.000170859,15.0,1.09757,0.228055,0.302897,0.0563762,1.565
NLOBK_MVgamma_parent,0.000256289,15.0,1.01471,0.208503,0.272486,0.0509764,1.46601
NLOBK_MVgamma_parent,0.000384434,15.0,0.936389,0.190196,0.243555,0.0458597,1.37173
NLOBK_MVgamma_parent,0.00057665,15.0,0.862376,0.172483,0.216552,0.0410792,1.28197
NLOBK_MVgamma_parent,0.000864976,15.0,0.792967,0.155692,0.191239,0.0365279,1.19656
NLOBK_MVgamma_parent,0.00129746,15.0,0.728195,0.139932,0.167657,0.0322939,1.11537
NLOBK_MVgamma_parent,0.0019462,15.0,0.666906,0.124921,0.145847,0.0283251,1.03821
NLOBK_MVgamma_parent,0.00291929,15.0,0.611505,0.111027,0.125929,0.0246491,0.964965
NLOBK_MVgamma_parent,0.00437894,15.0,0.559795,0.0979808,0.10764,0.0212091,0.895487
NLOBK_MVgamma_parent,0.00656841,15.0,0.514207,0.0858516,0.0910385,0.018099,0.829636
NLOBK_MVgamma_parent,0.00985261,15.0,0.472964,0.0748535,0.0763474,0.015289,0.767281
NLOBK_MVgamma_parent,1e-05,27.0,2.18067,0.47192,0.801995,0.163242,2.86301
NLOBK_MVgamma_parent,1.5e-05,27.0,2.03296,0.438179,0.737671,0.150777,2.68811
NLOBK_MVgamma_parent,2.25e-05,27.0,1.89235,0.405735,0.676864,0.13867,2.52153
NLOBK_MVgamma_parent,3.375e-05,27.0,1.75627,0.375155,0.619501,0.127613,2.36293
NLOBK_MVgamma_parent,5.0625e-05,27.0,1.62851,0.345681,0.564824,0.116763,2.21205
NLOBK_MVgamma_parent,7.59375e-05,27.0,1.50705,0.31783,0.513339,0.10667,2.06858
NLOBK_MVgamma_parent,0.000113906,27.0,1.39157,0.291193,0.464831,0.096984,1.93224
NLOBK_MVgamma_parent,0.000170859,27.0,1.28132,0.266222,0.419189,0.0880205,1.80275
NLOBK_MVgamma_parent,0.000256289,27.0,1.17828,0.242331,0.376012,0.0794284,1.67988
NLOBK_MVgamma_parent,0.000384434,27.0,1.07973,0.21969,0.335768,0.0713703,1.56338
NLOBK_MVgamma_parent,0.00057665,27.0,0.987813,0.19855,0.298057,0.0637281,1.45298
NLOBK_MVgamma_parent,0.000864976,27.0,0.900329,0.178211,0.262534,0.0566746,1.34846
NLOBK_MVgamma_parent,0.00129746,27.0,0.820339,0.159203,0.229572,0.0499836,1.24958
NLOBK_MVgamma_parent,0.0019462,27.0,0.744915,0.141612,0.199361,0.0437458,1.15611
NLOBK_MVgamma_parent,0.00291929,27.0,0.675299,0.124793,0.171172,0.0379847,1.06785
NLOBK_MVgamma_parent,0.00437894,27.0,0.611506,0.109444,0.145838,0.0327304,0.984599
NLOBK_MVgamma_parent,0.00656841,27.0,0.554416,0.0951769,0.122821,0.0277824,0.90615
NLOBK_MVgamma_parent,0.00985261,27.0,0.503587,0.0819756,0.102099,0.0233479,0.832314
