NLOBK_MVgamma_parent,1e-05,4.5,1.12149,0.247097,0.235732,0.0268574,1.53396
NLOBK_MVgamma_parent,1.5e-05,4.5,1.06327,0.233166,0.217966,0.0249595,1.46317
NLOBK_MVgamma_parent,2.25e-05,4.5,1.00685,0.2197,0.201011,0.0231445,1.39486
NLOBK_MVgamma_parent,3.375e-05,4.5,0.952432,0.2066,0.184929,0.0214037,1.32898
NLOBK_MVgamma_parent,5.0625e-05,4.5,0.900147,0.193849,0.169449,0.0197292,1.26546
NLOBK_MVgamma_parent,7.59375e-05,4.5,0.849371,0.181711,0.154691,0.0181209,1.20424
NLOBK_MVgamma_parent,0.000113906,4.5,0.800791,0.16979,0.14079,0.016603,1.14525
NLOBK_MVgamma_parent,0.000170859,4.5,0.754004,0.158324,0.127472,0.0151384,1.08843
NLOBK_MVgamma_parent,0.000256289,4.5,0.709412,0.147271,0.114906,0.0137554,1.03372
NLOBK_MVgamma_parent,0.000384434,4.5,0.666948,0.136518,0.103146,0.0124307,0.981053
NLOBK_MVgamma_parent,0.00057665,4.5,0.626181,0.126255,0.0919209,0.0111833,0.930375
NLOBK_MVgamma_parent,0.000864976,4.5,0.587931,0.116297,0.0815171,0.00998774,0.88163
NLOBK_MVgamma_parent,0.00129746,4.5,0.551677,0.106822,0.0717827,0.00885949,0.834755
NLOBK_MVgamma_parent,0.0019462,4.5,0.518064,0.097788,0.0627971,0.0078071,0.789693
NLOBK_MVgamma_parent,0.00291929,4.5,0.487166,0.0892062,0.0545094,0.00682923,0.746398
NLOBK_MVgamma_parent,0.00437894,4.5,0.458997,0.0811481,0.0470847,0.00593122,0.704814
NLOBK_MVgamma_parent,0.00656841,4.5,0.433864,0.0736139,0.0403394,0.00510621,0.664883
NLOBK_MVgamma_parent,0.00985261,4.5,0.412203,0.0667568,0.0345155,0.00436881,0.626552
NLOBK_MVgamma_parent,1e-05,45.0,2.45756,0.525464,0.998612,0.216767,3.1985
NLOBK_MVgamma_parent,1.5e-05,45.0,2.28398,0.486818,0.917749,0.199991,2.99655
NLOBK_MVgamma_parent,2.25e-05,45.0,2.12156,0.449813,0.841995,0.184061,2.80456
NLOBK_MVgamma_parent,3.375e-05,45.0,1.96703,0.414976,0.769871,0.169039,2.62216
NLOBK_MVgamma_parent,5.0625e-05,45.0,1.81857,0.381534,0.701499,0.154817,2.44895
NLOBK_MVgamma_parent,7.59375e-05,45.0,1.67725,0.349833,0.63745,0.141352,2.2846
NLOBK_MVgamma_parent,0.000113906,45.0,1.54461,0.319989,0.576711,0.12848,2.12877
NLOBK_MVgamma_parent,0.000170859,45.0,1.41875,0.291519,0.519567,0.116256,1.98111
NLOBK_MVgamma_parent,0.000256289,45.0,1.29989,0.264689,0.465854,0.104885,1.8413
NLOBK_MVgamma_parent,0.000384434,45.0,1.18779,0.23938,0.415721,0.0942357,1.70903
NLOBK_MVgamma_parent,0.00057665,45.0,1.08288,0.215796,0.368247,0.0841949,1.58399
NLOBK_MVgamma_parent,0.000864976,45.0,0.984025,0.192927,0.323989,0.0748114,1.4659
NLOBK_MVgamma_parent,0.00129746,45.0,0.891437,0.172117,0.282752,0.0658098,1.35447
NLOBK_MVgamma_parent,0.0019462,45.0,0.804563,0.152314,0.244833,0.0575565,1.24942
NLOBK_MVgamma_parent,0.00291929,45.0,0.726156,0.134022,0.2097,0.049917,1.1505
NLOBK_MVgamma_parent,0.00437894,45.0,0.6533,0.117044,0.177689,0.0429672,1.05747
NLOBK_MVgamma_parent,0.00656841,45.0,0.588435,0.101331,0.149271,0.0365934,0.970072
NLOBK_MVgamma_parent,0.00985261,45.0,0.530086,0.0869614,0.123006,0.030663,0.888062
NLOBK_MVgamma_parent,1e-05,15.0,1.7442,0.376479,0.560775,0.102022,2.36395
NLOBK_MVgamma_parent,1.5e-05,15.0,1.63568,0.351376,0.51739,0.0943817,2.23262
NLOBK_MVgamma_parent,2.25e-05,15.0,1.53128,0.327191,0.476626,0.0872913,2.10687
NLOBK_MVgamma_parent,3.375e-05,15.0,1.43292,0.304066,0.437341,0.0805392,1.9865
NLOBK_MVgamma_parent,5.0625e-05,15.0,1.33754,0.281667,0.400224,0.074005,1.87133
NLOBK_MVgamma_parent,7.59375e-05,15.0,1.24691,0.260579,0.364719,0.0677789,1.76121
NLOBK_MVgamma_parent,0.000113906,15.0,1.16014,0.240164,0.331416,0.061876,1.65597
NLOBK_MVgamma_parent,0.000170859,15.0,1.07784,0.220762,0.299613,0.0562712,1.55544
NLOBK_MVgamma_parent,0.000256289,15.0,0.998813,0.202177,0.269693,0.0509729,1.45945
NLOBK_MVgamma_parent,0.000384434,15.0,0.923895,0.1844,0.241385,0.0459325,1.36786
NLOBK_MVgamma_parent,0.00057665,15.0,0.853189,0.167536,0.214858,0.0411097,1.28051
NLOBK_MVgamma_parent,0.000864976,15.0,0.786564,0.151502,0.190031,0.03667,1.19727
NLOBK_MVgamma_parent,0.00129746,15.0,0.724528,0.136298,0.166791,0.0324455,1.11798
NLOBK_MVgamma_parent,0.0019462,15.0,0.66622,0.121878,0.145284,0.0284638,1.0425
NLOBK_MVgamma_parent,0.00291929,15.0,0.611793,0.108307,0.125482,0.0247563,0.97072
NLOBK_MVgamma_parent,0.00437894,15.0,0.562613,0.0957243,0.107182,0.0213024,0.902506
NLOBK_MVgamma_parent,0.00656841,15.0,0.517802,0.0839127,0.0908131,0.0182062,0.837725
NLOBK_MVgamma_parent,0.00985261,15.0,0.478463,0.073283,0.0759678,0.0153243,0.776254
NLOBK_MVgamma_parent,1e-05,27.0,2.10809,0.452242,0.780238,0.159361,2.80849
NLOBK_MVgamma_parent,1.5e-05,27.0,1.96946,0.420235,0.719142,0.147661,2.64072
NLOBK_MVgamma_parent,2.25e-05,27.0,1.83632,0.38981,0.660893,0.136041,2.48069
NLOBK_MVgamma_parent,3.375e-05,27.0,1.70876,0.360795,0.605077,0.125136,2.32812
NLOBK_MVgamma_parent,5.0625e-05,27.0,1.58682,0.332754,0.552857,0.114709,2.18273
NLOBK_MVgamma_parent,7.59375e-05,27.0,1.47113,0.306087,0.503076,0.104894,2.04429
NLOBK_MVgamma_parent,0.000113906,27.0,1.36036,0.28075,0.455995,0.0956375,1.91254
NLOBK_MVgamma_parent,0.000170859,27.0,1.2563,0.256907,0.411775,0.0867272,1.78723
NLOBK_MVgamma_parent,0.000256289,27.0,1.1563,0.233824,0.369735,0.0783872,1.66812
NLOBK_MVgamma_parent,0.000384434,27.0,1.06322,0.212518,0.330563,0.0704386,1.55498
NLOBK_MVgamma_parent,0.00057665,27.0,0.97489,0.192098,0.293654,0.0629223,1.44759
NLOBK_MVgamma_parent,0.000864976,27.0,0.891296,0.172618,0.258846,0.0559887,1.34575
NLOBK_MVgamma_parent,0.00129746,27.0,0.813701,0.154423,0.226833,0.0494899,1.24922
NLOBK_MVgamma_parent,0.0019462,27.0,0.740944,0.137182,0.196722,0.0433705,1.15782
NLOBK_MVgamma_parent,0.00291929,27.0,0.674344,0.121012,0.169127,0.037633,1.07136
NLOBK_MVgamma_parent,0.00437894,27.0,0.613132,0.106254,0.144271,0.0324065,0.989658
NLOBK_MVgamma_parent,0.00656841,27.0,0.557562,0.0923226,0.121222,0.0275425,0.912516
NLOBK_MVgamma_parent,0.00985261,27.0,0.50818,0.0796739,0.100984,0.0231623,0.839759
