NLOBK_MVgamma_parent,1e-05,4.5,1.13904,0.252773,0.238654,0.0267676,1.54376
NLOBK_MVgamma_parent,1.5e-05,4.5,1.0779,0.23827,0.220384,0.0248556,1.47065
NLOBK_MVgamma_parent,2.25e-05,4.5,1.01928,0.224088,0.202963,0.0230128,1.40016
NLOBK_MVgamma_parent,3.375e-05,4.5,0.962104,0.210416,0.18644,0.0212659,1.33224
NLOBK_MVgamma_parent,5.0625e-05,4.5,0.907514,0.197183,0.170588,0.0195667,1.26682
NLOBK_MVgamma_parent,7.59375e-05,4.5,0.854928,0.184514,0.155682,0.0179689,1.20383
NLOBK_MVgamma_parent,0.000113906,4.5,0.804084,0.172207,0.14135,0.016428,1.1432
NLOBK_MVgamma_parent,0.000170859,4.5,0.755603,0.160228,0.127954,0.0149668,1.08486
NLOBK_MVgamma_parent,0.000256289,4.5,0.709201,0.14884,0.11506,0.0135812,1.02876
NLOBK_MVgamma_parent,0.000384434,4.5,0.66487,0.137776,0.103084,0.0122549,0.974812
NLOBK_MVgamma_parent,0.00057665,4.5,0.622693,0.127051,0.0918237,0.0109986,0.922963
NLOBK_MVgamma_parent,0.000864976,4.5,0.583274,0.116776,0.0811959,0.00980423,0.873153
NLOBK_MVgamma_parent,0.00129746,4.5,0.546025,0.107069,0.0714612,0.00869875,0.825318
NLOBK_MVgamma_parent,0.0019462,4.5,0.511124,0.097717,0.0623978,0.00765494,0.779394
NLOBK_MVgamma_parent,0.00291929,4.5,0.479167,0.0889205,0.0541799,0.00668225,0.735322
NLOBK_MVgamma_parent,0.00437894,4.5,0.450355,0.0806641,0.0467087,0.0057936,0.693049
NLOBK_MVgamma_parent,0.00656841,4.5,0.424625,0.0729602,0.039956,0.00497659,0.652519
NLOBK_MVgamma_parent,0.00985261,4.5,0.40216,0.0659198,0.0341056,0.00424998,0.613672
NLOBK_MVgamma_parent,1e-05,45.0,2.5216,0.54512,1.02617,0.223382,3.24745
NLOBK_MVgamma_parent,1.5e-05,45.0,2.34208,0.504456,0.942054,0.205998,3.03839
NLOBK_MVgamma_parent,2.25e-05,45.0,2.1701,0.465674,0.863038,0.189298,2.83986
NLOBK_MVgamma_parent,3.375e-05,45.0,2.00792,0.429257,0.788389,0.173822,2.65148
NLOBK_MVgamma_parent,5.0625e-05,45.0,1.85366,0.39446,0.717727,0.15874,2.47285
NLOBK_MVgamma_parent,7.59375e-05,45.0,1.70791,0.361707,0.651384,0.144656,2.30356
NLOBK_MVgamma_parent,0.000113906,45.0,1.56863,0.330128,0.588705,0.131509,2.14326
NLOBK_MVgamma_parent,0.000170859,45.0,1.43858,0.300567,0.529785,0.119,1.99157
NLOBK_MVgamma_parent,0.000256289,45.0,1.31344,0.272536,0.47442,0.107189,1.84815
NLOBK_MVgamma_parent,0.000384434,45.0,1.19835,0.246295,0.423107,0.0963079,1.71266
NLOBK_MVgamma_parent,0.00057665,45.0,1.09023,0.2217,0.373634,0.0857094,1.58476
NLOBK_MVgamma_parent,0.000864976,45.0,0.987377,0.198364,0.329212,0.0761383,1.46414
NLOBK_MVgamma_parent,0.00129746,45.0,0.89219,0.176557,0.28666,0.0668916,1.35051
NLOBK_MVgamma_parent,0.0019462,45.0,0.803601,0.156395,0.247768,0.058461,1.24356
NLOBK_MVgamma_parent,0.00291929,45.0,0.722658,0.137256,0.211948,0.0507623,1.14301
NLOBK_MVgamma_parent,0.00437894,45.0,0.64765,0.11992,0.179939,0.0436325,1.04859
NLOBK_MVgamma_parent,0.00656841,45.0,0.581286,0.103843,0.150684,0.0370772,0.960046
NLOBK_MVgamma_parent,0.00985261,45.0,0.521611,0.0889751,0.124223,0.0311197,0.877114
NLOBK_MVgamma_parent,1e-05,15.0,1.78312,0.388623,0.572771,0.103645,2.3908
NLOBK_MVgamma_parent,1.5e-05,15.0,1.67058,0.362447,0.528106,0.0958355,2.25508
NLOBK_MVgamma_parent,2.25e-05,15.0,1.56051,0.336981,0.485708,0.0885133,2.12524
NLOBK_MVgamma_parent,3.375e-05,15.0,1.45835,0.31263,0.445193,0.0815603,2.00111
NLOBK_MVgamma_parent,5.0625e-05,15.0,1.35888,0.289634,0.406818,0.0748867,1.8825
NLOBK_MVgamma_parent,7.59375e-05,15.0,1.26428,0.267606,0.370512,0.0685242,1.76922
NLOBK_MVgamma_parent,0.000113906,15.0,1.17377,0.24643,0.336247,0.0624494,1.66108
NLOBK_MVgamma_parent,0.000170859,15.0,1.08825,0.226131,0.303539,0.0568099,1.55792
NLOBK_MVgamma_parent,0.000256289,15.0,1.00673,0.206822,0.272884,0.0513233,1.45956
NLOBK_MVgamma_parent,0.000384434,15.0,0.929004,0.188457,0.24392,0.0461581,1.36583
NLOBK_MVgamma_parent,0.00057665,15.0,0.855976,0.171113,0.216837,0.0413401,1.27656
NLOBK_MVgamma_parent,0.000864976,15.0,0.787333,0.154459,0.191502,0.0367804,1.19161
NLOBK_MVgamma_parent,0.00129746,15.0,0.722954,0.138769,0.167769,0.0325404,1.11082
NLOBK_MVgamma_parent,0.0019462,15.0,0.662671,0.124002,0.14604,0.028541,1.03403
NLOBK_MVgamma_parent,0.00291929,15.0,0.607126,0.109992,0.125977,0.0247843,0.961104
NLOBK_MVgamma_parent,0.00437894,15.0,0.556032,0.0970753,0.1074,0.0212976,0.89191
NLOBK_MVgamma_parent,0.00656841,15.0,0.510624,0.0851042,0.0909401,0.0181878,0.826316
NLOBK_MVgamma_parent,0.00985261,15.0,0.470068,0.07409,0.0761114,0.0153197,0.764181
NLOBK_MVgamma_parent,1e-05,27.0,2.16031,0.468296,0.800129,0.163418,2.84667
NLOBK_MVgamma_parent,1.5e-05,27.0,2.01568,0.434911,0.736136,0.150864,2.67313
NLOBK_MVgamma_parent,2.25e-05,27.0,1.87516,0.402807,0.675476,0.138975,2.50778
NLOBK_MVgamma_parent,3.375e-05,27.0,1.7423,0.371947,0.61852,0.127671,2.35032
NLOBK_MVgamma_parent,5.0625e-05,27.0,1.61519,0.343173,0.564016,0.116983,2.20048
NLOBK_MVgamma_parent,7.59375e-05,27.0,1.49582,0.315473,0.512749,0.106846,2.05797
NLOBK_MVgamma_parent,0.000113906,27.0,1.38063,0.289302,0.464128,0.0971581,1.92252
NLOBK_MVgamma_parent,0.000170859,27.0,1.27116,0.264169,0.418979,0.088286,1.79386
NLOBK_MVgamma_parent,0.000256289,27.0,1.16926,0.240554,0.375919,0.0796109,1.67174
NLOBK_MVgamma_parent,0.000384434,27.0,1.07214,0.218069,0.335622,0.0715142,1.55591
NLOBK_MVgamma_parent,0.00057665,27.0,0.98012,0.196789,0.297214,0.0638084,1.44612
NLOBK_MVgamma_parent,0.000864976,27.0,0.893994,0.17677,0.262237,0.0567328,1.34214
NLOBK_MVgamma_parent,0.00129746,27.0,0.814103,0.157901,0.22915,0.0500351,1.24376
NLOBK_MVgamma_parent,0.0019462,27.0,0.739334,0.140224,0.198785,0.0437636,1.15074
NLOBK_MVgamma_parent,0.00291929,27.0,0.670578,0.123662,0.170768,0.038052,1.06288
NLOBK_MVgamma_parent,0.00437894,27.0,0.607174,0.108372,0.145226,0.0326578,0.979989
NLOBK_MVgamma_parent,0.00656841,27.0,0.550629,0.0943194,0.122199,0.027797,0.901866
NLOBK_MVgamma_parent,0.00985261,27.0,0.500263,0.0811413,0.101366,0.0232696,0.828314
