NLOBK_MVgamma_parent,1e-05,4.5,1.13887,0.254363,0.240438,0.0266737,1.53529
NLOBK_MVgamma_parent,1.5e-05,4.5,1.07815,0.239894,0.221988,0.0247676,1.46353
NLOBK_MVgamma_parent,2.25e-05,4.5,1.02095,0.226043,0.204394,0.0229448,1.39431
NLOBK_MVgamma_parent,3.375e-05,4.5,0.963978,0.212301,0.187744,0.021194,1.32758
NLOBK_MVgamma_parent,5.0625e-05,4.5,0.909791,0.199148,0.171764,0.0195054,1.26326
NLOBK_MVgamma_parent,7.59375e-05,4.5,0.857554,0.186481,0.156438,0.0178921,1.20129
NLOBK_MVgamma_parent,0.000113906,4.5,0.80754,0.17418,0.142028,0.0163532,1.1416
NLOBK_MVgamma_parent,0.000170859,4.5,0.759806,0.162304,0.128361,0.014892,1.08411
NLOBK_MVgamma_parent,0.000256289,4.5,0.71411,0.150749,0.11541,0.0134864,1.02879
NLOBK_MVgamma_parent,0.000384434,4.5,0.670044,0.139717,0.103105,0.0121624,0.975552
NLOBK_MVgamma_parent,0.00057665,4.5,0.628366,0.128933,0.0916213,0.0108996,0.92435
NLOBK_MVgamma_parent,0.000864976,4.5,0.588951,0.118651,0.0808766,0.00970209,0.875112
NLOBK_MVgamma_parent,0.00129746,4.5,0.551671,0.108807,0.0708659,0.00857716,0.827787
NLOBK_MVgamma_parent,0.0019462,4.5,0.517099,0.0993836,0.0616077,0.007515,0.782315
NLOBK_MVgamma_parent,0.00291929,4.5,0.485364,0.0904915,0.0530848,0.00653051,0.738641
NLOBK_MVgamma_parent,0.00437894,4.5,0.456521,0.0820162,0.0454078,0.00563264,0.696702
NLOBK_MVgamma_parent,0.00656841,4.5,0.430825,0.0742165,0.0384927,0.00480107,0.656443
NLOBK_MVgamma_parent,0.00985261,4.5,0.408561,0.0669681,0.0324293,0.00405277,0.617817
NLOBK_MVgamma_parent,1e-05,45.0,2.56173,0.558057,1.04542,0.227647,3.26741
NLOBK_MVgamma_parent,1.5e-05,45.0,2.37874,0.516152,0.959916,0.209862,3.05685
NLOBK_MVgamma_parent,2.25e-05,45.0,2.2051,0.476688,0.879651,0.192999,2.85683
NLOBK_MVgamma_parent,3.375e-05,45.0,2.04047,0.439567,0.803539,0.17692,2.66699
NLOBK_MVgamma_parent,5.0625e-05,45.0,1.88232,0.403642,0.730041,0.161501,2.48691
NLOBK_MVgamma_parent,7.59375e-05,45.0,1.73628,0.36998,0.662399,0.147161,2.31621
NLOBK_MVgamma_parent,0.000113906,45.0,1.59486,0.337704,0.598567,0.13377,2.1545
NLOBK_MVgamma_parent,0.000170859,45.0,1.46041,0.307195,0.537968,0.121033,2.00144
NLOBK_MVgamma_parent,0.000256289,45.0,1.33547,0.27869,0.48129,0.10912,1.85667
NLOBK_MVgamma_parent,0.000384434,45.0,1.21704,0.251649,0.427883,0.0976266,1.71986
NLOBK_MVgamma_parent,0.00057665,45.0,1.10667,0.22622,0.377745,0.087004,1.59071
NLOBK_MVgamma_parent,0.000864976,45.0,1.00153,0.202323,0.331161,0.0769368,1.46887
NLOBK_MVgamma_parent,0.00129746,45.0,0.905611,0.179769,0.288115,0.0676368,1.35407
NLOBK_MVgamma_parent,0.0019462,45.0,0.814477,0.158783,0.248606,0.0590885,1.246
NLOBK_MVgamma_parent,0.00291929,45.0,0.732115,0.139352,0.211682,0.051004,1.14441
NLOBK_MVgamma_parent,0.00437894,45.0,0.65605,0.121488,0.177829,0.0435764,1.049
NLOBK_MVgamma_parent,0.00656841,45.0,0.587431,0.104673,0.147703,0.0369206,0.959505
NLOBK_MVgamma_parent,0.00985261,45.0,0.526473,0.0893816,0.120711,0.0307731,0.87569
NLOBK_MVgamma_parent,1e-05,15.0,1.79897,0.395006,0.580994,0.104643,2.39473
NLOBK_MVgamma_parent,1.5e-05,15.0,1.68495,0.368249,0.535698,0.0967947,2.25936
NLOBK_MVgamma_parent,2.25e-05,15.0,1.5769,0.342946,0.492523,0.0894101,2.12979
NLOBK_MVgamma_parent,3.375e-05,15.0,1.47336,0.31814,0.451028,0.0823416,2.00586
NLOBK_MVgamma_parent,5.0625e-05,15.0,1.37338,0.295003,0.412039,0.0755616,1.88736
NLOBK_MVgamma_parent,7.59375e-05,15.0,1.27772,0.27254,0.374993,0.0691292,1.77413
NLOBK_MVgamma_parent,0.000113906,15.0,1.18692,0.250828,0.339791,0.0629683,1.66596
NLOBK_MVgamma_parent,0.000170859,15.0,1.10131,0.230447,0.306681,0.0571644,1.56269
NLOBK_MVgamma_parent,0.000256289,15.0,1.01842,0.210699,0.275291,0.0516772,1.46417
NLOBK_MVgamma_parent,0.000384434,15.0,0.940162,0.191842,0.245761,0.0464373,1.37022
NLOBK_MVgamma_parent,0.00057665,15.0,0.866342,0.174085,0.21799,0.0414993,1.2807
NLOBK_MVgamma_parent,0.000864976,15.0,0.796098,0.157161,0.192138,0.0368728,1.19543
NLOBK_MVgamma_parent,0.00129746,15.0,0.731836,0.141029,0.167865,0.032519,1.11428
NLOBK_MVgamma_parent,0.0019462,15.0,0.670907,0.125858,0.145395,0.0284458,1.03712
NLOBK_MVgamma_parent,0.00291929,15.0,0.614423,0.111532,0.12476,0.0245912,0.963789
NLOBK_MVgamma_parent,0.00437894,15.0,0.563024,0.0981871,0.105737,0.0211087,0.894154
NLOBK_MVgamma_parent,0.00656841,15.0,0.516428,0.0857304,0.0886994,0.0178585,0.828077
NLOBK_MVgamma_parent,0.00985261,15.0,0.475426,0.0743592,0.0733644,0.0149221,0.765447
NLOBK_MVgamma_parent,1e-05,27.0,2.18983,0.47793,0.813963,0.166087,2.85883
NLOBK_MVgamma_parent,1.5e-05,27.0,2.04191,0.443774,0.748312,0.153163,2.68475
NLOBK_MVgamma_parent,2.25e-05,27.0,1.90051,0.41116,0.686754,0.141183,2.5188
NLOBK_MVgamma_parent,3.375e-05,27.0,1.76643,0.380258,0.62846,0.129768,2.36074
NLOBK_MVgamma_parent,5.0625e-05,27.0,1.63727,0.350229,0.572912,0.118772,2.21023
NLOBK_MVgamma_parent,7.59375e-05,27.0,1.51579,0.322171,0.520812,0.10847,2.06703
NLOBK_MVgamma_parent,0.000113906,27.0,1.39877,0.295295,0.47102,0.0986687,1.93085
NLOBK_MVgamma_parent,0.000170859,27.0,1.28909,0.269561,0.424407,0.0893511,1.80143
NLOBK_MVgamma_parent,0.000256289,27.0,1.1848,0.245376,0.380284,0.0806223,1.67853
NLOBK_MVgamma_parent,0.000384434,27.0,1.08583,0.222583,0.338768,0.0722963,1.5619
NLOBK_MVgamma_parent,0.00057665,27.0,0.993487,0.20061,0.299986,0.0644308,1.45132
NLOBK_MVgamma_parent,0.000864976,27.0,0.906765,0.179977,0.2639,0.0571474,1.34654
NLOBK_MVgamma_parent,0.00129746,27.0,0.825373,0.160651,0.23005,0.0504039,1.24735
NLOBK_MVgamma_parent,0.0019462,27.0,0.749025,0.142486,0.198708,0.0439657,1.15354
NLOBK_MVgamma_parent,0.00291929,27.0,0.678865,0.12551,0.169782,0.0380907,1.06492
NLOBK_MVgamma_parent,0.00437894,27.0,0.61476,0.10972,0.143318,0.0325663,0.981257
NLOBK_MVgamma_parent,0.00656841,27.0,0.556508,0.0950542,0.119578,0.0274483,0.902364
NLOBK_MVgamma_parent,0.00985261,27.0,0.504905,0.0813952,0.0984022,0.0229244,0.828073
