NLOBK_MVgamma_parent,1e-05,4.5,1.15013,0.25598,0.222337,0.0230462,1.53247
NLOBK_MVgamma_parent,1.5e-05,4.5,1.08874,0.241269,0.204941,0.0213537,1.46086
NLOBK_MVgamma_parent,2.25e-05,4.5,1.02995,0.227258,0.188205,0.0197335,1.39179
NLOBK_MVgamma_parent,3.375e-05,4.5,0.973392,0.213475,0.172581,0.0181892,1.32521
NLOBK_MVgamma_parent,5.0625e-05,4.5,0.91901,0.200275,0.1575,0.0167169,1.26104
NLOBK_MVgamma_parent,7.59375e-05,4.5,0.865996,0.187394,0.143156,0.0153104,1.19922
NLOBK_MVgamma_parent,0.000113906,4.5,0.81523,0.174861,0.129654,0.0139556,1.13969
NLOBK_MVgamma_parent,0.000170859,4.5,0.766543,0.162849,0.11676,0.012678,1.08238
NLOBK_MVgamma_parent,0.000256289,4.5,0.720268,0.151234,0.10465,0.0114627,1.02722
NLOBK_MVgamma_parent,0.000384434,4.5,0.675593,0.139945,0.0932913,0.0103007,0.974145
NLOBK_MVgamma_parent,0.00057665,4.5,0.63366,0.129146,0.0824833,0.00919212,0.923111
NLOBK_MVgamma_parent,0.000864976,4.5,0.594015,0.118686,0.0724901,0.00814986,0.874042
NLOBK_MVgamma_parent,0.00129746,4.5,0.55637,0.108772,0.0632122,0.00717286,0.826879
NLOBK_MVgamma_parent,0.0019462,4.5,0.521261,0.0992598,0.0547305,0.00626795,0.781569
NLOBK_MVgamma_parent,0.00291929,4.5,0.489337,0.0902114,0.0468533,0.00542214,0.738048
NLOBK_MVgamma_parent,0.00437894,4.5,0.460374,0.0817274,0.0397578,0.00463753,0.696261
NLOBK_MVgamma_parent,0.00656841,4.5,0.434557,0.0738645,0.0334685,0.00393143,0.656153
NLOBK_MVgamma_parent,0.00985261,4.5,0.411844,0.0665147,0.0279314,0.00329517,0.61767
NLOBK_MVgamma_parent,1e-05,45.0,2.56228,0.555533,1.01123,0.218212,3.24588
NLOBK_MVgamma_parent,1.5e-05,45.0,2.37942,0.514206,0.927601,0.200755,3.03634
NLOBK_MVgamma_parent,2.25e-05,45.0,2.2053,0.474665,0.849014,0.184254,2.83737
NLOBK_MVgamma_parent,3.375e-05,45.0,2.03878,0.437235,0.774754,0.168836,2.64853
NLOBK_MVgamma_parent,5.0625e-05,45.0,1.88339,0.401771,0.703833,0.154161,2.46943
NLOBK_MVgamma_parent,7.59375e-05,45.0,1.73514,0.368034,0.637313,0.14029,2.29969
NLOBK_MVgamma_parent,0.000113906,45.0,1.59346,0.335594,0.574782,0.127379,2.13894
NLOBK_MVgamma_parent,0.000170859,45.0,1.45957,0.305528,0.516382,0.114978,1.98683
NLOBK_MVgamma_parent,0.000256289,45.0,1.33359,0.276821,0.461261,0.103663,1.843
NLOBK_MVgamma_parent,0.000384434,45.0,1.21608,0.249716,0.409794,0.0926964,1.7071
NLOBK_MVgamma_parent,0.00057665,45.0,1.10568,0.22447,0.361654,0.0825279,1.57885
NLOBK_MVgamma_parent,0.000864976,45.0,0.9997,0.200457,0.316087,0.072899,1.45789
NLOBK_MVgamma_parent,0.00129746,45.0,0.903895,0.178299,0.274484,0.0640686,1.34394
NLOBK_MVgamma_parent,0.0019462,45.0,0.812964,0.157357,0.235771,0.0557341,1.23672
NLOBK_MVgamma_parent,0.00291929,45.0,0.730373,0.137782,0.200546,0.0480782,1.13592
NLOBK_MVgamma_parent,0.00437894,45.0,0.655069,0.119951,0.16835,0.0409918,1.04129
NLOBK_MVgamma_parent,0.00656841,45.0,0.586471,0.103281,0.138817,0.0346135,0.952559
NLOBK_MVgamma_parent,0.00985261,45.0,0.525899,0.0880697,0.113005,0.0287704,0.869494
NLOBK_MVgamma_parent,1e-05,15.0,1.80641,0.395404,0.551423,0.0961046,2.38063
NLOBK_MVgamma_parent,1.5e-05,15.0,1.6921,0.368501,0.50805,0.0889168,2.24586
NLOBK_MVgamma_parent,2.25e-05,15.0,1.58297,0.342641,0.466105,0.0819859,2.11691
NLOBK_MVgamma_parent,3.375e-05,15.0,1.47827,0.318117,0.426718,0.0754359,1.99357
NLOBK_MVgamma_parent,5.0625e-05,15.0,1.37783,0.29463,0.389313,0.0691365,1.87566
NLOBK_MVgamma_parent,7.59375e-05,15.0,1.28232,0.272143,0.353708,0.0631767,1.763
NLOBK_MVgamma_parent,0.000113906,15.0,1.19145,0.250335,0.319983,0.0575354,1.65543
NLOBK_MVgamma_parent,0.000170859,15.0,1.10439,0.229802,0.288159,0.052163,1.55275
NLOBK_MVgamma_parent,0.000256289,15.0,1.02204,0.210045,0.258173,0.0470121,1.45481
NLOBK_MVgamma_parent,0.000384434,15.0,0.943209,0.19122,0.229992,0.0422128,1.36144
NLOBK_MVgamma_parent,0.00057665,15.0,0.868741,0.173231,0.203419,0.0376276,1.27249
NLOBK_MVgamma_parent,0.000864976,15.0,0.798894,0.156366,0.178742,0.0334059,1.18779
NLOBK_MVgamma_parent,0.00129746,15.0,0.733343,0.140105,0.155706,0.0293758,1.10719
NLOBK_MVgamma_parent,0.0019462,15.0,0.672677,0.124899,0.134441,0.0255916,1.03057
NLOBK_MVgamma_parent,0.00291929,15.0,0.616305,0.110611,0.114804,0.022111,0.95777
NLOBK_MVgamma_parent,0.00437894,15.0,0.564442,0.0971593,0.0970251,0.0188667,0.88865
NLOBK_MVgamma_parent,0.00656841,15.0,0.517747,0.0847449,0.0809063,0.0158984,0.823087
NLOBK_MVgamma_parent,0.00985261,15.0,0.476724,0.0732994,0.0664007,0.0132061,0.76096
NLOBK_MVgamma_parent,1e-05,27.0,2.19411,0.477216,0.78139,0.156387,2.84049
NLOBK_MVgamma_parent,1.5e-05,27.0,2.04616,0.442677,0.718058,0.144234,2.66724
NLOBK_MVgamma_parent,2.25e-05,27.0,1.90314,0.410355,0.657984,0.132786,2.50213
NLOBK_MVgamma_parent,3.375e-05,27.0,1.76887,0.379294,0.601356,0.121808,2.34487
NLOBK_MVgamma_parent,5.0625e-05,27.0,1.64033,0.349573,0.54771,0.111545,2.19517
NLOBK_MVgamma_parent,7.59375e-05,27.0,1.51807,0.320889,0.496979,0.101647,2.05275
NLOBK_MVgamma_parent,0.000113906,27.0,1.40097,0.293933,0.448844,0.0924321,1.91736
NLOBK_MVgamma_parent,0.000170859,27.0,1.29013,0.268344,0.40402,0.0836035,1.78873
NLOBK_MVgamma_parent,0.000256289,27.0,1.18595,0.244203,0.36114,0.07531,1.6666
NLOBK_MVgamma_parent,0.000384434,27.0,1.08716,0.221186,0.320978,0.0674834,1.55073
NLOBK_MVgamma_parent,0.00057665,27.0,0.994618,0.199407,0.284013,0.0601375,1.4409
NLOBK_MVgamma_parent,0.000864976,27.0,0.906344,0.178815,0.248947,0.0531963,1.33686
NLOBK_MVgamma_parent,0.00129746,27.0,0.825244,0.159327,0.216532,0.0467782,1.23839
NLOBK_MVgamma_parent,0.0019462,27.0,0.749304,0.141177,0.186477,0.0407066,1.1453
NLOBK_MVgamma_parent,0.00291929,27.0,0.679344,0.124219,0.158962,0.0351647,1.05735
NLOBK_MVgamma_parent,0.00437894,27.0,0.615093,0.108236,0.133769,0.0299988,0.974357
NLOBK_MVgamma_parent,0.00656841,27.0,0.556903,0.0937202,0.111424,0.0253116,0.896126
NLOBK_MVgamma_parent,0.00985261,27.0,0.505358,0.0802627,0.0907542,0.0209927,0.822482
