NLOBK_MVgamma_parent,1e-05,4.5,1.14417,0.253044,0.234115,0.0258024,1.55049
NLOBK_MVgamma_parent,1.5e-05,4.5,1.08462,0.238652,0.216453,0.0239606,1.47845
NLOBK_MVgamma_parent,2.25e-05,4.5,1.02639,0.224758,0.199453,0.0222071,1.40895
NLOBK_MVgamma_parent,3.375e-05,4.5,0.97044,0.211298,0.183177,0.0205202,1.34194
NLOBK_MVgamma_parent,5.0625e-05,4.5,0.916691,0.198355,0.167708,0.0189187,1.27735
NLOBK_MVgamma_parent,7.59375e-05,4.5,0.864679,0.185729,0.153063,0.0173415,1.21512
NLOBK_MVgamma_parent,0.000113906,4.5,0.814628,0.173575,0.139101,0.0158855,1.15518
NLOBK_MVgamma_parent,0.000170859,4.5,0.766721,0.161836,0.125911,0.0144745,1.09745
NLOBK_MVgamma_parent,0.000256289,4.5,0.720823,0.150482,0.113321,0.0131362,1.04189
NLOBK_MVgamma_parent,0.000384434,4.5,0.676952,0.13946,0.101533,0.0118649,0.988435
NLOBK_MVgamma_parent,0.00057665,4.5,0.635215,0.128879,0.0905194,0.0106632,0.937015
NLOBK_MVgamma_parent,0.000864976,4.5,0.595953,0.118706,0.0801899,0.0095093,0.887576
NLOBK_MVgamma_parent,0.00129746,4.5,0.558861,0.108983,0.0704612,0.00843113,0.840057
NLOBK_MVgamma_parent,0.0019462,4.5,0.524428,0.0997076,0.0616053,0.00742419,0.794393
NLOBK_MVgamma_parent,0.00291929,4.5,0.492687,0.0909222,0.0534484,0.00648873,0.750528
NLOBK_MVgamma_parent,0.00437894,4.5,0.463775,0.0827034,0.046051,0.00562901,0.708412
NLOBK_MVgamma_parent,0.00656841,4.5,0.438224,0.0749931,0.0394358,0.00484035,0.667998
NLOBK_MVgamma_parent,0.00985261,4.5,0.415869,0.0679231,0.0336241,0.00412869,0.629224
NLOBK_MVgamma_parent,1e-05,45.0,2.52402,0.542335,1.01741,0.219995,3.25791
NLOBK_MVgamma_parent,1.5e-05,45.0,2.34765,0.502871,0.934868,0.203312,3.05093
NLOBK_MVgamma_parent,2.25e-05,45.0,2.17905,0.464174,0.856777,0.186776,2.85421
NLOBK_MVgamma_parent,3.375e-05,45.0,2.01741,0.428165,0.783113,0.171393,2.66739
NLOBK_MVgamma_parent,5.0625e-05,45.0,1.86492,0.393735,0.713231,0.156776,2.49006
NLOBK_MVgamma_parent,7.59375e-05,45.0,1.71996,0.361256,0.647237,0.143016,2.32188
NLOBK_MVgamma_parent,0.000113906,45.0,1.58227,0.330254,0.585919,0.130176,2.16249
NLOBK_MVgamma_parent,0.000170859,45.0,1.45206,0.3005,0.527215,0.117884,2.01151
NLOBK_MVgamma_parent,0.000256289,45.0,1.33068,0.272897,0.472817,0.106328,1.86862
NLOBK_MVgamma_parent,0.000384434,45.0,1.21479,0.246864,0.421905,0.0954453,1.73351
NLOBK_MVgamma_parent,0.00057665,45.0,1.1069,0.222239,0.373275,0.0852319,1.60585
NLOBK_MVgamma_parent,0.000864976,45.0,1.005,0.199274,0.328791,0.0756434,1.48534
NLOBK_MVgamma_parent,0.00129746,45.0,0.909051,0.177474,0.286903,0.0665488,1.37169
NLOBK_MVgamma_parent,0.0019462,45.0,0.820835,0.157165,0.24794,0.0582477,1.26461
NLOBK_MVgamma_parent,0.00291929,45.0,0.739527,0.138228,0.212675,0.0505183,1.16382
NLOBK_MVgamma_parent,0.00437894,45.0,0.664457,0.120527,0.180222,0.0435014,1.06907
NLOBK_MVgamma_parent,0.00656841,45.0,0.597625,0.104534,0.15095,0.0369289,0.980114
NLOBK_MVgamma_parent,0.00985261,45.0,0.537774,0.0896254,0.124492,0.0310744,0.896696
NLOBK_MVgamma_parent,1e-05,15.0,1.78654,0.387637,0.565155,0.101233,2.39886
NLOBK_MVgamma_parent,1.5e-05,15.0,1.67459,0.361454,0.52154,0.0937512,2.26475
NLOBK_MVgamma_parent,2.25e-05,15.0,1.56784,0.336625,0.479563,0.08661,2.13636
NLOBK_MVgamma_parent,3.375e-05,15.0,1.46631,0.312855,0.440056,0.0798387,2.01351
NLOBK_MVgamma_parent,5.0625e-05,15.0,1.36853,0.289971,0.402421,0.0733577,1.89602
NLOBK_MVgamma_parent,7.59375e-05,15.0,1.27512,0.267962,0.366863,0.0672571,1.78372
NLOBK_MVgamma_parent,0.000113906,15.0,1.1848,0.246929,0.332947,0.061301,1.67643
NLOBK_MVgamma_parent,0.000170859,15.0,1.10015,0.226926,0.300807,0.055699,1.57398
NLOBK_MVgamma_parent,0.000256289,15.0,1.01929,0.207773,0.27062,0.0504719,1.47621
NLOBK_MVgamma_parent,0.000384434,15.0,0.942433,0.189581,0.242014,0.0454562,1.38296
NLOBK_MVgamma_parent,0.00057665,15.0,0.870184,0.172218,0.215286,0.0406837,1.29407
NLOBK_MVgamma_parent,0.000864976,15.0,0.801186,0.155714,0.190311,0.0362104,1.2094
NLOBK_MVgamma_parent,0.00129746,15.0,0.736973,0.140013,0.166648,0.0320581,1.12879
NLOBK_MVgamma_parent,0.0019462,15.0,0.67767,0.125369,0.14528,0.0281194,1.0521
NLOBK_MVgamma_parent,0.00291929,15.0,0.621608,0.111347,0.125444,0.0244745,0.979178
NLOBK_MVgamma_parent,0.00437894,15.0,0.570924,0.0982853,0.107051,0.021029,0.909912
NLOBK_MVgamma_parent,0.00656841,15.0,0.525148,0.0864153,0.0904091,0.0179389,0.844178
NLOBK_MVgamma_parent,0.00985261,15.0,0.484624,0.0752063,0.0758941,0.0151433,0.781837
NLOBK_MVgamma_parent,1e-05,27.0,2.16464,0.466379,0.791642,0.160721,2.8559
NLOBK_MVgamma_parent,1.5e-05,27.0,2.02071,0.433613,0.729171,0.148492,2.68423
NLOBK_MVgamma_parent,2.25e-05,27.0,1.88276,0.401557,0.66919,0.136966,2.52052
NLOBK_MVgamma_parent,3.375e-05,27.0,1.75216,0.371746,0.61304,0.125733,2.3645
NLOBK_MVgamma_parent,5.0625e-05,27.0,1.62576,0.342887,0.559449,0.115272,2.2159
NLOBK_MVgamma_parent,7.59375e-05,27.0,1.50602,0.315486,0.509175,0.105375,2.07444
NLOBK_MVgamma_parent,0.000113906,27.0,1.39202,0.289521,0.461159,0.095998,1.93989
NLOBK_MVgamma_parent,0.000170859,27.0,1.28449,0.264669,0.415909,0.0870853,1.81195
NLOBK_MVgamma_parent,0.000256289,27.0,1.18242,0.241018,0.37347,0.0787043,1.6904
NLOBK_MVgamma_parent,0.000384434,27.0,1.08658,0.21865,0.33373,0.070654,1.575
NLOBK_MVgamma_parent,0.00057665,27.0,0.99431,0.197755,0.296156,0.0631341,1.46552
NLOBK_MVgamma_parent,0.000864976,27.0,0.909602,0.177748,0.261375,0.0561379,1.36174
NLOBK_MVgamma_parent,0.00129746,27.0,0.829675,0.159017,0.228419,0.049579,1.26345
NLOBK_MVgamma_parent,0.0019462,27.0,0.754878,0.141211,0.198498,0.0434096,1.17041
NLOBK_MVgamma_parent,0.00291929,27.0,0.686128,0.124713,0.170616,0.0377593,1.08243
NLOBK_MVgamma_parent,0.00437894,27.0,0.623092,0.109365,0.145226,0.032432,0.999324
NLOBK_MVgamma_parent,0.00656841,27.0,0.566009,0.0951034,0.122097,0.0275266,0.920918
NLOBK_MVgamma_parent,0.00985261,27.0,0.515432,0.0820109,0.101443,0.0231645,0.84701
