NLOBK_MVgamma_parent,1e-05,4.5,1.10522,0.248814,0.240341,0.0270424,1.52272
NLOBK_MVgamma_parent,1.5e-05,4.5,1.04721,0.234937,0.222016,0.0251052,1.45293
NLOBK_MVgamma_parent,2.25e-05,4.5,0.992266,0.221308,0.204297,0.0232653,1.38551
NLOBK_MVgamma_parent,3.375e-05,4.5,0.938355,0.208127,0.187774,0.0214958,1.32041
NLOBK_MVgamma_parent,5.0625e-05,4.5,0.886532,0.195308,0.171647,0.0197751,1.25755
NLOBK_MVgamma_parent,7.59375e-05,4.5,0.836599,0.182939,0.156352,0.0181383,1.1969
NLOBK_MVgamma_parent,0.000113906,4.5,0.788591,0.171019,0.141943,0.0165693,1.13838
NLOBK_MVgamma_parent,0.000170859,4.5,0.742757,0.159395,0.128194,0.0150916,1.08194
NLOBK_MVgamma_parent,0.000256289,4.5,0.698833,0.148188,0.115128,0.0136771,1.02752
NLOBK_MVgamma_parent,0.000384434,4.5,0.656734,0.137294,0.102879,0.0123161,0.975072
NLOBK_MVgamma_parent,0.00057665,4.5,0.616748,0.126851,0.0912805,0.0110203,0.924534
NLOBK_MVgamma_parent,0.000864976,4.5,0.578862,0.116804,0.080402,0.00979701,0.875853
NLOBK_MVgamma_parent,0.00129746,4.5,0.542947,0.107155,0.0702676,0.00864349,0.828968
NLOBK_MVgamma_parent,0.0019462,4.5,0.509809,0.0978455,0.0609449,0.00755967,0.783827
NLOBK_MVgamma_parent,0.00291929,4.5,0.479323,0.0891351,0.0523463,0.00655194,0.74038
NLOBK_MVgamma_parent,0.00437894,4.5,0.451558,0.0808285,0.0445573,0.00562152,0.698579
NLOBK_MVgamma_parent,0.00656841,4.5,0.426983,0.0730671,0.037504,0.00476358,0.658374
NLOBK_MVgamma_parent,0.00985261,4.5,0.405491,0.0659068,0.0313308,0.00399006,0.619723
NLOBK_MVgamma_parent,1e-05,45.0,2.51443,0.550696,1.03638,0.226396,3.23849
NLOBK_MVgamma_parent,1.5e-05,45.0,2.33536,0.509433,0.952465,0.208945,3.03099
NLOBK_MVgamma_parent,2.25e-05,45.0,2.1657,0.469983,0.872741,0.192168,2.83371
NLOBK_MVgamma_parent,3.375e-05,45.0,2.00331,0.433355,0.796085,0.175787,2.6463
NLOBK_MVgamma_parent,5.0625e-05,45.0,1.84879,0.397749,0.723943,0.160504,2.46835
NLOBK_MVgamma_parent,7.59375e-05,45.0,1.70287,0.364651,0.656178,0.146275,2.29949
NLOBK_MVgamma_parent,0.000113906,45.0,1.56568,0.332958,0.59213,0.132831,2.1394
NLOBK_MVgamma_parent,0.000170859,45.0,1.43543,0.302588,0.532213,0.120066,1.98775
NLOBK_MVgamma_parent,0.000256289,45.0,1.31147,0.274497,0.474803,0.108094,1.8442
NLOBK_MVgamma_parent,0.000384434,45.0,1.1956,0.247722,0.422284,0.0967984,1.70844
NLOBK_MVgamma_parent,0.00057665,45.0,1.08664,0.222513,0.372696,0.0860236,1.58017
NLOBK_MVgamma_parent,0.000864976,45.0,0.983769,0.198712,0.326539,0.0762651,1.4591
NLOBK_MVgamma_parent,0.00129746,45.0,0.889392,0.176635,0.28298,0.0669146,1.34492
NLOBK_MVgamma_parent,0.0019462,45.0,0.800347,0.155942,0.243495,0.0582428,1.23736
NLOBK_MVgamma_parent,0.00291929,45.0,0.718575,0.13652,0.206544,0.050218,1.13614
NLOBK_MVgamma_parent,0.00437894,45.0,0.643754,0.118466,0.173845,0.0429123,1.04104
NLOBK_MVgamma_parent,0.00656841,45.0,0.576836,0.102178,0.143025,0.0361135,0.951784
NLOBK_MVgamma_parent,0.00985261,45.0,0.517406,0.0871714,0.116144,0.0300345,0.868165
NLOBK_MVgamma_parent,1e-05,15.0,1.75799,0.388808,0.577862,0.104791,2.37447
NLOBK_MVgamma_parent,1.5e-05,15.0,1.64816,0.362538,0.532729,0.0970333,2.24161
NLOBK_MVgamma_parent,2.25e-05,15.0,1.54297,0.337557,0.48954,0.0895455,2.1143
NLOBK_MVgamma_parent,3.375e-05,15.0,1.44135,0.313509,0.448754,0.0824456,1.99237
NLOBK_MVgamma_parent,5.0625e-05,15.0,1.34428,0.290507,0.409702,0.0755811,1.87565
NLOBK_MVgamma_parent,7.59375e-05,15.0,1.25173,0.268375,0.3727,0.0691616,1.76396
NLOBK_MVgamma_parent,0.000113906,15.0,1.16352,0.247027,0.337681,0.0630848,1.65715
NLOBK_MVgamma_parent,0.000170859,15.0,1.07875,0.226661,0.304611,0.0572087,1.55506
NLOBK_MVgamma_parent,0.000256289,15.0,0.999474,0.207293,0.273075,0.0516027,1.45754
NLOBK_MVgamma_parent,0.000384434,15.0,0.922946,0.188812,0.243514,0.0463837,1.36444
NLOBK_MVgamma_parent,0.00057665,15.0,0.850482,0.171144,0.215789,0.0414581,1.27561
NLOBK_MVgamma_parent,0.000864976,15.0,0.782932,0.154574,0.189966,0.0367503,1.19092
NLOBK_MVgamma_parent,0.00129746,15.0,0.719075,0.138633,0.165608,0.0323506,1.11022
NLOBK_MVgamma_parent,0.0019462,15.0,0.659532,0.123415,0.143098,0.0282619,1.03336
NLOBK_MVgamma_parent,0.00291929,15.0,0.60462,0.109332,0.122337,0.0243675,0.960227
NLOBK_MVgamma_parent,0.00437894,15.0,0.554368,0.095987,0.103281,0.0208317,0.890698
NLOBK_MVgamma_parent,0.00656841,15.0,0.509009,0.083665,0.0862054,0.0175736,0.824651
NLOBK_MVgamma_parent,0.00985261,15.0,0.468637,0.0723271,0.0707983,0.0145702,0.761981
NLOBK_MVgamma_parent,1e-05,27.0,2.143,0.470872,0.807973,0.165457,2.83402
NLOBK_MVgamma_parent,1.5e-05,27.0,2.00094,0.437647,0.743228,0.15271,2.66274
NLOBK_MVgamma_parent,2.25e-05,27.0,1.86342,0.405343,0.681656,0.140594,2.4993
NLOBK_MVgamma_parent,3.375e-05,27.0,1.73145,0.374762,0.623711,0.129196,2.34346
NLOBK_MVgamma_parent,5.0625e-05,27.0,1.60518,0.34527,0.568849,0.118362,2.19491
NLOBK_MVgamma_parent,7.59375e-05,27.0,1.48687,0.317348,0.516258,0.107992,2.0534
NLOBK_MVgamma_parent,0.000113906,27.0,1.37259,0.290957,0.467047,0.0981137,1.91871
NLOBK_MVgamma_parent,0.000170859,27.0,1.26533,0.265447,0.420184,0.0889273,1.79058
NLOBK_MVgamma_parent,0.000256289,27.0,1.16333,0.241544,0.376523,0.0801373,1.66878
NLOBK_MVgamma_parent,0.000384434,27.0,1.06662,0.218864,0.335074,0.0718549,1.55309
NLOBK_MVgamma_parent,0.00057665,27.0,0.975737,0.197268,0.296208,0.0641021,1.44329
NLOBK_MVgamma_parent,0.000864976,27.0,0.890956,0.176946,0.260086,0.0567087,1.33917
NLOBK_MVgamma_parent,0.00129746,27.0,0.810792,0.157711,0.226339,0.0499013,1.2405
NLOBK_MVgamma_parent,0.0019462,27.0,0.736796,0.139627,0.195173,0.0435153,1.14709
NLOBK_MVgamma_parent,0.00291929,27.0,0.6674,0.122844,0.165992,0.0375313,1.05873
NLOBK_MVgamma_parent,0.00437894,27.0,0.604484,0.107088,0.139967,0.032039,0.975267
NLOBK_MVgamma_parent,0.00656841,27.0,0.547644,0.0927334,0.116187,0.0269551,0.896502
NLOBK_MVgamma_parent,0.00985261,27.0,0.49755,0.079326,0.0946227,0.0224066,0.82228
