NLOBK_MVgamma_parent,1e-05,4.5,1.11235,0.246592,0.235843,0.0266848,1.51969
NLOBK_MVgamma_parent,1.5e-05,4.5,1.05429,0.232592,0.217983,0.0248028,1.44965
NLOBK_MVgamma_parent,2.25e-05,4.5,0.998404,0.219184,0.20103,0.022991,1.38205
NLOBK_MVgamma_parent,3.375e-05,4.5,0.94462,0.206176,0.184797,0.0212559,1.31685
NLOBK_MVgamma_parent,5.0625e-05,4.5,0.892479,0.193547,0.169312,0.019591,1.25398
NLOBK_MVgamma_parent,7.59375e-05,4.5,0.842217,0.181377,0.154621,0.018003,1.19335
NLOBK_MVgamma_parent,0.000113906,4.5,0.794094,0.169655,0.140602,0.0164906,1.13493
NLOBK_MVgamma_parent,0.000170859,4.5,0.747998,0.158193,0.127327,0.0150354,1.07864
NLOBK_MVgamma_parent,0.000256289,4.5,0.703664,0.147169,0.114676,0.0136635,1.02442
NLOBK_MVgamma_parent,0.000384434,4.5,0.661437,0.136435,0.102883,0.0123339,0.972213
NLOBK_MVgamma_parent,0.00057665,4.5,0.620883,0.126144,0.0916337,0.011079,0.921964
NLOBK_MVgamma_parent,0.000864976,4.5,0.58315,0.1163,0.0811948,0.00989802,0.873622
NLOBK_MVgamma_parent,0.00129746,4.5,0.547195,0.106809,0.0714531,0.00877251,0.827131
NLOBK_MVgamma_parent,0.0019462,4.5,0.513854,0.0977853,0.0624398,0.00773304,0.782431
NLOBK_MVgamma_parent,0.00291929,4.5,0.483105,0.0891899,0.0542006,0.00675815,0.739469
NLOBK_MVgamma_parent,0.00437894,4.5,0.455218,0.0811677,0.0466379,0.00585484,0.698191
NLOBK_MVgamma_parent,0.00656841,4.5,0.4303,0.0735894,0.0398465,0.00502677,0.658541
NLOBK_MVgamma_parent,0.00985261,4.5,0.408802,0.0667067,0.0339762,0.00428239,0.62047
NLOBK_MVgamma_parent,1e-05,45.0,2.46395,0.530902,1.0048,0.218683,3.19452
NLOBK_MVgamma_parent,1.5e-05,45.0,2.29176,0.491675,0.924653,0.201836,2.99214
NLOBK_MVgamma_parent,2.25e-05,45.0,2.12751,0.453845,0.84772,0.185584,2.79974
NLOBK_MVgamma_parent,3.375e-05,45.0,1.97034,0.41901,0.774767,0.170379,2.61698
NLOBK_MVgamma_parent,5.0625e-05,45.0,1.82164,0.385128,0.70655,0.155847,2.44344
NLOBK_MVgamma_parent,7.59375e-05,45.0,1.68066,0.352868,0.640999,0.142351,2.27879
NLOBK_MVgamma_parent,0.000113906,45.0,1.54728,0.323013,0.580233,0.129449,2.12266
NLOBK_MVgamma_parent,0.000170859,45.0,1.42126,0.294151,0.522395,0.116932,1.97473
NLOBK_MVgamma_parent,0.000256289,45.0,1.30068,0.267177,0.468095,0.105556,1.83466
NLOBK_MVgamma_parent,0.000384434,45.0,1.18835,0.241535,0.417587,0.0947766,1.70215
NLOBK_MVgamma_parent,0.00057665,45.0,1.08148,0.217713,0.369488,0.0845226,1.5769
NLOBK_MVgamma_parent,0.000864976,45.0,0.982985,0.194664,0.325418,0.0750983,1.45863
NLOBK_MVgamma_parent,0.00129746,45.0,0.890267,0.173394,0.283555,0.0660814,1.34705
NLOBK_MVgamma_parent,0.0019462,45.0,0.803772,0.153504,0.24553,0.05789,1.24189
NLOBK_MVgamma_parent,0.00291929,45.0,0.723587,0.135089,0.210027,0.0500456,1.14289
NLOBK_MVgamma_parent,0.00437894,45.0,0.650856,0.117801,0.177981,0.0430656,1.04978
NLOBK_MVgamma_parent,0.00656841,45.0,0.585156,0.101923,0.14852,0.0365927,0.962314
NLOBK_MVgamma_parent,0.00985261,45.0,0.526824,0.0873447,0.122345,0.0306903,0.880263
NLOBK_MVgamma_parent,1e-05,15.0,1.74011,0.378507,0.563142,0.102147,2.3531
NLOBK_MVgamma_parent,1.5e-05,15.0,1.632,0.353165,0.519934,0.0946644,2.22217
NLOBK_MVgamma_parent,2.25e-05,15.0,1.52858,0.328835,0.478329,0.087488,2.09677
NLOBK_MVgamma_parent,3.375e-05,15.0,1.42921,0.305385,0.43907,0.0806752,1.97675
NLOBK_MVgamma_parent,5.0625e-05,15.0,1.33468,0.283379,0.401507,0.0741267,1.86192
NLOBK_MVgamma_parent,7.59375e-05,15.0,1.2442,0.26211,0.365931,0.067864,1.7521
NLOBK_MVgamma_parent,0.000113906,15.0,1.15712,0.241522,0.33249,0.0619669,1.64712
NLOBK_MVgamma_parent,0.000170859,15.0,1.07486,0.221942,0.300315,0.056338,1.54683
NLOBK_MVgamma_parent,0.000256289,15.0,0.995934,0.203253,0.270297,0.05099,1.45106
NLOBK_MVgamma_parent,0.000384434,15.0,0.921207,0.185428,0.241947,0.0459523,1.35966
NLOBK_MVgamma_parent,0.00057665,15.0,0.850743,0.168412,0.215217,0.0411545,1.27249
NLOBK_MVgamma_parent,0.000864976,15.0,0.783825,0.152334,0.189979,0.0366252,1.18941
NLOBK_MVgamma_parent,0.00129746,15.0,0.720997,0.136932,0.16668,0.0323954,1.11028
NLOBK_MVgamma_parent,0.0019462,15.0,0.663206,0.122461,0.145102,0.0284342,1.03496
NLOBK_MVgamma_parent,0.00291929,15.0,0.608857,0.108771,0.125101,0.0246942,0.963322
NLOBK_MVgamma_parent,0.00437894,15.0,0.559602,0.0961883,0.106862,0.0212383,0.895231
NLOBK_MVgamma_parent,0.00656841,15.0,0.5146,0.0842896,0.0901614,0.0180809,0.830555
NLOBK_MVgamma_parent,0.00985261,15.0,0.475042,0.0732659,0.0753323,0.0151998,0.769182
NLOBK_MVgamma_parent,1e-05,27.0,2.11094,0.455888,0.785207,0.160442,2.80095
NLOBK_MVgamma_parent,1.5e-05,27.0,1.97037,0.42342,0.722832,0.148289,2.6332
NLOBK_MVgamma_parent,2.25e-05,27.0,1.83717,0.392795,0.664256,0.136686,2.47317
NLOBK_MVgamma_parent,3.375e-05,27.0,1.7103,0.363279,0.608537,0.125768,2.32061
NLOBK_MVgamma_parent,5.0625e-05,27.0,1.58738,0.335512,0.555738,0.115335,2.17524
NLOBK_MVgamma_parent,7.59375e-05,27.0,1.47085,0.308484,0.505555,0.105472,2.0368
NLOBK_MVgamma_parent,0.000113906,27.0,1.36045,0.283056,0.458425,0.0960224,1.90504
NLOBK_MVgamma_parent,0.000170859,27.0,1.2553,0.258773,0.413163,0.0871573,1.77972
NLOBK_MVgamma_parent,0.000256289,27.0,1.15544,0.235747,0.37157,0.0787293,1.66059
NLOBK_MVgamma_parent,0.000384434,27.0,1.06208,0.213907,0.331665,0.0707603,1.54743
NLOBK_MVgamma_parent,0.00057665,27.0,0.973273,0.193333,0.294419,0.0631915,1.44002
NLOBK_MVgamma_parent,0.000864976,27.0,0.889612,0.173872,0.259778,0.0561925,1.33816
NLOBK_MVgamma_parent,0.00129746,27.0,0.81186,0.155497,0.227069,0.0495863,1.24165
NLOBK_MVgamma_parent,0.0019462,27.0,0.739215,0.13819,0.197171,0.0434703,1.15026
NLOBK_MVgamma_parent,0.00291929,27.0,0.671916,0.121773,0.169245,0.0376832,1.06382
NLOBK_MVgamma_parent,0.00437894,27.0,0.610181,0.106729,0.143885,0.0323555,0.982134
NLOBK_MVgamma_parent,0.00656841,27.0,0.554781,0.0927797,0.120894,0.0275162,0.905002
NLOBK_MVgamma_parent,0.00985261,27.0,0.505003,0.0799472,0.100186,0.0231101,0.832264
