NLOBK_MVgamma_parent,1e-05,4.5,1.14325,0.252289,0.236851,0.026658,1.55555
NLOBK_MVgamma_parent,1.5e-05,4.5,1.08335,0.237808,0.218611,0.0247548,1.48283
NLOBK_MVgamma_parent,2.25e-05,4.5,1.02511,0.223986,0.201408,0.0229159,1.41271
NLOBK_MVgamma_parent,3.375e-05,4.5,0.968423,0.210332,0.18476,0.0211644,1.34509
NLOBK_MVgamma_parent,5.0625e-05,4.5,0.914168,0.197287,0.169001,0.0194823,1.27994
NLOBK_MVgamma_parent,7.59375e-05,4.5,0.861836,0.184553,0.15411,0.0178673,1.21717
NLOBK_MVgamma_parent,0.000113906,4.5,0.81159,0.172256,0.139922,0.0163328,1.15672
NLOBK_MVgamma_parent,0.000170859,4.5,0.763627,0.160444,0.126454,0.0148676,1.09852
NLOBK_MVgamma_parent,0.000256289,4.5,0.717239,0.148949,0.113717,0.0134719,1.04252
NLOBK_MVgamma_parent,0.000384434,4.5,0.673133,0.137872,0.101727,0.0121432,0.988632
NLOBK_MVgamma_parent,0.00057665,4.5,0.631434,0.12726,0.0903612,0.0108789,0.936808
NLOBK_MVgamma_parent,0.000864976,4.5,0.592097,0.117056,0.0798556,0.00970049,0.886986
NLOBK_MVgamma_parent,0.00129746,4.5,0.55495,0.10726,0.0700214,0.00857559,0.839109
NLOBK_MVgamma_parent,0.0019462,4.5,0.52018,0.0978863,0.0609891,0.00752657,0.793106
NLOBK_MVgamma_parent,0.00291929,4.5,0.488561,0.0890644,0.0526849,0.00654829,0.748929
NLOBK_MVgamma_parent,0.00437894,4.5,0.459697,0.0807815,0.0452131,0.00565774,0.706526
NLOBK_MVgamma_parent,0.00656841,4.5,0.434058,0.0730295,0.0384881,0.00483685,0.665831
NLOBK_MVgamma_parent,0.00985261,4.5,0.411803,0.0659686,0.0325922,0.00409958,0.626786
NLOBK_MVgamma_parent,1e-05,45.0,2.50298,0.537381,1.01209,0.22001,3.23979
NLOBK_MVgamma_parent,1.5e-05,45.0,2.32545,0.496834,0.929663,0.202849,3.03263
NLOBK_MVgamma_parent,2.25e-05,45.0,2.15607,0.459474,0.851128,0.186591,2.83584
NLOBK_MVgamma_parent,3.375e-05,45.0,1.997,0.423248,0.777133,0.170906,2.64898
NLOBK_MVgamma_parent,5.0625e-05,45.0,1.84471,0.388373,0.7079,0.156306,2.4717
NLOBK_MVgamma_parent,7.59375e-05,45.0,1.70021,0.356119,0.641649,0.142345,2.3036
NLOBK_MVgamma_parent,0.000113906,45.0,1.56278,0.325368,0.579926,0.129544,2.14432
NLOBK_MVgamma_parent,0.000170859,45.0,1.43334,0.295858,0.521219,0.116976,1.99353
NLOBK_MVgamma_parent,0.000256289,45.0,1.31173,0.268495,0.466249,0.105339,1.85087
NLOBK_MVgamma_parent,0.000384434,45.0,1.19684,0.242485,0.415244,0.0944475,1.71601
NLOBK_MVgamma_parent,0.00057665,45.0,1.08911,0.218078,0.367163,0.0841685,1.58864
NLOBK_MVgamma_parent,0.000864976,45.0,0.987238,0.194875,0.32192,0.0745576,1.46846
NLOBK_MVgamma_parent,0.00129746,45.0,0.892894,0.173551,0.280471,0.0655189,1.35517
NLOBK_MVgamma_parent,0.0019462,45.0,0.804427,0.153119,0.242099,0.0572763,1.24848
NLOBK_MVgamma_parent,0.00291929,45.0,0.72439,0.13442,0.206437,0.0495211,1.14812
NLOBK_MVgamma_parent,0.00437894,45.0,0.650177,0.117082,0.174476,0.0423887,1.05384
NLOBK_MVgamma_parent,0.00656841,45.0,0.583528,0.101032,0.144848,0.0358763,0.965364
NLOBK_MVgamma_parent,0.00985261,45.0,0.525077,0.0865433,0.118741,0.0300022,0.882445
NLOBK_MVgamma_parent,1e-05,15.0,1.7776,0.384862,0.56683,0.102621,2.3955
NLOBK_MVgamma_parent,1.5e-05,15.0,1.66501,0.35864,0.522092,0.0948976,2.2607
NLOBK_MVgamma_parent,2.25e-05,15.0,1.55855,0.333648,0.479992,0.0876084,2.13169
NLOBK_MVgamma_parent,3.375e-05,15.0,1.45691,0.309902,0.440238,0.080722,2.00826
NLOBK_MVgamma_parent,5.0625e-05,15.0,1.35899,0.286902,0.402117,0.0741098,1.89027
NLOBK_MVgamma_parent,7.59375e-05,15.0,1.26555,0.265126,0.365977,0.0678154,1.7775
NLOBK_MVgamma_parent,0.000113906,15.0,1.17569,0.244006,0.33201,0.0618009,1.6698
NLOBK_MVgamma_parent,0.000170859,15.0,1.09073,0.224029,0.299602,0.0561144,1.56698
NLOBK_MVgamma_parent,0.000256289,15.0,1.00947,0.20492,0.268861,0.0506837,1.46889
NLOBK_MVgamma_parent,0.000384434,15.0,0.93217,0.186685,0.240157,0.0455447,1.37534
NLOBK_MVgamma_parent,0.00057665,15.0,0.859559,0.169253,0.213197,0.0407585,1.28619
NLOBK_MVgamma_parent,0.000864976,15.0,0.791562,0.152804,0.18788,0.0361789,1.2013
NLOBK_MVgamma_parent,0.00129746,15.0,0.727154,0.137031,0.16447,0.0319795,1.12051
NLOBK_MVgamma_parent,0.0019462,15.0,0.667703,0.122215,0.142639,0.0279461,1.04366
NLOBK_MVgamma_parent,0.00291929,15.0,0.6122,0.108454,0.122432,0.0242294,0.97064
NLOBK_MVgamma_parent,0.00437894,15.0,0.561556,0.0954535,0.104196,0.0207619,0.901309
NLOBK_MVgamma_parent,0.00656841,15.0,0.516015,0.0834126,0.0875488,0.01761,0.835522
NLOBK_MVgamma_parent,0.00985261,15.0,0.476042,0.0724919,0.0728943,0.0147662,0.773155
NLOBK_MVgamma_parent,1e-05,27.0,2.14949,0.462331,0.790374,0.161353,2.84534
NLOBK_MVgamma_parent,1.5e-05,27.0,2.00603,0.42953,0.727339,0.149031,2.67318
NLOBK_MVgamma_parent,2.25e-05,27.0,1.86835,0.397865,0.66698,0.137242,2.50908
NLOBK_MVgamma_parent,3.375e-05,27.0,1.73606,0.368006,0.610263,0.126027,2.35271
NLOBK_MVgamma_parent,5.0625e-05,27.0,1.61119,0.338861,0.556572,0.115445,2.20383
NLOBK_MVgamma_parent,7.59375e-05,27.0,1.49194,0.311363,0.505727,0.10545,2.06215
NLOBK_MVgamma_parent,0.000113906,27.0,1.37747,0.28545,0.457996,0.0959665,1.9274
NLOBK_MVgamma_parent,0.000170859,27.0,1.27064,0.260932,0.412569,0.086933,1.79934
NLOBK_MVgamma_parent,0.000256289,27.0,1.16869,0.237249,0.369914,0.0784249,1.67771
NLOBK_MVgamma_parent,0.000384434,27.0,1.07233,0.215115,0.32953,0.0703557,1.56226
NLOBK_MVgamma_parent,0.00057665,27.0,0.981773,0.194079,0.292226,0.0627484,1.45278
NLOBK_MVgamma_parent,0.000864976,27.0,0.895831,0.174107,0.257029,0.0556672,1.34902
NLOBK_MVgamma_parent,0.00129746,27.0,0.816217,0.155387,0.224144,0.0489971,1.25079
NLOBK_MVgamma_parent,0.0019462,27.0,0.742025,0.137794,0.193884,0.042826,1.15786
NLOBK_MVgamma_parent,0.00291929,27.0,0.673979,0.121368,0.166255,0.0372053,1.07003
NLOBK_MVgamma_parent,0.00437894,27.0,0.61113,0.106191,0.140782,0.031807,0.98712
NLOBK_MVgamma_parent,0.00656841,27.0,0.554312,0.0920507,0.117881,0.0269612,0.908916
NLOBK_MVgamma_parent,0.00985261,27.0,0.504519,0.079096,0.0972474,0.0224781,0.83524
