NLOBK_MVgamma_parent,1e-05,4.5,1.1231,0.248353,0.229155,0.0252558,1.52927
NLOBK_MVgamma_parent,1.5e-05,4.5,1.06459,0.23433,0.211796,0.0234743,1.45878
NLOBK_MVgamma_parent,2.25e-05,4.5,1.00793,0.220746,0.195041,0.0217461,1.39075
NLOBK_MVgamma_parent,3.375e-05,4.5,0.953614,0.207586,0.179155,0.0200769,1.32513
NLOBK_MVgamma_parent,5.0625e-05,4.5,0.901334,0.194827,0.16408,0.0185026,1.26185
NLOBK_MVgamma_parent,7.59375e-05,4.5,0.85035,0.182542,0.149656,0.0169852,1.20085
NLOBK_MVgamma_parent,0.000113906,4.5,0.801925,0.170672,0.135774,0.0155268,1.14206
NLOBK_MVgamma_parent,0.000170859,4.5,0.754823,0.159046,0.122887,0.0141453,1.08542
NLOBK_MVgamma_parent,0.000256289,4.5,0.710317,0.147945,0.110503,0.0128259,1.03087
NLOBK_MVgamma_parent,0.000384434,4.5,0.667607,0.13709,0.0988942,0.0115801,0.978341
NLOBK_MVgamma_parent,0.00057665,4.5,0.626759,0.126721,0.0880446,0.0103803,0.927791
NLOBK_MVgamma_parent,0.000864976,4.5,0.588689,0.116765,0.0778392,0.0092644,0.879159
NLOBK_MVgamma_parent,0.00129746,4.5,0.552257,0.10717,0.0683359,0.008192,0.832386
NLOBK_MVgamma_parent,0.0019462,4.5,0.518509,0.0980607,0.0595696,0.00720397,0.787421
NLOBK_MVgamma_parent,0.00291929,4.5,0.487518,0.0893441,0.0515557,0.00627646,0.744206
NLOBK_MVgamma_parent,0.00437894,4.5,0.459383,0.0812227,0.044233,0.00541998,0.702683
NLOBK_MVgamma_parent,0.00656841,4.5,0.43432,0.0736159,0.0377269,0.00465117,0.662798
NLOBK_MVgamma_parent,0.00985261,4.5,0.412591,0.0666652,0.031994,0.00394023,0.624504
NLOBK_MVgamma_parent,1e-05,45.0,2.47351,0.530989,0.994464,0.21547,3.20119
NLOBK_MVgamma_parent,1.5e-05,45.0,2.29914,0.491632,0.913366,0.198633,2.99829
NLOBK_MVgamma_parent,2.25e-05,45.0,2.13499,0.454449,0.837427,0.182751,2.80543
NLOBK_MVgamma_parent,3.375e-05,45.0,1.97527,0.418693,0.765287,0.167531,2.62218
NLOBK_MVgamma_parent,5.0625e-05,45.0,1.8282,0.385182,0.696648,0.153335,2.4482
NLOBK_MVgamma_parent,7.59375e-05,45.0,1.68685,0.353091,0.632457,0.139728,2.28315
NLOBK_MVgamma_parent,0.000113906,45.0,1.55134,0.322729,0.571773,0.126973,2.12668
NLOBK_MVgamma_parent,0.000170859,45.0,1.42447,0.293907,0.514656,0.114945,1.97843
NLOBK_MVgamma_parent,0.000256289,45.0,1.30393,0.26681,0.461482,0.103647,1.83807
NLOBK_MVgamma_parent,0.000384434,45.0,1.19088,0.241042,0.410635,0.0929762,1.70529
NLOBK_MVgamma_parent,0.00057665,45.0,1.08614,0.217085,0.363358,0.082965,1.57981
NLOBK_MVgamma_parent,0.000864976,45.0,0.986518,0.194179,0.319239,0.0734164,1.46132
NLOBK_MVgamma_parent,0.00129746,45.0,0.893029,0.173057,0.278258,0.0646464,1.34954
NLOBK_MVgamma_parent,0.0019462,45.0,0.80551,0.153103,0.240408,0.0566126,1.24422
NLOBK_MVgamma_parent,0.00291929,45.0,0.725965,0.134482,0.205528,0.0489621,1.14507
NLOBK_MVgamma_parent,0.00437894,45.0,0.652687,0.117256,0.173796,0.0421326,1.05184
NLOBK_MVgamma_parent,0.00656841,45.0,0.587204,0.101422,0.144809,0.0356392,0.964256
NLOBK_MVgamma_parent,0.00985261,45.0,0.528424,0.0868765,0.118988,0.0298423,0.882116
NLOBK_MVgamma_parent,1e-05,15.0,1.75116,0.379657,0.552878,0.0990864,2.3609
NLOBK_MVgamma_parent,1.5e-05,15.0,1.64131,0.354097,0.509932,0.0918065,2.22946
NLOBK_MVgamma_parent,2.25e-05,15.0,1.5385,0.329943,0.469178,0.0847979,2.10358
NLOBK_MVgamma_parent,3.375e-05,15.0,1.43843,0.30635,0.430507,0.0781468,1.98309
NLOBK_MVgamma_parent,5.0625e-05,15.0,1.34333,0.284156,0.393408,0.0717456,1.86781
NLOBK_MVgamma_parent,7.59375e-05,15.0,1.25157,0.262566,0.358403,0.0656705,1.75758
NLOBK_MVgamma_parent,0.000113906,15.0,1.16431,0.242066,0.325221,0.0599382,1.65223
NLOBK_MVgamma_parent,0.000170859,15.0,1.08127,0.222241,0.293658,0.0544457,1.55159
NLOBK_MVgamma_parent,0.000256289,15.0,1.00198,0.203469,0.263633,0.0492208,1.4555
NLOBK_MVgamma_parent,0.000384434,15.0,0.92613,0.185496,0.235826,0.0442703,1.3638
NLOBK_MVgamma_parent,0.00057665,15.0,0.855426,0.168579,0.209525,0.0396625,1.27635
NLOBK_MVgamma_parent,0.000864976,15.0,0.788023,0.152355,0.184907,0.0352557,1.19301
NLOBK_MVgamma_parent,0.00129746,15.0,0.725269,0.136786,0.161871,0.0311068,1.11364
NLOBK_MVgamma_parent,0.0019462,15.0,0.666852,0.1223,0.140584,0.0272789,1.0381
NLOBK_MVgamma_parent,0.00291929,15.0,0.612099,0.108624,0.120952,0.0236943,0.966268
NLOBK_MVgamma_parent,0.00437894,15.0,0.562572,0.0957393,0.103088,0.0203414,0.897991
NLOBK_MVgamma_parent,0.00656841,15.0,0.51762,0.0839132,0.0867596,0.0172684,0.833146
NLOBK_MVgamma_parent,0.00985261,15.0,0.477832,0.0729661,0.0723723,0.0145054,0.771624
NLOBK_MVgamma_parent,1e-05,27.0,2.12112,0.456802,0.774119,0.15722,2.80814
NLOBK_MVgamma_parent,1.5e-05,27.0,1.98024,0.424432,0.713008,0.145107,2.63986
NLOBK_MVgamma_parent,2.25e-05,27.0,1.84625,0.393402,0.65483,0.133815,2.47935
NLOBK_MVgamma_parent,3.375e-05,27.0,1.71705,0.36384,0.599256,0.122999,2.32631
NLOBK_MVgamma_parent,5.0625e-05,27.0,1.59378,0.335516,0.547149,0.11278,2.18049
NLOBK_MVgamma_parent,7.59375e-05,27.0,1.47758,0.308689,0.497463,0.103018,2.04165
NLOBK_MVgamma_parent,0.000113906,27.0,1.36695,0.283265,0.450136,0.0937436,1.90952
NLOBK_MVgamma_parent,0.000170859,27.0,1.26058,0.25897,0.406054,0.0849959,1.78386
NLOBK_MVgamma_parent,0.000256289,27.0,1.16102,0.235781,0.364536,0.0768053,1.66441
NLOBK_MVgamma_parent,0.000384434,27.0,1.06649,0.213901,0.325205,0.0688875,1.55097
NLOBK_MVgamma_parent,0.00057665,27.0,0.976558,0.193155,0.288369,0.0615347,1.4433
NLOBK_MVgamma_parent,0.000864976,27.0,0.89327,0.173636,0.253955,0.0546259,1.34121
NLOBK_MVgamma_parent,0.00129746,27.0,0.814855,0.155113,0.221822,0.048194,1.24447
NLOBK_MVgamma_parent,0.0019462,27.0,0.741952,0.137706,0.192105,0.0421869,1.1529
NLOBK_MVgamma_parent,0.00291929,27.0,0.674501,0.121364,0.164916,0.0366037,1.06629
NLOBK_MVgamma_parent,0.00437894,27.0,0.612538,0.106382,0.139735,0.0313215,0.984444
NLOBK_MVgamma_parent,0.00656841,27.0,0.556947,0.0923171,0.117106,0.0265693,0.907175
NLOBK_MVgamma_parent,0.00985261,27.0,0.506813,0.0794564,0.0968556,0.0222299,0.834322
