NLOBK_MVgamma_parent,1e-05,4.5,1.13331,0.253497,0.246401,0.0281686,1.55466
NLOBK_MVgamma_parent,1.5e-05,4.5,1.07356,0.238942,0.227507,0.0261451,1.48232
NLOBK_MVgamma_parent,2.25e-05,4.5,1.01603,0.225083,0.209503,0.0242191,1.4125
NLOBK_MVgamma_parent,3.375e-05,4.5,0.960499,0.211631,0.192407,0.0223752,1.34514
NLOBK_MVgamma_parent,5.0625e-05,4.5,0.906511,0.198402,0.176001,0.0205795,1.28017
NLOBK_MVgamma_parent,7.59375e-05,4.5,0.854839,0.1857,0.160407,0.0188909,1.21753
NLOBK_MVgamma_parent,0.000113906,4.5,0.804793,0.173426,0.145613,0.0172638,1.15716
NLOBK_MVgamma_parent,0.000170859,4.5,0.757595,0.161536,0.131664,0.0157295,1.099
NLOBK_MVgamma_parent,0.000256289,4.5,0.711922,0.15006,0.118233,0.0142589,1.04299
NLOBK_MVgamma_parent,0.000384434,4.5,0.66828,0.138954,0.105734,0.0128359,0.98905
NLOBK_MVgamma_parent,0.00057665,4.5,0.627205,0.128292,0.0939431,0.0115107,0.937142
NLOBK_MVgamma_parent,0.000864976,4.5,0.587728,0.117917,0.082947,0.0102306,0.887194
NLOBK_MVgamma_parent,0.00129746,4.5,0.550802,0.108078,0.0726091,0.00904891,0.839153
NLOBK_MVgamma_parent,0.0019462,4.5,0.516579,0.0986641,0.0631141,0.00792493,0.792963
NLOBK_MVgamma_parent,0.00291929,4.5,0.484949,0.0897713,0.054412,0.00689279,0.74856
NLOBK_MVgamma_parent,0.00437894,4.5,0.456582,0.0813653,0.0464826,0.00592912,0.705892
NLOBK_MVgamma_parent,0.00656841,4.5,0.430817,0.0735022,0.0393972,0.00504857,0.66491
NLOBK_MVgamma_parent,0.00985261,4.5,0.408997,0.066305,0.0331051,0.00425152,0.625565
NLOBK_MVgamma_parent,1e-05,45.0,2.53993,0.55343,1.04827,0.229223,3.28049
NLOBK_MVgamma_parent,1.5e-05,45.0,2.36056,0.511996,0.962672,0.211202,3.06955
NLOBK_MVgamma_parent,2.25e-05,45.0,2.18924,0.4722,0.881266,0.194027,2.86912
NLOBK_MVgamma_parent,3.375e-05,45.0,2.02595,0.435359,0.804135,0.177869,2.67879
NLOBK_MVgamma_parent,5.0625e-05,45.0,1.86906,0.399891,0.732159,0.162424,2.49817
NLOBK_MVgamma_parent,7.59375e-05,45.0,1.7214,0.366112,0.663475,0.147985,2.32691
NLOBK_MVgamma_parent,0.000113906,45.0,1.58088,0.333991,0.599004,0.134444,2.16465
NLOBK_MVgamma_parent,0.000170859,45.0,1.44895,0.304066,0.538522,0.121694,2.01101
NLOBK_MVgamma_parent,0.000256289,45.0,1.32404,0.275636,0.481704,0.109322,1.86567
NLOBK_MVgamma_parent,0.000384434,45.0,1.20683,0.248923,0.427817,0.0980124,1.72828
NLOBK_MVgamma_parent,0.00057665,45.0,1.09702,0.223522,0.377762,0.0873389,1.59854
NLOBK_MVgamma_parent,0.000864976,45.0,0.993479,0.199629,0.330957,0.077227,1.47613
NLOBK_MVgamma_parent,0.00129746,45.0,0.89788,0.177584,0.287554,0.0678509,1.36075
NLOBK_MVgamma_parent,0.0019462,45.0,0.807939,0.156773,0.247343,0.0590853,1.25212
NLOBK_MVgamma_parent,0.00291929,45.0,0.725285,0.137271,0.210965,0.0511002,1.14995
NLOBK_MVgamma_parent,0.00437894,45.0,0.650087,0.119452,0.177239,0.0436823,1.05398
NLOBK_MVgamma_parent,0.00656841,45.0,0.582945,0.102996,0.14679,0.0367934,0.963946
NLOBK_MVgamma_parent,0.00985261,45.0,0.521518,0.0879005,0.119493,0.0307423,0.879618
NLOBK_MVgamma_parent,1e-05,15.0,1.78783,0.392699,0.58734,0.107238,2.41356
NLOBK_MVgamma_parent,1.5e-05,15.0,1.67473,0.366049,0.541294,0.0992123,2.27749
NLOBK_MVgamma_parent,2.25e-05,15.0,1.56714,0.340547,0.497822,0.0916452,2.1472
NLOBK_MVgamma_parent,3.375e-05,15.0,1.4643,0.316054,0.456225,0.0843919,2.0225
NLOBK_MVgamma_parent,5.0625e-05,15.0,1.36501,0.292851,0.416722,0.0774765,1.90322
NLOBK_MVgamma_parent,7.59375e-05,15.0,1.27064,0.270549,0.379247,0.0708454,1.78918
NLOBK_MVgamma_parent,0.000113906,15.0,1.18008,0.248944,0.343605,0.0645563,1.68022
NLOBK_MVgamma_parent,0.000170859,15.0,1.09452,0.228376,0.310116,0.0586002,1.57616
NLOBK_MVgamma_parent,0.000256289,15.0,1.01311,0.208864,0.278165,0.0528827,1.47684
NLOBK_MVgamma_parent,0.000384434,15.0,0.935259,0.190061,0.248454,0.0475451,1.3821
NLOBK_MVgamma_parent,0.00057665,15.0,0.861267,0.172466,0.220232,0.0424833,1.29178
NLOBK_MVgamma_parent,0.000864976,15.0,0.792163,0.155518,0.193817,0.0376979,1.20574
NLOBK_MVgamma_parent,0.00129746,15.0,0.727632,0.139491,0.169356,0.0332455,1.12383
NLOBK_MVgamma_parent,0.0019462,15.0,0.667664,0.124317,0.146638,0.0290201,1.04589
NLOBK_MVgamma_parent,0.00291929,15.0,0.611621,0.110198,0.125647,0.0251422,0.971801
NLOBK_MVgamma_parent,0.00437894,15.0,0.560107,0.0967972,0.106424,0.02149,0.901416
NLOBK_MVgamma_parent,0.00656841,15.0,0.51425,0.0844306,0.089049,0.0181564,0.834615
NLOBK_MVgamma_parent,0.00985261,15.0,0.47336,0.0730928,0.0736948,0.0151364,0.771282
NLOBK_MVgamma_parent,1e-05,27.0,2.17414,0.474056,0.818846,0.16839,2.87506
NLOBK_MVgamma_parent,1.5e-05,27.0,2.02803,0.440298,0.753149,0.155342,2.7004
NLOBK_MVgamma_parent,2.25e-05,27.0,1.88784,0.407839,0.690858,0.143025,2.53385
NLOBK_MVgamma_parent,3.375e-05,27.0,1.75382,0.377015,0.632488,0.131307,2.37512
NLOBK_MVgamma_parent,5.0625e-05,27.0,1.62706,0.34722,0.576489,0.120455,2.22392
NLOBK_MVgamma_parent,7.59375e-05,27.0,1.50451,0.319139,0.523264,0.109758,2.08
NLOBK_MVgamma_parent,0.000113906,27.0,1.38943,0.292578,0.47354,0.099825,1.94312
NLOBK_MVgamma_parent,0.000170859,27.0,1.27987,0.267139,0.426251,0.0903892,1.81299
NLOBK_MVgamma_parent,0.000256289,27.0,1.17657,0.243041,0.382034,0.0815238,1.68938
NLOBK_MVgamma_parent,0.000384434,27.0,1.0781,0.220134,0.339978,0.0731178,1.57204
NLOBK_MVgamma_parent,0.00057665,27.0,0.986608,0.198377,0.30107,0.0651491,1.46075
NLOBK_MVgamma_parent,0.000864976,27.0,0.900178,0.177995,0.264498,0.0577904,1.35527
NLOBK_MVgamma_parent,0.00129746,27.0,0.819291,0.158754,0.230597,0.0508677,1.2554
NLOBK_MVgamma_parent,0.0019462,27.0,0.74384,0.140608,0.199103,0.0444011,1.16091
NLOBK_MVgamma_parent,0.00291929,27.0,0.674453,0.123822,0.170017,0.038376,1.0716
NLOBK_MVgamma_parent,0.00437894,27.0,0.610392,0.107991,0.143563,0.0327982,0.987279
NLOBK_MVgamma_parent,0.00656841,27.0,0.552735,0.0934469,0.119509,0.0276829,0.907751
NLOBK_MVgamma_parent,0.00985261,27.0,0.502063,0.0800132,0.0978841,0.0230788,0.832848
