NLOBK_MVgamma_smallest,1e-05,4.5,1.10324,0.232119,0.217354,0.0248298,1.21656
NLOBK_MVgamma_smallest,1.5e-05,4.5,1.04599,0.218617,0.200468,0.0230211,1.16243
NLOBK_MVgamma_smallest,2.25e-05,4.5,0.990346,0.205294,0.184463,0.0212982,1.11008
NLOBK_MVgamma_smallest,3.375e-05,4.5,0.936448,0.192462,0.16912,0.0196636,1.05943
NLOBK_MVgamma_smallest,5.0625e-05,4.5,0.884433,0.179926,0.154357,0.0180553,1.01038
NLOBK_MVgamma_smallest,7.59375e-05,4.5,0.834394,0.167931,0.140426,0.0165272,0.962895
NLOBK_MVgamma_smallest,0.000113906,4.5,0.785844,0.156099,0.127071,0.0150821,0.916905
NLOBK_MVgamma_smallest,0.000170859,4.5,0.739139,0.144706,0.114454,0.0136787,0.872349
NLOBK_MVgamma_smallest,0.000256289,4.5,0.694355,0.133682,0.102429,0.0123397,0.829172
NLOBK_MVgamma_smallest,0.000384434,4.5,0.651779,0.122963,0.0911615,0.0110628,0.787345
NLOBK_MVgamma_smallest,0.00057665,4.5,0.610937,0.112678,0.0804803,0.00985553,0.746811
NLOBK_MVgamma_smallest,0.000864976,4.5,0.572312,0.102743,0.070547,0.00871613,0.70751
NLOBK_MVgamma_smallest,0.00129746,4.5,0.535753,0.09318,0.0613086,0.00763462,0.669421
NLOBK_MVgamma_smallest,0.0019462,4.5,0.501884,0.0840835,0.0527705,0.00663022,0.632523
NLOBK_MVgamma_smallest,0.00291929,4.5,0.470644,0.0753986,0.0449628,0.00569136,0.596776
NLOBK_MVgamma_smallest,0.00437894,4.5,0.442113,0.067255,0.0379143,0.00482865,0.562154
NLOBK_MVgamma_smallest,0.00656841,4.5,0.416752,0.0596537,0.0315957,0.00405096,0.528631
NLOBK_MVgamma_smallest,0.00985261,4.5,0.394797,0.0526753,0.0260617,0.00334316,0.496219
NLOBK_MVgamma_smallest,1e-05,45.0,2.3791,0.460267,0.892299,0.189774,2.29783
NLOBK_MVgamma_smallest,1.5e-05,45.0,2.2208,0.42573,0.819622,0.17471,2.15487
NLOBK_MVgamma_smallest,2.25e-05,45.0,2.06718,0.392709,0.750639,0.160526,2.01905
NLOBK_MVgamma_smallest,3.375e-05,45.0,1.92238,0.360987,0.685356,0.146834,1.89005
NLOBK_MVgamma_smallest,5.0625e-05,45.0,1.78246,0.331009,0.623344,0.13401,1.76755
NLOBK_MVgamma_smallest,7.59375e-05,45.0,1.64982,0.302325,0.564478,0.121882,1.65131
NLOBK_MVgamma_smallest,0.000113906,45.0,1.52414,0.275513,0.509028,0.110431,1.54105
NLOBK_MVgamma_smallest,0.000170859,45.0,1.40489,0.250065,0.456901,0.0995981,1.4365
NLOBK_MVgamma_smallest,0.000256289,45.0,1.29071,0.225753,0.407464,0.0893496,1.33739
NLOBK_MVgamma_smallest,0.000384434,45.0,1.18337,0.202769,0.361281,0.0797305,1.24351
NLOBK_MVgamma_smallest,0.00057665,45.0,1.08283,0.181271,0.317741,0.0706723,1.1546
NLOBK_MVgamma_smallest,0.000864976,45.0,0.987321,0.160925,0.277225,0.0621213,1.07044
NLOBK_MVgamma_smallest,0.00129746,45.0,0.899222,0.141809,0.239623,0.0542621,0.990805
NLOBK_MVgamma_smallest,0.0019462,45.0,0.817099,0.124165,0.20502,0.0469203,0.915573
NLOBK_MVgamma_smallest,0.00291929,45.0,0.740994,0.107674,0.173117,0.0401805,0.844456
NLOBK_MVgamma_smallest,0.00437894,45.0,0.672544,0.092433,0.144269,0.0340012,0.777233
NLOBK_MVgamma_smallest,0.00656841,45.0,0.610123,0.0785361,0.118062,0.0282878,0.713498
NLOBK_MVgamma_smallest,0.00985261,45.0,0.554879,0.0659222,0.0949129,0.0233039,0.653223
NLOBK_MVgamma_smallest,1e-05,15.0,1.70327,0.341421,0.509763,0.0918747,1.79982
NLOBK_MVgamma_smallest,1.5e-05,15.0,1.60004,0.317975,0.469745,0.0849248,1.70286
NLOBK_MVgamma_smallest,2.25e-05,15.0,1.50043,0.295167,0.431437,0.0783717,1.60989
NLOBK_MVgamma_smallest,3.375e-05,15.0,1.40554,0.273809,0.395205,0.0720378,1.52072
NLOBK_MVgamma_smallest,5.0625e-05,15.0,1.31419,0.252947,0.360442,0.0659811,1.43519
NLOBK_MVgamma_smallest,7.59375e-05,15.0,1.22636,0.232847,0.327566,0.0602434,1.35317
NLOBK_MVgamma_smallest,0.000113906,15.0,1.14251,0.213759,0.296183,0.0547662,1.2745
NLOBK_MVgamma_smallest,0.000170859,15.0,1.0619,0.195316,0.266574,0.0495775,1.19907
NLOBK_MVgamma_smallest,0.000256289,15.0,0.985281,0.177956,0.238432,0.0446456,1.12672
NLOBK_MVgamma_smallest,0.000384434,15.0,0.912763,0.161283,0.211897,0.0399313,1.05736
NLOBK_MVgamma_smallest,0.00057665,15.0,0.843707,0.145328,0.18711,0.0355131,0.990863
NLOBK_MVgamma_smallest,0.000864976,15.0,0.778223,0.130176,0.163869,0.0313288,0.927101
NLOBK_MVgamma_smallest,0.00129746,15.0,0.717335,0.11579,0.142271,0.0274191,0.865987
NLOBK_MVgamma_smallest,0.0019462,15.0,0.660459,0.102361,0.12208,0.0237441,0.807464
NLOBK_MVgamma_smallest,0.00291929,15.0,0.607452,0.0896155,0.103621,0.0203589,0.751414
NLOBK_MVgamma_smallest,0.00437894,15.0,0.559351,0.0777301,0.0867797,0.0172087,0.697744
NLOBK_MVgamma_smallest,0.00656841,15.0,0.516041,0.0667842,0.0717307,0.0143544,0.64632
NLOBK_MVgamma_smallest,0.00985261,15.0,0.477621,0.0567579,0.0582564,0.011769,0.597147
NLOBK_MVgamma_smallest,1e-05,27.0,2.05018,0.402601,0.703314,0.141578,2.07848
NLOBK_MVgamma_smallest,1.5e-05,27.0,1.91871,0.373458,0.647163,0.130635,1.95722
NLOBK_MVgamma_smallest,2.25e-05,27.0,1.79318,0.345503,0.593727,0.12017,1.84151
NLOBK_MVgamma_smallest,3.375e-05,27.0,1.67244,0.31874,0.542734,0.110253,1.7311
NLOBK_MVgamma_smallest,5.0625e-05,27.0,1.5567,0.293229,0.494479,0.100754,1.62574
NLOBK_MVgamma_smallest,7.59375e-05,27.0,1.44704,0.268987,0.448829,0.0918735,1.52526
NLOBK_MVgamma_smallest,0.000113906,27.0,1.34089,0.245697,0.405334,0.0833354,1.42944
NLOBK_MVgamma_smallest,0.000170859,27.0,1.24085,0.223628,0.364209,0.075237,1.33809
NLOBK_MVgamma_smallest,0.000256289,27.0,1.14506,0.202553,0.325021,0.0676207,1.251
NLOBK_MVgamma_smallest,0.000384434,27.0,1.0546,0.182521,0.288764,0.0604398,1.16803
NLOBK_MVgamma_smallest,0.00057665,27.0,0.969447,0.163667,0.254733,0.0536961,1.08899
NLOBK_MVgamma_smallest,0.000864976,27.0,0.889165,0.145865,0.222512,0.0472677,1.01369
NLOBK_MVgamma_smallest,0.00129746,27.0,0.813872,0.128972,0.192803,0.0413684,0.942001
NLOBK_MVgamma_smallest,0.0019462,27.0,0.743494,0.113333,0.165351,0.0357576,0.873824
NLOBK_MVgamma_smallest,0.00291929,27.0,0.678694,0.098663,0.139835,0.0306183,0.808969
NLOBK_MVgamma_smallest,0.00437894,27.0,0.61975,0.084995,0.116901,0.0258423,0.747282
NLOBK_MVgamma_smallest,0.00656841,27.0,0.566707,0.0724003,0.0960315,0.0215561,0.688513
NLOBK_MVgamma_smallest,0.00985261,27.0,0.519665,0.06101,0.0775237,0.0176841,0.632652
