NLOBK_MVgamma_smallest,1e-05,4.5,1.0939,0.229682,0.199037,0.0214474,1.20758
NLOBK_MVgamma_smallest,1.5e-05,4.5,1.03727,0.216171,0.18336,0.0198729,1.1541
NLOBK_MVgamma_smallest,2.25e-05,4.5,0.981788,0.203053,0.168506,0.0183605,1.10233
NLOBK_MVgamma_smallest,3.375e-05,4.5,0.928276,0.19024,0.15417,0.016904,1.05221
NLOBK_MVgamma_smallest,5.0625e-05,4.5,0.876606,0.177862,0.140543,0.0155119,1.00368
NLOBK_MVgamma_smallest,7.59375e-05,4.5,0.826938,0.165759,0.127617,0.0141767,0.956699
NLOBK_MVgamma_smallest,0.000113906,4.5,0.778886,0.154131,0.115178,0.012898,0.911164
NLOBK_MVgamma_smallest,0.000170859,4.5,0.732581,0.142801,0.103449,0.0116695,0.867044
NLOBK_MVgamma_smallest,0.000256289,4.5,0.688383,0.131877,0.0924215,0.0105188,0.824301
NLOBK_MVgamma_smallest,0.000384434,4.5,0.646017,0.121259,0.081957,0.0093946,0.782865
NLOBK_MVgamma_smallest,0.00057665,4.5,0.605363,0.111043,0.0721881,0.00835687,0.742668
NLOBK_MVgamma_smallest,0.000864976,4.5,0.56714,0.101171,0.0630693,0.0073735,0.703718
NLOBK_MVgamma_smallest,0.00129746,4.5,0.530995,0.0917353,0.0545612,0.00643321,0.665938
NLOBK_MVgamma_smallest,0.0019462,4.5,0.497557,0.0826942,0.0467823,0.00556443,0.629306
NLOBK_MVgamma_smallest,0.00291929,4.5,0.46652,0.0741035,0.0396929,0.0047573,0.593804
NLOBK_MVgamma_smallest,0.00437894,4.5,0.438376,0.0660356,0.0332841,0.00402516,0.559428
NLOBK_MVgamma_smallest,0.00656841,4.5,0.413204,0.0585298,0.0276168,0.00335789,0.526128
NLOBK_MVgamma_smallest,0.00985261,4.5,0.39161,0.0516468,0.0226237,0.00276142,0.493924
NLOBK_MVgamma_smallest,1e-05,45.0,2.34479,0.452366,0.852622,0.180024,2.27127
NLOBK_MVgamma_smallest,1.5e-05,45.0,2.18741,0.41817,0.782602,0.165668,2.13039
NLOBK_MVgamma_smallest,2.25e-05,45.0,2.03601,0.3855,0.716231,0.152064,1.99647
NLOBK_MVgamma_smallest,3.375e-05,45.0,1.89211,0.354289,0.653156,0.139068,1.86924
NLOBK_MVgamma_smallest,5.0625e-05,45.0,1.75456,0.324737,0.593812,0.126946,1.74847
NLOBK_MVgamma_smallest,7.59375e-05,45.0,1.62443,0.296785,0.537406,0.115441,1.63386
NLOBK_MVgamma_smallest,0.000113906,45.0,1.50022,0.270318,0.484135,0.10445,1.52508
NLOBK_MVgamma_smallest,0.000170859,45.0,1.38258,0.245,0.433764,0.0940962,1.42192
NLOBK_MVgamma_smallest,0.000256289,45.0,1.26961,0.221261,0.386367,0.0842988,1.32415
NLOBK_MVgamma_smallest,0.000384434,45.0,1.16435,0.19891,0.342169,0.0752202,1.23151
NLOBK_MVgamma_smallest,0.00057665,45.0,1.06467,0.177502,0.300441,0.0665619,1.14379
NLOBK_MVgamma_smallest,0.000864976,45.0,0.970859,0.157567,0.262018,0.0586093,1.06082
NLOBK_MVgamma_smallest,0.00129746,45.0,0.883768,0.138857,0.22618,0.0510801,0.982286
NLOBK_MVgamma_smallest,0.0019462,45.0,0.803019,0.121372,0.192903,0.0440701,0.908005
NLOBK_MVgamma_smallest,0.00291929,45.0,0.728176,0.10532,0.162638,0.0376951,0.837778
NLOBK_MVgamma_smallest,0.00437894,45.0,0.660726,0.0902618,0.13502,0.0318153,0.771409
NLOBK_MVgamma_smallest,0.00656841,45.0,0.599372,0.0765192,0.110139,0.026451,0.708314
NLOBK_MVgamma_smallest,0.00985261,45.0,0.545322,0.0643293,0.0881846,0.0216049,0.648556
NLOBK_MVgamma_smallest,1e-05,15.0,1.68131,0.33603,0.478944,0.0840766,1.78046
NLOBK_MVgamma_smallest,1.5e-05,15.0,1.58015,0.312729,0.440879,0.0777075,1.68486
NLOBK_MVgamma_smallest,2.25e-05,15.0,1.48106,0.290403,0.404547,0.0715749,1.59313
NLOBK_MVgamma_smallest,3.375e-05,15.0,1.38715,0.269384,0.370115,0.0657474,1.50513
NLOBK_MVgamma_smallest,5.0625e-05,15.0,1.29697,0.248627,0.336971,0.0601802,1.42073
NLOBK_MVgamma_smallest,7.59375e-05,15.0,1.21024,0.228985,0.305865,0.0548987,1.33979
NLOBK_MVgamma_smallest,0.000113906,15.0,1.12735,0.210119,0.276153,0.0498686,1.26211
NLOBK_MVgamma_smallest,0.000170859,15.0,1.04788,0.192106,0.248212,0.0450587,1.18761
NLOBK_MVgamma_smallest,0.000256289,15.0,0.972256,0.17478,0.221629,0.0405258,1.11617
NLOBK_MVgamma_smallest,0.000384434,15.0,0.900328,0.158167,0.196836,0.0362402,1.04766
NLOBK_MVgamma_smallest,0.00057665,15.0,0.831913,0.142458,0.173247,0.0321317,0.981955
NLOBK_MVgamma_smallest,0.000864976,15.0,0.767723,0.127644,0.151416,0.0282849,0.918998
NLOBK_MVgamma_smallest,0.00129746,15.0,0.70737,0.113473,0.131082,0.0247107,0.858615
NLOBK_MVgamma_smallest,0.0019462,15.0,0.65105,0.1002,0.112208,0.0213615,0.800739
NLOBK_MVgamma_smallest,0.00291929,15.0,0.599137,0.0876706,0.0949491,0.0182763,0.745295
NLOBK_MVgamma_smallest,0.00437894,15.0,0.55159,0.0759564,0.0793158,0.0154075,0.69222
NLOBK_MVgamma_smallest,0.00656841,15.0,0.508604,0.065128,0.0652069,0.0128204,0.641311
NLOBK_MVgamma_smallest,0.00985261,15.0,0.471087,0.0553863,0.0527041,0.0104753,0.592595
NLOBK_MVgamma_smallest,1e-05,27.0,2.02269,0.39611,0.667434,0.132378,2.05506
NLOBK_MVgamma_smallest,1.5e-05,27.0,1.89248,0.367035,0.613861,0.122169,1.93555
NLOBK_MVgamma_smallest,2.25e-05,27.0,1.7676,0.339484,0.56238,0.112254,1.82143
NLOBK_MVgamma_smallest,3.375e-05,27.0,1.64883,0.313343,0.513739,0.102968,1.7125
NLOBK_MVgamma_smallest,5.0625e-05,27.0,1.53458,0.288325,0.467926,0.0940642,1.60859
NLOBK_MVgamma_smallest,7.59375e-05,27.0,1.4258,0.264201,0.423672,0.0855537,1.50948
NLOBK_MVgamma_smallest,0.000113906,27.0,1.32111,0.241102,0.382102,0.0775272,1.41492
NLOBK_MVgamma_smallest,0.000170859,27.0,1.22187,0.219382,0.342951,0.0700365,1.32474
NLOBK_MVgamma_smallest,0.000256289,27.0,1.12812,0.198799,0.306062,0.0628881,1.23879
NLOBK_MVgamma_smallest,0.000384434,27.0,1.03921,0.179046,0.271244,0.0560943,1.15688
NLOBK_MVgamma_smallest,0.00057665,27.0,0.954667,0.160424,0.238747,0.0497609,1.07884
NLOBK_MVgamma_smallest,0.000864976,27.0,0.875124,0.142843,0.208214,0.0438157,1.00456
NLOBK_MVgamma_smallest,0.00129746,27.0,0.80086,0.126229,0.179977,0.0382016,0.933794
NLOBK_MVgamma_smallest,0.0019462,27.0,0.731599,0.110866,0.15401,0.0330179,0.866429
NLOBK_MVgamma_smallest,0.00291929,27.0,0.668158,0.0963898,0.130085,0.0281855,0.802334
NLOBK_MVgamma_smallest,0.00437894,27.0,0.610138,0.0829831,0.10822,0.0237831,0.741385
NLOBK_MVgamma_smallest,0.00656841,27.0,0.557659,0.0706301,0.0886115,0.0197668,0.683215
NLOBK_MVgamma_smallest,0.00985261,27.0,0.511564,0.059482,0.0714049,0.0161848,0.627865
