NLOBK_MVgamma_smallest,1e-05,4.5,1.1287,0.238099,0.219758,0.0240741,1.31254
NLOBK_MVgamma_smallest,1.5e-05,4.5,1.07002,0.224285,0.20264,0.0223329,1.25759
NLOBK_MVgamma_smallest,2.25e-05,4.5,1.01349,0.210799,0.186448,0.0206695,1.20411
NLOBK_MVgamma_smallest,3.375e-05,4.5,0.958048,0.197707,0.170841,0.019067,1.15203
NLOBK_MVgamma_smallest,5.0625e-05,4.5,0.9049,0.184956,0.15608,0.0175158,1.10127
NLOBK_MVgamma_smallest,7.59375e-05,4.5,0.853421,0.17251,0.14189,0.0160525,1.05183
NLOBK_MVgamma_smallest,0.000113906,4.5,0.8034,0.160344,0.128351,0.0146186,1.00361
NLOBK_MVgamma_smallest,0.000170859,4.5,0.755624,0.148792,0.115522,0.0132601,0.956543
NLOBK_MVgamma_smallest,0.000256289,4.5,0.709446,0.13739,0.103388,0.011973,0.910613
NLOBK_MVgamma_smallest,0.000384434,4.5,0.665431,0.12643,0.0919557,0.0107303,0.865626
NLOBK_MVgamma_smallest,0.00057665,4.5,0.623403,0.115807,0.0811187,0.00955966,0.821412
NLOBK_MVgamma_smallest,0.000864976,4.5,0.583521,0.105626,0.0710613,0.00844668,0.777872
NLOBK_MVgamma_smallest,0.00129746,4.5,0.54605,0.095815,0.0617068,0.00740314,0.735228
NLOBK_MVgamma_smallest,0.0019462,4.5,0.511026,0.0864302,0.0530685,0.00641741,0.693037
NLOBK_MVgamma_smallest,0.00291929,4.5,0.478736,0.0775608,0.0451452,0.00550126,0.650983
NLOBK_MVgamma_smallest,0.00437894,4.5,0.449088,0.069203,0.03796,0.00466684,0.609992
NLOBK_MVgamma_smallest,0.00656841,4.5,0.422669,0.0614021,0.0315334,0.00389404,0.569461
NLOBK_MVgamma_smallest,0.00985261,4.5,0.399744,0.054243,0.0258867,0.00320968,0.530167
NLOBK_MVgamma_smallest,1e-05,45.0,2.51874,0.493532,0.948561,0.200458,2.51153
NLOBK_MVgamma_smallest,1.5e-05,45.0,2.34913,0.456829,0.872109,0.184765,2.3668
NLOBK_MVgamma_smallest,2.25e-05,45.0,2.18758,0.421666,0.799953,0.169999,2.22897
NLOBK_MVgamma_smallest,3.375e-05,45.0,2.03315,0.388308,0.730848,0.155755,2.09775
NLOBK_MVgamma_smallest,5.0625e-05,45.0,1.88446,0.35634,0.665077,0.142425,1.97283
NLOBK_MVgamma_smallest,7.59375e-05,45.0,1.74427,0.325863,0.60285,0.129578,1.85403
NLOBK_MVgamma_smallest,0.000113906,45.0,1.60959,0.297151,0.544419,0.117493,1.74094
NLOBK_MVgamma_smallest,0.000170859,45.0,1.48167,0.269625,0.488234,0.106035,1.63336
NLOBK_MVgamma_smallest,0.000256289,45.0,1.36111,0.24352,0.435796,0.0953598,1.53106
NLOBK_MVgamma_smallest,0.000384434,45.0,1.24595,0.219141,0.386757,0.0851501,1.43301
NLOBK_MVgamma_smallest,0.00057665,45.0,1.13677,0.195758,0.339969,0.0755865,1.33782
NLOBK_MVgamma_smallest,0.000864976,45.0,1.03423,0.17377,0.296733,0.0665781,1.24477
NLOBK_MVgamma_smallest,0.00129746,45.0,0.938838,0.153304,0.256498,0.0581659,1.15571
NLOBK_MVgamma_smallest,0.0019462,45.0,0.849623,0.134125,0.218932,0.0503205,1.06694
NLOBK_MVgamma_smallest,0.00291929,45.0,0.766879,0.1162,0.184235,0.0429305,0.97594
NLOBK_MVgamma_smallest,0.00437894,45.0,0.691256,0.0996961,0.152632,0.0363745,0.889735
NLOBK_MVgamma_smallest,0.00656841,45.0,0.623185,0.0845528,0.1241,0.0302027,0.803139
NLOBK_MVgamma_smallest,0.00985261,45.0,0.562525,0.0707602,0.0982362,0.0246847,0.721224
NLOBK_MVgamma_smallest,1e-05,15.0,1.77061,0.35794,0.528649,0.0934778,1.96164
NLOBK_MVgamma_smallest,1.5e-05,15.0,1.66353,0.33382,0.487628,0.086562,1.86283
NLOBK_MVgamma_smallest,2.25e-05,15.0,1.55976,0.310117,0.44828,0.0798617,1.76763
NLOBK_MVgamma_smallest,3.375e-05,15.0,1.46015,0.287545,0.410469,0.0734388,1.6759
NLOBK_MVgamma_smallest,5.0625e-05,15.0,1.36476,0.265655,0.374619,0.0673389,1.58746
NLOBK_MVgamma_smallest,7.59375e-05,15.0,1.2731,0.244822,0.340512,0.0615237,1.50226
NLOBK_MVgamma_smallest,0.000113906,15.0,1.18509,0.224836,0.30806,0.0559692,1.42007
NLOBK_MVgamma_smallest,0.000170859,15.0,1.10128,0.205548,0.277073,0.0507074,1.34078
NLOBK_MVgamma_smallest,0.000256289,15.0,1.02065,0.187079,0.247872,0.0456361,1.26431
NLOBK_MVgamma_smallest,0.000384434,15.0,0.94395,0.169542,0.220285,0.0408744,1.19017
NLOBK_MVgamma_smallest,0.00057665,15.0,0.871051,0.152759,0.19427,0.0363281,1.11785
NLOBK_MVgamma_smallest,0.000864976,15.0,0.802889,0.136835,0.16998,0.0320332,1.04705
NLOBK_MVgamma_smallest,0.00129746,15.0,0.738297,0.121687,0.147376,0.0280529,0.978468
NLOBK_MVgamma_smallest,0.0019462,15.0,0.677909,0.107341,0.126328,0.0242644,0.91066
NLOBK_MVgamma_smallest,0.00291929,15.0,0.622018,0.093984,0.106767,0.0207649,0.842625
NLOBK_MVgamma_smallest,0.00437894,15.0,0.570763,0.0813871,0.0892143,0.0175167,0.777149
NLOBK_MVgamma_smallest,0.00656841,15.0,0.524351,0.0697992,0.0731903,0.0145528,0.712231
NLOBK_MVgamma_smallest,0.00985261,15.0,0.483294,0.0591558,0.059073,0.0118979,0.649987
NLOBK_MVgamma_smallest,1e-05,27.0,2.15221,0.427349,0.739812,0.14726,2.27058
NLOBK_MVgamma_smallest,1.5e-05,27.0,2.01446,0.396891,0.680913,0.135973,2.14728
NLOBK_MVgamma_smallest,2.25e-05,27.0,1.88116,0.36749,0.624977,0.125296,2.02919
NLOBK_MVgamma_smallest,3.375e-05,27.0,1.75449,0.33895,0.571912,0.115002,1.9161
NLOBK_MVgamma_smallest,5.0625e-05,27.0,1.63286,0.312157,0.521331,0.105256,1.80777
NLOBK_MVgamma_smallest,7.59375e-05,27.0,1.51541,0.286329,0.473122,0.0959484,1.70408
NLOBK_MVgamma_smallest,0.000113906,27.0,1.40462,0.261806,0.427508,0.087185,1.60473
NLOBK_MVgamma_smallest,0.000170859,27.0,1.29755,0.23842,0.384111,0.0787732,1.50957
NLOBK_MVgamma_smallest,0.000256289,27.0,1.19615,0.215965,0.343225,0.0708044,1.41843
NLOBK_MVgamma_smallest,0.000384434,27.0,1.10053,0.194717,0.304708,0.0633611,1.3306
NLOBK_MVgamma_smallest,0.00057665,27.0,1.01013,0.174658,0.268682,0.0562887,1.24519
NLOBK_MVgamma_smallest,0.000864976,27.0,0.923859,0.155648,0.234626,0.0495976,1.16171
NLOBK_MVgamma_smallest,0.00129746,27.0,0.843519,0.137552,0.203071,0.0433697,1.08134
NLOBK_MVgamma_smallest,0.0019462,27.0,0.768465,0.12071,0.173703,0.0374863,1.00166
NLOBK_MVgamma_smallest,0.00291929,27.0,0.698511,0.104894,0.146561,0.0320756,0.920999
NLOBK_MVgamma_smallest,0.00437894,27.0,0.635152,0.0903483,0.121877,0.0270574,0.843972
NLOBK_MVgamma_smallest,0.00656841,27.0,0.577219,0.0767977,0.0994808,0.0224992,0.767187
NLOBK_MVgamma_smallest,0.00985261,27.0,0.526016,0.0645165,0.0795874,0.0183367,0.694057
