NLOBK_MVgamma_smallest,1e-05,4.5,1.12143,0.236556,0.22163,0.0246505,1.30694
NLOBK_MVgamma_smallest,1.5e-05,4.5,1.06288,0.222868,0.204654,0.0228788,1.25231
NLOBK_MVgamma_smallest,2.25e-05,4.5,1.00675,0.209366,0.188368,0.0211862,1.19913
NLOBK_MVgamma_smallest,3.375e-05,4.5,0.952131,0.196492,0.172772,0.019538,1.14738
NLOBK_MVgamma_smallest,5.0625e-05,4.5,0.899309,0.183778,0.157841,0.017986,1.09693
NLOBK_MVgamma_smallest,7.59375e-05,4.5,0.847785,0.171356,0.143511,0.0164619,1.04777
NLOBK_MVgamma_smallest,0.000113906,4.5,0.798405,0.159438,0.12995,0.0150139,0.999813
NLOBK_MVgamma_smallest,0.000170859,4.5,0.750977,0.147842,0.117035,0.0136301,0.953013
NLOBK_MVgamma_smallest,0.000256289,4.5,0.705194,0.13663,0.104812,0.0122988,0.9073
NLOBK_MVgamma_smallest,0.000384434,4.5,0.661524,0.125735,0.0932377,0.0110418,0.862627
NLOBK_MVgamma_smallest,0.00057665,4.5,0.619763,0.115178,0.082445,0.0098385,0.818729
NLOBK_MVgamma_smallest,0.000864976,4.5,0.58025,0.105045,0.0722349,0.00870267,0.775463
NLOBK_MVgamma_smallest,0.00129746,4.5,0.543007,0.0953059,0.0627755,0.00762684,0.732987
NLOBK_MVgamma_smallest,0.0019462,4.5,0.508144,0.0859927,0.0540148,0.00662121,0.691321
NLOBK_MVgamma_smallest,0.00291929,4.5,0.476006,0.0771533,0.0460641,0.00568787,0.650535
NLOBK_MVgamma_smallest,0.00437894,4.5,0.446555,0.0688304,0.0388038,0.00482538,0.609604
NLOBK_MVgamma_smallest,0.00656841,4.5,0.420286,0.0611032,0.0322823,0.00403551,0.569571
NLOBK_MVgamma_smallest,0.00985261,4.5,0.397451,0.0539589,0.0265325,0.00333244,0.530535
NLOBK_MVgamma_smallest,1e-05,45.0,2.49653,0.489605,0.945261,0.200301,2.49192
NLOBK_MVgamma_smallest,1.5e-05,45.0,2.32907,0.452963,0.869786,0.184766,2.34877
NLOBK_MVgamma_smallest,2.25e-05,45.0,2.17018,0.418429,0.79781,0.169947,2.2124
NLOBK_MVgamma_smallest,3.375e-05,45.0,2.01658,0.385278,0.729048,0.155847,2.0826
NLOBK_MVgamma_smallest,5.0625e-05,45.0,1.87037,0.3537,0.664086,0.142444,1.95901
NLOBK_MVgamma_smallest,7.59375e-05,45.0,1.73118,0.32338,0.6024,0.129667,1.84135
NLOBK_MVgamma_smallest,0.000113906,45.0,1.59788,0.294924,0.54371,0.11753,1.72943
NLOBK_MVgamma_smallest,0.000170859,45.0,1.47176,0.267824,0.488568,0.106192,1.62289
NLOBK_MVgamma_smallest,0.000256289,45.0,1.35142,0.241937,0.435831,0.0954583,1.52154
NLOBK_MVgamma_smallest,0.000384434,45.0,1.23799,0.217722,0.387052,0.0853712,1.42518
NLOBK_MVgamma_smallest,0.00057665,45.0,1.12979,0.194647,0.341005,0.0757766,1.3317
NLOBK_MVgamma_smallest,0.000864976,45.0,1.02824,0.173067,0.29744,0.0667739,1.24009
NLOBK_MVgamma_smallest,0.00129746,45.0,0.933975,0.152549,0.2571,0.0583639,1.15136
NLOBK_MVgamma_smallest,0.0019462,45.0,0.84591,0.133592,0.220085,0.0506209,1.06566
NLOBK_MVgamma_smallest,0.00291929,45.0,0.764281,0.11584,0.185969,0.0433883,0.983492
NLOBK_MVgamma_smallest,0.00437894,45.0,0.689365,0.0994909,0.154127,0.0366693,0.897287
NLOBK_MVgamma_smallest,0.00656841,45.0,0.621058,0.0843417,0.125376,0.0305251,0.814052
NLOBK_MVgamma_smallest,0.00985261,45.0,0.560908,0.0706431,0.0997407,0.0249736,0.733364
NLOBK_MVgamma_smallest,1e-05,15.0,1.75692,0.355216,0.530001,0.0943498,1.95103
NLOBK_MVgamma_smallest,1.5e-05,15.0,1.65102,0.331006,0.488834,0.087346,1.85299
NLOBK_MVgamma_smallest,2.25e-05,15.0,1.54878,0.307799,0.449449,0.0806355,1.75851
NLOBK_MVgamma_smallest,3.375e-05,15.0,1.45047,0.285673,0.411986,0.0741976,1.6675
NLOBK_MVgamma_smallest,5.0625e-05,15.0,1.35564,0.2639,0.376098,0.0681471,1.57976
NLOBK_MVgamma_smallest,7.59375e-05,15.0,1.26491,0.243235,0.341913,0.0622401,1.49515
NLOBK_MVgamma_smallest,0.000113906,15.0,1.17751,0.223261,0.309441,0.0565986,1.41356
NLOBK_MVgamma_smallest,0.000170859,15.0,1.09414,0.204233,0.278643,0.0513102,1.33483
NLOBK_MVgamma_smallest,0.000256289,15.0,1.01448,0.185996,0.249391,0.0462382,1.25885
NLOBK_MVgamma_smallest,0.000384434,15.0,0.938424,0.168523,0.221725,0.0413796,1.1855
NLOBK_MVgamma_smallest,0.00057665,15.0,0.866037,0.151853,0.195747,0.0368216,1.11397
NLOBK_MVgamma_smallest,0.000864976,15.0,0.797925,0.136084,0.171387,0.0324919,1.04385
NLOBK_MVgamma_smallest,0.00129746,15.0,0.734091,0.121105,0.148604,0.0284227,0.975539
NLOBK_MVgamma_smallest,0.0019462,15.0,0.674425,0.106929,0.127541,0.0246246,0.909108
NLOBK_MVgamma_smallest,0.00291929,15.0,0.618998,0.0935769,0.108281,0.0211184,0.84473
NLOBK_MVgamma_smallest,0.00437894,15.0,0.567893,0.081029,0.0904333,0.0178639,0.779361
NLOBK_MVgamma_smallest,0.00656841,15.0,0.522043,0.0695313,0.0744516,0.0148767,0.715883
NLOBK_MVgamma_smallest,0.00985261,15.0,0.48119,0.0589871,0.0601391,0.0121658,0.654289
NLOBK_MVgamma_smallest,1e-05,27.0,2.13467,0.42411,0.738855,0.147744,2.25576
NLOBK_MVgamma_smallest,1.5e-05,27.0,1.99782,0.393533,0.680737,0.136451,2.13362
NLOBK_MVgamma_smallest,2.25e-05,27.0,1.86726,0.364491,0.624895,0.125732,2.01658
NLOBK_MVgamma_smallest,3.375e-05,27.0,1.74091,0.336531,0.57215,0.115566,1.90454
NLOBK_MVgamma_smallest,5.0625e-05,27.0,1.62115,0.309978,0.521692,0.105761,1.7972
NLOBK_MVgamma_smallest,7.59375e-05,27.0,1.50498,0.284551,0.473643,0.0964394,1.69437
NLOBK_MVgamma_smallest,0.000113906,27.0,1.39484,0.259938,0.428271,0.0876792,1.59589
NLOBK_MVgamma_smallest,0.000170859,27.0,1.28897,0.236691,0.385052,0.0791626,1.50151
NLOBK_MVgamma_smallest,0.000256289,27.0,1.18856,0.214606,0.344422,0.0712805,1.41108
NLOBK_MVgamma_smallest,0.000384434,27.0,1.0938,0.193525,0.305965,0.0637968,1.32444
NLOBK_MVgamma_smallest,0.00057665,27.0,1.00368,0.17361,0.269873,0.0567097,1.24023
NLOBK_MVgamma_smallest,0.000864976,27.0,0.918791,0.154759,0.236111,0.0500061,1.15778
NLOBK_MVgamma_smallest,0.00129746,27.0,0.838827,0.136916,0.204227,0.0437089,1.07775
NLOBK_MVgamma_smallest,0.0019462,27.0,0.764605,0.120156,0.17501,0.0378436,1.00021
NLOBK_MVgamma_smallest,0.00291929,27.0,0.695776,0.104671,0.148026,0.0324274,0.925496
NLOBK_MVgamma_smallest,0.00437894,27.0,0.632485,0.0900954,0.12316,0.0273909,0.84857
NLOBK_MVgamma_smallest,0.00656841,27.0,0.575005,0.0765717,0.100861,0.0228149,0.774106
NLOBK_MVgamma_smallest,0.00985261,27.0,0.524257,0.0644361,0.0808174,0.0186323,0.701933
