NLOBK_MVgamma_smallest,1e-05,4.5,1.10123,0.232077,0.21978,0.0252348,1.20026
NLOBK_MVgamma_smallest,1.5e-05,4.5,1.04361,0.218394,0.202762,0.0234129,1.14631
NLOBK_MVgamma_smallest,2.25e-05,4.5,0.987797,0.205276,0.186644,0.0216676,1.09416
NLOBK_MVgamma_smallest,3.375e-05,4.5,0.933793,0.192269,0.171077,0.0199764,1.04373
NLOBK_MVgamma_smallest,5.0625e-05,4.5,0.881535,0.179818,0.156273,0.0183645,0.994954
NLOBK_MVgamma_smallest,7.59375e-05,4.5,0.83139,0.167696,0.142102,0.0168055,0.947772
NLOBK_MVgamma_smallest,0.000113906,4.5,0.783154,0.156025,0.128677,0.0153275,0.902116
NLOBK_MVgamma_smallest,0.000170859,4.5,0.736227,0.144516,0.115869,0.0139031,0.857924
NLOBK_MVgamma_smallest,0.000256289,4.5,0.691287,0.133454,0.103806,0.0125548,0.81516
NLOBK_MVgamma_smallest,0.000384434,4.5,0.64876,0.122787,0.0923029,0.0112567,0.773755
NLOBK_MVgamma_smallest,0.00057665,4.5,0.607801,0.112473,0.0815955,0.0100289,0.733661
NLOBK_MVgamma_smallest,0.000864976,4.5,0.569172,0.102547,0.0715491,0.00887469,0.69485
NLOBK_MVgamma_smallest,0.00129746,4.5,0.532638,0.0929602,0.0621769,0.0077842,0.657261
NLOBK_MVgamma_smallest,0.0019462,4.5,0.498566,0.0838286,0.0536035,0.0067619,0.620847
NLOBK_MVgamma_smallest,0.00291929,4.5,0.467327,0.0751851,0.0456635,0.00580582,0.585621
NLOBK_MVgamma_smallest,0.00437894,4.5,0.438953,0.0670479,0.0385322,0.00493235,0.551558
NLOBK_MVgamma_smallest,0.00656841,4.5,0.413517,0.0594339,0.0321579,0.00413102,0.518624
NLOBK_MVgamma_smallest,0.00985261,4.5,0.391517,0.0524536,0.0265631,0.0034205,0.486806
NLOBK_MVgamma_smallest,1e-05,45.0,2.39061,0.463801,0.901138,0.191733,2.28915
NLOBK_MVgamma_smallest,1.5e-05,45.0,2.22825,0.4284,0.827308,0.176578,2.14552
NLOBK_MVgamma_smallest,2.25e-05,45.0,2.07573,0.395236,0.757817,0.162223,2.00914
NLOBK_MVgamma_smallest,3.375e-05,45.0,1.92914,0.363327,0.691776,0.148264,1.87963
NLOBK_MVgamma_smallest,5.0625e-05,45.0,1.78874,0.33296,0.629202,0.13535,1.75663
NLOBK_MVgamma_smallest,7.59375e-05,45.0,1.65625,0.3042,0.570088,0.123183,1.64009
NLOBK_MVgamma_smallest,0.000113906,45.0,1.52953,0.277198,0.514011,0.111639,1.52957
NLOBK_MVgamma_smallest,0.000170859,45.0,1.4091,0.251411,0.461125,0.100582,1.42485
NLOBK_MVgamma_smallest,0.000256289,45.0,1.29496,0.227061,0.411293,0.090226,1.32566
NLOBK_MVgamma_smallest,0.000384434,45.0,1.18712,0.204034,0.364389,0.080569,1.23171
NLOBK_MVgamma_smallest,0.00057665,45.0,1.08541,0.18233,0.321147,0.0713695,1.14276
NLOBK_MVgamma_smallest,0.000864976,45.0,0.989655,0.161707,0.280076,0.062911,1.05871
NLOBK_MVgamma_smallest,0.00129746,45.0,0.901573,0.142685,0.242417,0.0549687,0.979234
NLOBK_MVgamma_smallest,0.0019462,45.0,0.818948,0.12494,0.20735,0.0475058,0.904141
NLOBK_MVgamma_smallest,0.00291929,45.0,0.742374,0.108326,0.175127,0.0406218,0.833304
NLOBK_MVgamma_smallest,0.00437894,45.0,0.673516,0.0930173,0.146057,0.034396,0.766505
NLOBK_MVgamma_smallest,0.00656841,45.0,0.611047,0.0789903,0.119432,0.0286856,0.703532
NLOBK_MVgamma_smallest,0.00985261,45.0,0.555687,0.0664315,0.0962458,0.0235628,0.644203
NLOBK_MVgamma_smallest,1e-05,15.0,1.70602,0.342579,0.514835,0.0930275,1.78367
NLOBK_MVgamma_smallest,1.5e-05,15.0,1.60275,0.319276,0.474345,0.0859855,1.68668
NLOBK_MVgamma_smallest,2.25e-05,15.0,1.50288,0.296397,0.435961,0.0793345,1.59373
NLOBK_MVgamma_smallest,3.375e-05,15.0,1.40743,0.274729,0.399076,0.0729476,1.50464
NLOBK_MVgamma_smallest,5.0625e-05,15.0,1.31532,0.253712,0.364076,0.0668399,1.41923
NLOBK_MVgamma_smallest,7.59375e-05,15.0,1.22716,0.233675,0.330935,0.0610278,1.3374
NLOBK_MVgamma_smallest,0.000113906,15.0,1.1431,0.214514,0.299297,0.0554818,1.25899
NLOBK_MVgamma_smallest,0.000170859,15.0,1.06247,0.196066,0.269304,0.0502382,1.18384
NLOBK_MVgamma_smallest,0.000256289,15.0,0.986109,0.178668,0.241131,0.0452003,1.11186
NLOBK_MVgamma_smallest,0.000384434,15.0,0.912653,0.161853,0.214279,0.040437,1.04288
NLOBK_MVgamma_smallest,0.00057665,15.0,0.84335,0.145889,0.189338,0.0359974,0.976793
NLOBK_MVgamma_smallest,0.000864976,15.0,0.777983,0.130679,0.165692,0.0317468,0.913527
NLOBK_MVgamma_smallest,0.00129746,15.0,0.716871,0.116284,0.14387,0.0277916,0.852932
NLOBK_MVgamma_smallest,0.0019462,15.0,0.659408,0.102674,0.123669,0.0240899,0.794906
NLOBK_MVgamma_smallest,0.00291929,15.0,0.606655,0.0899431,0.105039,0.0206525,0.739426
NLOBK_MVgamma_smallest,0.00437894,15.0,0.5582,0.0780015,0.0880115,0.0174649,0.6864
NLOBK_MVgamma_smallest,0.00656841,15.0,0.514689,0.0670222,0.0728665,0.0145844,0.635734
NLOBK_MVgamma_smallest,0.00985261,15.0,0.476428,0.0569765,0.0591563,0.0119684,0.587359
NLOBK_MVgamma_smallest,1e-05,27.0,2.05807,0.405174,0.710158,0.143154,2.06521
NLOBK_MVgamma_smallest,1.5e-05,27.0,1.92504,0.375479,0.65363,0.13221,1.94365
NLOBK_MVgamma_smallest,2.25e-05,27.0,1.79856,0.347336,0.599586,0.121637,1.82771
NLOBK_MVgamma_smallest,3.375e-05,27.0,1.67694,0.320439,0.54789,0.111502,1.71713
NLOBK_MVgamma_smallest,5.0625e-05,27.0,1.56054,0.294704,0.499236,0.101891,1.61164
NLOBK_MVgamma_smallest,7.59375e-05,27.0,1.45014,0.270263,0.452853,0.0927783,1.51115
NLOBK_MVgamma_smallest,0.000113906,27.0,1.34339,0.246803,0.408927,0.0841902,1.41537
NLOBK_MVgamma_smallest,0.000170859,27.0,1.24263,0.224622,0.367562,0.0761354,1.32413
NLOBK_MVgamma_smallest,0.000256289,27.0,1.14727,0.203643,0.328531,0.0684068,1.23722
NLOBK_MVgamma_smallest,0.000384434,27.0,1.05701,0.183694,0.291567,0.0611233,1.15446
NLOBK_MVgamma_smallest,0.00057665,27.0,0.971205,0.164542,0.257272,0.0542809,1.07564
NLOBK_MVgamma_smallest,0.000864976,27.0,0.89014,0.146623,0.224952,0.0478571,1.0007
NLOBK_MVgamma_smallest,0.00129746,27.0,0.814449,0.129726,0.194887,0.0417983,0.929391
NLOBK_MVgamma_smallest,0.0019462,27.0,0.743902,0.113963,0.167167,0.036175,0.861576
NLOBK_MVgamma_smallest,0.00291929,27.0,0.679135,0.0992149,0.141652,0.0309972,0.797187
NLOBK_MVgamma_smallest,0.00437894,27.0,0.620209,0.0854857,0.118378,0.0262085,0.736071
NLOBK_MVgamma_smallest,0.00656841,27.0,0.566823,0.072829,0.0972655,0.0218547,0.678082
NLOBK_MVgamma_smallest,0.00985261,27.0,0.519438,0.0614165,0.0787152,0.0179373,0.623098
