NLOBK_MVgamma_smallest,1e-05,4.5,1.13757,0.240116,0.236679,0.0274491,1.34541
NLOBK_MVgamma_smallest,1.5e-05,4.5,1.07845,0.225957,0.21852,0.0254886,1.28905
NLOBK_MVgamma_smallest,2.25e-05,4.5,1.02077,0.21232,0.201335,0.0236087,1.23422
NLOBK_MVgamma_smallest,3.375e-05,4.5,0.964914,0.198999,0.184703,0.0218187,1.18083
NLOBK_MVgamma_smallest,5.0625e-05,4.5,0.911102,0.186124,0.168795,0.0200517,1.1288
NLOBK_MVgamma_smallest,7.59375e-05,4.5,0.858682,0.173602,0.153657,0.0183878,1.07804
NLOBK_MVgamma_smallest,0.000113906,4.5,0.808397,0.16137,0.139253,0.0167589,1.02853
NLOBK_MVgamma_smallest,0.000170859,4.5,0.759915,0.149595,0.125476,0.0152244,0.980156
NLOBK_MVgamma_smallest,0.000256289,4.5,0.713208,0.138063,0.112378,0.0137567,0.932937
NLOBK_MVgamma_smallest,0.000384434,4.5,0.668796,0.127022,0.100136,0.0123508,0.886729
NLOBK_MVgamma_smallest,0.00057665,4.5,0.62604,0.116241,0.0885828,0.0110212,0.841295
NLOBK_MVgamma_smallest,0.000864976,4.5,0.585831,0.105953,0.0776791,0.00975006,0.796681
NLOBK_MVgamma_smallest,0.00129746,4.5,0.547792,0.0960656,0.0675953,0.00856161,0.752786
NLOBK_MVgamma_smallest,0.0019462,4.5,0.512229,0.0865655,0.0582962,0.00742627,0.709649
NLOBK_MVgamma_smallest,0.00291929,4.5,0.479749,0.0776063,0.049714,0.00639181,0.667371
NLOBK_MVgamma_smallest,0.00437894,4.5,0.449919,0.0691374,0.0419531,0.00543788,0.625378
NLOBK_MVgamma_smallest,0.00656841,4.5,0.423137,0.061276,0.035041,0.00454783,0.584412
NLOBK_MVgamma_smallest,0.00985261,4.5,0.400015,0.054049,0.0288689,0.0037597,0.543524
NLOBK_MVgamma_smallest,1e-05,45.0,2.53948,0.498542,0.981576,0.209129,2.56609
NLOBK_MVgamma_smallest,1.5e-05,45.0,2.3687,0.461349,0.902864,0.19274,2.41902
NLOBK_MVgamma_smallest,2.25e-05,45.0,2.20584,0.426102,0.828218,0.177335,2.27899
NLOBK_MVgamma_smallest,3.375e-05,45.0,2.04939,0.392315,0.757094,0.162641,2.14562
NLOBK_MVgamma_smallest,5.0625e-05,45.0,1.90102,0.359924,0.689966,0.148722,2.01865
NLOBK_MVgamma_smallest,7.59375e-05,45.0,1.75913,0.329259,0.62586,0.135437,1.89776
NLOBK_MVgamma_smallest,0.000113906,45.0,1.62233,0.299998,0.564891,0.122826,1.7827
NLOBK_MVgamma_smallest,0.000170859,45.0,1.49401,0.272475,0.50713,0.111025,1.67317
NLOBK_MVgamma_smallest,0.000256289,45.0,1.37129,0.246213,0.453298,0.0996153,1.56903
NLOBK_MVgamma_smallest,0.000384434,45.0,1.25546,0.221388,0.402296,0.0890811,1.46952
NLOBK_MVgamma_smallest,0.00057665,45.0,1.14538,0.197837,0.353939,0.0790085,1.37297
NLOBK_MVgamma_smallest,0.000864976,45.0,1.04194,0.175726,0.309339,0.0697724,1.27979
NLOBK_MVgamma_smallest,0.00129746,45.0,0.945542,0.15494,0.267537,0.0610454,1.18905
NLOBK_MVgamma_smallest,0.0019462,45.0,0.855538,0.135591,0.228607,0.0527839,1.10081
NLOBK_MVgamma_smallest,0.00291929,45.0,0.772436,0.117573,0.193083,0.0452449,1.01572
NLOBK_MVgamma_smallest,0.00437894,45.0,0.696055,0.100872,0.160265,0.0381955,0.929459
NLOBK_MVgamma_smallest,0.00656841,45.0,0.627327,0.0855642,0.130936,0.0319398,0.847466
NLOBK_MVgamma_smallest,0.00985261,45.0,0.565919,0.0716946,0.104023,0.0261867,0.761975
NLOBK_MVgamma_smallest,1e-05,15.0,1.78625,0.361546,0.55627,0.100919,2.01004
NLOBK_MVgamma_smallest,1.5e-05,15.0,1.67775,0.336685,0.513259,0.0933777,1.90909
NLOBK_MVgamma_smallest,2.25e-05,15.0,1.57334,0.31307,0.471962,0.0862684,1.81186
NLOBK_MVgamma_smallest,3.375e-05,15.0,1.47246,0.29007,0.432628,0.0793955,1.71815
NLOBK_MVgamma_smallest,5.0625e-05,15.0,1.37614,0.268153,0.395199,0.0728982,1.6278
NLOBK_MVgamma_smallest,7.59375e-05,15.0,1.283,0.246891,0.359213,0.0665645,1.54065
NLOBK_MVgamma_smallest,0.000113906,15.0,1.19388,0.226724,0.325125,0.0605864,1.45657
NLOBK_MVgamma_smallest,0.000170859,15.0,1.1093,0.207267,0.292902,0.0548619,1.37541
NLOBK_MVgamma_smallest,0.000256289,15.0,1.02771,0.188614,0.262157,0.0494744,1.29709
NLOBK_MVgamma_smallest,0.000384434,15.0,0.950435,0.170843,0.23336,0.0442935,1.2213
NLOBK_MVgamma_smallest,0.00057665,15.0,0.876367,0.153898,0.205934,0.0394214,1.14737
NLOBK_MVgamma_smallest,0.000864976,15.0,0.807457,0.13774,0.180448,0.0348009,1.07544
NLOBK_MVgamma_smallest,0.00129746,15.0,0.742087,0.122555,0.156637,0.0304556,1.00513
NLOBK_MVgamma_smallest,0.0019462,15.0,0.681126,0.108084,0.134633,0.0264394,0.936522
NLOBK_MVgamma_smallest,0.00291929,15.0,0.624898,0.0945297,0.114187,0.0226261,0.869853
NLOBK_MVgamma_smallest,0.00437894,15.0,0.573013,0.0818328,0.0955185,0.0191506,0.803418
NLOBK_MVgamma_smallest,0.00656841,15.0,0.526397,0.0701808,0.0786576,0.0159511,0.739356
NLOBK_MVgamma_smallest,0.00985261,15.0,0.484898,0.0594689,0.0636852,0.0130646,0.674623
NLOBK_MVgamma_smallest,1e-05,27.0,2.17047,0.431571,0.77057,0.155674,2.32349
NLOBK_MVgamma_smallest,1.5e-05,27.0,2.03133,0.400724,0.70987,0.14382,2.19787
NLOBK_MVgamma_smallest,2.25e-05,27.0,1.89774,0.371033,0.651844,0.132475,2.07758
NLOBK_MVgamma_smallest,3.375e-05,27.0,1.76934,0.342848,0.596796,0.121711,1.96235
NLOBK_MVgamma_smallest,5.0625e-05,27.0,1.64655,0.315431,0.544266,0.111412,1.85196
NLOBK_MVgamma_smallest,7.59375e-05,27.0,1.52876,0.289184,0.494538,0.101668,1.74618
NLOBK_MVgamma_smallest,0.000113906,27.0,1.41564,0.264196,0.447112,0.0923899,1.64483
NLOBK_MVgamma_smallest,0.000170859,27.0,1.30803,0.240548,0.401983,0.0835442,1.54768
NLOBK_MVgamma_smallest,0.000256289,27.0,1.20575,0.218068,0.35952,0.0751102,1.45462
NLOBK_MVgamma_smallest,0.000384434,27.0,1.10817,0.196619,0.319277,0.0671808,1.36515
NLOBK_MVgamma_smallest,0.00057665,27.0,1.01707,0.176253,0.281792,0.0597603,1.27817
NLOBK_MVgamma_smallest,0.000864976,27.0,0.929728,0.1569,0.246477,0.0527529,1.19393
NLOBK_MVgamma_smallest,0.00129746,27.0,0.849112,0.138821,0.213521,0.046146,1.1118
NLOBK_MVgamma_smallest,0.0019462,27.0,0.773024,0.121745,0.183064,0.039946,1.03185
NLOBK_MVgamma_smallest,0.00291929,27.0,0.702658,0.105851,0.154778,0.0341771,0.954493
NLOBK_MVgamma_smallest,0.00437894,27.0,0.638649,0.0911915,0.12909,0.028946,0.87689
NLOBK_MVgamma_smallest,0.00656841,27.0,0.580354,0.0775131,0.105705,0.0241152,0.802584
NLOBK_MVgamma_smallest,0.00985261,27.0,0.528587,0.0651487,0.0848385,0.0197035,0.726459
