NLOBK_MVgamma_smallest,1e-05,4.5,1.10753,0.232995,0.222277,0.0254003,1.30845
NLOBK_MVgamma_smallest,1.5e-05,4.5,1.05084,0.219632,0.205422,0.0236024,1.25404
NLOBK_MVgamma_smallest,2.25e-05,4.5,0.996084,0.206524,0.18916,0.0218627,1.20106
NLOBK_MVgamma_smallest,3.375e-05,4.5,0.942802,0.193883,0.173648,0.0201987,1.14946
NLOBK_MVgamma_smallest,5.0625e-05,4.5,0.89113,0.181476,0.15873,0.0185897,1.09915
NLOBK_MVgamma_smallest,7.59375e-05,4.5,0.841513,0.169462,0.144584,0.0170363,1.05013
NLOBK_MVgamma_smallest,0.000113906,4.5,0.793266,0.157698,0.130985,0.0155633,1.00232
NLOBK_MVgamma_smallest,0.000170859,4.5,0.746957,0.146395,0.118065,0.0141278,0.955625
NLOBK_MVgamma_smallest,0.000256289,4.5,0.702335,0.135416,0.105809,0.0127637,0.910005
NLOBK_MVgamma_smallest,0.000384434,4.5,0.659709,0.124776,0.0943018,0.0114536,0.865271
NLOBK_MVgamma_smallest,0.00057665,4.5,0.618811,0.114489,0.0833405,0.0102132,0.821333
NLOBK_MVgamma_smallest,0.000864976,4.5,0.580269,0.104476,0.073153,0.00905038,0.778129
NLOBK_MVgamma_smallest,0.00129746,4.5,0.543743,0.0949827,0.0636162,0.00792916,0.734808
NLOBK_MVgamma_smallest,0.0019462,4.5,0.509738,0.0858853,0.054779,0.00689179,0.692538
NLOBK_MVgamma_smallest,0.00291929,4.5,0.478245,0.077195,0.046716,0.00592491,0.651394
NLOBK_MVgamma_smallest,0.00437894,4.5,0.449672,0.0690407,0.0393507,0.00502225,0.610752
NLOBK_MVgamma_smallest,0.00656841,4.5,0.424126,0.0614283,0.0329003,0.00421575,0.573035
NLOBK_MVgamma_smallest,0.00985261,4.5,0.402038,0.0544808,0.0271443,0.00348852,0.535893
NLOBK_MVgamma_smallest,1e-05,45.0,2.42893,0.473432,0.924683,0.196167,2.46669
NLOBK_MVgamma_smallest,1.5e-05,45.0,2.2674,0.43812,0.850349,0.181084,2.32567
NLOBK_MVgamma_smallest,2.25e-05,45.0,2.11311,0.40502,0.780702,0.1665,2.19125
NLOBK_MVgamma_smallest,3.375e-05,45.0,1.96553,0.373009,0.713611,0.152823,2.06319
NLOBK_MVgamma_smallest,5.0625e-05,45.0,1.82546,0.342315,0.649968,0.139648,1.94112
NLOBK_MVgamma_smallest,7.59375e-05,45.0,1.69036,0.313111,0.589869,0.127265,1.82493
NLOBK_MVgamma_smallest,0.000113906,45.0,1.56058,0.285705,0.532634,0.115415,1.71429
NLOBK_MVgamma_smallest,0.000170859,45.0,1.43872,0.259501,0.478529,0.104276,1.60893
NLOBK_MVgamma_smallest,0.000256289,45.0,1.32171,0.234642,0.427476,0.0937468,1.50858
NLOBK_MVgamma_smallest,0.000384434,45.0,1.21208,0.21123,0.378902,0.0837092,1.41165
NLOBK_MVgamma_smallest,0.00057665,45.0,1.1075,0.188798,0.334256,0.074338,1.31742
NLOBK_MVgamma_smallest,0.000864976,45.0,1.00943,0.167726,0.291756,0.065547,1.22563
NLOBK_MVgamma_smallest,0.00129746,45.0,0.916525,0.147851,0.252004,0.0573317,1.1295
NLOBK_MVgamma_smallest,0.0019462,45.0,0.830867,0.129431,0.215087,0.0495612,1.03749
NLOBK_MVgamma_smallest,0.00291929,45.0,0.751644,0.11226,0.181343,0.0424018,0.950563
NLOBK_MVgamma_smallest,0.00437894,45.0,0.679073,0.0962981,0.150369,0.0358156,0.863405
NLOBK_MVgamma_smallest,0.00656841,45.0,0.614778,0.0818369,0.122782,0.0298927,0.792825
NLOBK_MVgamma_smallest,0.00985261,45.0,0.557346,0.0686154,0.0982525,0.0245165,0.722269
NLOBK_MVgamma_smallest,1e-05,15.0,1.72128,0.346456,0.523991,0.0943972,1.94082
NLOBK_MVgamma_smallest,1.5e-05,15.0,1.61779,0.322777,0.483687,0.0873833,1.8437
NLOBK_MVgamma_smallest,2.25e-05,15.0,1.51922,0.300458,0.444771,0.0807194,1.75005
NLOBK_MVgamma_smallest,3.375e-05,15.0,1.42349,0.278704,0.407875,0.0742879,1.65979
NLOBK_MVgamma_smallest,5.0625e-05,15.0,1.33167,0.257697,0.372572,0.0681908,1.57267
NLOBK_MVgamma_smallest,7.59375e-05,15.0,1.24361,0.237607,0.339061,0.0623602,1.4887
NLOBK_MVgamma_smallest,0.000113906,15.0,1.15856,0.218361,0.306878,0.0567794,1.40769
NLOBK_MVgamma_smallest,0.000170859,15.0,1.07781,0.199651,0.276406,0.0514486,1.32947
NLOBK_MVgamma_smallest,0.000256289,15.0,1.00073,0.182036,0.247608,0.0463532,1.25392
NLOBK_MVgamma_smallest,0.000384434,15.0,0.926352,0.164938,0.220336,0.0415458,1.18043
NLOBK_MVgamma_smallest,0.00057665,15.0,0.856007,0.148778,0.194447,0.0369487,1.10874
NLOBK_MVgamma_smallest,0.000864976,15.0,0.789707,0.133373,0.170467,0.03265,1.03868
NLOBK_MVgamma_smallest,0.00129746,15.0,0.727357,0.11878,0.147828,0.0285439,0.967623
NLOBK_MVgamma_smallest,0.0019462,15.0,0.668775,0.10489,0.126819,0.0247511,0.898931
NLOBK_MVgamma_smallest,0.00291929,15.0,0.614596,0.091838,0.107517,0.0211971,0.832933
NLOBK_MVgamma_smallest,0.00437894,15.0,0.565064,0.0796472,0.0899091,0.0178923,0.767617
NLOBK_MVgamma_smallest,0.00656841,15.0,0.520869,0.0684205,0.0742124,0.0149159,0.70997
NLOBK_MVgamma_smallest,0.00985261,15.0,0.481736,0.0582135,0.0602177,0.0122463,0.653061
NLOBK_MVgamma_smallest,1e-05,27.0,2.08258,0.411595,0.725904,0.145918,2.23761
NLOBK_MVgamma_smallest,1.5e-05,27.0,1.95109,0.382293,0.669098,0.13495,2.11696
NLOBK_MVgamma_smallest,2.25e-05,27.0,1.8243,0.35403,0.614845,0.12436,2.00131
NLOBK_MVgamma_smallest,3.375e-05,27.0,1.70263,0.327322,0.562724,0.114169,1.8905
NLOBK_MVgamma_smallest,5.0625e-05,27.0,1.58571,0.301225,0.513288,0.104711,1.78423
NLOBK_MVgamma_smallest,7.59375e-05,27.0,1.47405,0.276446,0.46613,0.0954269,1.68244
NLOBK_MVgamma_smallest,0.000113906,27.0,1.36654,0.252779,0.421699,0.0867309,1.58489
NLOBK_MVgamma_smallest,0.000170859,27.0,1.26475,0.230308,0.379371,0.0785136,1.49135
NLOBK_MVgamma_smallest,0.000256289,27.0,1.16709,0.208925,0.339516,0.0706786,1.40164
NLOBK_MVgamma_smallest,0.000384434,27.0,1.0746,0.188489,0.301539,0.0631681,1.31473
NLOBK_MVgamma_smallest,0.00057665,27.0,0.987199,0.168981,0.266217,0.0561948,1.23015
NLOBK_MVgamma_smallest,0.000864976,27.0,0.904673,0.150716,0.232778,0.0495628,1.14769
NLOBK_MVgamma_smallest,0.00129746,27.0,0.826784,0.133304,0.201459,0.0433413,1.06291
NLOBK_MVgamma_smallest,0.0019462,27.0,0.754374,0.117158,0.172456,0.0374697,0.981382
NLOBK_MVgamma_smallest,0.00291929,27.0,0.687317,0.101931,0.145681,0.0320876,0.903691
NLOBK_MVgamma_smallest,0.00437894,27.0,0.626117,0.0877999,0.121227,0.0270325,0.826412
NLOBK_MVgamma_smallest,0.00656841,27.0,0.571467,0.0748218,0.0995117,0.0225377,0.760889
NLOBK_MVgamma_smallest,0.00985261,27.0,0.522464,0.0629473,0.0801849,0.0184808,0.695877
