NLOBK_MVgamma_smallest,1e-05,4.5,1.06322,0.223757,0.215039,0.0250944,1.18428
NLOBK_MVgamma_smallest,1.5e-05,4.5,1.00901,0.210853,0.198703,0.023301,1.13251
NLOBK_MVgamma_smallest,2.25e-05,4.5,0.956079,0.198357,0.183039,0.0215989,1.08236
NLOBK_MVgamma_smallest,3.375e-05,4.5,0.905075,0.186067,0.168109,0.0199436,1.03379
NLOBK_MVgamma_smallest,5.0625e-05,4.5,0.85545,0.174259,0.153743,0.0183564,0.98672
NLOBK_MVgamma_smallest,7.59375e-05,4.5,0.807963,0.162769,0.14006,0.0168356,0.941097
NLOBK_MVgamma_smallest,0.000113906,4.5,0.761709,0.151445,0.12701,0.0153783,0.896868
NLOBK_MVgamma_smallest,0.000170859,4.5,0.7173,0.140615,0.114548,0.0139757,0.853988
NLOBK_MVgamma_smallest,0.000256289,4.5,0.674416,0.130037,0.102785,0.0126282,0.812423
NLOBK_MVgamma_smallest,0.000384434,4.5,0.633972,0.119911,0.0916661,0.0113493,0.772097
NLOBK_MVgamma_smallest,0.00057665,4.5,0.594887,0.110023,0.081149,0.0101405,0.732957
NLOBK_MVgamma_smallest,0.000864976,4.5,0.557966,0.100539,0.0713086,0.00897823,0.695
NLOBK_MVgamma_smallest,0.00129746,4.5,0.523124,0.0913747,0.062121,0.0078982,0.658181
NLOBK_MVgamma_smallest,0.0019462,4.5,0.490657,0.0826612,0.0536042,0.00686221,0.622473
NLOBK_MVgamma_smallest,0.00291929,4.5,0.46066,0.0743053,0.0458537,0.00591474,0.587822
NLOBK_MVgamma_smallest,0.00437894,4.5,0.433329,0.0664925,0.0387498,0.00503344,0.554194
NLOBK_MVgamma_smallest,0.00656841,4.5,0.408897,0.0591564,0.0324395,0.00423358,0.521639
NLOBK_MVgamma_smallest,0.00985261,4.5,0.387831,0.0524329,0.0268723,0.00351205,0.490232
NLOBK_MVgamma_smallest,1e-05,45.0,2.28814,0.442365,0.866924,0.184369,2.22511
NLOBK_MVgamma_smallest,1.5e-05,45.0,2.13681,0.409256,0.797324,0.169909,2.08867
NLOBK_MVgamma_smallest,2.25e-05,45.0,1.9903,0.377705,0.731226,0.156225,1.95895
NLOBK_MVgamma_smallest,3.375e-05,45.0,1.85223,0.34768,0.668763,0.143262,1.83562
NLOBK_MVgamma_smallest,5.0625e-05,45.0,1.72001,0.31913,0.608259,0.130862,1.71845
NLOBK_MVgamma_smallest,7.59375e-05,45.0,1.59333,0.291887,0.55182,0.119121,1.60716
NLOBK_MVgamma_smallest,0.000113906,45.0,1.4726,0.265946,0.498306,0.108012,1.50151
NLOBK_MVgamma_smallest,0.000170859,45.0,1.35899,0.24153,0.447594,0.0974505,1.4012
NLOBK_MVgamma_smallest,0.000256289,45.0,1.25079,0.218431,0.39992,0.0875798,1.30606
NLOBK_MVgamma_smallest,0.000384434,45.0,1.14766,0.196556,0.355105,0.078224,1.21582
NLOBK_MVgamma_smallest,0.00057665,45.0,1.05086,0.175804,0.313036,0.0694751,1.13025
NLOBK_MVgamma_smallest,0.000864976,45.0,0.959774,0.156384,0.273661,0.0612308,1.04921
NLOBK_MVgamma_smallest,0.00129746,45.0,0.874866,0.138054,0.237211,0.0536195,0.972488
NLOBK_MVgamma_smallest,0.0019462,45.0,0.795928,0.120881,0.203306,0.0464572,0.899836
NLOBK_MVgamma_smallest,0.00291929,45.0,0.722234,0.104938,0.172148,0.0397642,0.830826
NLOBK_MVgamma_smallest,0.00437894,45.0,0.656112,0.0904125,0.143484,0.0337118,0.765076
NLOBK_MVgamma_smallest,0.00656841,45.0,0.596368,0.0768811,0.117846,0.0281507,0.70275
NLOBK_MVgamma_smallest,0.00985261,45.0,0.542766,0.0646701,0.0950759,0.0231892,0.644274
NLOBK_MVgamma_smallest,1e-05,15.0,1.63941,0.328564,0.498891,0.0906732,1.74909
NLOBK_MVgamma_smallest,1.5e-05,15.0,1.54098,0.306185,0.46046,0.0839876,1.65635
NLOBK_MVgamma_smallest,2.25e-05,15.0,1.44735,0.284839,0.423356,0.0774771,1.5673
NLOBK_MVgamma_smallest,3.375e-05,15.0,1.35612,0.263963,0.388353,0.0713052,1.48181
NLOBK_MVgamma_smallest,5.0625e-05,15.0,1.26898,0.244257,0.3547,0.0654404,1.39974
NLOBK_MVgamma_smallest,7.59375e-05,15.0,1.18485,0.225182,0.322716,0.0598253,1.32094
NLOBK_MVgamma_smallest,0.000113906,15.0,1.10543,0.20689,0.292256,0.0544813,1.24531
NLOBK_MVgamma_smallest,0.000170859,15.0,1.02889,0.189437,0.263499,0.0493858,1.17269
NLOBK_MVgamma_smallest,0.000256289,15.0,0.955804,0.172684,0.236072,0.0445166,1.10301
NLOBK_MVgamma_smallest,0.000384434,15.0,0.886135,0.156633,0.210307,0.0398983,1.0361
NLOBK_MVgamma_smallest,0.00057665,15.0,0.820457,0.141449,0.185977,0.0355278,0.971863
NLOBK_MVgamma_smallest,0.000864976,15.0,0.757405,0.126884,0.163325,0.031412,0.910236
NLOBK_MVgamma_smallest,0.00129746,15.0,0.698649,0.113081,0.141928,0.027549,0.851123
NLOBK_MVgamma_smallest,0.0019462,15.0,0.643914,0.100095,0.122188,0.0239141,0.79442
NLOBK_MVgamma_smallest,0.00291929,15.0,0.593244,0.087858,0.103895,0.0205021,0.739956
NLOBK_MVgamma_smallest,0.00437894,15.0,0.546766,0.0763415,0.0874014,0.0174203,0.687594
NLOBK_MVgamma_smallest,0.00656841,15.0,0.504908,0.0657016,0.0723715,0.0145359,0.637418
NLOBK_MVgamma_smallest,0.00985261,15.0,0.467872,0.0560204,0.0590055,0.0119741,0.589617
NLOBK_MVgamma_smallest,1e-05,27.0,1.9729,0.387216,0.685638,0.138541,2.01641
NLOBK_MVgamma_smallest,1.5e-05,27.0,1.84778,0.3594,0.631472,0.127948,1.90054
NLOBK_MVgamma_smallest,2.25e-05,27.0,1.72824,0.332657,0.580132,0.117868,1.78986
NLOBK_MVgamma_smallest,3.375e-05,27.0,1.61308,0.307475,0.530921,0.108209,1.68413
NLOBK_MVgamma_smallest,5.0625e-05,27.0,1.50276,0.283056,0.484069,0.0990588,1.58318
NLOBK_MVgamma_smallest,7.59375e-05,27.0,1.39705,0.259652,0.439717,0.0902461,1.4868
NLOBK_MVgamma_smallest,0.000113906,27.0,1.29671,0.237636,0.397915,0.0820851,1.39482
NLOBK_MVgamma_smallest,0.000170859,27.0,1.20085,0.21642,0.357981,0.0742221,1.307
NLOBK_MVgamma_smallest,0.000256289,27.0,1.10922,0.196373,0.320468,0.0668018,1.22324
NLOBK_MVgamma_smallest,0.000384434,27.0,1.02357,0.177228,0.284871,0.0597554,1.14333
NLOBK_MVgamma_smallest,0.00057665,27.0,0.941715,0.159041,0.251743,0.0531297,1.06708
NLOBK_MVgamma_smallest,0.000864976,27.0,0.864391,0.141888,0.220395,0.0469184,0.99442
NLOBK_MVgamma_smallest,0.00129746,27.0,0.792032,0.125809,0.191388,0.0410975,0.925191
NLOBK_MVgamma_smallest,0.0019462,27.0,0.724709,0.110636,0.164249,0.0356083,0.859221
NLOBK_MVgamma_smallest,0.00291929,27.0,0.662295,0.0964339,0.139445,0.0304887,0.79623
NLOBK_MVgamma_smallest,0.00437894,27.0,0.605338,0.0832733,0.116828,0.0258436,0.735972
NLOBK_MVgamma_smallest,0.00656841,27.0,0.55428,0.0711206,0.0962506,0.0216216,0.678564
NLOBK_MVgamma_smallest,0.00985261,27.0,0.50859,0.0600205,0.0780477,0.0177274,0.624296
