NLOBK_MVgamma_smallest,1e-05,4.5,1.11131,0.234105,0.221714,0.0255393,1.21437
NLOBK_MVgamma_smallest,1.5e-05,4.5,1.05435,0.220618,0.204716,0.0237098,1.16121
NLOBK_MVgamma_smallest,2.25e-05,4.5,0.999072,0.207483,0.188669,0.0219602,1.10974
NLOBK_MVgamma_smallest,3.375e-05,4.5,0.945392,0.194705,0.173099,0.0202696,1.05989
NLOBK_MVgamma_smallest,5.0625e-05,4.5,0.893732,0.182252,0.158331,0.0186601,1.01159
NLOBK_MVgamma_smallest,7.59375e-05,4.5,0.843564,0.170161,0.144178,0.0171039,0.964776
NLOBK_MVgamma_smallest,0.000113906,4.5,0.795347,0.158433,0.13063,0.015617,0.919398
NLOBK_MVgamma_smallest,0.000170859,4.5,0.748522,0.14702,0.117827,0.0141828,0.875398
NLOBK_MVgamma_smallest,0.000256289,4.5,0.703849,0.135905,0.105656,0.0128179,0.832732
NLOBK_MVgamma_smallest,0.000384434,4.5,0.66116,0.125229,0.0941354,0.0115093,0.79134
NLOBK_MVgamma_smallest,0.00057665,4.5,0.620166,0.114887,0.0832911,0.010278,0.751179
NLOBK_MVgamma_smallest,0.000864976,4.5,0.581454,0.104927,0.0731797,0.00910567,0.71222
NLOBK_MVgamma_smallest,0.00129746,4.5,0.544975,0.0953296,0.0637396,0.00799428,0.674429
NLOBK_MVgamma_smallest,0.0019462,4.5,0.510831,0.0861569,0.0549638,0.00695107,0.637762
NLOBK_MVgamma_smallest,0.00291929,4.5,0.479327,0.0774372,0.0469396,0.00597994,0.602153
NLOBK_MVgamma_smallest,0.00437894,4.5,0.450715,0.0692124,0.0396874,0.00508691,0.567642
NLOBK_MVgamma_smallest,0.00656841,4.5,0.425142,0.0615306,0.0331661,0.00427588,0.534307
NLOBK_MVgamma_smallest,0.00985261,4.5,0.402982,0.0544738,0.0274279,0.00354319,0.502147
NLOBK_MVgamma_smallest,1e-05,45.0,2.39611,0.463004,0.902283,0.191546,2.28306
NLOBK_MVgamma_smallest,1.5e-05,45.0,2.23714,0.428118,0.829244,0.176548,2.14286
NLOBK_MVgamma_smallest,2.25e-05,45.0,2.08478,0.395075,0.760243,0.162135,2.00957
NLOBK_MVgamma_smallest,3.375e-05,45.0,1.93905,0.363361,0.694517,0.148749,1.88292
NLOBK_MVgamma_smallest,5.0625e-05,45.0,1.80046,0.33369,0.632744,0.135675,1.76257
NLOBK_MVgamma_smallest,7.59375e-05,45.0,1.66777,0.305124,0.573363,0.123548,1.64827
NLOBK_MVgamma_smallest,0.000113906,45.0,1.54211,0.278237,0.517756,0.112087,1.53976
NLOBK_MVgamma_smallest,0.000170859,45.0,1.4222,0.252692,0.465052,0.101122,1.43676
NLOBK_MVgamma_smallest,0.000256289,45.0,1.30892,0.228603,0.415571,0.0908556,1.33907
NLOBK_MVgamma_smallest,0.000384434,45.0,1.20058,0.20531,0.368868,0.0811258,1.2464
NLOBK_MVgamma_smallest,0.00057665,45.0,1.09947,0.183757,0.324801,0.0720329,1.15857
NLOBK_MVgamma_smallest,0.000864976,45.0,1.00404,0.163462,0.28376,0.063426,1.07539
NLOBK_MVgamma_smallest,0.00129746,45.0,0.915134,0.144227,0.246078,0.0555317,0.996651
NLOBK_MVgamma_smallest,0.0019462,45.0,0.832328,0.126307,0.210768,0.0480979,0.921921
NLOBK_MVgamma_smallest,0.00291929,45.0,0.755308,0.1097,0.178409,0.0412601,0.850749
NLOBK_MVgamma_smallest,0.00437894,45.0,0.68601,0.0943658,0.148733,0.0349145,0.78327
NLOBK_MVgamma_smallest,0.00656841,45.0,0.623743,0.080415,0.122085,0.0291295,0.719918
NLOBK_MVgamma_smallest,0.00985261,45.0,0.567452,0.0675242,0.0985191,0.0239652,0.660535
NLOBK_MVgamma_smallest,1e-05,15.0,1.71563,0.343566,0.517125,0.0934523,1.79411
NLOBK_MVgamma_smallest,1.5e-05,15.0,1.61263,0.320319,0.477291,0.0865264,1.69885
NLOBK_MVgamma_smallest,2.25e-05,15.0,1.51399,0.298028,0.438636,0.0798398,1.6074
NLOBK_MVgamma_smallest,3.375e-05,15.0,1.41899,0.276445,0.402319,0.0734943,1.51964
NLOBK_MVgamma_smallest,5.0625e-05,15.0,1.32781,0.255576,0.367182,0.0673477,1.43539
NLOBK_MVgamma_smallest,7.59375e-05,15.0,1.23981,0.235698,0.334124,0.0615808,1.3545
NLOBK_MVgamma_smallest,0.000113906,15.0,1.15619,0.216491,0.302431,0.0560756,1.27686
NLOBK_MVgamma_smallest,0.000170859,15.0,1.07617,0.198255,0.27257,0.0508047,1.20233
NLOBK_MVgamma_smallest,0.000256289,15.0,0.999271,0.180646,0.244243,0.0457856,1.1308
NLOBK_MVgamma_smallest,0.000384434,15.0,0.92609,0.16387,0.217498,0.0410626,1.06212
NLOBK_MVgamma_smallest,0.00057665,15.0,0.856669,0.147835,0.192282,0.0365123,0.996192
NLOBK_MVgamma_smallest,0.000864976,15.0,0.79108,0.132638,0.168654,0.0322805,0.932939
NLOBK_MVgamma_smallest,0.00129746,15.0,0.729824,0.118159,0.146647,0.028301,0.872268
NLOBK_MVgamma_smallest,0.0019462,15.0,0.672521,0.104562,0.126171,0.0245569,0.814013
NLOBK_MVgamma_smallest,0.00291929,15.0,0.619382,0.0917805,0.107282,0.021071,0.757984
NLOBK_MVgamma_smallest,0.00437894,15.0,0.570685,0.07977,0.0901456,0.0178612,0.70425
NLOBK_MVgamma_smallest,0.00656841,15.0,0.526688,0.0686283,0.0746612,0.0149161,0.653002
NLOBK_MVgamma_smallest,0.00985261,15.0,0.488082,0.0584992,0.0607665,0.012255,0.60419
NLOBK_MVgamma_smallest,1e-05,27.0,2.06591,0.405354,0.711846,0.143437,2.06873
NLOBK_MVgamma_smallest,1.5e-05,27.0,1.9339,0.376043,0.655815,0.132367,1.94969
NLOBK_MVgamma_smallest,2.25e-05,27.0,1.80801,0.347885,0.602232,0.12202,1.83599
NLOBK_MVgamma_smallest,3.375e-05,27.0,1.68815,0.321341,0.551191,0.111921,1.72743
NLOBK_MVgamma_smallest,5.0625e-05,27.0,1.57278,0.296092,0.502324,0.102398,1.62376
NLOBK_MVgamma_smallest,7.59375e-05,27.0,1.46234,0.27164,0.456378,0.0933564,1.5248
NLOBK_MVgamma_smallest,0.000113906,27.0,1.35691,0.248412,0.412734,0.0848827,1.43034
NLOBK_MVgamma_smallest,0.000170859,27.0,1.25613,0.2264,0.371484,0.0767292,1.34019
NLOBK_MVgamma_smallest,0.000256289,27.0,1.16099,0.205331,0.332254,0.0690524,1.25419
NLOBK_MVgamma_smallest,0.000384434,27.0,1.0702,0.18517,0.295401,0.061742,1.17214
NLOBK_MVgamma_smallest,0.00057665,27.0,0.984731,0.166291,0.260743,0.054973,1.09388
NLOBK_MVgamma_smallest,0.000864976,27.0,0.903666,0.148348,0.228305,0.0484598,1.0193
NLOBK_MVgamma_smallest,0.00129746,27.0,0.828023,0.131439,0.198172,0.0424029,0.948242
NLOBK_MVgamma_smallest,0.0019462,27.0,0.7574,0.115608,0.170153,0.0367493,0.88043
NLOBK_MVgamma_smallest,0.00291929,27.0,0.691912,0.100819,0.144411,0.0315037,0.815553
NLOBK_MVgamma_smallest,0.00437894,27.0,0.632536,0.0869368,0.120858,0.0266941,0.75371
NLOBK_MVgamma_smallest,0.00656841,27.0,0.578685,0.0742445,0.0995286,0.0222801,0.695196
NLOBK_MVgamma_smallest,0.00985261,27.0,0.53123,0.0626748,0.0806542,0.0183028,0.639912
