NLOBK_MVgamma_smallest,1e-05,4.5,1.10931,0.233026,0.210323,0.0232303,1.26342
NLOBK_MVgamma_smallest,1.5e-05,4.5,1.05223,0.219494,0.194078,0.0215536,1.20777
NLOBK_MVgamma_smallest,2.25e-05,4.5,0.996195,0.206092,0.178339,0.0199246,1.15387
NLOBK_MVgamma_smallest,3.375e-05,4.5,0.94279,0.193378,0.163448,0.0183645,1.10167
NLOBK_MVgamma_smallest,5.0625e-05,4.5,0.89061,0.180911,0.149187,0.0168743,1.05111
NLOBK_MVgamma_smallest,7.59375e-05,4.5,0.840439,0.168861,0.135558,0.0154268,1.0021
NLOBK_MVgamma_smallest,0.000113906,4.5,0.791977,0.15706,0.122603,0.0140594,0.954592
NLOBK_MVgamma_smallest,0.000170859,4.5,0.745424,0.145637,0.110351,0.0127524,0.908523
NLOBK_MVgamma_smallest,0.000256289,4.5,0.700679,0.13461,0.0987375,0.0115007,0.863848
NLOBK_MVgamma_smallest,0.000384434,4.5,0.657981,0.123951,0.0877126,0.0103068,0.82051
NLOBK_MVgamma_smallest,0.00057665,4.5,0.617183,0.113652,0.0773797,0.00917209,0.778463
NLOBK_MVgamma_smallest,0.000864976,4.5,0.578558,0.103728,0.0678112,0.00811522,0.73767
NLOBK_MVgamma_smallest,0.00129746,4.5,0.541878,0.0941107,0.0588503,0.00709947,0.698056
NLOBK_MVgamma_smallest,0.0019462,4.5,0.508055,0.0850495,0.0506227,0.0061582,0.659546
NLOBK_MVgamma_smallest,0.00291929,4.5,0.476757,0.0763566,0.0430428,0.00527951,0.622124
NLOBK_MVgamma_smallest,0.00437894,4.5,0.448112,0.0681863,0.0362384,0.00448135,0.585744
NLOBK_MVgamma_smallest,0.00656841,4.5,0.42259,0.0605912,0.0301728,0.00374673,0.550492
NLOBK_MVgamma_smallest,0.00985261,4.5,0.400563,0.0536211,0.0248342,0.00309454,0.516635
NLOBK_MVgamma_smallest,1e-05,45.0,2.3975,0.465583,0.888885,0.188521,2.38482
NLOBK_MVgamma_smallest,1.5e-05,45.0,2.23594,0.430513,0.815824,0.173515,2.2375
NLOBK_MVgamma_smallest,2.25e-05,45.0,2.08252,0.397044,0.747163,0.159303,2.09748
NLOBK_MVgamma_smallest,3.375e-05,45.0,1.93604,0.365479,0.682566,0.145858,1.96446
NLOBK_MVgamma_smallest,5.0625e-05,45.0,1.79522,0.33491,0.620626,0.133124,1.83816
NLOBK_MVgamma_smallest,7.59375e-05,45.0,1.66198,0.305928,0.561853,0.121132,1.71828
NLOBK_MVgamma_smallest,0.000113906,45.0,1.53468,0.278785,0.506637,0.109629,1.6045
NLOBK_MVgamma_smallest,0.000170859,45.0,1.41493,0.252992,0.454383,0.0988106,1.49656
NLOBK_MVgamma_smallest,0.000256289,45.0,1.30019,0.228394,0.40528,0.0887318,1.39427
NLOBK_MVgamma_smallest,0.000384434,45.0,1.19208,0.205401,0.358939,0.0791532,1.29733
NLOBK_MVgamma_smallest,0.00057665,45.0,1.09034,0.183432,0.315962,0.0701508,1.20554
NLOBK_MVgamma_smallest,0.000864976,45.0,0.9938,0.163092,0.275611,0.0617844,1.11865
NLOBK_MVgamma_smallest,0.00129746,45.0,0.904951,0.143739,0.2383,0.0538704,1.03618
NLOBK_MVgamma_smallest,0.0019462,45.0,0.822227,0.125703,0.203903,0.0466679,0.957604
NLOBK_MVgamma_smallest,0.00291929,45.0,0.745462,0.109131,0.17194,0.0399012,0.882712
NLOBK_MVgamma_smallest,0.00437894,45.0,0.675496,0.093684,0.143072,0.0336889,0.811009
NLOBK_MVgamma_smallest,0.00656841,45.0,0.612934,0.0795226,0.116789,0.028048,0.742925
NLOBK_MVgamma_smallest,0.00985261,45.0,0.556846,0.066852,0.0936293,0.0230325,0.680239
NLOBK_MVgamma_smallest,1e-05,15.0,1.71222,0.343586,0.501506,0.089105,1.87001
NLOBK_MVgamma_smallest,1.5e-05,15.0,1.60887,0.319826,0.462048,0.0823384,1.77014
NLOBK_MVgamma_smallest,2.25e-05,15.0,1.50942,0.29731,0.424419,0.0759251,1.67428
NLOBK_MVgamma_smallest,3.375e-05,15.0,1.41334,0.275568,0.388681,0.0697928,1.58229
NLOBK_MVgamma_smallest,5.0625e-05,15.0,1.32287,0.254817,0.354213,0.0639083,1.49403
NLOBK_MVgamma_smallest,7.59375e-05,15.0,1.23433,0.234665,0.321986,0.0583455,1.40932
NLOBK_MVgamma_smallest,0.000113906,15.0,1.15005,0.215516,0.290993,0.0530821,1.32803
NLOBK_MVgamma_smallest,0.000170859,15.0,1.06927,0.196959,0.261607,0.0480369,1.24999
NLOBK_MVgamma_smallest,0.000256289,15.0,0.992454,0.179491,0.233942,0.0432021,1.17513
NLOBK_MVgamma_smallest,0.000384434,15.0,0.919081,0.162727,0.207923,0.0386686,1.10329
NLOBK_MVgamma_smallest,0.00057665,15.0,0.849586,0.146615,0.183443,0.0343653,1.03436
NLOBK_MVgamma_smallest,0.000864976,15.0,0.784427,0.13139,0.160688,0.0302897,0.968241
NLOBK_MVgamma_smallest,0.00129746,15.0,0.722836,0.116863,0.13925,0.026524,0.904726
NLOBK_MVgamma_smallest,0.0019462,15.0,0.665436,0.103304,0.11952,0.0229442,0.843584
NLOBK_MVgamma_smallest,0.00291929,15.0,0.612216,0.0904108,0.101351,0.0196679,0.784748
NLOBK_MVgamma_smallest,0.00437894,15.0,0.563937,0.0785646,0.0847431,0.0166149,0.728036
NLOBK_MVgamma_smallest,0.00656841,15.0,0.520101,0.0674733,0.0698273,0.0138145,0.673638
NLOBK_MVgamma_smallest,0.00985261,15.0,0.481482,0.0573814,0.0566631,0.0113433,0.622296
NLOBK_MVgamma_smallest,1e-05,27.0,2.06378,0.406283,0.696943,0.139254,2.15887
NLOBK_MVgamma_smallest,1.5e-05,27.0,1.93154,0.376854,0.641127,0.128471,2.03392
NLOBK_MVgamma_smallest,2.25e-05,27.0,1.80518,0.34861,0.588127,0.118306,1.91459
NLOBK_MVgamma_smallest,3.375e-05,27.0,1.68392,0.321607,0.537381,0.108449,1.80068
NLOBK_MVgamma_smallest,5.0625e-05,27.0,1.56756,0.296127,0.489379,0.0991238,1.69198
NLOBK_MVgamma_smallest,7.59375e-05,27.0,1.45616,0.271627,0.443996,0.0903135,1.58824
NLOBK_MVgamma_smallest,0.000113906,27.0,1.34986,0.248045,0.40088,0.0818913,1.48926
NLOBK_MVgamma_smallest,0.000170859,27.0,1.24901,0.225764,0.360227,0.0740124,1.39483
NLOBK_MVgamma_smallest,0.000256289,27.0,1.15308,0.204613,0.321728,0.0664805,1.3048
NLOBK_MVgamma_smallest,0.000384434,27.0,1.062,0.184498,0.285571,0.0593884,1.21895
NLOBK_MVgamma_smallest,0.00057665,27.0,0.976246,0.165398,0.251572,0.0527498,1.13715
NLOBK_MVgamma_smallest,0.000864976,27.0,0.894838,0.14737,0.219805,0.0464806,1.0592
NLOBK_MVgamma_smallest,0.00129746,27.0,0.819188,0.130483,0.190416,0.0405992,0.984794
NLOBK_MVgamma_smallest,0.0019462,27.0,0.748698,0.114506,0.162957,0.0350803,0.913559
NLOBK_MVgamma_smallest,0.00291929,27.0,0.683117,0.0996613,0.137859,0.0300385,0.845371
NLOBK_MVgamma_smallest,0.00437894,27.0,0.623695,0.0859812,0.115185,0.0253594,0.779905
NLOBK_MVgamma_smallest,0.00656841,27.0,0.570086,0.0733272,0.0943459,0.02112,0.717456
NLOBK_MVgamma_smallest,0.00985261,27.0,0.522636,0.0617508,0.0761541,0.0173098,0.65922
