NLOBK_MVgamma_smallest,1e-05,4.5,1.11023,0.234058,0.218689,0.0243727,1.29098
NLOBK_MVgamma_smallest,1.5e-05,4.5,1.05265,0.220451,0.202094,0.0226448,1.23713
NLOBK_MVgamma_smallest,2.25e-05,4.5,0.997302,0.207373,0.186029,0.0209675,1.18471
NLOBK_MVgamma_smallest,3.375e-05,4.5,0.943509,0.194662,0.170707,0.0193567,1.13366
NLOBK_MVgamma_smallest,5.0625e-05,4.5,0.891797,0.182173,0.155994,0.0178203,1.08392
NLOBK_MVgamma_smallest,7.59375e-05,4.5,0.841624,0.170056,0.141983,0.0163196,1.03544
NLOBK_MVgamma_smallest,0.000113906,4.5,0.792855,0.158292,0.128559,0.014879,0.988183
NLOBK_MVgamma_smallest,0.000170859,4.5,0.746274,0.146902,0.115832,0.0135133,0.942051
NLOBK_MVgamma_smallest,0.000256289,4.5,0.701267,0.135776,0.10376,0.012198,0.897006
NLOBK_MVgamma_smallest,0.000384434,4.5,0.658327,0.125037,0.0923599,0.0109577,0.852756
NLOBK_MVgamma_smallest,0.00057665,4.5,0.617295,0.114698,0.0816552,0.00977148,0.809111
NLOBK_MVgamma_smallest,0.000864976,4.5,0.578446,0.104751,0.0715835,0.00864359,0.766386
NLOBK_MVgamma_smallest,0.00129746,4.5,0.541684,0.0951189,0.0622849,0.00757843,0.724191
NLOBK_MVgamma_smallest,0.0019462,4.5,0.507413,0.085964,0.0535772,0.00658378,0.682936
NLOBK_MVgamma_smallest,0.00291929,4.5,0.475973,0.077239,0.0457318,0.00565371,0.643058
NLOBK_MVgamma_smallest,0.00437894,4.5,0.447046,0.0690436,0.038542,0.00480151,0.603756
NLOBK_MVgamma_smallest,0.00656841,4.5,0.421131,0.061407,0.0320728,0.00401638,0.563542
NLOBK_MVgamma_smallest,0.00985261,4.5,0.398705,0.0543692,0.0263485,0.0033133,0.524808
NLOBK_MVgamma_smallest,1e-05,45.0,2.4549,0.480237,0.929056,0.196807,2.45691
NLOBK_MVgamma_smallest,1.5e-05,45.0,2.29268,0.444816,0.854223,0.181415,2.31595
NLOBK_MVgamma_smallest,2.25e-05,45.0,2.13568,0.410701,0.783722,0.16694,2.18161
NLOBK_MVgamma_smallest,3.375e-05,45.0,1.98662,0.378404,0.716394,0.153076,2.05363
NLOBK_MVgamma_smallest,5.0625e-05,45.0,1.84284,0.347298,0.652697,0.139844,1.93172
NLOBK_MVgamma_smallest,7.59375e-05,45.0,1.70727,0.318028,0.59185,0.127461,1.81567
NLOBK_MVgamma_smallest,0.000113906,45.0,1.57629,0.289701,0.534981,0.115702,1.70521
NLOBK_MVgamma_smallest,0.000170859,45.0,1.45217,0.263272,0.480491,0.104429,1.60005
NLOBK_MVgamma_smallest,0.000256289,45.0,1.33464,0.237993,0.428831,0.0938826,1.50011
NLOBK_MVgamma_smallest,0.000384434,45.0,1.22246,0.21408,0.380662,0.0839029,1.4028
NLOBK_MVgamma_smallest,0.00057665,45.0,1.11658,0.191467,0.334998,0.0744251,1.307
NLOBK_MVgamma_smallest,0.000864976,45.0,1.01704,0.17023,0.292667,0.0656409,1.21506
NLOBK_MVgamma_smallest,0.00129746,45.0,0.923951,0.150158,0.252975,0.0574356,1.12384
NLOBK_MVgamma_smallest,0.0019462,45.0,0.836995,0.131371,0.21612,0.0497243,1.03673
NLOBK_MVgamma_smallest,0.00291929,45.0,0.757021,0.113978,0.182426,0.042537,0.956217
NLOBK_MVgamma_smallest,0.00437894,45.0,0.684337,0.0979044,0.15158,0.0360021,0.876535
NLOBK_MVgamma_smallest,0.00656841,45.0,0.616958,0.0830518,0.123005,0.029907,0.786999
NLOBK_MVgamma_smallest,0.00985261,45.0,0.557693,0.0694482,0.0976059,0.0244406,0.703472
NLOBK_MVgamma_smallest,1e-05,15.0,1.73349,0.349986,0.522186,0.0929753,1.92432
NLOBK_MVgamma_smallest,1.5e-05,15.0,1.62976,0.326247,0.481571,0.0861116,1.82772
NLOBK_MVgamma_smallest,2.25e-05,15.0,1.52936,0.303658,0.44297,0.0794888,1.73461
NLOBK_MVgamma_smallest,3.375e-05,15.0,1.43312,0.281509,0.406094,0.073174,1.64485
NLOBK_MVgamma_smallest,5.0625e-05,15.0,1.33979,0.260406,0.370529,0.0671312,1.5583
NLOBK_MVgamma_smallest,7.59375e-05,15.0,1.2508,0.240094,0.337248,0.0613636,1.47485
NLOBK_MVgamma_smallest,0.000113906,15.0,1.16555,0.220651,0.305242,0.0558991,1.39438
NLOBK_MVgamma_smallest,0.000170859,15.0,1.08327,0.201786,0.274763,0.0506417,1.31671
NLOBK_MVgamma_smallest,0.000256289,15.0,1.00539,0.183864,0.246163,0.0456171,1.24179
NLOBK_MVgamma_smallest,0.000384434,15.0,0.930208,0.166643,0.218894,0.0408552,1.16864
NLOBK_MVgamma_smallest,0.00057665,15.0,0.859166,0.150342,0.193271,0.036358,1.09679
NLOBK_MVgamma_smallest,0.000864976,15.0,0.792408,0.134689,0.169267,0.0321107,1.02712
NLOBK_MVgamma_smallest,0.00129746,15.0,0.729334,0.119926,0.146735,0.0280588,0.958425
NLOBK_MVgamma_smallest,0.0019462,15.0,0.670541,0.105983,0.125932,0.0243405,0.892001
NLOBK_MVgamma_smallest,0.00291929,15.0,0.616006,0.0928286,0.106861,0.0208582,0.828962
NLOBK_MVgamma_smallest,0.00437894,15.0,0.56604,0.0805406,0.0894255,0.0176525,0.766914
NLOBK_MVgamma_smallest,0.00656841,15.0,0.520836,0.0691445,0.073511,0.0146935,0.701429
NLOBK_MVgamma_smallest,0.00985261,15.0,0.480459,0.0587229,0.0593925,0.0119988,0.639262
NLOBK_MVgamma_smallest,1e-05,27.0,2.10309,0.416908,0.726774,0.145242,2.22413
NLOBK_MVgamma_smallest,1.5e-05,27.0,1.96893,0.387334,0.669315,0.13437,2.1038
NLOBK_MVgamma_smallest,2.25e-05,27.0,1.84083,0.358702,0.614985,0.123742,1.9885
NLOBK_MVgamma_smallest,3.375e-05,27.0,1.71755,0.331291,0.562905,0.113702,1.87801
NLOBK_MVgamma_smallest,5.0625e-05,27.0,1.59946,0.305241,0.513375,0.104043,1.77213
NLOBK_MVgamma_smallest,7.59375e-05,27.0,1.4853,0.280245,0.466227,0.0949534,1.67071
NLOBK_MVgamma_smallest,0.000113906,27.0,1.3773,0.25607,0.4218,0.0862516,1.57354
NLOBK_MVgamma_smallest,0.000170859,27.0,1.27406,0.233308,0.37916,0.0780696,1.48041
NLOBK_MVgamma_smallest,0.000256289,27.0,1.17561,0.211533,0.339217,0.0702151,1.39124
NLOBK_MVgamma_smallest,0.000384434,27.0,1.08219,0.190909,0.301258,0.0628185,1.30436
NLOBK_MVgamma_smallest,0.00057665,27.0,0.993876,0.171283,0.265667,0.0558246,1.21903
NLOBK_MVgamma_smallest,0.000864976,27.0,0.909822,0.152714,0.23231,0.0492333,1.13673
NLOBK_MVgamma_smallest,0.00129746,27.0,0.831606,0.135144,0.201188,0.043122,1.05543
NLOBK_MVgamma_smallest,0.0019462,27.0,0.758278,0.118649,0.17244,0.0372986,0.977312
NLOBK_MVgamma_smallest,0.00291929,27.0,0.69077,0.103322,0.145805,0.0319437,0.904121
NLOBK_MVgamma_smallest,0.00437894,27.0,0.628922,0.0889729,0.121474,0.0269775,0.83195
NLOBK_MVgamma_smallest,0.00656841,27.0,0.572461,0.075726,0.0992924,0.022448,0.753566
NLOBK_MVgamma_smallest,0.00985261,27.0,0.522443,0.0637215,0.0795306,0.0182946,0.679807
