NLOBK_MVgamma_smallest,1e-05,4.5,1.13447,0.239449,0.231731,0.0264479,1.328
NLOBK_MVgamma_smallest,1.5e-05,4.5,1.07573,0.22552,0.214005,0.0245634,1.2723
NLOBK_MVgamma_smallest,2.25e-05,4.5,1.01843,0.211936,0.19703,0.0227435,1.21813
NLOBK_MVgamma_smallest,3.375e-05,4.5,0.963029,0.198765,0.180803,0.0209933,1.16538
NLOBK_MVgamma_smallest,5.0625e-05,4.5,0.909239,0.185916,0.1652,0.0193169,1.11399
NLOBK_MVgamma_smallest,7.59375e-05,4.5,0.857374,0.173409,0.150324,0.0176971,1.06389
NLOBK_MVgamma_smallest,0.000113906,4.5,0.806985,0.161189,0.136175,0.0161413,1.01503
NLOBK_MVgamma_smallest,0.000170859,4.5,0.758969,0.149522,0.122715,0.0146659,0.967334
NLOBK_MVgamma_smallest,0.000256289,4.5,0.712509,0.138138,0.109966,0.0132468,0.920762
NLOBK_MVgamma_smallest,0.000384434,4.5,0.668287,0.127126,0.097867,0.0118883,0.875248
NLOBK_MVgamma_smallest,0.00057665,4.5,0.625854,0.116414,0.086591,0.0106015,0.830527
NLOBK_MVgamma_smallest,0.000864976,4.5,0.585787,0.106119,0.0758989,0.00938371,0.786234
NLOBK_MVgamma_smallest,0.00129746,4.5,0.548043,0.0962517,0.0660064,0.00822724,0.742749
NLOBK_MVgamma_smallest,0.0019462,4.5,0.512919,0.0868359,0.0568565,0.00713839,0.699729
NLOBK_MVgamma_smallest,0.00291929,4.5,0.480271,0.0778713,0.0484694,0.00614099,0.657285
NLOBK_MVgamma_smallest,0.00437894,4.5,0.45044,0.0694551,0.040893,0.00521297,0.615868
NLOBK_MVgamma_smallest,0.00656841,4.5,0.423863,0.0616193,0.0340254,0.00436086,0.574849
NLOBK_MVgamma_smallest,0.00985261,4.5,0.40088,0.0544221,0.0280101,0.00360181,0.535109
NLOBK_MVgamma_smallest,1e-05,45.0,2.53275,0.497418,0.972168,0.206698,2.5406
NLOBK_MVgamma_smallest,1.5e-05,45.0,2.36369,0.460245,0.894079,0.190507,2.39453
NLOBK_MVgamma_smallest,2.25e-05,45.0,2.20058,0.424715,0.820001,0.175282,2.25554
NLOBK_MVgamma_smallest,3.375e-05,45.0,2.0443,0.391212,0.749756,0.160745,2.12316
NLOBK_MVgamma_smallest,5.0625e-05,45.0,1.89641,0.358957,0.682956,0.146874,1.99713
NLOBK_MVgamma_smallest,7.59375e-05,45.0,1.75604,0.328449,0.619423,0.133814,1.87718
NLOBK_MVgamma_smallest,0.000113906,45.0,1.61992,0.299331,0.559508,0.12141,1.76306
NLOBK_MVgamma_smallest,0.000170859,45.0,1.49187,0.271678,0.50224,0.109597,1.65446
NLOBK_MVgamma_smallest,0.000256289,45.0,1.36991,0.24564,0.448337,0.0985452,1.55118
NLOBK_MVgamma_smallest,0.000384434,45.0,1.25405,0.220961,0.398091,0.0879865,1.45292
NLOBK_MVgamma_smallest,0.00057665,45.0,1.14446,0.197498,0.350024,0.0780929,1.35746
NLOBK_MVgamma_smallest,0.000864976,45.0,1.04079,0.175188,0.305743,0.0688578,1.26216
NLOBK_MVgamma_smallest,0.00129746,45.0,0.944584,0.154567,0.264182,0.0602349,1.17003
NLOBK_MVgamma_smallest,0.0019462,45.0,0.855035,0.135227,0.225756,0.052059,1.07839
NLOBK_MVgamma_smallest,0.00291929,45.0,0.771323,0.117278,0.190156,0.0445528,0.9877
NLOBK_MVgamma_smallest,0.00437894,45.0,0.695846,0.100546,0.157968,0.0377044,0.901377
NLOBK_MVgamma_smallest,0.00656841,45.0,0.626466,0.0851259,0.128074,0.0313342,0.814056
NLOBK_MVgamma_smallest,0.00985261,45.0,0.565816,0.0714384,0.101927,0.0256456,0.73186
NLOBK_MVgamma_smallest,1e-05,15.0,1.78111,0.360425,0.548385,0.0987925,1.98589
NLOBK_MVgamma_smallest,1.5e-05,15.0,1.67319,0.33585,0.505766,0.0914553,1.88588
NLOBK_MVgamma_smallest,2.25e-05,15.0,1.5692,0.312191,0.465309,0.0843993,1.78959
NLOBK_MVgamma_smallest,3.375e-05,15.0,1.46925,0.28949,0.426355,0.0777283,1.6968
NLOBK_MVgamma_smallest,5.0625e-05,15.0,1.37264,0.267551,0.389552,0.0712842,1.60735
NLOBK_MVgamma_smallest,7.59375e-05,15.0,1.28054,0.246457,0.354229,0.0651871,1.5211
NLOBK_MVgamma_smallest,0.000113906,15.0,1.19174,0.226159,0.320495,0.0592876,1.43794
NLOBK_MVgamma_smallest,0.000170859,15.0,1.10752,0.206916,0.288615,0.0537111,1.35768
NLOBK_MVgamma_smallest,0.000256289,15.0,1.02623,0.188381,0.258354,0.0484079,1.28023
NLOBK_MVgamma_smallest,0.000384434,15.0,0.949331,0.170726,0.229825,0.0433516,1.20545
NLOBK_MVgamma_smallest,0.00057665,15.0,0.876176,0.153825,0.202911,0.0385782,1.1325
NLOBK_MVgamma_smallest,0.000864976,15.0,0.806747,0.137635,0.177647,0.0340438,1.0603
NLOBK_MVgamma_smallest,0.00129746,15.0,0.741935,0.122476,0.154114,0.0297851,0.990016
NLOBK_MVgamma_smallest,0.0019462,15.0,0.681229,0.108087,0.132273,0.0258396,0.920581
NLOBK_MVgamma_smallest,0.00291929,15.0,0.624899,0.0945147,0.112073,0.0221004,0.852215
NLOBK_MVgamma_smallest,0.00437894,15.0,0.573194,0.0818725,0.0936391,0.0186837,0.786259
NLOBK_MVgamma_smallest,0.00656841,15.0,0.526706,0.07018,0.0770521,0.0155367,0.720642
NLOBK_MVgamma_smallest,0.00985261,15.0,0.485398,0.0595166,0.0623352,0.0127158,0.657861
NLOBK_MVgamma_smallest,1e-05,27.0,2.16534,0.430436,0.761531,0.153271,2.2978
NLOBK_MVgamma_smallest,1.5e-05,27.0,2.02618,0.399827,0.701662,0.141661,2.17318
NLOBK_MVgamma_smallest,2.25e-05,27.0,1.89296,0.36993,0.644244,0.130382,2.05391
NLOBK_MVgamma_smallest,3.375e-05,27.0,1.76469,0.341546,0.589763,0.119973,1.93966
NLOBK_MVgamma_smallest,5.0625e-05,27.0,1.64358,0.314549,0.537596,0.109729,1.83022
NLOBK_MVgamma_smallest,7.59375e-05,27.0,1.52519,0.288538,0.488564,0.100073,1.7254
NLOBK_MVgamma_smallest,0.000113906,27.0,1.41298,0.263657,0.44165,0.0909487,1.625
NLOBK_MVgamma_smallest,0.000170859,27.0,1.30598,0.240106,0.39718,0.0821931,1.52879
NLOBK_MVgamma_smallest,0.000256289,27.0,1.20436,0.217635,0.355097,0.0739891,1.43663
NLOBK_MVgamma_smallest,0.000384434,27.0,1.10697,0.196211,0.315541,0.0661291,1.3483
NLOBK_MVgamma_smallest,0.00057665,27.0,1.01629,0.175958,0.278152,0.0588228,1.26237
NLOBK_MVgamma_smallest,0.000864976,27.0,0.928767,0.156571,0.243241,0.0518676,1.17709
NLOBK_MVgamma_smallest,0.00129746,27.0,0.848301,0.138661,0.210702,0.0453938,1.09439
NLOBK_MVgamma_smallest,0.0019462,27.0,0.772777,0.121598,0.180405,0.039196,1.01252
NLOBK_MVgamma_smallest,0.00291929,27.0,0.702459,0.105806,0.15235,0.0336151,0.931782
NLOBK_MVgamma_smallest,0.00437894,27.0,0.63845,0.0911242,0.12685,0.0283679,0.854414
NLOBK_MVgamma_smallest,0.00656841,27.0,0.580076,0.0773216,0.103604,0.0235623,0.776904
NLOBK_MVgamma_smallest,0.00985261,27.0,0.528732,0.0649983,0.0830715,0.0192363,0.703329
