NLOBK_MVgamma_smallest,1e-05,4.5,1.12738,0.237437,0.22574,0.0256304,1.3271
NLOBK_MVgamma_smallest,1.5e-05,4.5,1.0694,0.223611,0.208643,0.0238344,1.27186
NLOBK_MVgamma_smallest,2.25e-05,4.5,1.01345,0.21028,0.192103,0.0220672,1.21809
NLOBK_MVgamma_smallest,3.375e-05,4.5,0.958921,0.197349,0.176317,0.0203775,1.16569
NLOBK_MVgamma_smallest,5.0625e-05,4.5,0.906339,0.184881,0.161184,0.0187561,1.11463
NLOBK_MVgamma_smallest,7.59375e-05,4.5,0.855522,0.172547,0.146726,0.0171887,1.06485
NLOBK_MVgamma_smallest,0.000113906,4.5,0.806295,0.16054,0.132928,0.0156793,1.0163
NLOBK_MVgamma_smallest,0.000170859,4.5,0.759158,0.149059,0.119893,0.0142511,0.968904
NLOBK_MVgamma_smallest,0.000256289,4.5,0.713394,0.137779,0.10739,0.012876,0.922635
NLOBK_MVgamma_smallest,0.000384434,4.5,0.670003,0.126921,0.0956346,0.0115514,0.877392
NLOBK_MVgamma_smallest,0.00057665,4.5,0.628459,0.116503,0.0845726,0.0103018,0.832905
NLOBK_MVgamma_smallest,0.000864976,4.5,0.589008,0.10631,0.0742442,0.00912792,0.789342
NLOBK_MVgamma_smallest,0.00129746,4.5,0.551842,0.0965628,0.06456,0.00800985,0.746595
NLOBK_MVgamma_smallest,0.0019462,4.5,0.517074,0.0872855,0.0556138,0.0069487,0.703733
NLOBK_MVgamma_smallest,0.00291929,4.5,0.484977,0.0784203,0.0473897,0.00597192,0.661012
NLOBK_MVgamma_smallest,0.00437894,4.5,0.455531,0.0700787,0.0399152,0.0050648,0.619681
NLOBK_MVgamma_smallest,0.00656841,4.5,0.429507,0.0623364,0.0332939,0.00424735,0.580408
NLOBK_MVgamma_smallest,0.00985261,4.5,0.40685,0.0552341,0.0274674,0.00351001,0.541916
NLOBK_MVgamma_smallest,1e-05,45.0,2.48305,0.484777,0.944494,0.200422,2.51186
NLOBK_MVgamma_smallest,1.5e-05,45.0,2.31806,0.448849,0.868831,0.18484,2.36826
NLOBK_MVgamma_smallest,2.25e-05,45.0,2.15888,0.414565,0.797605,0.170095,2.23139
NLOBK_MVgamma_smallest,3.375e-05,45.0,2.00789,0.381729,0.729042,0.155969,2.10095
NLOBK_MVgamma_smallest,5.0625e-05,45.0,1.86427,0.350704,0.6645,0.142547,1.97667
NLOBK_MVgamma_smallest,7.59375e-05,45.0,1.72631,0.320746,0.602782,0.12996,1.8583
NLOBK_MVgamma_smallest,0.000113906,45.0,1.5947,0.292565,0.544131,0.117967,1.74559
NLOBK_MVgamma_smallest,0.000170859,45.0,1.46919,0.265723,0.489053,0.106489,1.6383
NLOBK_MVgamma_smallest,0.000256289,45.0,1.35094,0.240224,0.437181,0.095829,1.53624
NLOBK_MVgamma_smallest,0.000384434,45.0,1.23764,0.216159,0.387778,0.0855853,1.43843
NLOBK_MVgamma_smallest,0.00057665,45.0,1.13028,0.19322,0.341632,0.0759593,1.34327
NLOBK_MVgamma_smallest,0.000864976,45.0,1.03017,0.171843,0.298565,0.0670785,1.25196
NLOBK_MVgamma_smallest,0.00129746,45.0,0.936315,0.151661,0.258199,0.0586328,1.16377
NLOBK_MVgamma_smallest,0.0019462,45.0,0.848777,0.132684,0.220426,0.0507159,1.07138
NLOBK_MVgamma_smallest,0.00291929,45.0,0.766959,0.115057,0.185848,0.0434472,0.976617
NLOBK_MVgamma_smallest,0.00437894,45.0,0.692563,0.0987397,0.15381,0.0366161,0.888276
NLOBK_MVgamma_smallest,0.00656841,45.0,0.625858,0.0838703,0.12556,0.0305517,0.810137
NLOBK_MVgamma_smallest,0.00985261,45.0,0.566705,0.0703709,0.100105,0.0251225,0.733432
NLOBK_MVgamma_smallest,1e-05,15.0,1.756,0.353916,0.534089,0.0959067,1.97269
NLOBK_MVgamma_smallest,1.5e-05,15.0,1.65069,0.330107,0.492912,0.0888581,1.87393
NLOBK_MVgamma_smallest,2.25e-05,15.0,1.54945,0.306751,0.453308,0.0820038,1.77874
NLOBK_MVgamma_smallest,3.375e-05,15.0,1.45201,0.284885,0.415544,0.0755247,1.68694
NLOBK_MVgamma_smallest,5.0625e-05,15.0,1.35771,0.263216,0.379647,0.0693287,1.59839
NLOBK_MVgamma_smallest,7.59375e-05,15.0,1.26753,0.242767,0.345306,0.0633562,1.51298
NLOBK_MVgamma_smallest,0.000113906,15.0,1.18114,0.223068,0.312625,0.0576936,1.43058
NLOBK_MVgamma_smallest,0.000170859,15.0,1.09845,0.203988,0.281587,0.0523015,1.35107
NLOBK_MVgamma_smallest,0.000256289,15.0,1.01885,0.185827,0.252239,0.0470885,1.27434
NLOBK_MVgamma_smallest,0.000384434,15.0,0.943617,0.168538,0.224485,0.0422225,1.20003
NLOBK_MVgamma_smallest,0.00057665,15.0,0.871633,0.151984,0.198238,0.0375658,1.12747
NLOBK_MVgamma_smallest,0.000864976,15.0,0.804269,0.136137,0.173707,0.0331978,1.05711
NLOBK_MVgamma_smallest,0.00129746,15.0,0.740679,0.121318,0.150919,0.0290867,0.988648
NLOBK_MVgamma_smallest,0.0019462,15.0,0.680723,0.107175,0.129326,0.0251897,0.919226
NLOBK_MVgamma_smallest,0.00291929,15.0,0.625217,0.0938102,0.109583,0.0215497,0.849519
NLOBK_MVgamma_smallest,0.00437894,15.0,0.574695,0.0813876,0.0917158,0.0182184,0.783126
NLOBK_MVgamma_smallest,0.00656841,15.0,0.529101,0.0698752,0.0756122,0.015188,0.721811
NLOBK_MVgamma_smallest,0.00985261,15.0,0.488864,0.0593674,0.0611517,0.0124343,0.661822
NLOBK_MVgamma_smallest,1e-05,27.0,2.12737,0.421014,0.74073,0.148681,2.2767
NLOBK_MVgamma_smallest,1.5e-05,27.0,1.99211,0.390819,0.682674,0.137533,2.15392
NLOBK_MVgamma_smallest,2.25e-05,27.0,1.86264,0.362082,0.627221,0.12674,2.03626
NLOBK_MVgamma_smallest,3.375e-05,27.0,1.73837,0.334739,0.574333,0.116441,1.92347
NLOBK_MVgamma_smallest,5.0625e-05,27.0,1.61847,0.308012,0.523953,0.106667,1.81535
NLOBK_MVgamma_smallest,7.59375e-05,27.0,1.50394,0.28276,0.475899,0.0972897,1.71174
NLOBK_MVgamma_smallest,0.000113906,27.0,1.39482,0.258725,0.430479,0.0884325,1.61243
NLOBK_MVgamma_smallest,0.000170859,27.0,1.29012,0.235759,0.387041,0.0799671,1.51726
NLOBK_MVgamma_smallest,0.000256289,27.0,1.19044,0.213664,0.346438,0.0720095,1.42608
NLOBK_MVgamma_smallest,0.000384434,27.0,1.09618,0.192895,0.307794,0.0644021,1.33826
NLOBK_MVgamma_smallest,0.00057665,27.0,1.00705,0.173041,0.27169,0.0572864,1.25273
NLOBK_MVgamma_smallest,0.000864976,27.0,0.922468,0.154171,0.237709,0.0505407,1.17025
NLOBK_MVgamma_smallest,0.00129746,27.0,0.843396,0.136526,0.206066,0.0442497,1.09033
NLOBK_MVgamma_smallest,0.0019462,27.0,0.768922,0.119885,0.176431,0.03828,1.00818
NLOBK_MVgamma_smallest,0.00291929,27.0,0.7004,0.104314,0.148955,0.0327334,0.924925
NLOBK_MVgamma_smallest,0.00437894,27.0,0.637336,0.0898493,0.123806,0.0276325,0.846455
NLOBK_MVgamma_smallest,0.00656841,27.0,0.581175,0.0765496,0.10169,0.0230258,0.775477
NLOBK_MVgamma_smallest,0.00985261,27.0,0.530745,0.0644323,0.0816959,0.0188628,0.705956
