NLOBK_MVgamma_smallest,1e-05,4.5,1.07467,0.226385,0.209441,0.0236263,1.17737
NLOBK_MVgamma_smallest,1.5e-05,4.5,1.01944,0.213235,0.193356,0.0219222,1.12522
NLOBK_MVgamma_smallest,2.25e-05,4.5,0.965636,0.20047,0.177981,0.0202975,1.07476
NLOBK_MVgamma_smallest,3.375e-05,4.5,0.913659,0.188013,0.163288,0.0187382,1.02595
NLOBK_MVgamma_smallest,5.0625e-05,4.5,0.863452,0.176024,0.149156,0.0172085,0.978703
NLOBK_MVgamma_smallest,7.59375e-05,4.5,0.815027,0.164347,0.135705,0.015762,0.932973
NLOBK_MVgamma_smallest,0.000113906,4.5,0.767932,0.152887,0.12289,0.0143807,0.888708
NLOBK_MVgamma_smallest,0.000170859,4.5,0.722917,0.141873,0.110724,0.0130543,0.84582
NLOBK_MVgamma_smallest,0.000256289,4.5,0.679637,0.131152,0.09915,0.0117828,0.804277
NLOBK_MVgamma_smallest,0.000384434,4.5,0.638345,0.120823,0.0882865,0.0105814,0.764049
NLOBK_MVgamma_smallest,0.00057665,4.5,0.598748,0.11086,0.0780582,0.00943054,0.72508
NLOBK_MVgamma_smallest,0.000864976,4.5,0.561306,0.101202,0.0684631,0.0083531,0.687333
NLOBK_MVgamma_smallest,0.00129746,4.5,0.5259,0.0919157,0.0595475,0.00732664,0.65075
NLOBK_MVgamma_smallest,0.0019462,4.5,0.49303,0.083081,0.0513317,0.00636525,0.615319
NLOBK_MVgamma_smallest,0.00291929,4.5,0.46258,0.0746404,0.0437546,0.00546592,0.581027
NLOBK_MVgamma_smallest,0.00437894,4.5,0.435096,0.0667408,0.0369134,0.00464948,0.54784
NLOBK_MVgamma_smallest,0.00656841,4.5,0.410236,0.0592853,0.0308213,0.00389986,0.515756
NLOBK_MVgamma_smallest,0.00985261,4.5,0.38887,0.0524946,0.0254256,0.00322638,0.484786
NLOBK_MVgamma_smallest,1e-05,45.0,2.32252,0.449926,0.867652,0.184069,2.23773
NLOBK_MVgamma_smallest,1.5e-05,45.0,2.1673,0.415985,0.797699,0.169542,2.09892
NLOBK_MVgamma_smallest,2.25e-05,45.0,2.01889,0.383766,0.730555,0.155684,1.96695
NLOBK_MVgamma_smallest,3.375e-05,45.0,1.87723,0.353084,0.667215,0.142678,1.84166
NLOBK_MVgamma_smallest,5.0625e-05,45.0,1.74266,0.323924,0.607084,0.130305,1.72268
NLOBK_MVgamma_smallest,7.59375e-05,45.0,1.61427,0.29632,0.55061,0.118542,1.60976
NLOBK_MVgamma_smallest,0.000113906,45.0,1.49184,0.269714,0.496903,0.107421,1.50265
NLOBK_MVgamma_smallest,0.000170859,45.0,1.37568,0.245052,0.446197,0.0970719,1.40102
NLOBK_MVgamma_smallest,0.000256289,45.0,1.2658,0.221679,0.398229,0.0871773,1.30468
NLOBK_MVgamma_smallest,0.000384434,45.0,1.16139,0.199172,0.353118,0.0776987,1.21343
NLOBK_MVgamma_smallest,0.00057665,45.0,1.06287,0.178324,0.310998,0.0689424,1.12703
NLOBK_MVgamma_smallest,0.000864976,45.0,0.970148,0.158422,0.271809,0.0607058,1.04523
NLOBK_MVgamma_smallest,0.00129746,45.0,0.884231,0.139853,0.235463,0.0531977,0.967843
NLOBK_MVgamma_smallest,0.0019462,45.0,0.804406,0.122532,0.201793,0.04608,0.894672
NLOBK_MVgamma_smallest,0.00291929,45.0,0.729835,0.106437,0.170592,0.0394148,0.825531
NLOBK_MVgamma_smallest,0.00437894,45.0,0.662652,0.0915609,0.142222,0.0334391,0.760247
NLOBK_MVgamma_smallest,0.00656841,45.0,0.601889,0.0779027,0.116623,0.0278826,0.698688
NLOBK_MVgamma_smallest,0.00985261,45.0,0.548206,0.0654868,0.0939588,0.0229074,0.640692
NLOBK_MVgamma_smallest,1e-05,15.0,1.66074,0.333206,0.493937,0.0885032,1.74621
NLOBK_MVgamma_smallest,1.5e-05,15.0,1.56105,0.310619,0.45542,0.0818563,1.65242
NLOBK_MVgamma_smallest,2.25e-05,15.0,1.46493,0.288625,0.41856,0.0754771,1.56244
NLOBK_MVgamma_smallest,3.375e-05,15.0,1.3729,0.267683,0.383586,0.0694767,1.47617
NLOBK_MVgamma_smallest,5.0625e-05,15.0,1.28421,0.24743,0.349903,0.0637186,1.39343
NLOBK_MVgamma_smallest,7.59375e-05,15.0,1.19869,0.228102,0.318059,0.0581949,1.31409
NLOBK_MVgamma_smallest,0.000113906,15.0,1.11772,0.209588,0.287828,0.052966,1.23802
NLOBK_MVgamma_smallest,0.000170859,15.0,1.03991,0.191801,0.259395,0.0479521,1.16504
NLOBK_MVgamma_smallest,0.000256289,15.0,0.96576,0.17484,0.232169,0.0432193,1.09506
NLOBK_MVgamma_smallest,0.000384434,15.0,0.894655,0.158489,0.206509,0.0386928,1.028
NLOBK_MVgamma_smallest,0.00057665,15.0,0.827536,0.143001,0.182522,0.034433,0.963718
NLOBK_MVgamma_smallest,0.000864976,15.0,0.764268,0.128276,0.16001,0.0304072,0.90211
NLOBK_MVgamma_smallest,0.00129746,15.0,0.704911,0.114276,0.13898,0.0266369,0.843066
NLOBK_MVgamma_smallest,0.0019462,15.0,0.649451,0.101106,0.119449,0.0231019,0.786514
NLOBK_MVgamma_smallest,0.00291929,15.0,0.597777,0.0887115,0.101567,0.0198276,0.732383
NLOBK_MVgamma_smallest,0.00437894,15.0,0.550866,0.077077,0.0852669,0.0168001,0.680592
NLOBK_MVgamma_smallest,0.00656841,15.0,0.508286,0.0662741,0.070528,0.0140015,0.631103
NLOBK_MVgamma_smallest,0.00985261,15.0,0.470983,0.0564836,0.0573259,0.0115171,0.583878
NLOBK_MVgamma_smallest,1e-05,27.0,2.00046,0.393171,0.682838,0.136979,2.02027
NLOBK_MVgamma_smallest,1.5e-05,27.0,1.87347,0.364834,0.628755,0.126369,1.90274
NLOBK_MVgamma_smallest,2.25e-05,27.0,1.75064,0.337571,0.57694,0.116371,1.79053
NLOBK_MVgamma_smallest,3.375e-05,27.0,1.63409,0.311749,0.527587,0.106759,1.68349
NLOBK_MVgamma_smallest,5.0625e-05,27.0,1.52186,0.28713,0.481009,0.0977158,1.58135
NLOBK_MVgamma_smallest,7.59375e-05,27.0,1.41508,0.263378,0.436658,0.0890478,1.48394
NLOBK_MVgamma_smallest,0.000113906,27.0,1.31182,0.240676,0.394734,0.0808899,1.39105
NLOBK_MVgamma_smallest,0.000170859,27.0,1.21505,0.219237,0.355074,0.0731546,1.30246
NLOBK_MVgamma_smallest,0.000256289,27.0,1.12242,0.198909,0.317106,0.0656819,1.218
NLOBK_MVgamma_smallest,0.000384434,27.0,1.0345,0.179358,0.281962,0.058771,1.13756
NLOBK_MVgamma_smallest,0.00057665,27.0,0.951493,0.161042,0.248793,0.052226,1.06093
NLOBK_MVgamma_smallest,0.000864976,27.0,0.873038,0.143699,0.217691,0.0461112,0.987961
NLOBK_MVgamma_smallest,0.00129746,27.0,0.800067,0.127266,0.188962,0.0403239,0.918488
NLOBK_MVgamma_smallest,0.0019462,27.0,0.73159,0.111924,0.162165,0.0349748,0.852389
NLOBK_MVgamma_smallest,0.00291929,27.0,0.668392,0.0975851,0.137485,0.0299432,0.789539
NLOBK_MVgamma_smallest,0.00437894,27.0,0.611148,0.0841925,0.115091,0.0253518,0.729816
NLOBK_MVgamma_smallest,0.00656841,27.0,0.558852,0.0718822,0.0947,0.0211265,0.67314
NLOBK_MVgamma_smallest,0.00985261,27.0,0.512824,0.0607168,0.0766112,0.0174066,0.619418
