NLOBK_MVgamma_smallest,1e-05,4.5,1.11014,0.233293,0.221387,0.0252304,1.311
NLOBK_MVgamma_smallest,1.5e-05,4.5,1.05345,0.219928,0.204613,0.0234431,1.25661
NLOBK_MVgamma_smallest,2.25e-05,4.5,0.998973,0.206932,0.188513,0.021735,1.20361
NLOBK_MVgamma_smallest,3.375e-05,4.5,0.945802,0.194325,0.173027,0.0200669,1.152
NLOBK_MVgamma_smallest,5.0625e-05,4.5,0.894272,0.181915,0.158172,0.018459,1.10169
NLOBK_MVgamma_smallest,7.59375e-05,4.5,0.844559,0.169981,0.144086,0.01693,1.05267
NLOBK_MVgamma_smallest,0.000113906,4.5,0.796525,0.158291,0.130531,0.0154702,1.00484
NLOBK_MVgamma_smallest,0.000170859,4.5,0.750324,0.146997,0.117701,0.0140476,0.958205
NLOBK_MVgamma_smallest,0.000256289,4.5,0.705744,0.135966,0.105564,0.0126997,0.912662
NLOBK_MVgamma_smallest,0.000384434,4.5,0.663435,0.125382,0.0940362,0.0114135,0.868158
NLOBK_MVgamma_smallest,0.00057665,4.5,0.622632,0.115124,0.0831622,0.0101714,0.824531
NLOBK_MVgamma_smallest,0.000864976,4.5,0.58414,0.105192,0.0730166,0.00900612,0.781702
NLOBK_MVgamma_smallest,0.00129746,4.5,0.547623,0.0956193,0.0635684,0.0079105,0.739554
NLOBK_MVgamma_smallest,0.0019462,4.5,0.513578,0.086505,0.0547552,0.00687582,0.697559
NLOBK_MVgamma_smallest,0.00291929,4.5,0.48216,0.0778233,0.0467048,0.00590037,0.656671
NLOBK_MVgamma_smallest,0.00437894,4.5,0.453538,0.0696357,0.0394108,0.00501298,0.616649
NLOBK_MVgamma_smallest,0.00656841,4.5,0.427844,0.0620201,0.0328033,0.00419779,0.576721
NLOBK_MVgamma_smallest,0.00985261,4.5,0.405644,0.0550189,0.0270284,0.00346951,0.538462
NLOBK_MVgamma_smallest,1e-05,45.0,2.42506,0.472077,0.921121,0.19518,2.46693
NLOBK_MVgamma_smallest,1.5e-05,45.0,2.26565,0.436979,0.847756,0.180184,2.32602
NLOBK_MVgamma_smallest,2.25e-05,45.0,2.11147,0.40381,0.777767,0.165648,2.19148
NLOBK_MVgamma_smallest,3.375e-05,45.0,1.96455,0.371679,0.711347,0.151932,2.06314
NLOBK_MVgamma_smallest,5.0625e-05,45.0,1.82441,0.341465,0.647979,0.138988,1.94097
NLOBK_MVgamma_smallest,7.59375e-05,45.0,1.68949,0.312492,0.587949,0.126589,1.82473
NLOBK_MVgamma_smallest,0.000113906,45.0,1.56089,0.285038,0.531159,0.114976,1.71414
NLOBK_MVgamma_smallest,0.000170859,45.0,1.44001,0.258926,0.477719,0.103828,1.60892
NLOBK_MVgamma_smallest,0.000256289,45.0,1.32393,0.234186,0.426694,0.0934317,1.50869
NLOBK_MVgamma_smallest,0.000384434,45.0,1.21382,0.21086,0.378926,0.0835251,1.41322
NLOBK_MVgamma_smallest,0.00057665,45.0,1.11036,0.188833,0.333919,0.074165,1.32114
NLOBK_MVgamma_smallest,0.000864976,45.0,1.01212,0.167892,0.291766,0.0654602,1.23171
NLOBK_MVgamma_smallest,0.00129746,45.0,0.920362,0.148097,0.252639,0.0572438,1.14397
NLOBK_MVgamma_smallest,0.0019462,45.0,0.835269,0.129698,0.215781,0.0495706,1.05387
NLOBK_MVgamma_smallest,0.00291929,45.0,0.755967,0.112589,0.181965,0.0424686,0.968433
NLOBK_MVgamma_smallest,0.00437894,45.0,0.68414,0.0966971,0.151271,0.035913,0.885652
NLOBK_MVgamma_smallest,0.00656841,45.0,0.618344,0.0821401,0.122968,0.0298867,0.799536
NLOBK_MVgamma_smallest,0.00985261,45.0,0.560236,0.0688627,0.0979598,0.0245223,0.720512
NLOBK_MVgamma_smallest,5.0625e-05,15.0,1.37583,0.268622,0.395231,0.0727816,1.61752
NLOBK_MVgamma_smallest,7.59375e-05,15.0,1.28314,0.247312,0.359267,0.0665018,1.53065
NLOBK_MVgamma_smallest,0.000113906,15.0,1.19325,0.227001,0.325036,0.060543,1.44688
NLOBK_MVgamma_smallest,0.000170859,15.0,1.1084,0.207456,0.292721,0.0548381,1.36603
NLOBK_MVgamma_smallest,0.000256289,15.0,1.02683,0.188905,0.262055,0.0493677,1.28806
NLOBK_MVgamma_smallest,0.000384434,15.0,0.949518,0.171098,0.232951,0.0441977,1.2122
NLOBK_MVgamma_smallest,0.00057665,15.0,0.875213,0.15397,0.205597,0.0393294,1.13758
NLOBK_MVgamma_smallest,0.000864976,15.0,0.805775,0.137766,0.179966,0.0346781,1.06472
NLOBK_MVgamma_smallest,0.00129746,15.0,0.740576,0.122519,0.156117,0.0303288,0.993602
NLOBK_MVgamma_smallest,0.0019462,15.0,0.679591,0.108067,0.134058,0.0263061,0.923868
NLOBK_MVgamma_smallest,0.00291929,15.0,0.622727,0.0944935,0.11348,0.0225033,0.854755
NLOBK_MVgamma_smallest,0.00437894,15.0,0.570844,0.0817514,0.0947466,0.0190074,0.786658
NLOBK_MVgamma_smallest,0.00656841,15.0,0.524395,0.0700459,0.0778594,0.0158085,0.720155
NLOBK_MVgamma_smallest,0.00985261,15.0,0.482908,0.0593329,0.0628607,0.0129061,0.655928
NLOBK_MVgamma_smallest,7.59375e-05,27.0,1.52959,0.290036,0.494794,0.101714,1.73978
NLOBK_MVgamma_smallest,0.000113906,27.0,1.4156,0.264894,0.447554,0.0923534,1.63855
NLOBK_MVgamma_smallest,0.000170859,27.0,1.30863,0.241105,0.402007,0.0834803,1.54153
NLOBK_MVgamma_smallest,0.000256289,27.0,1.20522,0.218315,0.359359,0.0751425,1.44865
NLOBK_MVgamma_smallest,0.000384434,27.0,1.10832,0.196806,0.319193,0.0671507,1.35867
NLOBK_MVgamma_smallest,0.00057665,27.0,1.01643,0.176366,0.281397,0.0596803,1.27014
NLOBK_MVgamma_smallest,0.000864976,27.0,0.929149,0.157018,0.245867,0.0526428,1.18398
NLOBK_MVgamma_smallest,0.00129746,27.0,0.847696,0.138859,0.21281,0.0460354,1.10012
NLOBK_MVgamma_smallest,0.0019462,27.0,0.771256,0.121725,0.182146,0.0398271,1.01799
NLOBK_MVgamma_smallest,0.00291929,27.0,0.700807,0.105884,0.15385,0.0340113,0.936319
NLOBK_MVgamma_smallest,0.00437894,27.0,0.635904,0.0909601,0.127806,0.0287053,0.855691
NLOBK_MVgamma_smallest,0.00656841,27.0,0.577673,0.0772107,0.104339,0.0238748,0.777059
NLOBK_MVgamma_smallest,0.00985261,27.0,0.526196,0.0647946,0.0836071,0.0194802,0.701333
