NLOBK_MVgamma_smallest,1e-05,4.5,1.07485,0.226196,0.202089,0.0221609,1.18014
NLOBK_MVgamma_smallest,1.5e-05,4.5,1.01999,0.213198,0.186608,0.0205641,1.1286
NLOBK_MVgamma_smallest,2.25e-05,4.5,0.966378,0.200513,0.171597,0.0190435,1.07867
NLOBK_MVgamma_smallest,3.375e-05,4.5,0.91493,0.188152,0.157376,0.0175596,1.0303
NLOBK_MVgamma_smallest,5.0625e-05,4.5,0.864749,0.176141,0.143695,0.0161292,0.983456
NLOBK_MVgamma_smallest,7.59375e-05,4.5,0.816569,0.164585,0.130719,0.014776,0.938054
NLOBK_MVgamma_smallest,0.000113906,4.5,0.770136,0.153171,0.118382,0.0134764,0.89405
NLOBK_MVgamma_smallest,0.000170859,4.5,0.725098,0.142209,0.106546,0.0122243,0.851391
NLOBK_MVgamma_smallest,0.000256289,4.5,0.681866,0.13148,0.0954704,0.0110432,0.810017
NLOBK_MVgamma_smallest,0.000384434,4.5,0.640763,0.121213,0.084896,0.0098983,0.769882
NLOBK_MVgamma_smallest,0.00057665,4.5,0.601293,0.111209,0.0749912,0.00881913,0.730957
NLOBK_MVgamma_smallest,0.000864976,4.5,0.563955,0.101636,0.0657324,0.00779913,0.693199
NLOBK_MVgamma_smallest,0.00129746,4.5,0.528591,0.0923865,0.0571475,0.00683871,0.656582
NLOBK_MVgamma_smallest,0.0019462,4.5,0.495829,0.0835346,0.0491803,0.00594091,0.621057
NLOBK_MVgamma_smallest,0.00291929,4.5,0.465593,0.0751362,0.0418702,0.00510171,0.586606
NLOBK_MVgamma_smallest,0.00437894,4.5,0.437875,0.0672134,0.0353123,0.00433164,0.553192
NLOBK_MVgamma_smallest,0.00656841,4.5,0.41321,0.0598055,0.0294131,0.00362809,0.520867
NLOBK_MVgamma_smallest,0.00985261,4.5,0.39181,0.0529967,0.0242655,0.00299732,0.489707
NLOBK_MVgamma_smallest,1e-05,45.0,2.31357,0.447328,0.852304,0.18013,2.22415
NLOBK_MVgamma_smallest,1.5e-05,45.0,2.16014,0.413847,0.783506,0.165929,2.08759
NLOBK_MVgamma_smallest,2.25e-05,45.0,2.01273,0.382009,0.717572,0.152392,1.95774
NLOBK_MVgamma_smallest,3.375e-05,45.0,1.87256,0.351621,0.655864,0.139733,1.83428
NLOBK_MVgamma_smallest,5.0625e-05,45.0,1.73905,0.322702,0.596621,0.127566,1.71703
NLOBK_MVgamma_smallest,7.59375e-05,45.0,1.61109,0.295199,0.54087,0.116155,1.60569
NLOBK_MVgamma_smallest,0.000113906,45.0,1.48944,0.269318,0.488004,0.105227,1.49998
NLOBK_MVgamma_smallest,0.000170859,45.0,1.37454,0.244347,0.438167,0.0949112,1.39971
NLOBK_MVgamma_smallest,0.000256289,45.0,1.26424,0.220981,0.391393,0.0853071,1.30459
NLOBK_MVgamma_smallest,0.000384434,45.0,1.16045,0.198702,0.347105,0.0761663,1.21437
NLOBK_MVgamma_smallest,0.00057665,45.0,1.06286,0.17787,0.305935,0.0676094,1.12888
NLOBK_MVgamma_smallest,0.000864976,45.0,0.970343,0.15801,0.267183,0.0595203,1.04793
NLOBK_MVgamma_smallest,0.00129746,45.0,0.884478,0.139664,0.231207,0.0520558,0.971268
NLOBK_MVgamma_smallest,0.0019462,45.0,0.80472,0.122321,0.19828,0.0451269,0.898606
NLOBK_MVgamma_smallest,0.00291929,45.0,0.730299,0.106229,0.167384,0.0386005,0.829693
NLOBK_MVgamma_smallest,0.00437894,45.0,0.663348,0.0913761,0.139646,0.0327183,0.764148
NLOBK_MVgamma_smallest,0.00656841,45.0,0.602834,0.077765,0.114466,0.0272877,0.702116
NLOBK_MVgamma_smallest,0.00985261,45.0,0.548879,0.0654223,0.0920192,0.0224318,0.644098
NLOBK_MVgamma_smallest,1e-05,15.0,1.65796,0.332017,0.48179,0.0852351,1.74445
NLOBK_MVgamma_smallest,1.5e-05,15.0,1.55765,0.309536,0.444037,0.0788213,1.65189
NLOBK_MVgamma_smallest,2.25e-05,15.0,1.46293,0.287909,0.408183,0.0727524,1.56302
NLOBK_MVgamma_smallest,3.375e-05,15.0,1.37165,0.267141,0.374017,0.0669056,1.47769
NLOBK_MVgamma_smallest,5.0625e-05,15.0,1.28304,0.247074,0.341319,0.0613079,1.39581
NLOBK_MVgamma_smallest,7.59375e-05,15.0,1.19845,0.227765,0.310259,0.056028,1.31722
NLOBK_MVgamma_smallest,0.000113906,15.0,1.11769,0.209259,0.280677,0.0510206,1.24178
NLOBK_MVgamma_smallest,0.000170859,15.0,1.04042,0.191646,0.252701,0.0461863,1.16939
NLOBK_MVgamma_smallest,0.000256289,15.0,0.966165,0.174628,0.226286,0.0416239,1.0999
NLOBK_MVgamma_smallest,0.000384434,15.0,0.895942,0.158482,0.201308,0.0372558,1.03319
NLOBK_MVgamma_smallest,0.00057665,15.0,0.829247,0.143072,0.177865,0.0331602,0.969188
NLOBK_MVgamma_smallest,0.000864976,15.0,0.765625,0.128334,0.155732,0.0292593,0.907785
NLOBK_MVgamma_smallest,0.00129746,15.0,0.706407,0.114333,0.135259,0.0256287,0.848882
NLOBK_MVgamma_smallest,0.0019462,15.0,0.65118,0.101255,0.116218,0.0222465,0.792355
NLOBK_MVgamma_smallest,0.00291929,15.0,0.599631,0.0888264,0.098786,0.0190793,0.738114
NLOBK_MVgamma_smallest,0.00437894,15.0,0.552769,0.077211,0.0827844,0.016143,0.686016
NLOBK_MVgamma_smallest,0.00656841,15.0,0.510374,0.0664568,0.0683654,0.0134557,0.636148
NLOBK_MVgamma_smallest,0.00985261,15.0,0.473017,0.0566354,0.0556867,0.011074,0.58871
NLOBK_MVgamma_smallest,1e-05,27.0,1.99461,0.39141,0.66898,0.133223,2.0135
NLOBK_MVgamma_smallest,1.5e-05,27.0,1.86845,0.363377,0.615757,0.122902,1.89767
NLOBK_MVgamma_smallest,2.25e-05,27.0,1.74667,0.336247,0.565202,0.113268,1.78703
NLOBK_MVgamma_smallest,3.375e-05,27.0,1.63111,0.310939,0.516835,0.103887,1.68133
NLOBK_MVgamma_smallest,5.0625e-05,27.0,1.51982,0.286358,0.471121,0.095117,1.58044
NLOBK_MVgamma_smallest,7.59375e-05,27.0,1.4127,0.262622,0.427675,0.0865892,1.48414
NLOBK_MVgamma_smallest,0.000113906,27.0,1.31102,0.240071,0.386464,0.0787117,1.39223
NLOBK_MVgamma_smallest,0.000170859,27.0,1.21415,0.218913,0.347744,0.0711079,1.30455
NLOBK_MVgamma_smallest,0.000256289,27.0,1.12208,0.198495,0.310794,0.0639601,1.22091
NLOBK_MVgamma_smallest,0.000384434,27.0,1.03495,0.179194,0.276171,0.0572215,1.14111
NLOBK_MVgamma_smallest,0.00057665,27.0,0.952044,0.160836,0.243531,0.050832,1.06503
NLOBK_MVgamma_smallest,0.000864976,27.0,0.873563,0.143472,0.213229,0.0448616,0.992528
NLOBK_MVgamma_smallest,0.00129746,27.0,0.80105,0.12722,0.184883,0.0392671,0.923439
NLOBK_MVgamma_smallest,0.0019462,27.0,0.732461,0.11186,0.158641,0.0340076,0.85756
NLOBK_MVgamma_smallest,0.00291929,27.0,0.669582,0.0974793,0.134318,0.0290931,0.794733
NLOBK_MVgamma_smallest,0.00437894,27.0,0.61199,0.0841442,0.112341,0.0246507,0.73471
NLOBK_MVgamma_smallest,0.00656841,27.0,0.560244,0.0719354,0.0924913,0.0205389,0.677601
NLOBK_MVgamma_smallest,0.00985261,27.0,0.514119,0.060734,0.0747053,0.0169008,0.623734
