NLOBK_MVgamma_smallest,1e-05,4.5,1.13878,0.240286,0.233561,0.0267629,1.34537
NLOBK_MVgamma_smallest,1.5e-05,4.5,1.07984,0.226401,0.215753,0.0248438,1.28888
NLOBK_MVgamma_smallest,2.25e-05,4.5,1.02199,0.212623,0.198547,0.0230056,1.23389
NLOBK_MVgamma_smallest,3.375e-05,4.5,0.965948,0.199364,0.182105,0.021243,1.18036
NLOBK_MVgamma_smallest,5.0625e-05,4.5,0.911895,0.186358,0.166338,0.0195286,1.12824
NLOBK_MVgamma_smallest,7.59375e-05,4.5,0.85927,0.173728,0.151353,0.01789,1.07744
NLOBK_MVgamma_smallest,0.000113906,4.5,0.808701,0.161483,0.136981,0.0163158,1.02785
NLOBK_MVgamma_smallest,0.000170859,4.5,0.760256,0.149714,0.12335,0.0147958,0.979441
NLOBK_MVgamma_smallest,0.000256289,4.5,0.713586,0.138207,0.110478,0.0133676,0.932178
NLOBK_MVgamma_smallest,0.000384434,4.5,0.669184,0.127072,0.0982709,0.0119914,0.885842
NLOBK_MVgamma_smallest,0.00057665,4.5,0.626638,0.116377,0.0868761,0.0106852,0.839946
NLOBK_MVgamma_smallest,0.000864976,4.5,0.586205,0.105981,0.076083,0.00945208,0.794758
NLOBK_MVgamma_smallest,0.00129746,4.5,0.548314,0.0961019,0.0660932,0.00827589,0.75026
NLOBK_MVgamma_smallest,0.0019462,4.5,0.512833,0.0866355,0.0568311,0.00717256,0.705613
NLOBK_MVgamma_smallest,0.00291929,4.5,0.480389,0.0776653,0.0484565,0.00615755,0.662306
NLOBK_MVgamma_smallest,0.00437894,4.5,0.450381,0.0692084,0.0407663,0.00522582,0.619927
NLOBK_MVgamma_smallest,0.00656841,4.5,0.423747,0.0613687,0.0339647,0.00436707,0.578302
NLOBK_MVgamma_smallest,0.00985261,4.5,0.400714,0.0541815,0.0279581,0.00360563,0.538027
NLOBK_MVgamma_smallest,1e-05,45.0,2.5475,0.500658,0.980628,0.208672,2.58971
NLOBK_MVgamma_smallest,1.5e-05,45.0,2.37484,0.463063,0.90177,0.192523,2.44139
NLOBK_MVgamma_smallest,2.25e-05,45.0,2.21235,0.427591,0.827163,0.176944,2.30007
NLOBK_MVgamma_smallest,3.375e-05,45.0,2.05524,0.393565,0.75484,0.162063,2.16555
NLOBK_MVgamma_smallest,5.0625e-05,45.0,1.90491,0.360918,0.687553,0.148076,2.0376
NLOBK_MVgamma_smallest,7.59375e-05,45.0,1.76208,0.330308,0.623599,0.134929,1.91577
NLOBK_MVgamma_smallest,0.000113906,45.0,1.626,0.300899,0.562422,0.122156,1.79975
NLOBK_MVgamma_smallest,0.000170859,45.0,1.49553,0.272619,0.50487,0.110336,1.68941
NLOBK_MVgamma_smallest,0.000256289,45.0,1.37286,0.246448,0.450787,0.0990725,1.58444
NLOBK_MVgamma_smallest,0.000384434,45.0,1.25571,0.221262,0.399195,0.0884904,1.48319
NLOBK_MVgamma_smallest,0.00057665,45.0,1.14525,0.197803,0.351277,0.0785739,1.3822
NLOBK_MVgamma_smallest,0.000864976,45.0,1.04084,0.175446,0.306286,0.0691941,1.28363
NLOBK_MVgamma_smallest,0.00129746,45.0,0.943373,0.154623,0.264234,0.0603614,1.18718
NLOBK_MVgamma_smallest,0.0019462,45.0,0.852771,0.13507,0.224962,0.0521523,1.08686
NLOBK_MVgamma_smallest,0.00291929,45.0,0.768584,0.116974,0.189154,0.0445534,0.993375
NLOBK_MVgamma_smallest,0.00437894,45.0,0.692282,0.0999961,0.156483,0.0375738,0.903256
NLOBK_MVgamma_smallest,0.00656841,45.0,0.623514,0.084705,0.127052,0.0312396,0.814975
NLOBK_MVgamma_smallest,0.00985261,45.0,0.562403,0.0708036,0.100483,0.0254141,0.731836
NLOBK_MVgamma_smallest,1e-05,15.0,1.78976,0.362166,0.552816,0.0998042,2.01653
NLOBK_MVgamma_smallest,1.5e-05,15.0,1.68057,0.337423,0.509919,0.0923603,1.91508
NLOBK_MVgamma_smallest,2.25e-05,15.0,1.57549,0.313621,0.468773,0.0851939,1.8173
NLOBK_MVgamma_smallest,3.375e-05,15.0,1.47507,0.290758,0.429457,0.0784018,1.72311
NLOBK_MVgamma_smallest,5.0625e-05,15.0,1.37746,0.268618,0.391897,0.071907,1.63237
NLOBK_MVgamma_smallest,7.59375e-05,15.0,1.28468,0.247338,0.356305,0.0656963,1.54487
NLOBK_MVgamma_smallest,0.000113906,15.0,1.1949,0.226904,0.322453,0.0597865,1.46042
NLOBK_MVgamma_smallest,0.000170859,15.0,1.10995,0.207461,0.290024,0.0541112,1.37894
NLOBK_MVgamma_smallest,0.000256289,15.0,1.02788,0.188738,0.259574,0.0487691,1.30031
NLOBK_MVgamma_smallest,0.000384434,15.0,0.950621,0.170934,0.230605,0.0435957,1.22389
NLOBK_MVgamma_smallest,0.00057665,15.0,0.876663,0.153909,0.203256,0.0387637,1.14828
NLOBK_MVgamma_smallest,0.000864976,15.0,0.80711,0.137685,0.177942,0.0342415,1.07429
NLOBK_MVgamma_smallest,0.00129746,15.0,0.741767,0.122423,0.154216,0.029926,1.00182
NLOBK_MVgamma_smallest,0.0019462,15.0,0.680352,0.107784,0.132089,0.0258643,0.928384
NLOBK_MVgamma_smallest,0.00291929,15.0,0.623728,0.0942467,0.111718,0.0221191,0.858349
NLOBK_MVgamma_smallest,0.00437894,15.0,0.571973,0.0815194,0.0931408,0.0186265,0.790369
NLOBK_MVgamma_smallest,0.00656841,15.0,0.525359,0.0697825,0.0765398,0.0154956,0.723813
NLOBK_MVgamma_smallest,0.00985261,15.0,0.484093,0.0590826,0.0616872,0.0126437,0.660215
NLOBK_MVgamma_smallest,1e-05,27.0,2.17598,0.432901,0.767964,0.154711,2.33749
NLOBK_MVgamma_smallest,1.5e-05,27.0,2.03562,0.401867,0.707276,0.14287,2.21102
NLOBK_MVgamma_smallest,2.25e-05,27.0,1.90157,0.372062,0.649125,0.131586,2.08984
NLOBK_MVgamma_smallest,3.375e-05,27.0,1.77231,0.343203,0.593846,0.120906,1.97381
NLOBK_MVgamma_smallest,5.0625e-05,27.0,1.649,0.31587,0.541476,0.110584,1.86277
NLOBK_MVgamma_smallest,7.59375e-05,27.0,1.53041,0.289795,0.491757,0.100936,1.75637
NLOBK_MVgamma_smallest,0.000113906,27.0,1.41718,0.264888,0.444111,0.0916794,1.65436
NLOBK_MVgamma_smallest,0.000170859,27.0,1.30899,0.240964,0.3991,0.0828339,1.55667
NLOBK_MVgamma_smallest,0.000256289,27.0,1.2059,0.218307,0.356381,0.0744024,1.46305
NLOBK_MVgamma_smallest,0.000384434,27.0,1.1083,0.196631,0.316642,0.0665646,1.37246
NLOBK_MVgamma_smallest,0.00057665,27.0,1.01688,0.176128,0.278911,0.0590915,1.28259
NLOBK_MVgamma_smallest,0.000864976,27.0,0.929431,0.156708,0.243605,0.0520625,1.19482
NLOBK_MVgamma_smallest,0.00129746,27.0,0.847436,0.13856,0.210816,0.0454579,1.10896
NLOBK_MVgamma_smallest,0.0019462,27.0,0.771203,0.121429,0.179859,0.0392549,1.02097
NLOBK_MVgamma_smallest,0.00291929,27.0,0.700319,0.105498,0.151711,0.0335322,0.937992
NLOBK_MVgamma_smallest,0.00437894,27.0,0.636086,0.0906359,0.125985,0.0283334,0.857753
NLOBK_MVgamma_smallest,0.00656841,27.0,0.578067,0.0769021,0.102681,0.0234843,0.779203
NLOBK_MVgamma_smallest,0.00985261,27.0,0.526396,0.0645143,0.0823186,0.0191346,0.704699
