NLOBK_MVgamma_smallest,1e-05,4.5,1.13129,0.239125,0.23619,0.027291,1.32765
NLOBK_MVgamma_smallest,1.5e-05,4.5,1.07214,0.225071,0.218101,0.0253347,1.27175
NLOBK_MVgamma_smallest,2.25e-05,4.5,1.01445,0.211313,0.200888,0.023464,1.21737
NLOBK_MVgamma_smallest,3.375e-05,4.5,0.958824,0.198217,0.184277,0.0216632,1.16442
NLOBK_MVgamma_smallest,5.0625e-05,4.5,0.90503,0.18533,0.168408,0.0199319,1.11285
NLOBK_MVgamma_smallest,7.59375e-05,4.5,0.852904,0.172861,0.153192,0.018258,1.06257
NLOBK_MVgamma_smallest,0.000113906,4.5,0.802327,0.160608,0.138783,0.0166629,1.01358
NLOBK_MVgamma_smallest,0.000170859,4.5,0.754015,0.148923,0.125093,0.0151341,0.965738
NLOBK_MVgamma_smallest,0.000256289,4.5,0.707502,0.137429,0.11207,0.0136626,0.91906
NLOBK_MVgamma_smallest,0.000384434,4.5,0.66327,0.126352,0.0998118,0.012262,0.873368
NLOBK_MVgamma_smallest,0.00057665,4.5,0.620866,0.11563,0.0882406,0.0109366,0.828473
NLOBK_MVgamma_smallest,0.000864976,4.5,0.58042,0.105376,0.0774151,0.00968028,0.784019
NLOBK_MVgamma_smallest,0.00129746,4.5,0.542742,0.0955264,0.0672449,0.00848361,0.739861
NLOBK_MVgamma_smallest,0.0019462,4.5,0.507453,0.0860676,0.0579616,0.00736633,0.696811
NLOBK_MVgamma_smallest,0.00291929,4.5,0.474929,0.0771759,0.0494794,0.00633477,0.654163
NLOBK_MVgamma_smallest,0.00437894,4.5,0.445317,0.0687309,0.0417353,0.00537455,0.612064
NLOBK_MVgamma_smallest,0.00656841,4.5,0.418628,0.0609206,0.0347586,0.00449737,0.570939
NLOBK_MVgamma_smallest,0.00985261,4.5,0.395461,0.053738,0.0285929,0.00371451,0.52986
NLOBK_MVgamma_smallest,1e-05,45.0,2.54954,0.501897,0.988235,0.210273,2.56998
NLOBK_MVgamma_smallest,1.5e-05,45.0,2.37744,0.464232,0.908498,0.193937,2.42216
NLOBK_MVgamma_smallest,2.25e-05,45.0,2.21408,0.428361,0.833366,0.178228,2.28142
NLOBK_MVgamma_smallest,3.375e-05,45.0,2.05559,0.394316,0.761741,0.163426,2.1475
NLOBK_MVgamma_smallest,5.0625e-05,45.0,1.90436,0.361647,0.694118,0.14957,2.02002
NLOBK_MVgamma_smallest,7.59375e-05,45.0,1.76251,0.330828,0.628656,0.13593,1.89875
NLOBK_MVgamma_smallest,0.000113906,45.0,1.62459,0.301362,0.56709,0.12327,1.78352
NLOBK_MVgamma_smallest,0.000170859,45.0,1.49508,0.273491,0.50914,0.111386,1.67382
NLOBK_MVgamma_smallest,0.000256289,45.0,1.37266,0.247191,0.454827,0.0999583,1.56959
NLOBK_MVgamma_smallest,0.000384434,45.0,1.25575,0.222226,0.403461,0.0893377,1.46985
NLOBK_MVgamma_smallest,0.00057665,45.0,1.14521,0.198547,0.355042,0.079275,1.37301
NLOBK_MVgamma_smallest,0.000864976,45.0,1.04029,0.176188,0.310011,0.0699753,1.27652
NLOBK_MVgamma_smallest,0.00129746,45.0,0.94295,0.155254,0.267616,0.0610114,1.17957
NLOBK_MVgamma_smallest,0.0019462,45.0,0.852559,0.135776,0.228119,0.0527896,1.08803
NLOBK_MVgamma_smallest,0.00291929,45.0,0.768237,0.117622,0.192318,0.0452268,0.99643
NLOBK_MVgamma_smallest,0.00437894,45.0,0.691568,0.100496,0.159233,0.0380952,0.905683
NLOBK_MVgamma_smallest,0.00656841,45.0,0.622527,0.0851432,0.12932,0.031745,0.818989
NLOBK_MVgamma_smallest,0.00985261,45.0,0.560696,0.071244,0.10226,0.0259244,0.728929
NLOBK_MVgamma_smallest,1e-05,15.0,1.7852,0.362133,0.557608,0.100947,1.99649
NLOBK_MVgamma_smallest,1.5e-05,15.0,1.67601,0.337268,0.514356,0.0934464,1.89575
NLOBK_MVgamma_smallest,2.25e-05,15.0,1.57112,0.313607,0.472776,0.0862904,1.79873
NLOBK_MVgamma_smallest,3.375e-05,15.0,1.4703,0.290547,0.433375,0.0793904,1.70527
NLOBK_MVgamma_smallest,5.0625e-05,15.0,1.37328,0.26838,0.395552,0.0727842,1.6152
NLOBK_MVgamma_smallest,7.59375e-05,15.0,1.28016,0.247251,0.359617,0.0665747,1.52837
NLOBK_MVgamma_smallest,0.000113906,15.0,1.19114,0.226876,0.325446,0.0605467,1.44472
NLOBK_MVgamma_smallest,0.000170859,15.0,1.10644,0.20743,0.292979,0.0548508,1.36397
NLOBK_MVgamma_smallest,0.000256289,15.0,1.02447,0.188693,0.262206,0.0494166,1.28612
NLOBK_MVgamma_smallest,0.000384434,15.0,0.946552,0.170933,0.233408,0.044256,1.21072
NLOBK_MVgamma_smallest,0.00057665,15.0,0.873015,0.153891,0.205954,0.039349,1.13717
NLOBK_MVgamma_smallest,0.000864976,15.0,0.803559,0.137741,0.180295,0.034721,1.06445
NLOBK_MVgamma_smallest,0.00129746,15.0,0.738269,0.122443,0.156328,0.0303863,0.992176
NLOBK_MVgamma_smallest,0.0019462,15.0,0.677178,0.107893,0.134156,0.026336,0.922675
NLOBK_MVgamma_smallest,0.00291929,15.0,0.620478,0.0943689,0.113733,0.0225527,0.853777
NLOBK_MVgamma_smallest,0.00437894,15.0,0.568699,0.0816902,0.094991,0.019037,0.785888
NLOBK_MVgamma_smallest,0.00656841,15.0,0.522001,0.0699379,0.0780933,0.0158307,0.720243
NLOBK_MVgamma_smallest,0.00985261,15.0,0.48045,0.0592159,0.0629197,0.0129259,0.653865
NLOBK_MVgamma_smallest,1e-05,27.0,2.17381,0.433386,0.773794,0.156198,2.31724
NLOBK_MVgamma_smallest,1.5e-05,27.0,2.03414,0.402255,0.713081,0.144153,2.19143
NLOBK_MVgamma_smallest,2.25e-05,27.0,1.89897,0.372348,0.65466,0.132952,2.07097
NLOBK_MVgamma_smallest,3.375e-05,27.0,1.77059,0.343611,0.599299,0.122127,1.95566
NLOBK_MVgamma_smallest,5.0625e-05,27.0,1.64699,0.316317,0.546289,0.111722,1.84522
NLOBK_MVgamma_smallest,7.59375e-05,27.0,1.52816,0.290085,0.495847,0.101866,1.73947
NLOBK_MVgamma_smallest,0.000113906,27.0,1.41439,0.264907,0.448419,0.0925764,1.63831
NLOBK_MVgamma_smallest,0.000170859,27.0,1.30705,0.241333,0.402714,0.0836031,1.54133
NLOBK_MVgamma_smallest,0.000256289,27.0,1.20413,0.218589,0.36026,0.0753463,1.44852
NLOBK_MVgamma_smallest,0.000384434,27.0,1.10587,0.197043,0.319959,0.0673334,1.35918
NLOBK_MVgamma_smallest,0.00057665,27.0,1.01448,0.176403,0.282121,0.0598155,1.2723
NLOBK_MVgamma_smallest,0.000864976,27.0,0.927219,0.157213,0.246493,0.0527402,1.18619
NLOBK_MVgamma_smallest,0.00129746,27.0,0.845799,0.138996,0.213518,0.0461517,1.10026
NLOBK_MVgamma_smallest,0.0019462,27.0,0.769464,0.121851,0.182654,0.0398467,1.01836
NLOBK_MVgamma_smallest,0.00291929,27.0,0.699091,0.105881,0.154154,0.0340925,0.936881
NLOBK_MVgamma_smallest,0.00437894,27.0,0.634221,0.0910157,0.12819,0.0288261,0.856449
NLOBK_MVgamma_smallest,0.00656841,27.0,0.575596,0.0772577,0.104688,0.0239473,0.779133
NLOBK_MVgamma_smallest,0.00985261,27.0,0.523619,0.0647821,0.0836505,0.0194947,0.699979
