NLOBK_MVgamma_smallest,1e-05,4.5,1.0873,0.228982,0.22387,0.0264796,1.20507
NLOBK_MVgamma_smallest,1.5e-05,4.5,1.03144,0.215686,0.206878,0.0245706,1.15147
NLOBK_MVgamma_smallest,2.25e-05,4.5,0.977198,0.202854,0.190598,0.0227667,1.09966
NLOBK_MVgamma_smallest,3.375e-05,4.5,0.92483,0.190242,0.174945,0.0210308,1.04956
NLOBK_MVgamma_smallest,5.0625e-05,4.5,0.874081,0.178074,0.159987,0.0193456,1.00109
NLOBK_MVgamma_smallest,7.59375e-05,4.5,0.82493,0.166289,0.14582,0.0177367,0.954184
NLOBK_MVgamma_smallest,0.000113906,4.5,0.77787,0.154861,0.132213,0.0162098,0.908787
NLOBK_MVgamma_smallest,0.000170859,4.5,0.731935,0.143617,0.11929,0.0147267,0.864845
NLOBK_MVgamma_smallest,0.000256289,4.5,0.688357,0.13279,0.107032,0.013311,0.822308
NLOBK_MVgamma_smallest,0.000384434,4.5,0.646615,0.122353,0.0954305,0.0119651,0.78112
NLOBK_MVgamma_smallest,0.00057665,4.5,0.606602,0.112275,0.0845369,0.0106866,0.741248
NLOBK_MVgamma_smallest,0.000864976,4.5,0.56895,0.102501,0.0742687,0.00946759,0.702645
NLOBK_MVgamma_smallest,0.00129746,4.5,0.53318,0.0931531,0.0647233,0.00832076,0.665271
NLOBK_MVgamma_smallest,0.0019462,4.5,0.499855,0.0841896,0.0558841,0.00724302,0.629109
NLOBK_MVgamma_smallest,0.00291929,4.5,0.469171,0.0756828,0.0477827,0.0062346,0.594114
NLOBK_MVgamma_smallest,0.00437894,4.5,0.441313,0.0676673,0.0404395,0.00531447,0.560274
NLOBK_MVgamma_smallest,0.00656841,4.5,0.416305,0.060161,0.0338397,0.00446839,0.527575
NLOBK_MVgamma_smallest,0.00985261,4.5,0.39482,0.0532955,0.0280352,0.00370975,0.49601
NLOBK_MVgamma_smallest,1e-05,45.0,2.34858,0.454919,0.89733,0.19117,2.29797
NLOBK_MVgamma_smallest,1.5e-05,45.0,2.19254,0.420912,0.825009,0.176252,2.15552
NLOBK_MVgamma_smallest,2.25e-05,45.0,2.04237,0.388343,0.756373,0.161965,2.02015
NLOBK_MVgamma_smallest,3.375e-05,45.0,1.89972,0.357389,0.690962,0.148386,1.89157
NLOBK_MVgamma_smallest,5.0625e-05,45.0,1.76276,0.327921,0.62874,0.135483,1.76943
NLOBK_MVgamma_smallest,7.59375e-05,45.0,1.63337,0.299968,0.570504,0.123414,1.65349
NLOBK_MVgamma_smallest,0.000113906,45.0,1.50982,0.273202,0.515089,0.111865,1.54346
NLOBK_MVgamma_smallest,0.000170859,45.0,1.39289,0.248209,0.462717,0.101004,1.43908
NLOBK_MVgamma_smallest,0.000256289,45.0,1.28125,0.224367,0.413495,0.0907729,1.34013
NLOBK_MVgamma_smallest,0.000384434,45.0,1.17591,0.201819,0.367137,0.0810513,1.24635
NLOBK_MVgamma_smallest,0.00057665,45.0,1.07671,0.180565,0.323893,0.0720425,1.15754
NLOBK_MVgamma_smallest,0.000864976,45.0,0.982958,0.160569,0.283246,0.0634957,1.07345
NLOBK_MVgamma_smallest,0.00129746,45.0,0.895511,0.141759,0.245513,0.0556009,0.99389
NLOBK_MVgamma_smallest,0.0019462,45.0,0.814969,0.124323,0.210693,0.0482474,0.918695
NLOBK_MVgamma_smallest,0.00291929,45.0,0.739825,0.107863,0.178261,0.0412898,0.847625
NLOBK_MVgamma_smallest,0.00437894,45.0,0.671997,0.0928567,0.148881,0.0349859,0.780537
NLOBK_MVgamma_smallest,0.00656841,45.0,0.610533,0.079034,0.122341,0.0292376,0.717265
NLOBK_MVgamma_smallest,0.00985261,45.0,0.556119,0.0665043,0.0987169,0.0240959,0.657634
NLOBK_MVgamma_smallest,1e-05,15.0,1.67964,0.336937,0.517508,0.0945679,1.7889
NLOBK_MVgamma_smallest,1.5e-05,15.0,1.57873,0.314027,0.477225,0.0875428,1.69262
NLOBK_MVgamma_smallest,2.25e-05,15.0,1.48151,0.291947,0.438843,0.0807927,1.6003
NLOBK_MVgamma_smallest,3.375e-05,15.0,1.38858,0.270723,0.402438,0.0743434,1.5118
NLOBK_MVgamma_smallest,5.0625e-05,15.0,1.29889,0.250381,0.367606,0.0682257,1.42692
NLOBK_MVgamma_smallest,7.59375e-05,15.0,1.21279,0.230889,0.33444,0.0623561,1.34553
NLOBK_MVgamma_smallest,0.000113906,15.0,1.13153,0.21213,0.303064,0.0567738,1.2675
NLOBK_MVgamma_smallest,0.000170859,15.0,1.05243,0.194102,0.273172,0.0514622,1.19268
NLOBK_MVgamma_smallest,0.000256289,15.0,0.977525,0.176931,0.244821,0.0463747,1.12096
NLOBK_MVgamma_smallest,0.000384434,15.0,0.905787,0.160444,0.218064,0.0415926,1.05222
NLOBK_MVgamma_smallest,0.00057665,15.0,0.837979,0.144816,0.192913,0.037021,0.986351
NLOBK_MVgamma_smallest,0.000864976,15.0,0.774086,0.129902,0.169264,0.0327205,0.923237
NLOBK_MVgamma_smallest,0.00129746,15.0,0.713733,0.115753,0.147246,0.0287007,0.862787
NLOBK_MVgamma_smallest,0.0019462,15.0,0.658131,0.102477,0.126856,0.0249126,0.804931
NLOBK_MVgamma_smallest,0.00291929,15.0,0.605957,0.0898665,0.107898,0.0213948,0.749557
NLOBK_MVgamma_smallest,0.00437894,15.0,0.55859,0.0781452,0.0907368,0.0181683,0.696613
NLOBK_MVgamma_smallest,0.00656841,15.0,0.515562,0.0672131,0.075392,0.0151946,0.646036
NLOBK_MVgamma_smallest,0.00985261,15.0,0.47767,0.0572728,0.0614006,0.0125126,0.597769
NLOBK_MVgamma_smallest,1e-05,27.0,2.02387,0.397725,0.70976,0.143893,2.07157
NLOBK_MVgamma_smallest,1.5e-05,27.0,1.89433,0.368848,0.653394,0.132863,1.95097
NLOBK_MVgamma_smallest,2.25e-05,27.0,1.7714,0.341687,0.600417,0.12239,1.83587
NLOBK_MVgamma_smallest,3.375e-05,27.0,1.65302,0.315733,0.549515,0.112395,1.72606
NLOBK_MVgamma_smallest,5.0625e-05,27.0,1.5398,0.290298,0.501004,0.102806,1.62127
NLOBK_MVgamma_smallest,7.59375e-05,27.0,1.43157,0.266549,0.455144,0.09373,1.52132
NLOBK_MVgamma_smallest,0.000113906,27.0,1.32781,0.243632,0.411736,0.0852173,1.426
NLOBK_MVgamma_smallest,0.000170859,27.0,1.22943,0.222075,0.370474,0.0770204,1.33511
NLOBK_MVgamma_smallest,0.000256289,27.0,1.13609,0.201408,0.331625,0.0693585,1.24848
NLOBK_MVgamma_smallest,0.000384434,27.0,1.04734,0.181798,0.294919,0.0620744,1.16594
NLOBK_MVgamma_smallest,0.00057665,27.0,0.963689,0.163189,0.260649,0.0551809,1.08733
NLOBK_MVgamma_smallest,0.000864976,27.0,0.884111,0.145494,0.228183,0.0487114,1.01246
NLOBK_MVgamma_smallest,0.00129746,27.0,0.809945,0.129009,0.198158,0.0426682,0.941214
NLOBK_MVgamma_smallest,0.0019462,27.0,0.741332,0.113444,0.170469,0.0369883,0.873463
NLOBK_MVgamma_smallest,0.00291929,27.0,0.677299,0.0989019,0.144607,0.0317592,0.80904
NLOBK_MVgamma_smallest,0.00437894,27.0,0.619257,0.0853538,0.121098,0.0268814,0.747854
NLOBK_MVgamma_smallest,0.00656841,27.0,0.566827,0.0729559,0.0999605,0.0224613,0.689793
NLOBK_MVgamma_smallest,0.00985261,27.0,0.520265,0.0615626,0.0810295,0.0184958,0.634748
