NLOBK_MVgamma_smallest,1e-05,4.5,1.12553,0.237452,0.229896,0.0263773,1.32717
NLOBK_MVgamma_smallest,1.5e-05,4.5,1.06732,0.22359,0.212429,0.024513,1.27166
NLOBK_MVgamma_smallest,2.25e-05,4.5,1.01083,0.210127,0.195605,0.0226957,1.21761
NLOBK_MVgamma_smallest,3.375e-05,4.5,0.956039,0.197236,0.179496,0.0209715,1.16498
NLOBK_MVgamma_smallest,5.0625e-05,4.5,0.903065,0.184422,0.164037,0.0192887,1.11366
NLOBK_MVgamma_smallest,7.59375e-05,4.5,0.851539,0.172041,0.149312,0.0176621,1.06365
NLOBK_MVgamma_smallest,0.000113906,4.5,0.801954,0.160025,0.135202,0.016121,1.01488
NLOBK_MVgamma_smallest,0.000170859,4.5,0.754345,0.148384,0.121875,0.0146372,0.967305
NLOBK_MVgamma_smallest,0.000256289,4.5,0.708517,0.137146,0.109197,0.0132255,0.920845
NLOBK_MVgamma_smallest,0.000384434,4.5,0.664642,0.126127,0.0972069,0.0118641,0.875249
NLOBK_MVgamma_smallest,0.00057665,4.5,0.622982,0.115657,0.0859221,0.0105783,0.830434
NLOBK_MVgamma_smallest,0.000864976,4.5,0.583193,0.105416,0.0753925,0.00935904,0.786409
NLOBK_MVgamma_smallest,0.00129746,4.5,0.545915,0.0956512,0.0655559,0.00820606,0.742292
NLOBK_MVgamma_smallest,0.0019462,4.5,0.510995,0.086339,0.0564725,0.00712646,0.699006
NLOBK_MVgamma_smallest,0.00291929,4.5,0.478982,0.077482,0.0481103,0.00612106,0.656654
NLOBK_MVgamma_smallest,0.00437894,4.5,0.44942,0.0691596,0.0405013,0.00518917,0.613671
NLOBK_MVgamma_smallest,0.00656841,4.5,0.423033,0.061395,0.0336904,0.00433976,0.572279
NLOBK_MVgamma_smallest,0.00985261,4.5,0.400499,0.0543108,0.0278058,0.00359006,0.533964
NLOBK_MVgamma_smallest,1e-05,45.0,2.5004,0.48995,0.959683,0.204042,2.53542
NLOBK_MVgamma_smallest,1.5e-05,45.0,2.33341,0.453607,0.88279,0.188144,2.39039
NLOBK_MVgamma_smallest,2.25e-05,45.0,2.17279,0.419015,0.809776,0.1732,2.25216
NLOBK_MVgamma_smallest,3.375e-05,45.0,2.01881,0.38548,0.740222,0.158609,2.12052
NLOBK_MVgamma_smallest,5.0625e-05,45.0,1.87306,0.354007,0.674087,0.145144,1.99508
NLOBK_MVgamma_smallest,7.59375e-05,45.0,1.73427,0.323602,0.611246,0.132063,1.87569
NLOBK_MVgamma_smallest,0.000113906,45.0,1.5997,0.29478,0.552019,0.119852,1.76212
NLOBK_MVgamma_smallest,0.000170859,45.0,1.47331,0.267811,0.495589,0.108374,1.65403
NLOBK_MVgamma_smallest,0.000256289,45.0,1.35266,0.24214,0.442279,0.0972727,1.55116
NLOBK_MVgamma_smallest,0.000384434,45.0,1.23866,0.217668,0.392397,0.0868613,1.45157
NLOBK_MVgamma_smallest,0.00057665,45.0,1.13099,0.194639,0.34537,0.0771236,1.35479
NLOBK_MVgamma_smallest,0.000864976,45.0,1.02914,0.172873,0.301602,0.0679927,1.26114
NLOBK_MVgamma_smallest,0.00129746,45.0,0.933367,0.152198,0.260344,0.059323,1.16381
NLOBK_MVgamma_smallest,0.0019462,45.0,0.844441,0.133185,0.222234,0.0513583,1.06948
NLOBK_MVgamma_smallest,0.00291929,45.0,0.762377,0.115302,0.186815,0.0438819,0.978906
NLOBK_MVgamma_smallest,0.00437894,45.0,0.687378,0.0988016,0.154229,0.0369857,0.880684
NLOBK_MVgamma_smallest,0.00656841,45.0,0.618665,0.0835443,0.125358,0.0307242,0.78991
NLOBK_MVgamma_smallest,0.00985261,45.0,0.559527,0.0700521,0.099509,0.0251376,0.715033
NLOBK_MVgamma_smallest,1e-05,15.0,1.76164,0.355868,0.542892,0.097969,1.98215
NLOBK_MVgamma_smallest,1.5e-05,15.0,1.65571,0.331869,0.500483,0.0906756,1.88266
NLOBK_MVgamma_smallest,2.25e-05,15.0,1.55308,0.308679,0.460477,0.0837699,1.78675
NLOBK_MVgamma_smallest,3.375e-05,15.0,1.4541,0.286001,0.422164,0.0771082,1.69432
NLOBK_MVgamma_smallest,5.0625e-05,15.0,1.35915,0.264476,0.385226,0.0707093,1.60513
NLOBK_MVgamma_smallest,7.59375e-05,15.0,1.26793,0.243568,0.35057,0.0646652,1.51916
NLOBK_MVgamma_smallest,0.000113906,15.0,1.18034,0.223746,0.317392,0.0588697,1.43626
NLOBK_MVgamma_smallest,0.000170859,15.0,1.09684,0.204485,0.285561,0.0532468,1.35629
NLOBK_MVgamma_smallest,0.000256289,15.0,1.017,0.186289,0.255678,0.0479872,1.27908
NLOBK_MVgamma_smallest,0.000384434,15.0,0.940928,0.168767,0.227336,0.0430173,1.20389
NLOBK_MVgamma_smallest,0.00057665,15.0,0.868353,0.15205,0.200797,0.0382665,1.13052
NLOBK_MVgamma_smallest,0.000864976,15.0,0.800454,0.136198,0.175869,0.0337721,1.05904
NLOBK_MVgamma_smallest,0.00129746,15.0,0.73594,0.121124,0.152311,0.0295217,0.986749
NLOBK_MVgamma_smallest,0.0019462,15.0,0.675993,0.10685,0.130733,0.0255579,0.91633
NLOBK_MVgamma_smallest,0.00291929,15.0,0.620162,0.093478,0.110703,0.021881,0.848052
NLOBK_MVgamma_smallest,0.00437894,15.0,0.568958,0.0808864,0.0922851,0.0184548,0.777232
NLOBK_MVgamma_smallest,0.00656841,15.0,0.523038,0.0693773,0.0757508,0.0153315,0.710233
NLOBK_MVgamma_smallest,0.00985261,15.0,0.482651,0.0588286,0.061375,0.0125364,0.651001
NLOBK_MVgamma_smallest,1e-05,27.0,2.1391,0.424786,0.752399,0.151606,2.29299
NLOBK_MVgamma_smallest,1.5e-05,27.0,2.00239,0.394464,0.693522,0.140136,2.16914
NLOBK_MVgamma_smallest,2.25e-05,27.0,1.87107,0.365016,0.636828,0.129218,2.05044
NLOBK_MVgamma_smallest,3.375e-05,27.0,1.74473,0.337248,0.58286,0.118626,1.93674
NLOBK_MVgamma_smallest,5.0625e-05,27.0,1.62429,0.310575,0.531639,0.108485,1.82772
NLOBK_MVgamma_smallest,7.59375e-05,27.0,1.50749,0.284719,0.482885,0.0989998,1.72331
NLOBK_MVgamma_smallest,0.000113906,27.0,1.39731,0.26044,0.436241,0.0899641,1.62332
NLOBK_MVgamma_smallest,0.000170859,27.0,1.29142,0.237012,0.392403,0.0813916,1.52751
NLOBK_MVgamma_smallest,0.000256289,27.0,1.19126,0.21475,0.350855,0.0731961,1.43568
NLOBK_MVgamma_smallest,0.000384434,27.0,1.09556,0.193737,0.311676,0.0654884,1.34657
NLOBK_MVgamma_smallest,0.00057665,27.0,1.00529,0.17368,0.274754,0.0581737,1.25984
NLOBK_MVgamma_smallest,0.000864976,27.0,0.920036,0.154591,0.240304,0.0513152,1.17568
NLOBK_MVgamma_smallest,0.00129746,27.0,0.839922,0.136747,0.207945,0.0448137,1.08959
NLOBK_MVgamma_smallest,0.0019462,27.0,0.764976,0.119984,0.177802,0.038772,1.00599
NLOBK_MVgamma_smallest,0.00291929,27.0,0.695895,0.104379,0.150106,0.0331352,0.925329
NLOBK_MVgamma_smallest,0.00437894,27.0,0.631908,0.0896889,0.124493,0.0279668,0.839935
NLOBK_MVgamma_smallest,0.00656841,27.0,0.574667,0.07616,0.101546,0.0231739,0.760073
NLOBK_MVgamma_smallest,0.00985261,27.0,0.524518,0.0639997,0.0816021,0.0189492,0.691815
