NLOBK_MVgamma_smallest,1e-05,4.5,1.14334,0.241718,0.218493,0.02338,1.32304
NLOBK_MVgamma_smallest,1.5e-05,4.5,1.08355,0.227484,0.201537,0.0216862,1.26736
NLOBK_MVgamma_smallest,2.25e-05,4.5,1.02518,0.213759,0.185241,0.0200501,1.21322
NLOBK_MVgamma_smallest,3.375e-05,4.5,0.96891,0.200357,0.169618,0.0184866,1.16051
NLOBK_MVgamma_smallest,5.0625e-05,4.5,0.91423,0.187291,0.154657,0.0169679,1.10921
NLOBK_MVgamma_smallest,7.59375e-05,4.5,0.861691,0.174624,0.140509,0.0155299,1.05924
NLOBK_MVgamma_smallest,0.000113906,4.5,0.810928,0.162268,0.127032,0.0141388,1.01049
NLOBK_MVgamma_smallest,0.000170859,4.5,0.761978,0.150362,0.114183,0.0128135,0.962903
NLOBK_MVgamma_smallest,0.000256289,4.5,0.715054,0.138814,0.102037,0.0115535,0.916455
NLOBK_MVgamma_smallest,0.000384434,4.5,0.670089,0.127602,0.0905874,0.0103449,0.870878
NLOBK_MVgamma_smallest,0.00057665,4.5,0.627289,0.116753,0.0798397,0.00919798,0.825915
NLOBK_MVgamma_smallest,0.000864976,4.5,0.586744,0.10639,0.0698413,0.00811861,0.781826
NLOBK_MVgamma_smallest,0.00129746,4.5,0.548463,0.096442,0.060523,0.00709715,0.738132
NLOBK_MVgamma_smallest,0.0019462,4.5,0.512906,0.0868742,0.0518753,0.00613969,0.693698
NLOBK_MVgamma_smallest,0.00291929,4.5,0.479991,0.0778728,0.043987,0.00525135,0.649758
NLOBK_MVgamma_smallest,0.00437894,4.5,0.449856,0.0693762,0.0368444,0.00443145,0.607131
NLOBK_MVgamma_smallest,0.00656841,4.5,0.42313,0.0615019,0.0305794,0.00369823,0.566823
NLOBK_MVgamma_smallest,0.00985261,4.5,0.399893,0.054275,0.0250559,0.00304219,0.527689
NLOBK_MVgamma_smallest,1e-05,45.0,2.57261,0.506387,0.964242,0.203301,2.57636
NLOBK_MVgamma_smallest,1.5e-05,45.0,2.39982,0.468659,0.886546,0.187477,2.42836
NLOBK_MVgamma_smallest,2.25e-05,45.0,2.23332,0.432346,0.812491,0.172241,2.2875
NLOBK_MVgamma_smallest,3.375e-05,45.0,2.07484,0.398343,0.742212,0.158025,2.15349
NLOBK_MVgamma_smallest,5.0625e-05,45.0,1.92193,0.365048,0.67467,0.144205,2.026
NLOBK_MVgamma_smallest,7.59375e-05,45.0,1.77858,0.333771,0.61087,0.131273,1.90478
NLOBK_MVgamma_smallest,0.000113906,45.0,1.64031,0.304057,0.551135,0.118932,1.78948
NLOBK_MVgamma_smallest,0.000170859,45.0,1.50918,0.275917,0.494318,0.107356,1.6798
NLOBK_MVgamma_smallest,0.000256289,45.0,1.38453,0.249336,0.440582,0.0963466,1.57556
NLOBK_MVgamma_smallest,0.000384434,45.0,1.26619,0.223784,0.390491,0.0859909,1.47492
NLOBK_MVgamma_smallest,0.00057665,45.0,1.15378,0.19991,0.343463,0.0762163,1.37593
NLOBK_MVgamma_smallest,0.000864976,45.0,1.04874,0.177509,0.299303,0.0671268,1.2807
NLOBK_MVgamma_smallest,0.00129746,45.0,0.950772,0.156436,0.257654,0.0586224,1.18553
NLOBK_MVgamma_smallest,0.0019462,45.0,0.858116,0.136496,0.219137,0.0505693,1.08221
NLOBK_MVgamma_smallest,0.00291929,45.0,0.772875,0.118038,0.183683,0.0431654,0.979775
NLOBK_MVgamma_smallest,0.00437894,45.0,0.695235,0.101001,0.151146,0.0362726,0.88349
NLOBK_MVgamma_smallest,0.00656841,45.0,0.626121,0.0855691,0.122465,0.0301695,0.799113
NLOBK_MVgamma_smallest,0.00985261,45.0,0.564768,0.0714552,0.0969294,0.0245558,0.719595
NLOBK_MVgamma_smallest,1e-05,15.0,1.80267,0.365417,0.532715,0.0931796,1.99275
NLOBK_MVgamma_smallest,1.5e-05,15.0,1.69177,0.340491,0.491063,0.0862718,1.8922
NLOBK_MVgamma_smallest,2.25e-05,15.0,1.58697,0.316538,0.450897,0.0795305,1.79539
NLOBK_MVgamma_smallest,3.375e-05,15.0,1.48531,0.293501,0.41272,0.073143,1.70215
NLOBK_MVgamma_smallest,5.0625e-05,15.0,1.38707,0.270939,0.376301,0.0669951,1.61233
NLOBK_MVgamma_smallest,7.59375e-05,15.0,1.29313,0.249616,0.34167,0.0611531,1.52581
NLOBK_MVgamma_smallest,0.000113906,15.0,1.20253,0.228934,0.308734,0.0556417,1.44238
NLOBK_MVgamma_smallest,0.000170859,15.0,1.11654,0.20928,0.277534,0.0503347,1.36188
NLOBK_MVgamma_smallest,0.000256289,15.0,1.03423,0.190535,0.248095,0.0452678,1.28423
NLOBK_MVgamma_smallest,0.000384434,15.0,0.956011,0.172469,0.220204,0.0405358,1.2087
NLOBK_MVgamma_smallest,0.00057665,15.0,0.880833,0.155179,0.194141,0.0360202,1.13451
NLOBK_MVgamma_smallest,0.000864976,15.0,0.811056,0.138849,0.169549,0.031737,1.06245
NLOBK_MVgamma_smallest,0.00129746,15.0,0.745156,0.123389,0.146769,0.0277383,0.991064
NLOBK_MVgamma_smallest,0.0019462,15.0,0.683269,0.108776,0.125281,0.0239252,0.916979
NLOBK_MVgamma_smallest,0.00291929,15.0,0.625477,0.094996,0.105618,0.0204041,0.84378
NLOBK_MVgamma_smallest,0.00437894,15.0,0.573287,0.0821478,0.0877129,0.0171682,0.773742
NLOBK_MVgamma_smallest,0.00656841,15.0,0.526558,0.0703398,0.0718947,0.0142298,0.709598
NLOBK_MVgamma_smallest,0.00985261,15.0,0.484888,0.0595019,0.0577844,0.0116,0.648086
NLOBK_MVgamma_smallest,1e-05,27.0,2.19617,0.438104,0.749134,0.148288,2.31804
NLOBK_MVgamma_smallest,1.5e-05,27.0,2.0538,0.406279,0.688996,0.136888,2.19225
NLOBK_MVgamma_smallest,2.25e-05,27.0,1.91727,0.376048,0.632432,0.126111,2.07184
NLOBK_MVgamma_smallest,3.375e-05,27.0,1.78707,0.346819,0.578011,0.115658,1.95661
NLOBK_MVgamma_smallest,5.0625e-05,27.0,1.66308,0.31937,0.526701,0.105813,1.84629
NLOBK_MVgamma_smallest,7.59375e-05,27.0,1.54291,0.292889,0.477767,0.0964797,1.74073
NLOBK_MVgamma_smallest,0.000113906,27.0,1.42785,0.26764,0.431429,0.0876334,1.63964
NLOBK_MVgamma_smallest,0.000170859,27.0,1.31866,0.243416,0.387315,0.0791136,1.5428
NLOBK_MVgamma_smallest,0.000256289,27.0,1.21542,0.220604,0.345597,0.0711419,1.45008
NLOBK_MVgamma_smallest,0.000384434,27.0,1.11619,0.198599,0.306815,0.0635056,1.36027
NLOBK_MVgamma_smallest,0.00057665,27.0,1.02341,0.177916,0.269804,0.0563792,1.27207
NLOBK_MVgamma_smallest,0.000864976,27.0,0.935535,0.158378,0.235455,0.049656,1.18686
NLOBK_MVgamma_smallest,0.00129746,27.0,0.852997,0.140042,0.203397,0.0433355,1.10217
NLOBK_MVgamma_smallest,0.0019462,27.0,0.775723,0.122642,0.173511,0.0373805,1.01249
NLOBK_MVgamma_smallest,0.00291929,27.0,0.703605,0.106435,0.145747,0.0319177,0.923757
NLOBK_MVgamma_smallest,0.00437894,27.0,0.638403,0.0914575,0.12055,0.0268264,0.839589
NLOBK_MVgamma_smallest,0.00656841,27.0,0.580006,0.0776141,0.0981488,0.0222675,0.764172
NLOBK_MVgamma_smallest,0.00985261,27.0,0.528478,0.0651208,0.0782776,0.0181122,0.692441
