NLOBK_MVgamma_smallest,1e-05,4.5,1.06081,0.223247,0.217507,0.0256736,1.18355
NLOBK_MVgamma_smallest,1.5e-05,4.5,1.0065,0.210353,0.200989,0.0238309,1.13177
NLOBK_MVgamma_smallest,2.25e-05,4.5,0.953828,0.197981,0.185284,0.0221029,1.08164
NLOBK_MVgamma_smallest,3.375e-05,4.5,0.903057,0.185697,0.170084,0.0204213,1.03308
NLOBK_MVgamma_smallest,5.0625e-05,4.5,0.853451,0.173868,0.1556,0.0187959,0.986025
NLOBK_MVgamma_smallest,7.59375e-05,4.5,0.805917,0.162432,0.141763,0.0172236,0.940423
NLOBK_MVgamma_smallest,0.000113906,4.5,0.759969,0.151173,0.128579,0.0157409,0.89621
NLOBK_MVgamma_smallest,0.000170859,4.5,0.71552,0.140337,0.116073,0.0143069,0.853333
NLOBK_MVgamma_smallest,0.000256289,4.5,0.673073,0.129793,0.104178,0.0129436,0.811745
NLOBK_MVgamma_smallest,0.000384434,4.5,0.632517,0.119665,0.092918,0.0116277,0.771403
NLOBK_MVgamma_smallest,0.00057665,4.5,0.593479,0.109781,0.0823456,0.0103859,0.732268
NLOBK_MVgamma_smallest,0.000864976,4.5,0.556627,0.100302,0.0723242,0.00921319,0.694313
NLOBK_MVgamma_smallest,0.00129746,4.5,0.521797,0.0911917,0.0630597,0.00809983,0.657505
NLOBK_MVgamma_smallest,0.0019462,4.5,0.489403,0.0824324,0.054458,0.00705192,0.621799
NLOBK_MVgamma_smallest,0.00291929,4.5,0.459552,0.0741344,0.0466247,0.00606909,0.58714
NLOBK_MVgamma_smallest,0.00437894,4.5,0.432213,0.0663357,0.0394277,0.005177,0.553527
NLOBK_MVgamma_smallest,0.00656841,4.5,0.407835,0.0590009,0.0330467,0.0043544,0.520998
NLOBK_MVgamma_smallest,0.00985261,4.5,0.38674,0.0522951,0.0273731,0.00361671,0.489581
NLOBK_MVgamma_smallest,1e-05,45.0,2.28343,0.441298,0.869496,0.185139,2.22123
NLOBK_MVgamma_smallest,1.5e-05,45.0,2.13214,0.408268,0.799513,0.170675,2.08503
NLOBK_MVgamma_smallest,2.25e-05,45.0,1.98676,0.376813,0.733129,0.156867,1.95553
NLOBK_MVgamma_smallest,3.375e-05,45.0,1.84767,0.346833,0.669949,0.143759,1.83241
NLOBK_MVgamma_smallest,5.0625e-05,45.0,1.71592,0.318333,0.610163,0.131337,1.71544
NLOBK_MVgamma_smallest,7.59375e-05,45.0,1.58973,0.291205,0.553512,0.119621,1.60434
NLOBK_MVgamma_smallest,0.000113906,45.0,1.4689,0.26535,0.499803,0.108361,1.49884
NLOBK_MVgamma_smallest,0.000170859,45.0,1.35583,0.241089,0.449097,0.0978226,1.39869
NLOBK_MVgamma_smallest,0.000256289,45.0,1.24772,0.218009,0.401251,0.0879903,1.30368
NLOBK_MVgamma_smallest,0.000384434,45.0,1.14528,0.196014,0.356197,0.0785243,1.21359
NLOBK_MVgamma_smallest,0.00057665,45.0,1.04865,0.175432,0.31394,0.0698388,1.12819
NLOBK_MVgamma_smallest,0.000864976,45.0,0.957347,0.155939,0.274703,0.0615516,1.04729
NLOBK_MVgamma_smallest,0.00129746,45.0,0.872795,0.137747,0.238133,0.053832,0.970689
NLOBK_MVgamma_smallest,0.0019462,45.0,0.7943,0.120705,0.204261,0.0466878,0.898116
NLOBK_MVgamma_smallest,0.00291929,45.0,0.720551,0.104794,0.172871,0.0399842,0.829173
NLOBK_MVgamma_smallest,0.00437894,45.0,0.654694,0.0901913,0.144266,0.033853,0.76368
NLOBK_MVgamma_smallest,0.00656841,45.0,0.594832,0.0766916,0.118525,0.0283075,0.701734
NLOBK_MVgamma_smallest,0.00985261,45.0,0.541623,0.0645788,0.0954958,0.0232846,0.643372
NLOBK_MVgamma_smallest,1e-05,15.0,1.63582,0.327663,0.501942,0.0916701,1.74753
NLOBK_MVgamma_smallest,1.5e-05,15.0,1.53736,0.305536,0.463326,0.0848886,1.65484
NLOBK_MVgamma_smallest,2.25e-05,15.0,1.44354,0.284291,0.426113,0.0783688,1.56588
NLOBK_MVgamma_smallest,3.375e-05,15.0,1.35313,0.263429,0.390844,0.0721239,1.48046
NLOBK_MVgamma_smallest,5.0625e-05,15.0,1.26645,0.243708,0.356996,0.0662317,1.39846
NLOBK_MVgamma_smallest,7.59375e-05,15.0,1.18272,0.2248,0.324938,0.0605216,1.31974
NLOBK_MVgamma_smallest,0.000113906,15.0,1.10319,0.206569,0.294448,0.0551067,1.24415
NLOBK_MVgamma_smallest,0.000170859,15.0,1.02666,0.189108,0.265296,0.0499486,1.17158
NLOBK_MVgamma_smallest,0.000256289,15.0,0.953588,0.172358,0.23792,0.0450557,1.10191
NLOBK_MVgamma_smallest,0.000384434,15.0,0.884305,0.156358,0.211881,0.0403438,1.03503
NLOBK_MVgamma_smallest,0.00057665,15.0,0.81808,0.141158,0.187479,0.0359545,0.97085
NLOBK_MVgamma_smallest,0.000864976,15.0,0.755499,0.126626,0.164662,0.0317989,0.909267
NLOBK_MVgamma_smallest,0.00129746,15.0,0.697282,0.112862,0.143189,0.0278776,0.850195
NLOBK_MVgamma_smallest,0.0019462,15.0,0.642562,0.0999018,0.123357,0.0241922,0.793518
NLOBK_MVgamma_smallest,0.00291929,15.0,0.591791,0.0876523,0.104905,0.0208026,0.739068
NLOBK_MVgamma_smallest,0.00437894,15.0,0.545555,0.0761822,0.0882589,0.0176336,0.68679
NLOBK_MVgamma_smallest,0.00656841,15.0,0.503614,0.0655501,0.073122,0.0147202,0.636744
NLOBK_MVgamma_smallest,0.00985261,15.0,0.46671,0.0558894,0.0596391,0.0121383,0.588965
NLOBK_MVgamma_smallest,1e-05,27.0,1.96844,0.386352,0.688324,0.139496,2.01379
NLOBK_MVgamma_smallest,1.5e-05,27.0,1.84364,0.358605,0.633916,0.128756,1.89806
NLOBK_MVgamma_smallest,2.25e-05,27.0,1.72359,0.331856,0.58225,0.118669,1.78753
NLOBK_MVgamma_smallest,3.375e-05,27.0,1.60932,0.306748,0.533421,0.10898,1.68194
NLOBK_MVgamma_smallest,5.0625e-05,27.0,1.49953,0.282477,0.486316,0.0996777,1.58112
NLOBK_MVgamma_smallest,7.59375e-05,27.0,1.39438,0.25924,0.441811,0.0909485,1.48487
NLOBK_MVgamma_smallest,0.000113906,27.0,1.29371,0.237012,0.399719,0.0826656,1.39297
NLOBK_MVgamma_smallest,0.000170859,27.0,1.19825,0.215911,0.359752,0.0747121,1.30525
NLOBK_MVgamma_smallest,0.000256289,27.0,1.10691,0.195777,0.322148,0.0673135,1.22156
NLOBK_MVgamma_smallest,0.000384434,27.0,1.0213,0.176791,0.28648,0.0602211,1.14172
NLOBK_MVgamma_smallest,0.00057665,27.0,0.939688,0.158672,0.253073,0.0535491,1.06559
NLOBK_MVgamma_smallest,0.000864976,27.0,0.862265,0.141642,0.221607,0.047257,0.993021
NLOBK_MVgamma_smallest,0.00129746,27.0,0.790307,0.125475,0.192612,0.041398,0.923869
NLOBK_MVgamma_smallest,0.0019462,27.0,0.722841,0.110332,0.165343,0.0358669,0.857953
NLOBK_MVgamma_smallest,0.00291929,27.0,0.660712,0.096188,0.140395,0.0307602,0.795001
NLOBK_MVgamma_smallest,0.00437894,27.0,0.60381,0.083052,0.11764,0.0260593,0.734903
NLOBK_MVgamma_smallest,0.00656841,27.0,0.552737,0.0709663,0.0970597,0.0217773,0.677733
NLOBK_MVgamma_smallest,0.00985261,27.0,0.507542,0.0598806,0.0786168,0.0179174,0.623529
