NLOBK_MVgamma_smallest,1e-05,4.5,1.14765,0.242838,0.247224,0.0291913,1.34977
NLOBK_MVgamma_smallest,1.5e-05,4.5,1.08721,0.22853,0.228238,0.0271104,1.29273
NLOBK_MVgamma_smallest,2.25e-05,4.5,1.02862,0.214656,0.210184,0.0251034,1.23727
NLOBK_MVgamma_smallest,3.375e-05,4.5,0.971726,0.201184,0.192924,0.0231864,1.18331
NLOBK_MVgamma_smallest,5.0625e-05,4.5,0.91681,0.188065,0.176409,0.0213325,1.13071
NLOBK_MVgamma_smallest,7.59375e-05,4.5,0.863603,0.175301,0.16052,0.0195545,1.07947
NLOBK_MVgamma_smallest,0.000113906,4.5,0.812161,0.162827,0.145465,0.0178402,1.02951
NLOBK_MVgamma_smallest,0.000170859,4.5,0.762882,0.150834,0.131113,0.016204,0.980732
NLOBK_MVgamma_smallest,0.000256289,4.5,0.715461,0.139143,0.117468,0.0146332,0.933128
NLOBK_MVgamma_smallest,0.000384434,4.5,0.670252,0.127846,0.104663,0.013142,0.886359
NLOBK_MVgamma_smallest,0.00057665,4.5,0.627031,0.116983,0.0925496,0.0117158,0.840036
NLOBK_MVgamma_smallest,0.000864976,4.5,0.586088,0.106551,0.0812927,0.0103757,0.79425
NLOBK_MVgamma_smallest,0.00129746,4.5,0.547609,0.0964729,0.0706773,0.00909779,0.748969
NLOBK_MVgamma_smallest,0.0019462,4.5,0.51165,0.0869006,0.0609505,0.0079042,0.704305
NLOBK_MVgamma_smallest,0.00291929,4.5,0.478493,0.0778233,0.05201,0.00679038,0.660671
NLOBK_MVgamma_smallest,0.00437894,4.5,0.448426,0.0692805,0.0438874,0.00578011,0.617492
NLOBK_MVgamma_smallest,0.00656841,4.5,0.421424,0.0613508,0.0366117,0.00483402,0.57503
NLOBK_MVgamma_smallest,0.00985261,4.5,0.398025,0.0540922,0.0302754,0.00400457,0.534967
NLOBK_MVgamma_smallest,1e-05,45.0,2.60044,0.513259,1.02037,0.217958,2.62792
NLOBK_MVgamma_smallest,1.5e-05,45.0,2.42441,0.474891,0.93849,0.200909,2.47687
NLOBK_MVgamma_smallest,2.25e-05,45.0,2.25701,0.438141,0.860315,0.1848,2.33304
NLOBK_MVgamma_smallest,3.375e-05,45.0,2.09591,0.403412,0.786096,0.169382,2.19613
NLOBK_MVgamma_smallest,5.0625e-05,45.0,1.94204,0.370186,0.715319,0.154703,2.06585
NLOBK_MVgamma_smallest,7.59375e-05,45.0,1.7945,0.338019,0.649568,0.140956,1.94196
NLOBK_MVgamma_smallest,0.000113906,45.0,1.65495,0.30797,0.585474,0.12773,1.82413
NLOBK_MVgamma_smallest,0.000170859,45.0,1.52246,0.279383,0.525772,0.115451,1.71203
NLOBK_MVgamma_smallest,0.000256289,45.0,1.39575,0.252451,0.469353,0.103579,1.60551
NLOBK_MVgamma_smallest,0.000384434,45.0,1.27693,0.22674,0.41596,0.0925271,1.50206
NLOBK_MVgamma_smallest,0.00057665,45.0,1.1623,0.202231,0.366052,0.0820567,1.39905
NLOBK_MVgamma_smallest,0.000864976,45.0,1.05595,0.179635,0.319009,0.0722554,1.29728
NLOBK_MVgamma_smallest,0.00129746,45.0,0.956235,0.158119,0.275195,0.0630608,1.19641
NLOBK_MVgamma_smallest,0.0019462,45.0,0.863389,0.137997,0.234338,0.0545732,1.09722
NLOBK_MVgamma_smallest,0.00291929,45.0,0.777603,0.119484,0.197074,0.0465539,1.00281
NLOBK_MVgamma_smallest,0.00437894,45.0,0.699777,0.102313,0.163262,0.0393817,0.909065
NLOBK_MVgamma_smallest,0.00656841,45.0,0.62868,0.0865116,0.132216,0.0326213,0.816902
NLOBK_MVgamma_smallest,0.00985261,45.0,0.566556,0.0722543,0.105041,0.0266741,0.737174
NLOBK_MVgamma_smallest,1e-05,15.0,1.81713,0.368989,0.578732,0.105828,2.03605
NLOBK_MVgamma_smallest,1.5e-05,15.0,1.70572,0.343944,0.53386,0.0979957,1.93316
NLOBK_MVgamma_smallest,2.25e-05,15.0,1.5987,0.319592,0.490736,0.0904259,1.83409
NLOBK_MVgamma_smallest,3.375e-05,15.0,1.49532,0.296075,0.449853,0.0831579,1.73867
NLOBK_MVgamma_smallest,5.0625e-05,15.0,1.39548,0.273532,0.410818,0.0763186,1.64669
NLOBK_MVgamma_smallest,7.59375e-05,15.0,1.30078,0.251809,0.37331,0.0697808,1.55808
NLOBK_MVgamma_smallest,0.000113906,15.0,1.2095,0.230936,0.337928,0.0634889,1.47265
NLOBK_MVgamma_smallest,0.000170859,15.0,1.12268,0.211061,0.304149,0.0574736,1.39021
NLOBK_MVgamma_smallest,0.000256289,15.0,1.03968,0.19203,0.272263,0.0517813,1.31071
NLOBK_MVgamma_smallest,0.000384434,15.0,0.960035,0.173755,0.242358,0.0463641,1.23317
NLOBK_MVgamma_smallest,0.00057665,15.0,0.884464,0.156414,0.213768,0.0412555,1.15648
NLOBK_MVgamma_smallest,0.000864976,15.0,0.813603,0.139837,0.187075,0.0363778,1.08092
NLOBK_MVgamma_smallest,0.00129746,15.0,0.746936,0.124167,0.162109,0.0318221,1.00638
NLOBK_MVgamma_smallest,0.0019462,15.0,0.684756,0.10947,0.139014,0.027559,0.933148
NLOBK_MVgamma_smallest,0.00291929,15.0,0.627151,0.0956269,0.117743,0.0235818,0.862447
NLOBK_MVgamma_smallest,0.00437894,15.0,0.574253,0.0826653,0.0984133,0.0198981,0.792556
NLOBK_MVgamma_smallest,0.00656841,15.0,0.526701,0.070751,0.080839,0.0165621,0.724031
NLOBK_MVgamma_smallest,0.00985261,15.0,0.484767,0.0598597,0.0654768,0.0135115,0.661555
NLOBK_MVgamma_smallest,1e-05,27.0,2.21655,0.44312,0.800619,0.162601,2.36637
NLOBK_MVgamma_smallest,1.5e-05,27.0,2.07359,0.410748,0.737639,0.150239,2.23784
NLOBK_MVgamma_smallest,2.25e-05,27.0,1.93464,0.380244,0.677276,0.138369,2.11477
NLOBK_MVgamma_smallest,3.375e-05,27.0,1.8034,0.351025,0.619721,0.12703,1.99696
NLOBK_MVgamma_smallest,5.0625e-05,27.0,1.67654,0.322892,0.565255,0.116379,1.88414
NLOBK_MVgamma_smallest,7.59375e-05,27.0,1.55531,0.295964,0.513087,0.106029,1.77616
NLOBK_MVgamma_smallest,0.000113906,27.0,1.43878,0.270388,0.463899,0.096327,1.67277
NLOBK_MVgamma_smallest,0.000170859,27.0,1.3286,0.246099,0.417112,0.0870159,1.57372
NLOBK_MVgamma_smallest,0.000256289,27.0,1.22424,0.222804,0.372535,0.0782853,1.47888
NLOBK_MVgamma_smallest,0.000384434,27.0,1.12343,0.200657,0.331044,0.0699997,1.38666
NLOBK_MVgamma_smallest,0.00057665,27.0,1.02981,0.179756,0.291592,0.0622219,1.29527
NLOBK_MVgamma_smallest,0.000864976,27.0,0.94075,0.159872,0.254723,0.0548107,1.20518
NLOBK_MVgamma_smallest,0.00129746,27.0,0.856802,0.141299,0.220218,0.047885,1.11618
NLOBK_MVgamma_smallest,0.0019462,27.0,0.778992,0.123751,0.188147,0.0413593,1.02876
NLOBK_MVgamma_smallest,0.00291929,27.0,0.706649,0.107516,0.158808,0.0353373,0.94497
NLOBK_MVgamma_smallest,0.00437894,27.0,0.641018,0.0922731,0.132198,0.029805,0.86199
NLOBK_MVgamma_smallest,0.00656841,27.0,0.58152,0.07831,0.107807,0.0247604,0.780577
NLOBK_MVgamma_smallest,0.00985261,27.0,0.529146,0.0656894,0.08635,0.0202494,0.708202
