NLOBK_MVgamma_smallest,1e-05,4.5,1.10956,0.233752,0.229882,0.0268075,1.31316
NLOBK_MVgamma_smallest,1.5e-05,4.5,1.05247,0.220238,0.212528,0.0249109,1.25836
NLOBK_MVgamma_smallest,2.25e-05,4.5,0.996943,0.207019,0.195753,0.0230778,1.20497
NLOBK_MVgamma_smallest,3.375e-05,4.5,0.943102,0.19428,0.179702,0.0213117,1.15298
NLOBK_MVgamma_smallest,5.0625e-05,4.5,0.891098,0.181784,0.164315,0.0196087,1.10231
NLOBK_MVgamma_smallest,7.59375e-05,4.5,0.840628,0.169659,0.149618,0.01799,1.05293
NLOBK_MVgamma_smallest,0.000113906,4.5,0.792116,0.157846,0.135636,0.016424,1.00475
NLOBK_MVgamma_smallest,0.000170859,4.5,0.745217,0.146452,0.122374,0.0149104,0.957723
NLOBK_MVgamma_smallest,0.000256289,4.5,0.700109,0.135348,0.109669,0.0134889,0.911802
NLOBK_MVgamma_smallest,0.000384434,4.5,0.657094,0.124559,0.0977906,0.0121262,0.866801
NLOBK_MVgamma_smallest,0.00057665,4.5,0.615959,0.114229,0.0865231,0.0108092,0.822566
NLOBK_MVgamma_smallest,0.000864976,4.5,0.57696,0.104189,0.0759711,0.00957819,0.778907
NLOBK_MVgamma_smallest,0.00129746,4.5,0.540266,0.094564,0.0660791,0.00840587,0.73569
NLOBK_MVgamma_smallest,0.0019462,4.5,0.505939,0.0854237,0.0569855,0.00730242,0.69333
NLOBK_MVgamma_smallest,0.00291929,4.5,0.474378,0.0766993,0.0487086,0.00628076,0.652402
NLOBK_MVgamma_smallest,0.00437894,4.5,0.445416,0.0684895,0.0411683,0.00534881,0.612718
NLOBK_MVgamma_smallest,0.00656841,4.5,0.419685,0.0608786,0.0343401,0.00448095,0.572823
NLOBK_MVgamma_smallest,0.00985261,4.5,0.397189,0.0538409,0.0283378,0.00370594,0.533378
NLOBK_MVgamma_smallest,1e-05,45.0,2.45331,0.479968,0.946456,0.201413,2.48738
NLOBK_MVgamma_smallest,1.5e-05,45.0,2.29051,0.444308,0.871061,0.18576,2.3448
NLOBK_MVgamma_smallest,2.25e-05,45.0,2.13378,0.410361,0.799148,0.170858,2.20882
NLOBK_MVgamma_smallest,3.375e-05,45.0,1.98345,0.37768,0.730686,0.156783,2.07941
NLOBK_MVgamma_smallest,5.0625e-05,45.0,1.84008,0.346633,0.665777,0.143346,1.95618
NLOBK_MVgamma_smallest,7.59375e-05,45.0,1.70298,0.31723,0.604156,0.130615,1.83886
NLOBK_MVgamma_smallest,0.000113906,45.0,1.57301,0.289218,0.545634,0.118442,1.7272
NLOBK_MVgamma_smallest,0.000170859,45.0,1.44944,0.262533,0.489793,0.106864,1.6209
NLOBK_MVgamma_smallest,0.000256289,45.0,1.33138,0.237242,0.438031,0.0961652,1.51978
NLOBK_MVgamma_smallest,0.000384434,45.0,1.21919,0.213537,0.388403,0.0858765,1.42261
NLOBK_MVgamma_smallest,0.00057665,45.0,1.11322,0.190866,0.342457,0.0763196,1.32808
NLOBK_MVgamma_smallest,0.000864976,45.0,1.01374,0.169511,0.298813,0.0672803,1.23476
NLOBK_MVgamma_smallest,0.00129746,45.0,0.920243,0.149526,0.258385,0.0588583,1.14171
NLOBK_MVgamma_smallest,0.0019462,45.0,0.833554,0.130822,0.220434,0.0509272,1.05162
NLOBK_MVgamma_smallest,0.00291929,45.0,0.753663,0.113478,0.186322,0.0435686,0.968583
NLOBK_MVgamma_smallest,0.00437894,45.0,0.681353,0.0975214,0.155156,0.0368833,0.891574
NLOBK_MVgamma_smallest,0.00656841,45.0,0.614509,0.0826438,0.126329,0.0307341,0.809457
NLOBK_MVgamma_smallest,0.00985261,45.0,0.555411,0.0691875,0.100458,0.0251354,0.72637
NLOBK_MVgamma_smallest,1e-05,15.0,1.73239,0.349477,0.538418,0.0977777,1.95391
NLOBK_MVgamma_smallest,1.5e-05,15.0,1.6283,0.325634,0.496739,0.0905524,1.85591
NLOBK_MVgamma_smallest,2.25e-05,15.0,1.52765,0.30303,0.456945,0.0836572,1.76139
NLOBK_MVgamma_smallest,3.375e-05,15.0,1.43129,0.280941,0.419027,0.0769944,1.6703
NLOBK_MVgamma_smallest,5.0625e-05,15.0,1.33814,0.25972,0.382796,0.0706616,1.58248
NLOBK_MVgamma_smallest,7.59375e-05,15.0,1.24812,0.239288,0.34836,0.0645942,1.49778
NLOBK_MVgamma_smallest,0.000113906,15.0,1.16255,0.219764,0.315352,0.0588572,1.41609
NLOBK_MVgamma_smallest,0.000170859,15.0,1.0809,0.201029,0.284187,0.0532963,1.33724
NLOBK_MVgamma_smallest,0.000256289,15.0,1.00259,0.18311,0.2545,0.0480335,1.26115
NLOBK_MVgamma_smallest,0.000384434,15.0,0.927928,0.16597,0.226606,0.0430508,1.1873
NLOBK_MVgamma_smallest,0.00057665,15.0,0.856546,0.149588,0.200073,0.0383477,1.1152
NLOBK_MVgamma_smallest,0.000864976,15.0,0.789743,0.134032,0.175429,0.0338327,1.04426
NLOBK_MVgamma_smallest,0.00129746,15.0,0.726796,0.1193,0.152126,0.0296195,0.974102
NLOBK_MVgamma_smallest,0.0019462,15.0,0.667823,0.10533,0.130614,0.0256746,0.905814
NLOBK_MVgamma_smallest,0.00291929,15.0,0.613307,0.0921877,0.110983,0.0220301,0.841122
NLOBK_MVgamma_smallest,0.00437894,15.0,0.563698,0.0799875,0.0929945,0.0186512,0.779485
NLOBK_MVgamma_smallest,0.00656841,15.0,0.518459,0.0686194,0.0766365,0.0155379,0.716442
NLOBK_MVgamma_smallest,0.00985261,15.0,0.478347,0.0582134,0.0619963,0.0127179,0.653739
NLOBK_MVgamma_smallest,1e-05,27.0,2.10062,0.416198,0.743928,0.15036,2.25483
NLOBK_MVgamma_smallest,1.5e-05,27.0,1.96807,0.38655,0.68566,0.13902,2.13298
NLOBK_MVgamma_smallest,2.25e-05,27.0,1.83855,0.357985,0.629628,0.128007,2.01612
NLOBK_MVgamma_smallest,3.375e-05,27.0,1.71538,0.330479,0.576802,0.117668,1.90423
NLOBK_MVgamma_smallest,5.0625e-05,27.0,1.59652,0.304609,0.526203,0.107704,1.79702
NLOBK_MVgamma_smallest,7.59375e-05,27.0,1.48253,0.279505,0.478116,0.0982562,1.69431
NLOBK_MVgamma_smallest,0.000113906,27.0,1.37409,0.255409,0.432501,0.0893302,1.5959
NLOBK_MVgamma_smallest,0.000170859,27.0,1.27065,0.232548,0.388904,0.0807507,1.50157
NLOBK_MVgamma_smallest,0.000256289,27.0,1.17269,0.21084,0.347902,0.0727844,1.4112
NLOBK_MVgamma_smallest,0.000384434,27.0,1.07924,0.190108,0.309299,0.0650359,1.32395
NLOBK_MVgamma_smallest,0.00057665,27.0,0.991473,0.170772,0.272996,0.0578398,1.23899
NLOBK_MVgamma_smallest,0.000864976,27.0,0.906876,0.151918,0.238558,0.0510405,1.15535
NLOBK_MVgamma_smallest,0.00129746,27.0,0.828618,0.134431,0.206821,0.0446154,1.0724
NLOBK_MVgamma_smallest,0.0019462,27.0,0.755153,0.118028,0.17708,0.0385845,0.991909
NLOBK_MVgamma_smallest,0.00291929,27.0,0.687677,0.102714,0.149984,0.0331038,0.916676
NLOBK_MVgamma_smallest,0.00437894,27.0,0.626371,0.0885469,0.125263,0.028004,0.845897
NLOBK_MVgamma_smallest,0.00656841,27.0,0.570165,0.0753312,0.102516,0.0232833,0.772173
NLOBK_MVgamma_smallest,0.00985261,27.0,0.519942,0.063259,0.0822601,0.0190503,0.698291
