NLOBK_MVgamma_smallest,1e-05,4.5,1.12937,0.238399,0.235206,0.0272747,1.33929
NLOBK_MVgamma_smallest,1.5e-05,4.5,1.07041,0.224355,0.21715,0.0253343,1.28306
NLOBK_MVgamma_smallest,2.25e-05,4.5,1.01281,0.210726,0.199956,0.0234513,1.22833
NLOBK_MVgamma_smallest,3.375e-05,4.5,0.957314,0.197591,0.18344,0.0216614,1.17506
NLOBK_MVgamma_smallest,5.0625e-05,4.5,0.903696,0.184779,0.167639,0.0199087,1.12316
NLOBK_MVgamma_smallest,7.59375e-05,4.5,0.851638,0.172263,0.15256,0.0182374,1.07253
NLOBK_MVgamma_smallest,0.000113906,4.5,0.801486,0.160184,0.138077,0.0166375,1.02316
NLOBK_MVgamma_smallest,0.000170859,4.5,0.753365,0.14831,0.124448,0.0151095,0.974974
NLOBK_MVgamma_smallest,0.000256289,4.5,0.706916,0.136959,0.111486,0.0136377,0.927896
NLOBK_MVgamma_smallest,0.000384434,4.5,0.662702,0.125895,0.0991854,0.0122449,0.881679
NLOBK_MVgamma_smallest,0.00057665,4.5,0.620352,0.115241,0.0876728,0.0109131,0.835836
NLOBK_MVgamma_smallest,0.000864976,4.5,0.5802,0.104953,0.0768969,0.00964425,0.790678
NLOBK_MVgamma_smallest,0.00129746,4.5,0.542586,0.0951183,0.0668576,0.00846328,0.74628
NLOBK_MVgamma_smallest,0.0019462,4.5,0.50738,0.0857281,0.0575693,0.00734371,0.702797
NLOBK_MVgamma_smallest,0.00291929,4.5,0.475152,0.0768255,0.0490727,0.00631104,0.660392
NLOBK_MVgamma_smallest,0.00437894,4.5,0.44548,0.0684569,0.0414116,0.00535735,0.618137
NLOBK_MVgamma_smallest,0.00656841,4.5,0.419032,0.0606676,0.0344978,0.00448185,0.576894
NLOBK_MVgamma_smallest,0.00985261,4.5,0.396121,0.0535333,0.0284418,0.00370397,0.536415
NLOBK_MVgamma_smallest,1e-05,45.0,2.52984,0.497439,0.979332,0.20857,2.57883
NLOBK_MVgamma_smallest,1.5e-05,45.0,2.35968,0.460396,0.900586,0.192446,2.43139
NLOBK_MVgamma_smallest,2.25e-05,45.0,2.19675,0.424786,0.826161,0.176803,2.29094
NLOBK_MVgamma_smallest,3.375e-05,45.0,2.03998,0.390869,0.754775,0.162238,2.15718
NLOBK_MVgamma_smallest,5.0625e-05,45.0,1.89051,0.358682,0.687259,0.148215,2.02984
NLOBK_MVgamma_smallest,7.59375e-05,45.0,1.74888,0.327982,0.623162,0.135,1.9086
NLOBK_MVgamma_smallest,0.000113906,45.0,1.61311,0.298751,0.562078,0.122385,1.79325
NLOBK_MVgamma_smallest,0.000170859,45.0,1.48464,0.2711,0.504628,0.110509,1.6835
NLOBK_MVgamma_smallest,0.000256289,45.0,1.36205,0.244798,0.450602,0.0991263,1.57907
NLOBK_MVgamma_smallest,0.000384434,45.0,1.24592,0.220135,0.399301,0.0886103,1.47794
NLOBK_MVgamma_smallest,0.00057665,45.0,1.13633,0.196658,0.351564,0.0787283,1.37667
NLOBK_MVgamma_smallest,0.000864976,45.0,1.0325,0.174389,0.306364,0.069202,1.27763
NLOBK_MVgamma_smallest,0.00129746,45.0,0.935995,0.153713,0.264386,0.0604917,1.18158
NLOBK_MVgamma_smallest,0.0019462,45.0,0.846062,0.13429,0.22549,0.0523036,1.08924
NLOBK_MVgamma_smallest,0.00291929,45.0,0.762992,0.116325,0.190092,0.0447398,1.00171
NLOBK_MVgamma_smallest,0.00437894,45.0,0.687693,0.0997689,0.157453,0.0377858,0.912037
NLOBK_MVgamma_smallest,0.00656841,45.0,0.618928,0.0843758,0.127976,0.0314487,0.826409
NLOBK_MVgamma_smallest,0.00985261,45.0,0.557765,0.0705418,0.101426,0.0256801,0.741927
NLOBK_MVgamma_smallest,1e-05,15.0,1.77551,0.359468,0.554092,0.100502,2.00846
NLOBK_MVgamma_smallest,1.5e-05,15.0,1.66744,0.335082,0.510872,0.0931506,1.90752
NLOBK_MVgamma_smallest,2.25e-05,15.0,1.56379,0.311416,0.469701,0.0858452,1.81028
NLOBK_MVgamma_smallest,3.375e-05,15.0,1.46345,0.288594,0.430421,0.079004,1.71655
NLOBK_MVgamma_smallest,5.0625e-05,15.0,1.36722,0.266714,0.393057,0.0724784,1.62622
NLOBK_MVgamma_smallest,7.59375e-05,15.0,1.27413,0.245539,0.357125,0.0662038,1.53908
NLOBK_MVgamma_smallest,0.000113906,15.0,1.18501,0.225242,0.323109,0.0602445,1.45505
NLOBK_MVgamma_smallest,0.000170859,15.0,1.10066,0.205951,0.291135,0.0545982,1.37397
NLOBK_MVgamma_smallest,0.000256289,15.0,1.01959,0.18745,0.260583,0.0491999,1.2957
NLOBK_MVgamma_smallest,0.000384434,15.0,0.942489,0.169672,0.231501,0.0439982,1.21947
NLOBK_MVgamma_smallest,0.00057665,15.0,0.868724,0.152616,0.204355,0.0391587,1.14387
NLOBK_MVgamma_smallest,0.000864976,15.0,0.799818,0.136698,0.178605,0.0345136,1.06981
NLOBK_MVgamma_smallest,0.00129746,15.0,0.735129,0.121425,0.154975,0.030176,0.997563
NLOBK_MVgamma_smallest,0.0019462,15.0,0.674275,0.106998,0.13298,0.0261522,0.927491
NLOBK_MVgamma_smallest,0.00291929,15.0,0.618142,0.0935616,0.112539,0.0223584,0.859994
NLOBK_MVgamma_smallest,0.00437894,15.0,0.566663,0.0809797,0.0940591,0.0189043,0.792311
NLOBK_MVgamma_smallest,0.00656841,15.0,0.520394,0.0692829,0.0773871,0.0157141,0.726899
NLOBK_MVgamma_smallest,0.00985261,15.0,0.479347,0.0587164,0.0624992,0.0128616,0.662761
NLOBK_MVgamma_smallest,1e-05,27.0,2.16067,0.429978,0.767888,0.155111,2.32805
NLOBK_MVgamma_smallest,1.5e-05,27.0,2.02109,0.399381,0.707165,0.14339,2.20228
NLOBK_MVgamma_smallest,2.25e-05,27.0,1.88727,0.369626,0.649671,0.132189,2.0818
NLOBK_MVgamma_smallest,3.375e-05,27.0,1.75934,0.341108,0.594323,0.12128,1.96639
NLOBK_MVgamma_smallest,5.0625e-05,27.0,1.63719,0.313988,0.541849,0.111018,1.85586
NLOBK_MVgamma_smallest,7.59375e-05,27.0,1.51855,0.287818,0.491984,0.101269,1.74993
NLOBK_MVgamma_smallest,0.000113906,27.0,1.40616,0.262984,0.444515,0.0919589,1.64848
NLOBK_MVgamma_smallest,0.000170859,27.0,1.29897,0.239338,0.399704,0.0830373,1.55129
NLOBK_MVgamma_smallest,0.000256289,27.0,1.19652,0.216734,0.357059,0.0746738,1.45813
NLOBK_MVgamma_smallest,0.000384434,27.0,1.09942,0.195251,0.31724,0.0668594,1.36772
NLOBK_MVgamma_smallest,0.00057665,27.0,1.00788,0.174792,0.279573,0.0593378,1.27776
NLOBK_MVgamma_smallest,0.000864976,27.0,0.921852,0.155674,0.243945,0.0522721,1.18977
NLOBK_MVgamma_smallest,0.00129746,27.0,0.840209,0.137609,0.211138,0.0457068,1.10423
NLOBK_MVgamma_smallest,0.0019462,27.0,0.764432,0.120605,0.180646,0.0395214,1.02167
NLOBK_MVgamma_smallest,0.00291929,27.0,0.694984,0.104842,0.152507,0.0337662,0.942758
NLOBK_MVgamma_smallest,0.00437894,27.0,0.630763,0.0900866,0.126841,0.0285281,0.862919
NLOBK_MVgamma_smallest,0.00656841,27.0,0.572914,0.0765068,0.103656,0.0236932,0.78621
NLOBK_MVgamma_smallest,0.00985261,27.0,0.522017,0.0641874,0.0829832,0.0193655,0.710825
