NLOBK_MVgamma_smallest,1e-05,4.5,1.09833,0.231512,0.217511,0.0247825,1.19336
NLOBK_MVgamma_smallest,1.5e-05,4.5,1.04059,0.217874,0.200631,0.022992,1.1395
NLOBK_MVgamma_smallest,2.25e-05,4.5,0.984676,0.20455,0.184443,0.021245,1.08745
NLOBK_MVgamma_smallest,3.375e-05,4.5,0.930713,0.191685,0.169077,0.0196079,1.03715
NLOBK_MVgamma_smallest,5.0625e-05,4.5,0.878473,0.179194,0.154358,0.0180007,0.988519
NLOBK_MVgamma_smallest,7.59375e-05,4.5,0.828147,0.167039,0.140351,0.0164781,0.941479
NLOBK_MVgamma_smallest,0.000113906,4.5,0.77995,0.155334,0.126914,0.0150162,0.895969
NLOBK_MVgamma_smallest,0.000170859,4.5,0.732833,0.143833,0.114299,0.013618,0.851927
NLOBK_MVgamma_smallest,0.000256289,4.5,0.687979,0.132798,0.102294,0.0122811,0.809303
NLOBK_MVgamma_smallest,0.000384434,4.5,0.645514,0.122127,0.0909519,0.011008,0.768034
NLOBK_MVgamma_smallest,0.00057665,4.5,0.60449,0.111812,0.0803383,0.00980915,0.728068
NLOBK_MVgamma_smallest,0.000864976,4.5,0.565743,0.101853,0.0704216,0.00867145,0.689376
NLOBK_MVgamma_smallest,0.00129746,4.5,0.529242,0.0923306,0.0611982,0.00760012,0.651897
NLOBK_MVgamma_smallest,0.0019462,4.5,0.495265,0.0832244,0.052628,0.0065911,0.615615
NLOBK_MVgamma_smallest,0.00291929,4.5,0.463989,0.0745509,0.0448436,0.00565941,0.580484
NLOBK_MVgamma_smallest,0.00437894,4.5,0.435557,0.066409,0.0378221,0.0048059,0.546497
NLOBK_MVgamma_smallest,0.00656841,4.5,0.410241,0.0588284,0.0315268,0.00402678,0.513639
NLOBK_MVgamma_smallest,0.00985261,4.5,0.388254,0.0518724,0.0260084,0.00332459,0.481869
NLOBK_MVgamma_smallest,1e-05,45.0,2.39052,0.463893,0.898729,0.191023,2.27859
NLOBK_MVgamma_smallest,1.5e-05,45.0,2.2286,0.428755,0.824867,0.175842,2.13493
NLOBK_MVgamma_smallest,2.25e-05,45.0,2.07504,0.395149,0.755377,0.161444,1.99856
NLOBK_MVgamma_smallest,3.375e-05,45.0,1.92705,0.362994,0.6892,0.147709,1.86921
NLOBK_MVgamma_smallest,5.0625e-05,45.0,1.78683,0.33278,0.626294,0.134774,1.74649
NLOBK_MVgamma_smallest,7.59375e-05,45.0,1.65301,0.303896,0.566886,0.122428,1.63015
NLOBK_MVgamma_smallest,0.000113906,45.0,1.52596,0.276674,0.510924,0.110842,1.51991
NLOBK_MVgamma_smallest,0.000170859,45.0,1.406,0.250916,0.458415,0.0999639,1.41544
NLOBK_MVgamma_smallest,0.000256289,45.0,1.29141,0.22663,0.408805,0.0897372,1.31654
NLOBK_MVgamma_smallest,0.000384434,45.0,1.18371,0.203593,0.362085,0.0800207,1.22292
NLOBK_MVgamma_smallest,0.00057665,45.0,1.08199,0.18183,0.318707,0.0709172,1.13435
NLOBK_MVgamma_smallest,0.000864976,45.0,0.986393,0.161278,0.278125,0.0623959,1.05061
NLOBK_MVgamma_smallest,0.00129746,45.0,0.897847,0.14231,0.240306,0.0544902,0.971476
NLOBK_MVgamma_smallest,0.0019462,45.0,0.814969,0.124333,0.20553,0.0471338,0.896769
NLOBK_MVgamma_smallest,0.00291929,45.0,0.738707,0.107857,0.173567,0.0402468,0.826234
NLOBK_MVgamma_smallest,0.00437894,45.0,0.670082,0.0926826,0.144406,0.0340577,0.7597
NLOBK_MVgamma_smallest,0.00656841,45.0,0.607208,0.0785893,0.118074,0.028345,0.697059
NLOBK_MVgamma_smallest,0.00985261,45.0,0.552169,0.0659346,0.0948614,0.0232676,0.637914
NLOBK_MVgamma_smallest,1e-05,15.0,1.70409,0.342214,0.511901,0.0921251,1.77448
NLOBK_MVgamma_smallest,1.5e-05,15.0,1.60059,0.318743,0.471363,0.0851522,1.67759
NLOBK_MVgamma_smallest,2.25e-05,15.0,1.50022,0.295839,0.432757,0.0784766,1.58477
NLOBK_MVgamma_smallest,3.375e-05,15.0,1.40435,0.274168,0.396146,0.0721538,1.49587
NLOBK_MVgamma_smallest,5.0625e-05,15.0,1.31221,0.25325,0.361236,0.0660953,1.41069
NLOBK_MVgamma_smallest,7.59375e-05,15.0,1.22392,0.233162,0.328278,0.060317,1.32909
NLOBK_MVgamma_smallest,0.000113906,15.0,1.13945,0.2139,0.296626,0.0547993,1.25092
NLOBK_MVgamma_smallest,0.000170859,15.0,1.05932,0.195524,0.266742,0.0495997,1.17602
NLOBK_MVgamma_smallest,0.000256289,15.0,0.982188,0.17793,0.238733,0.0446316,1.10428
NLOBK_MVgamma_smallest,0.000384434,15.0,0.908799,0.161183,0.212151,0.0399251,1.03555
NLOBK_MVgamma_smallest,0.00057665,15.0,0.839966,0.145221,0.187161,0.0354917,0.969718
NLOBK_MVgamma_smallest,0.000864976,15.0,0.774581,0.130053,0.163809,0.0313058,0.906677
NLOBK_MVgamma_smallest,0.00129746,15.0,0.713138,0.11571,0.142188,0.0273805,0.846311
NLOBK_MVgamma_smallest,0.0019462,15.0,0.655948,0.102113,0.122075,0.0237315,0.788551
NLOBK_MVgamma_smallest,0.00291929,15.0,0.603001,0.0893869,0.103549,0.0203077,0.733277
NLOBK_MVgamma_smallest,0.00437894,15.0,0.554857,0.0775252,0.0867641,0.0171843,0.680428
NLOBK_MVgamma_smallest,0.00656841,15.0,0.511399,0.0665247,0.0716685,0.0143248,0.629954
NLOBK_MVgamma_smallest,0.00985261,15.0,0.473139,0.0565337,0.0581735,0.0117349,0.581708
NLOBK_MVgamma_smallest,1e-05,27.0,2.05698,0.404805,0.707341,0.142247,2.05517
NLOBK_MVgamma_smallest,1.5e-05,27.0,1.92376,0.375294,0.650531,0.131263,1.93367
NLOBK_MVgamma_smallest,2.25e-05,27.0,1.79595,0.346925,0.596239,0.120744,1.81782
NLOBK_MVgamma_smallest,3.375e-05,27.0,1.67441,0.319918,0.544791,0.11067,1.70743
NLOBK_MVgamma_smallest,5.0625e-05,27.0,1.55818,0.294375,0.496209,0.101137,1.6022
NLOBK_MVgamma_smallest,7.59375e-05,27.0,1.44667,0.269846,0.450117,0.0921085,1.50194
NLOBK_MVgamma_smallest,0.000113906,27.0,1.34037,0.246337,0.406531,0.0835939,1.40644
NLOBK_MVgamma_smallest,0.000170859,27.0,1.23954,0.224144,0.364766,0.0754194,1.31545
NLOBK_MVgamma_smallest,0.000256289,27.0,1.14385,0.202933,0.325868,0.0677882,1.22883
NLOBK_MVgamma_smallest,0.000384434,27.0,1.05334,0.18299,0.289234,0.0605128,1.14636
NLOBK_MVgamma_smallest,0.00057665,27.0,0.967191,0.163978,0.255008,0.0537232,1.06786
NLOBK_MVgamma_smallest,0.000864976,27.0,0.886345,0.146028,0.222748,0.04735,0.993192
NLOBK_MVgamma_smallest,0.00129746,27.0,0.810881,0.129178,0.193026,0.04135,0.922171
NLOBK_MVgamma_smallest,0.0019462,27.0,0.740668,0.113359,0.165462,0.0357904,0.854688
NLOBK_MVgamma_smallest,0.00291929,27.0,0.675429,0.098638,0.140094,0.0306483,0.790557
NLOBK_MVgamma_smallest,0.00437894,27.0,0.616026,0.0849569,0.116927,0.0258955,0.729666
NLOBK_MVgamma_smallest,0.00656841,27.0,0.563076,0.0723883,0.0960324,0.0215775,0.671936
NLOBK_MVgamma_smallest,0.00985261,27.0,0.516007,0.0609272,0.0775343,0.0176837,0.617114
