NLOBK_MVgamma_smallest,1e-05,4.5,1.1129,0.234635,0.2262,0.0258992,1.31099
NLOBK_MVgamma_smallest,1.5e-05,4.5,1.0552,0.220922,0.208955,0.0240536,1.25611
NLOBK_MVgamma_smallest,2.25e-05,4.5,0.99942,0.207746,0.192428,0.0222747,1.20274
NLOBK_MVgamma_smallest,3.375e-05,4.5,0.945326,0.194856,0.176532,0.0205818,1.15073
NLOBK_MVgamma_smallest,5.0625e-05,4.5,0.892876,0.18233,0.161355,0.0189371,1.10009
NLOBK_MVgamma_smallest,7.59375e-05,4.5,0.842124,0.170119,0.146827,0.017326,1.05072
NLOBK_MVgamma_smallest,0.000113906,4.5,0.793166,0.158153,0.13302,0.0158194,1.00256
NLOBK_MVgamma_smallest,0.000170859,4.5,0.746395,0.146736,0.119882,0.0143641,0.955555
NLOBK_MVgamma_smallest,0.000256289,4.5,0.701101,0.135579,0.10735,0.012969,0.909547
NLOBK_MVgamma_smallest,0.000384434,4.5,0.657782,0.124792,0.0956006,0.0116389,0.864191
NLOBK_MVgamma_smallest,0.00057665,4.5,0.616469,0.114362,0.084489,0.010373,0.81949
NLOBK_MVgamma_smallest,0.000864976,4.5,0.577358,0.104302,0.0740958,0.00918525,0.775395
NLOBK_MVgamma_smallest,0.00129746,4.5,0.540468,0.0946523,0.0644059,0.00804557,0.731499
NLOBK_MVgamma_smallest,0.0019462,4.5,0.506074,0.0854547,0.0553787,0.00698102,0.688512
NLOBK_MVgamma_smallest,0.00291929,4.5,0.474475,0.076731,0.0472384,0.00599727,0.647151
NLOBK_MVgamma_smallest,0.00437894,4.5,0.445486,0.0685576,0.039858,0.00509626,0.606932
NLOBK_MVgamma_smallest,0.00656841,4.5,0.419568,0.0608975,0.0332216,0.00426693,0.56665
NLOBK_MVgamma_smallest,0.00985261,4.5,0.397204,0.0538807,0.0273965,0.00352614,0.529001
NLOBK_MVgamma_smallest,1e-05,45.0,2.46857,0.483111,0.945926,0.201052,2.50129
NLOBK_MVgamma_smallest,1.5e-05,45.0,2.30461,0.447463,0.869981,0.185252,2.3578
NLOBK_MVgamma_smallest,2.25e-05,45.0,2.14543,0.413364,0.797763,0.170467,2.2211
NLOBK_MVgamma_smallest,3.375e-05,45.0,1.99303,0.380099,0.729102,0.156154,2.09087
NLOBK_MVgamma_smallest,5.0625e-05,45.0,1.84928,0.348861,0.663929,0.142763,1.96678
NLOBK_MVgamma_smallest,7.59375e-05,45.0,1.71076,0.319105,0.601928,0.129893,1.84876
NLOBK_MVgamma_smallest,0.000113906,45.0,1.58017,0.290904,0.543555,0.11793,1.73646
NLOBK_MVgamma_smallest,0.000170859,45.0,1.45495,0.263838,0.487668,0.106392,1.6296
NLOBK_MVgamma_smallest,0.000256289,45.0,1.33597,0.238497,0.43566,0.0956194,1.52702
NLOBK_MVgamma_smallest,0.000384434,45.0,1.2233,0.214415,0.386104,0.0854475,1.42625
NLOBK_MVgamma_smallest,0.00057665,45.0,1.11607,0.191592,0.339606,0.0757619,1.32731
NLOBK_MVgamma_smallest,0.000864976,45.0,1.01533,0.170154,0.296141,0.0666764,1.22988
NLOBK_MVgamma_smallest,0.00129746,45.0,0.920478,0.149521,0.255168,0.0581494,1.13092
NLOBK_MVgamma_smallest,0.0019462,45.0,0.833073,0.130905,0.217618,0.0503036,1.03587
NLOBK_MVgamma_smallest,0.00291929,45.0,0.752219,0.113319,0.183308,0.0429859,0.94879
NLOBK_MVgamma_smallest,0.00437894,45.0,0.679782,0.0972963,0.152105,0.0362699,0.866962
NLOBK_MVgamma_smallest,0.00656841,45.0,0.612628,0.082323,0.123136,0.0301552,0.781129
NLOBK_MVgamma_smallest,0.00985261,45.0,0.554552,0.0689629,0.0983393,0.0246746,0.708675
NLOBK_MVgamma_smallest,1e-05,15.0,1.74021,0.351296,0.534713,0.096393,1.95635
NLOBK_MVgamma_smallest,1.5e-05,15.0,1.63509,0.327271,0.493045,0.0891965,1.85798
NLOBK_MVgamma_smallest,2.25e-05,15.0,1.53413,0.304366,0.453506,0.0823538,1.76323
NLOBK_MVgamma_smallest,3.375e-05,15.0,1.43637,0.282356,0.415576,0.0758152,1.67187
NLOBK_MVgamma_smallest,5.0625e-05,15.0,1.34303,0.261016,0.379441,0.0695669,1.5838
NLOBK_MVgamma_smallest,7.59375e-05,15.0,1.25288,0.240412,0.344977,0.0635326,1.49889
NLOBK_MVgamma_smallest,0.000113906,15.0,1.16618,0.220739,0.312098,0.0578645,1.417
NLOBK_MVgamma_smallest,0.000170859,15.0,1.08391,0.201799,0.281037,0.0523411,1.33797
NLOBK_MVgamma_smallest,0.000256289,15.0,1.00517,0.18371,0.25153,0.0471646,1.26137
NLOBK_MVgamma_smallest,0.000384434,15.0,0.93024,0.166521,0.22361,0.0422268,1.18617
NLOBK_MVgamma_smallest,0.00057665,15.0,0.858172,0.149915,0.197325,0.0375592,1.11239
NLOBK_MVgamma_smallest,0.000864976,15.0,0.790369,0.13422,0.17264,0.0331417,1.03988
NLOBK_MVgamma_smallest,0.00129746,15.0,0.72738,0.119417,0.149624,0.0289433,0.967378
NLOBK_MVgamma_smallest,0.0019462,15.0,0.66789,0.105428,0.128341,0.0250855,0.89705
NLOBK_MVgamma_smallest,0.00291929,15.0,0.613361,0.0921989,0.108598,0.0214477,0.830779
NLOBK_MVgamma_smallest,0.00437894,15.0,0.563218,0.0798423,0.0908494,0.0181144,0.767251
NLOBK_MVgamma_smallest,0.00656841,15.0,0.518094,0.0685141,0.0746931,0.0150416,0.702748
NLOBK_MVgamma_smallest,0.00985261,15.0,0.478258,0.0581567,0.0605855,0.0123419,0.644826
NLOBK_MVgamma_smallest,1e-05,27.0,2.11289,0.4188,0.74172,0.149282,2.26247
NLOBK_MVgamma_smallest,1.5e-05,27.0,1.97747,0.388987,0.683032,0.137955,2.13998
NLOBK_MVgamma_smallest,2.25e-05,27.0,1.84687,0.359993,0.627616,0.127081,2.02266
NLOBK_MVgamma_smallest,3.375e-05,27.0,1.7226,0.332379,0.573797,0.116592,1.91024
NLOBK_MVgamma_smallest,5.0625e-05,27.0,1.60362,0.306002,0.523323,0.106797,1.80251
NLOBK_MVgamma_smallest,7.59375e-05,27.0,1.4886,0.280919,0.475207,0.0973709,1.69936
NLOBK_MVgamma_smallest,0.000113906,27.0,1.37949,0.256627,0.42953,0.0884179,1.60053
NLOBK_MVgamma_smallest,0.000170859,27.0,1.27499,0.233674,0.386277,0.079893,1.50584
NLOBK_MVgamma_smallest,0.000256289,27.0,1.17623,0.211599,0.345283,0.0718712,1.41454
NLOBK_MVgamma_smallest,0.000384434,27.0,1.08112,0.190777,0.306618,0.0642943,1.32495
NLOBK_MVgamma_smallest,0.00057665,27.0,0.99297,0.171099,0.270116,0.0571219,1.23711
NLOBK_MVgamma_smallest,0.000864976,27.0,0.908256,0.152376,0.235953,0.0503324,1.15076
NLOBK_MVgamma_smallest,0.00129746,27.0,0.829153,0.134667,0.204124,0.043975,1.06386
NLOBK_MVgamma_smallest,0.0019462,27.0,0.755137,0.118053,0.174484,0.0379689,0.979994
NLOBK_MVgamma_smallest,0.00291929,27.0,0.687167,0.102727,0.147191,0.0324594,0.902062
NLOBK_MVgamma_smallest,0.00437894,27.0,0.62505,0.0882846,0.1226,0.0274244,0.828065
NLOBK_MVgamma_smallest,0.00656841,27.0,0.568711,0.0750617,0.100188,0.0227359,0.75184
NLOBK_MVgamma_smallest,0.00985261,27.0,0.519666,0.0631192,0.0805026,0.0185971,0.685401
