NLOBK_MVgamma_smallest,1e-05,4.5,1.14297,0.241156,0.22496,0.024919,1.33041
NLOBK_MVgamma_smallest,1.5e-05,4.5,1.08364,0.22716,0.207576,0.023116,1.27476
NLOBK_MVgamma_smallest,2.25e-05,4.5,1.02609,0.213429,0.19109,0.0213927,1.22059
NLOBK_MVgamma_smallest,3.375e-05,4.5,0.970392,0.200215,0.175196,0.0197583,1.16787
NLOBK_MVgamma_smallest,5.0625e-05,4.5,0.916434,0.187304,0.160045,0.0181544,1.11654
NLOBK_MVgamma_smallest,7.59375e-05,4.5,0.864153,0.17469,0.145535,0.0166383,1.06647
NLOBK_MVgamma_smallest,0.000113906,4.5,0.813625,0.162497,0.131756,0.0151604,1.01763
NLOBK_MVgamma_smallest,0.000170859,4.5,0.765199,0.150658,0.118622,0.0137569,0.96996
NLOBK_MVgamma_smallest,0.000256289,4.5,0.718475,0.139198,0.106195,0.0124193,0.923345
NLOBK_MVgamma_smallest,0.000384434,4.5,0.674069,0.128099,0.0944444,0.0111384,0.877496
NLOBK_MVgamma_smallest,0.00057665,4.5,0.631407,0.1174,0.0834316,0.00992672,0.832549
NLOBK_MVgamma_smallest,0.000864976,4.5,0.591147,0.107042,0.0731209,0.00877258,0.788408
NLOBK_MVgamma_smallest,0.00129746,4.5,0.552977,0.0970923,0.0635183,0.00769113,0.744952
NLOBK_MVgamma_smallest,0.0019462,4.5,0.517757,0.0876272,0.0546657,0.00667596,0.702408
NLOBK_MVgamma_smallest,0.00291929,4.5,0.484937,0.0786127,0.0465325,0.00573262,0.660428
NLOBK_MVgamma_smallest,0.00437894,4.5,0.454998,0.0701269,0.0391998,0.00486097,0.619179
NLOBK_MVgamma_smallest,0.00656841,4.5,0.428297,0.0622544,0.0326432,0.00406864,0.578706
NLOBK_MVgamma_smallest,0.00985261,4.5,0.405177,0.0550008,0.0268789,0.00336014,0.540289
NLOBK_MVgamma_smallest,1e-05,45.0,2.54515,0.499164,0.962111,0.203882,2.53716
NLOBK_MVgamma_smallest,1.5e-05,45.0,2.37576,0.461912,0.885135,0.187956,2.39122
NLOBK_MVgamma_smallest,2.25e-05,45.0,2.21081,0.42627,0.811648,0.172812,2.25217
NLOBK_MVgamma_smallest,3.375e-05,45.0,2.05493,0.392517,0.741582,0.158475,2.11984
NLOBK_MVgamma_smallest,5.0625e-05,45.0,1.90658,0.360257,0.675402,0.144731,1.99395
NLOBK_MVgamma_smallest,7.59375e-05,45.0,1.76487,0.329608,0.612567,0.1318,1.87406
NLOBK_MVgamma_smallest,0.000113906,45.0,1.6287,0.300533,0.552684,0.1195,1.75999
NLOBK_MVgamma_smallest,0.000170859,45.0,1.49954,0.272662,0.496378,0.107905,1.65147
NLOBK_MVgamma_smallest,0.000256289,45.0,1.37674,0.246384,0.443288,0.0970612,1.54769
NLOBK_MVgamma_smallest,0.000384434,45.0,1.26046,0.221531,0.392846,0.0865611,1.44681
NLOBK_MVgamma_smallest,0.00057665,45.0,1.15091,0.198097,0.345818,0.0768395,1.34968
NLOBK_MVgamma_smallest,0.000864976,45.0,1.04701,0.175914,0.301737,0.0676968,1.25581
NLOBK_MVgamma_smallest,0.00129746,45.0,0.950505,0.155131,0.260532,0.0591776,1.164
NLOBK_MVgamma_smallest,0.0019462,45.0,0.86024,0.13564,0.222615,0.0512443,1.07585
NLOBK_MVgamma_smallest,0.00291929,45.0,0.777195,0.117656,0.187706,0.043832,0.988573
NLOBK_MVgamma_smallest,0.00437894,45.0,0.701028,0.100951,0.155542,0.0370136,0.903662
NLOBK_MVgamma_smallest,0.00656841,45.0,0.631839,0.0855786,0.126796,0.0308488,0.820214
NLOBK_MVgamma_smallest,0.00985261,45.0,0.571609,0.0717842,0.101082,0.025255,0.747325
NLOBK_MVgamma_smallest,1e-05,15.0,1.79215,0.362307,0.5388,0.0957485,1.98615
NLOBK_MVgamma_smallest,1.5e-05,15.0,1.6831,0.33751,0.496988,0.0885981,1.88625
NLOBK_MVgamma_smallest,2.25e-05,15.0,1.57894,0.313796,0.456827,0.0818003,1.78997
NLOBK_MVgamma_smallest,3.375e-05,15.0,1.47842,0.290933,0.4185,0.0752342,1.69725
NLOBK_MVgamma_smallest,5.0625e-05,15.0,1.38173,0.269072,0.38202,0.0690483,1.60791
NLOBK_MVgamma_smallest,7.59375e-05,15.0,1.28911,0.247825,0.347307,0.0631055,1.52174
NLOBK_MVgamma_smallest,0.000113906,15.0,1.20004,0.227554,0.314298,0.0574063,1.43862
NLOBK_MVgamma_smallest,0.000170859,15.0,1.11531,0.208107,0.28281,0.0519571,1.35843
NLOBK_MVgamma_smallest,0.000256289,15.0,1.03388,0.189469,0.253028,0.0468281,1.28084
NLOBK_MVgamma_smallest,0.000384434,15.0,0.956132,0.171667,0.225056,0.0419299,1.20507
NLOBK_MVgamma_smallest,0.00057665,15.0,0.882365,0.154706,0.19855,0.037276,1.13149
NLOBK_MVgamma_smallest,0.000864976,15.0,0.812812,0.138509,0.173719,0.0328848,1.05984
NLOBK_MVgamma_smallest,0.00129746,15.0,0.747971,0.123309,0.150657,0.0287569,0.989701
NLOBK_MVgamma_smallest,0.0019462,15.0,0.686923,0.108817,0.129215,0.0249309,0.921672
NLOBK_MVgamma_smallest,0.00291929,15.0,0.630303,0.0952174,0.10945,0.0213325,0.854702
NLOBK_MVgamma_smallest,0.00437894,15.0,0.578374,0.0824976,0.0914216,0.0180137,0.789317
NLOBK_MVgamma_smallest,0.00656841,15.0,0.531566,0.0707679,0.0751972,0.0150218,0.725366
NLOBK_MVgamma_smallest,0.00985261,15.0,0.490424,0.0600815,0.0609912,0.0123001,0.666524
NLOBK_MVgamma_smallest,1e-05,27.0,2.17698,0.432355,0.751867,0.150068,2.29653
NLOBK_MVgamma_smallest,1.5e-05,27.0,2.03685,0.401464,0.692619,0.138737,2.17202
NLOBK_MVgamma_smallest,2.25e-05,27.0,1.90261,0.37141,0.635644,0.127748,2.05273
NLOBK_MVgamma_smallest,3.375e-05,27.0,1.7747,0.342993,0.58214,0.117395,1.93854
NLOBK_MVgamma_smallest,5.0625e-05,27.0,1.65272,0.31589,0.530437,0.107417,1.82923
NLOBK_MVgamma_smallest,7.59375e-05,27.0,1.53363,0.289738,0.481577,0.0979301,1.72448
NLOBK_MVgamma_smallest,0.000113906,27.0,1.42082,0.264754,0.435361,0.0889007,1.62413
NLOBK_MVgamma_smallest,0.000170859,27.0,1.31387,0.241051,0.391443,0.0804485,1.528
NLOBK_MVgamma_smallest,0.000256289,27.0,1.21103,0.218627,0.349712,0.0722877,1.43554
NLOBK_MVgamma_smallest,0.000384434,27.0,1.11339,0.197079,0.310482,0.0646316,1.34553
NLOBK_MVgamma_smallest,0.00057665,27.0,1.0226,0.176706,0.273604,0.0574735,1.25852
NLOBK_MVgamma_smallest,0.000864976,27.0,0.935359,0.15748,0.239273,0.0506672,1.17416
NLOBK_MVgamma_smallest,0.00129746,27.0,0.854008,0.139367,0.207268,0.0442937,1.0917
NLOBK_MVgamma_smallest,0.0019462,27.0,0.778078,0.1222,0.177286,0.0383165,1.01213
NLOBK_MVgamma_smallest,0.00291929,27.0,0.707757,0.106322,0.149831,0.0327743,0.93367
NLOBK_MVgamma_smallest,0.00437894,27.0,0.643677,0.0915599,0.124658,0.027697,0.857242
NLOBK_MVgamma_smallest,0.00656841,27.0,0.5856,0.0778492,0.102014,0.0230343,0.782405
NLOBK_MVgamma_smallest,0.00985261,27.0,0.534262,0.0654442,0.0820295,0.0188664,0.715198
