NLOBK_MVgamma_smallest,1e-05,4.5,1.11972,0.236077,0.226698,0.0257756,1.32064
NLOBK_MVgamma_smallest,1.5e-05,4.5,1.06196,0.222445,0.209364,0.0239301,1.26534
NLOBK_MVgamma_smallest,2.25e-05,4.5,1.00537,0.208993,0.192618,0.0221607,1.21153
NLOBK_MVgamma_smallest,3.375e-05,4.5,0.950576,0.196041,0.176717,0.0204432,1.15912
NLOBK_MVgamma_smallest,5.0625e-05,4.5,0.897797,0.183346,0.161396,0.0188067,1.10805
NLOBK_MVgamma_smallest,7.59375e-05,4.5,0.846429,0.170995,0.146734,0.0172312,1.05823
NLOBK_MVgamma_smallest,0.000113906,4.5,0.796817,0.158924,0.132913,0.0157103,1.00968
NLOBK_MVgamma_smallest,0.000170859,4.5,0.749324,0.147363,0.119736,0.0142598,0.962286
NLOBK_MVgamma_smallest,0.000256289,4.5,0.703754,0.136131,0.107248,0.0128796,0.915994
NLOBK_MVgamma_smallest,0.000384434,4.5,0.660128,0.125222,0.0954482,0.011546,0.870572
NLOBK_MVgamma_smallest,0.00057665,4.5,0.618249,0.114688,0.0842882,0.0102964,0.825851
NLOBK_MVgamma_smallest,0.000864976,4.5,0.578713,0.104528,0.0739198,0.00910142,0.781824
NLOBK_MVgamma_smallest,0.00129746,4.5,0.541549,0.0948227,0.0642156,0.00797743,0.738199
NLOBK_MVgamma_smallest,0.0019462,4.5,0.506765,0.0855062,0.0552654,0.00691953,0.695499
NLOBK_MVgamma_smallest,0.00291929,4.5,0.474825,0.0766969,0.0470514,0.00593665,0.652715
NLOBK_MVgamma_smallest,0.00437894,4.5,0.445422,0.0684123,0.0395689,0.00503218,0.610831
NLOBK_MVgamma_smallest,0.00656841,4.5,0.419288,0.0607071,0.0329542,0.00421416,0.570619
NLOBK_MVgamma_smallest,0.00985261,4.5,0.3966,0.05361,0.0270948,0.00347314,0.530783
NLOBK_MVgamma_smallest,1e-05,45.0,2.49079,0.488675,0.953536,0.202675,2.52446
NLOBK_MVgamma_smallest,1.5e-05,45.0,2.32464,0.452283,0.8765,0.186853,2.37994
NLOBK_MVgamma_smallest,2.25e-05,45.0,2.16495,0.417513,0.803931,0.171729,2.24226
NLOBK_MVgamma_smallest,3.375e-05,45.0,2.0116,0.384482,0.734898,0.157626,2.11108
NLOBK_MVgamma_smallest,5.0625e-05,45.0,1.86561,0.352714,0.668973,0.143948,1.98623
NLOBK_MVgamma_smallest,7.59375e-05,45.0,1.72679,0.322665,0.606326,0.130897,1.86724
NLOBK_MVgamma_smallest,0.000113906,45.0,1.59279,0.294017,0.547356,0.118872,1.75404
NLOBK_MVgamma_smallest,0.000170859,45.0,1.46677,0.266927,0.491706,0.107298,1.64634
NLOBK_MVgamma_smallest,0.000256289,45.0,1.3463,0.24109,0.438962,0.096448,1.54391
NLOBK_MVgamma_smallest,0.000384434,45.0,1.23257,0.216754,0.389229,0.0861287,1.44497
NLOBK_MVgamma_smallest,0.00057665,45.0,1.12497,0.193697,0.342561,0.0764623,1.3483
NLOBK_MVgamma_smallest,0.000864976,45.0,1.02309,0.171921,0.298778,0.0672998,1.25385
NLOBK_MVgamma_smallest,0.00129746,45.0,0.927756,0.151533,0.257811,0.0588268,1.15946
NLOBK_MVgamma_smallest,0.0019462,45.0,0.839446,0.132473,0.22024,0.0508855,1.06889
NLOBK_MVgamma_smallest,0.00291929,45.0,0.757828,0.114735,0.185103,0.0434742,0.974808
NLOBK_MVgamma_smallest,0.00437894,45.0,0.683035,0.0984315,0.152979,0.0367072,0.883777
NLOBK_MVgamma_smallest,0.00656841,45.0,0.615067,0.0832591,0.124377,0.0305008,0.801074
NLOBK_MVgamma_smallest,0.00985261,45.0,0.55545,0.0696756,0.0984713,0.0248805,0.71669
NLOBK_MVgamma_smallest,1e-05,15.0,1.75457,0.3546,0.537479,0.0966691,1.97292
NLOBK_MVgamma_smallest,1.5e-05,15.0,1.64852,0.330498,0.495266,0.0894255,1.87382
NLOBK_MVgamma_smallest,2.25e-05,15.0,1.54559,0.307083,0.455804,0.0825632,1.77832
NLOBK_MVgamma_smallest,3.375e-05,15.0,1.44755,0.284694,0.417661,0.0759814,1.68624
NLOBK_MVgamma_smallest,5.0625e-05,15.0,1.35276,0.263159,0.381039,0.0696874,1.5975
NLOBK_MVgamma_smallest,7.59375e-05,15.0,1.26118,0.242557,0.346592,0.0636686,1.51185
NLOBK_MVgamma_smallest,0.000113906,15.0,1.17421,0.222634,0.313359,0.0579381,1.42929
NLOBK_MVgamma_smallest,0.000170859,15.0,1.09112,0.203476,0.282184,0.0524763,1.34963
NLOBK_MVgamma_smallest,0.000256289,15.0,1.01103,0.185238,0.252535,0.0472777,1.27274
NLOBK_MVgamma_smallest,0.000384434,15.0,0.935254,0.167697,0.224582,0.0423243,1.19794
NLOBK_MVgamma_smallest,0.00057665,15.0,0.862636,0.15103,0.197942,0.037643,1.12474
NLOBK_MVgamma_smallest,0.000864976,15.0,0.794855,0.135326,0.173377,0.0331972,1.05309
NLOBK_MVgamma_smallest,0.00129746,15.0,0.730603,0.120212,0.150161,0.0290062,0.982125
NLOBK_MVgamma_smallest,0.0019462,15.0,0.670874,0.10607,0.128778,0.0251228,0.913329
NLOBK_MVgamma_smallest,0.00291929,15.0,0.61523,0.0927164,0.108991,0.0214728,0.843729
NLOBK_MVgamma_smallest,0.00437894,15.0,0.564508,0.0802634,0.0908887,0.0181269,0.776088
NLOBK_MVgamma_smallest,0.00656841,15.0,0.518858,0.0687528,0.0747229,0.0150737,0.712549
NLOBK_MVgamma_smallest,0.00985261,15.0,0.478281,0.0583041,0.0602372,0.0123025,0.649131
NLOBK_MVgamma_smallest,1e-05,27.0,2.1307,0.423336,0.746551,0.150169,2.28275
NLOBK_MVgamma_smallest,1.5e-05,27.0,1.99397,0.392883,0.687682,0.138727,2.15935
NLOBK_MVgamma_smallest,2.25e-05,27.0,1.8636,0.363867,0.631522,0.127766,2.04114
NLOBK_MVgamma_smallest,3.375e-05,27.0,1.73797,0.336029,0.57774,0.117319,1.92786
NLOBK_MVgamma_smallest,5.0625e-05,27.0,1.61693,0.309074,0.526642,0.107386,1.81937
NLOBK_MVgamma_smallest,7.59375e-05,27.0,1.5005,0.283649,0.478198,0.0978825,1.71532
NLOBK_MVgamma_smallest,0.000113906,27.0,1.3904,0.259023,0.432205,0.0889301,1.6157
NLOBK_MVgamma_smallest,0.000170859,27.0,1.28485,0.236028,0.388621,0.0804664,1.52025
NLOBK_MVgamma_smallest,0.000256289,27.0,1.18454,0.213697,0.347509,0.0723466,1.42881
NLOBK_MVgamma_smallest,0.000384434,27.0,1.08965,0.192751,0.308257,0.0647009,1.34021
NLOBK_MVgamma_smallest,0.00057665,27.0,0.999306,0.172656,0.271823,0.0574813,1.25365
NLOBK_MVgamma_smallest,0.000864976,27.0,0.914264,0.153752,0.237432,0.0506325,1.16907
NLOBK_MVgamma_smallest,0.00129746,27.0,0.834489,0.135945,0.205364,0.0442819,1.08503
NLOBK_MVgamma_smallest,0.0019462,27.0,0.75987,0.119209,0.175713,0.0382509,1.004
NLOBK_MVgamma_smallest,0.00291929,27.0,0.6904,0.103647,0.148092,0.032684,0.921073
NLOBK_MVgamma_smallest,0.00437894,27.0,0.627565,0.0890439,0.123067,0.0275899,0.840706
NLOBK_MVgamma_smallest,0.00656841,27.0,0.570523,0.0756881,0.100611,0.0229013,0.766397
NLOBK_MVgamma_smallest,0.00985261,27.0,0.52028,0.0635734,0.0804456,0.0186926,0.69152
