LO_MVe,1e-05,4.5,1.56622,0.329731,9.56452e-12,2.85593e-26,1.56622
LO_MVe,1.5e-05,4.5,2.44219,0.586431,5.54415e-12,4.33009e-21,1.47327
LO_MVe,2.25e-05,4.5,2.30266,0.553878,4.6511e-12,3.60243e-21,1.38414
LO_MVe,3.375e-05,4.5,2.16892,0.522591,3.89583e-12,2.9869899999999997e-21,1.29882
LO_MVe,5.0625e-05,4.5,2.04096,0.492257,3.25914e-12,2.4673099999999998e-21,1.21729
LO_MVe,7.59375e-05,4.5,1.91813,0.463254,2.72425e-12,2.0306199999999997e-21,1.13951
LO_MVe,0.000113906,4.5,1.80068,0.435234,2.27649e-12,1.6641399999999999e-21,1.06544
LO_MVe,0.000170859,4.5,1.68938,0.408411,1.90307e-12,1.3578899999999999e-21,0.99504
LO_MVe,0.000256289,4.5,1.58276,0.382721,1.59291e-12,1.10359e-21,0.928246
LO_MVe,0.000384434,4.5,1.48172,0.358185,1.33637e-12,8.92772e-22,0.865001
LO_MVe,0.00057665,4.5,1.38563,0.334676,1.12512e-12,7.19179e-22,0.805241
LO_MVe,0.000864976,4.5,1.29495,0.312199,9.51973e-13,5.76615e-22,0.7489
LO_MVe,0.00129746,4.5,1.20906,0.290671,8.10773e-13,4.60236e-22,0.695912
LO_MVe,0.0019462,4.5,1.12904,0.270186,6.96236e-13,3.6572e-22,0.646216
LO_MVe,0.00291929,4.5,1.05441,0.250687,6.03852e-13,2.89401e-22,0.599757
LO_MVe,0.00437894,4.5,0.985305,0.232178,5.29772e-13,2.28138e-22,0.556491
LO_MVe,0.00656841,4.5,0.923251,0.214664,4.70739e-13,1.79264e-22,0.516396
LO_MVe,0.00985261,4.5,0.868686,0.198428,4.24006e-13,1.40526e-22,0.479477
LO_MVe,1e-05,45.0,7.33223,1.76128,6.59684e-11,5.18623e-19,4.13344
LO_MVe,1.5e-05,45.0,6.78683,1.63285,5.54415e-11,4.33009e-19,3.80264
LO_MVe,2.25e-05,45.0,6.27069,1.5099,4.6511e-11,3.60243e-19,3.49236
LO_MVe,3.375e-05,45.0,5.78642,1.39519,3.89583e-11,2.98699e-19,3.20179
LO_MVe,5.0625e-05,45.0,5.33899,1.28764,3.25914e-11,2.46731e-19,2.93009
LO_MVe,7.59375e-05,45.0,4.91711,1.18794,2.72425e-11,2.03062e-19,2.67643
LO_MVe,0.000113906,45.0,4.52591,1.09446,2.27649e-11,1.6641400000000001e-19,2.43998
LO_MVe,0.000170859,45.0,4.16429,1.00821,1.90307e-11,1.35789e-19,2.21991
LO_MVe,0.000256289,45.0,3.82568,0.926666,1.59291e-11,1.10359e-19,2.01543
LO_MVe,0.000384434,45.0,3.51629,0.852465,1.33637e-11,8.92772e-20,1.82572
LO_MVe,0.00057665,45.0,3.22705,0.782925,1.12512e-11,7.19179e-20,1.65003
LO_MVe,0.000864976,45.0,2.96166,0.719447,9.51973e-12,5.76615e-20,1.4876
LO_MVe,0.00129746,45.0,2.7141,0.658908,8.10773e-12,4.6023599999999995e-20,1.33769
LO_MVe,0.0019462,45.0,2.49327,0.604674,6.96236e-12,3.6572e-20,1.19962
LO_MVe,0.00291929,45.0,2.28986,0.554701,6.03852e-12,2.89401e-20,1.07271
LO_MVe,0.00437894,45.0,2.10259,0.507287,5.29772e-12,2.28138e-20,0.956334
LO_MVe,0.00656841,45.0,1.93267,0.4637,4.70739e-12,1.7926399999999997e-20,0.849924
LO_MVe,0.00985261,45.0,1.78209,0.423423,4.24006e-12,1.40526e-20,0.752956
LO_MVe,1e-05,15.0,2.70045,0.553529,3.18817e-11,3.17326e-25,2.70045
LO_MVe,1.5e-05,15.0,4.33408,1.03651,1.84805e-11,4.81121e-20,2.50985
LO_MVe,2.25e-05,15.0,4.04881,0.968407,1.55037e-11,4.0027000000000003e-20,2.32924
LO_MVe,3.375e-05,15.0,3.77865,0.904234,1.29861e-11,3.3188699999999996e-20,2.15836
LO_MVe,5.0625e-05,15.0,3.5222,0.844052,1.08638e-11,2.74146e-20,1.99695
LO_MVe,7.59375e-05,15.0,3.28032,0.786437,9.08084e-12,2.2562499999999997e-20,1.84472
LO_MVe,0.000113906,15.0,3.05064,0.732011,7.58829e-12,1.84904e-20,1.70138
LO_MVe,0.000170859,15.0,2.83481,0.680445,6.34357e-12,1.50876e-20,1.56662
LO_MVe,0.000256289,15.0,2.63329,0.632016,5.30969e-12,1.22621e-20,1.44013
LO_MVe,0.000384434,15.0,2.44424,0.586873,4.45456e-12,9.91969e-21,1.32161
LO_MVe,0.00057665,15.0,2.26635,0.543691,3.75039e-12,7.99088e-21,1.21072
LO_MVe,0.000864976,15.0,2.10152,0.503473,3.17324e-12,6.40684e-21,1.10717
LO_MVe,0.00129746,15.0,1.94619,0.465754,2.70258e-12,5.11373e-21,1.01063
LO_MVe,0.0019462,15.0,1.80209,0.429979,2.32079e-12,4.06355e-21,0.920824
LO_MVe,0.00291929,15.0,1.6684,0.396622,2.01284e-12,3.21556e-21,0.837449
LO_MVe,0.00437894,15.0,1.54613,0.365435,1.76591e-12,2.5348599999999997e-21,0.760238
LO_MVe,0.00656841,15.0,1.43385,0.335767,1.56913e-12,1.99182e-21,0.688946
LO_MVe,0.00985261,15.0,1.33334,0.307733,1.41335e-12,1.5613999999999999e-21,0.623366
LO_MVe,1e-05,27.0,5.96996,1.4262,3.9581e-11,1.86704e-19,3.41715
LO_MVe,1.5e-05,27.0,5.55118,1.32686,3.32649e-11,1.55883e-19,3.15829
LO_MVe,2.25e-05,27.0,5.15792,1.23434,2.79066e-11,1.29688e-19,2.91436
LO_MVe,3.375e-05,27.0,4.78484,1.1455,2.3375e-11,1.0753200000000001e-19,2.68486
LO_MVe,5.0625e-05,27.0,4.43379,1.06308,1.95549e-11,8.88232e-20,2.46927
LO_MVe,7.59375e-05,27.0,4.1052,0.984925,1.63455e-11,7.31024e-20,2.26705
LO_MVe,0.000113906,27.0,3.7987,0.912531,1.36589e-11,5.99089e-20,2.07768
LO_MVe,0.000170859,27.0,3.51378,0.843528,1.14184e-11,4.8884000000000003e-20,1.90061
LO_MVe,0.000256289,27.0,3.24827,0.779711,9.55744e-12,3.9729099999999996e-20,1.7353
LO_MVe,0.000384434,27.0,2.99687,0.719944,8.0182e-12,3.2139799999999995e-20,1.58123
LO_MVe,0.00057665,27.0,2.76579,0.664707,6.75071e-12,2.5890499999999997e-20,1.43786
LO_MVe,0.000864976,27.0,2.54919,0.613045,5.71184e-12,2.07582e-20,1.30468
LO_MVe,0.00129746,27.0,2.35134,0.564127,4.86464e-12,1.6568499999999998e-20,1.18118
LO_MVe,0.0019462,27.0,2.16697,0.519212,4.17742e-12,1.3165899999999999e-20,1.06688
LO_MVe,0.00291929,27.0,1.99846,0.477399,3.62311e-12,1.0418399999999999e-20,0.96131
LO_MVe,0.00437894,27.0,1.84374,0.438151,3.17863e-12,8.21295e-21,0.864035
LO_MVe,0.00656841,27.0,1.70269,0.401641,2.82443e-12,6.4534899999999994e-21,0.774648
LO_MVe,0.00985261,27.0,1.57592,0.367684,2.54403e-12,5.0589199999999995e-21,0.692796
