LO_MVe,1e-05,4.5,1.55921,0.328287,9.40751e-12,2.80948e-26,1.55921
LO_MVe,1.5e-05,4.5,2.43551,0.58482,5.44574e-12,4.2596699999999996e-21,1.46659
LO_MVe,2.25e-05,4.5,2.29571,0.552282,4.56369e-12,3.54071e-21,1.37778
LO_MVe,3.375e-05,4.5,2.16156,0.520839,3.81818e-12,2.93302e-21,1.29279
LO_MVe,5.0625e-05,4.5,2.03357,0.490711,3.19015e-12,2.4202399999999998e-21,1.21156
LO_MVe,7.59375e-05,4.5,1.91092,0.461595,2.66292e-12,1.9896e-21,1.13406
LO_MVe,0.000113906,4.5,1.79399,0.433661,2.22195e-12,1.62861e-21,1.06026
LO_MVe,0.000170859,4.5,1.68318,0.407048,1.85454e-12,1.3273099999999999e-21,0.990111
LO_MVe,0.000256289,4.5,1.5765,0.3813,1.54966e-12,1.0770799999999999e-21,0.923556
LO_MVe,0.000384434,4.5,1.47537,0.356874,1.29776e-12,8.70158e-22,0.860536
LO_MVe,0.00057665,4.5,1.37986,0.333328,1.09057e-12,6.99688e-22,0.800987
LO_MVe,0.000864976,4.5,1.28882,0.31078,9.20987e-13,5.60008e-22,0.744842
LO_MVe,0.00129746,4.5,1.20411,0.289491,7.82889e-13,4.46123e-22,0.692039
LO_MVe,0.0019462,4.5,1.12389,0.268968,6.71047e-13,3.53786e-22,0.642514
LO_MVe,0.00291929,4.5,1.0497,0.249608,5.80994e-13,2.7935999999999997e-22,0.596215
LO_MVe,0.00437894,4.5,0.980373,0.231073,5.08925e-13,2.19729e-22,0.553098
LO_MVe,0.00656841,4.5,0.918502,0.21372,4.51622e-13,1.7226e-22,0.513143
LO_MVe,0.00985261,4.5,0.864246,0.19744,4.06371e-13,1.34729e-22,0.476356
LO_MVe,1e-05,45.0,7.30745,1.75572,6.48607e-11,5.10591e-19,4.11358
LO_MVe,1.5e-05,45.0,6.75699,1.62645,5.44574e-11,4.25967e-19,3.78402
LO_MVe,2.25e-05,45.0,6.24522,1.50414,4.56369e-11,3.54071e-19,3.47492
LO_MVe,3.375e-05,45.0,5.7626,1.39023,3.81818e-11,2.93302e-19,3.18549
LO_MVe,5.0625e-05,45.0,5.31235,1.28308,3.19015e-11,2.4202400000000002e-19,2.91487
LO_MVe,7.59375e-05,45.0,4.89593,1.18255,2.66292e-11,1.9896000000000001e-19,2.66222
LO_MVe,0.000113906,45.0,4.50446,1.09021,2.22195e-11,1.6286100000000001e-19,2.42673
LO_MVe,0.000170859,45.0,4.13918,1.00353,1.85454e-11,1.32731e-19,2.20757
LO_MVe,0.000256289,45.0,3.80548,0.922963,1.54966e-11,1.0770800000000001e-19,2.00394
LO_MVe,0.000384434,45.0,3.49773,0.84826,1.29776e-11,8.701579999999999e-20,1.81504
LO_MVe,0.00057665,45.0,3.2086,0.779066,1.09057e-11,6.99688e-20,1.6401
LO_MVe,0.000864976,45.0,2.94515,0.715346,9.20987e-12,5.600079999999999e-20,1.47838
LO_MVe,0.00129746,45.0,2.69992,0.65568,7.82889e-12,4.46123e-20,1.32914
LO_MVe,0.0019462,45.0,2.47796,0.60133,6.71047e-12,3.53786e-20,1.19169
LO_MVe,0.00291929,45.0,2.27343,0.551039,5.80994e-12,2.7936e-20,1.06536
LO_MVe,0.00437894,45.0,2.0891,0.504473,5.08925e-12,2.19729e-20,0.949541
LO_MVe,0.00656841,45.0,1.91991,0.461336,4.51622e-12,1.7226e-20,0.843648
LO_MVe,0.00985261,45.0,1.77058,0.420721,4.06371e-12,1.3472899999999999e-20,0.747164
LO_MVe,1e-05,15.0,2.68799,0.551013,3.13584e-11,3.12165e-25,2.68799
LO_MVe,1.5e-05,15.0,4.31887,1.03219,1.81525e-11,4.7329699999999996e-20,2.49809
LO_MVe,2.25e-05,15.0,4.03432,0.964772,1.52123e-11,3.9341199999999997e-20,2.31814
LO_MVe,3.375e-05,15.0,3.76401,0.901031,1.27273e-11,3.2589199999999997e-20,2.14792
LO_MVe,5.0625e-05,15.0,3.50652,0.840242,1.06338e-11,2.6891499999999996e-20,1.98713
LO_MVe,7.59375e-05,15.0,3.2661,0.78292,8.8764e-12,2.2106699999999997e-20,1.83547
LO_MVe,0.000113906,15.0,3.03797,0.728945,7.40649e-12,1.8095599999999997e-20,1.69268
LO_MVe,0.000170859,15.0,2.82214,0.677298,6.18179e-12,1.47479e-20,1.55844
LO_MVe,0.000256289,15.0,2.6223,0.629098,5.16554e-12,1.19675e-20,1.43244
LO_MVe,0.000384434,15.0,2.43222,0.584141,4.32587e-12,9.66842e-21,1.31437
LO_MVe,0.00057665,15.0,2.25608,0.541291,3.63525e-12,7.774309999999999e-21,1.20392
LO_MVe,0.000864976,15.0,2.09183,0.501478,3.06996e-12,6.222309999999999e-21,1.10078
LO_MVe,0.00129746,15.0,1.93646,0.463429,2.60963e-12,4.95693e-21,1.00463
LO_MVe,0.0019462,15.0,1.79245,0.428071,2.23682e-12,3.93096e-21,0.915186
LO_MVe,0.00291929,15.0,1.65946,0.394751,1.93665e-12,3.104e-21,0.832152
LO_MVe,0.00437894,15.0,1.53797,0.363572,1.69642e-12,2.44143e-21,0.755261
LO_MVe,0.00656841,15.0,1.42548,0.333931,1.50541e-12,1.914e-21,0.684272
LO_MVe,0.00985261,15.0,1.32548,0.306066,1.35457e-12,1.4969899999999998e-21,0.618978
LO_MVe,1e-05,27.0,5.94554,1.42114,3.89164e-11,1.83813e-19,3.40106
LO_MVe,1.5e-05,27.0,5.5328,1.32275,3.26744e-11,1.53348e-19,3.14316
LO_MVe,2.25e-05,27.0,5.136,1.229,2.73822e-11,1.27466e-19,2.90015
LO_MVe,3.375e-05,27.0,4.76394,1.14104,2.29091e-11,1.05589e-19,2.67153
LO_MVe,5.0625e-05,27.0,4.41625,1.0588,1.91409e-11,8.712849999999999e-20,2.45678
LO_MVe,7.59375e-05,27.0,4.08964,0.981373,1.59775e-11,7.16257e-20,2.25535
LO_MVe,0.000113906,27.0,3.77989,0.908424,1.33317e-11,5.862979999999999e-20,2.06672
LO_MVe,0.000170859,27.0,3.4987,0.840523,1.11272e-11,4.7783199999999994e-20,1.89035
LO_MVe,0.000256289,27.0,3.23289,0.776627,9.29796e-12,3.87748e-20,1.72571
LO_MVe,0.000384434,27.0,2.98323,0.716674,7.78656e-12,3.13257e-20,1.57227
LO_MVe,0.00057665,27.0,2.75133,0.661061,6.54345e-12,2.5188799999999996e-20,1.42949
LO_MVe,0.000864976,27.0,2.53781,0.609893,5.52592e-12,2.0160299999999997e-20,1.29687
LO_MVe,0.00129746,27.0,2.33929,0.561477,4.69734e-12,1.6060399999999998e-20,1.1739
LO_MVe,0.0019462,27.0,2.15496,0.516567,4.02628e-12,1.2736299999999998e-20,1.06009
LO_MVe,0.00291929,27.0,1.98715,0.474612,3.48596e-12,1.00569e-20,0.95498
LO_MVe,0.00437894,27.0,1.83286,0.435681,3.05355e-12,7.91024e-21,0.858138
LO_MVe,0.00656841,27.0,1.69214,0.399427,2.70973e-12,6.2013699999999994e-21,0.769161
LO_MVe,0.00985261,27.0,1.5656,0.365536,2.43823e-12,4.85024e-21,0.687693
