LO_MVe,1e-05,4.5,1.56036,0.328057,9.58206e-12,2.85996e-26,1.56036
LO_MVe,1.5e-05,4.5,2.39875,0.574127,5.55137e-12,4.31358e-21,1.46731
LO_MVe,2.25e-05,4.5,2.26253,0.542106,4.67407e-12,3.59994e-21,1.37815
LO_MVe,3.375e-05,4.5,2.13035,0.51113,3.93036e-12,2.99384e-21,1.29287
LO_MVe,5.0625e-05,4.5,2.00427,0.481437,3.30185e-12,2.4816e-21,1.21144
LO_MVe,7.59375e-05,4.5,1.88381,0.453033,2.77241e-12,2.04941e-21,1.13382
LO_MVe,0.000113906,4.5,1.76844,0.425772,2.32791e-12,1.68612e-21,1.05995
LO_MVe,0.000170859,4.5,1.65839,0.399449,1.95607e-12,1.38216e-21,0.989791
LO_MVe,0.000256289,4.5,1.55464,0.374207,1.64618e-12,1.12806e-21,0.923275
LO_MVe,0.000384434,4.5,1.45642,0.350277,1.38894e-12,9.17072e-22,0.860335
LO_MVe,0.00057665,4.5,1.36251,0.327271,1.17628e-12,7.42407e-22,0.800901
LO_MVe,0.000864976,4.5,1.27363,0.305484,1.00126e-12,5.98548e-22,0.744898
LO_MVe,0.00129746,4.5,1.19022,0.284479,8.57868e-13,4.80508e-22,0.692253
LO_MVe,0.0019462,4.5,1.11187,0.264474,7.40963e-13,3.8416899999999997e-22,0.642895
LO_MVe,0.00291929,4.5,1.03894,0.245544,6.46136e-13,3.05954e-22,0.596758
LO_MVe,0.00437894,4.5,0.971513,0.227501,5.69629e-13,2.42773e-22,0.553786
LO_MVe,0.00656841,4.5,0.911345,0.210401,5.0825e-13,1.9202999999999998e-22,0.513942
LO_MVe,0.00985261,4.5,0.858079,0.19463,4.59299e-13,1.5151199999999999e-22,0.477211
LO_MVe,1e-05,45.0,7.1438,1.70995,6.58322e-11,5.15134e-19,4.0803
LO_MVe,1.5e-05,45.0,6.60809,1.58235,5.55137e-11,4.31358e-19,3.75381
LO_MVe,2.25e-05,45.0,6.10318,1.46333,4.67407e-11,3.59994e-19,3.44767
LO_MVe,3.375e-05,45.0,5.63247,1.35245,3.93037e-11,2.99384e-19,3.16106
LO_MVe,5.0625e-05,45.0,5.1947,1.24768,3.30185e-11,2.4816000000000003e-19,2.89313
LO_MVe,7.59375e-05,45.0,4.7903,1.15188,2.77241e-11,2.04941e-19,2.64305
LO_MVe,0.000113906,45.0,4.40979,1.06091,2.32791e-11,1.68612e-19,2.40998
LO_MVe,0.000170859,45.0,4.05608,0.977528,1.95607e-11,1.38216e-19,2.19311
LO_MVe,0.000256289,45.0,3.72901,0.899322,1.64618e-11,1.12806e-19,1.99163
LO_MVe,0.000384434,45.0,3.42515,0.82616,1.38894e-11,9.17072e-20,1.80474
LO_MVe,0.00057665,45.0,3.14981,0.75969,1.17628e-11,7.42407e-20,1.63167
LO_MVe,0.000864976,45.0,2.89204,0.697288,1.00126e-11,5.98548e-20,1.47168
LO_MVe,0.00129746,45.0,2.65311,0.639299,8.57868e-12,4.80508e-20,1.32403
LO_MVe,0.0019462,45.0,2.43871,0.58661,7.40963e-12,3.8416899999999995e-20,1.18804
LO_MVe,0.00291929,45.0,2.23968,0.537496,6.46136e-12,3.0595399999999995e-20,1.06303
LO_MVe,0.00437894,45.0,2.05937,0.492846,5.69629e-12,2.4277299999999998e-20,0.948385
LO_MVe,0.00656841,45.0,1.89453,0.450252,5.0825e-12,1.9203e-20,0.843535
LO_MVe,0.00985261,45.0,1.74919,0.411438,4.59299e-12,1.51512e-20,0.74795
LO_MVe,1e-05,15.0,2.67575,0.546923,3.19402e-11,3.17773e-25,2.67575
LO_MVe,1.5e-05,15.0,4.23422,1.00758,1.85046e-11,4.7928599999999995e-20,2.48652
LO_MVe,2.25e-05,15.0,3.95508,0.941675,1.55802e-11,3.99994e-20,2.3073
LO_MVe,3.375e-05,15.0,3.68842,0.878674,1.31012e-11,3.32649e-20,2.13783
LO_MVe,5.0625e-05,15.0,3.43772,0.819515,1.10062e-11,2.7573299999999996e-20,1.97783
LO_MVe,7.59375e-05,15.0,3.20327,0.763781,9.24136e-12,2.2771199999999997e-20,1.827
LO_MVe,0.000113906,15.0,2.98225,0.711429,7.75971e-12,1.8734699999999997e-20,1.68504
LO_MVe,0.000170859,15.0,2.76998,0.660897,6.52025e-12,1.5357399999999998e-20,1.55163
LO_MVe,0.000256289,15.0,2.57362,0.613858,5.48728e-12,1.2534e-20,1.42647
LO_MVe,0.000384434,15.0,2.38983,0.56996,4.62981e-12,1.0189699999999999e-20,1.30922
LO_MVe,0.00057665,15.0,2.21768,0.52829,3.92095e-12,8.24896e-21,1.19958
LO_MVe,0.000864976,15.0,2.05598,0.489472,3.33753e-12,6.6505299999999996e-21,1.09721
LO_MVe,0.00129746,15.0,1.9055,0.452709,2.85956e-12,5.33898e-21,1.00181
LO_MVe,0.0019462,15.0,1.76516,0.418406,2.46988e-12,4.2685499999999995e-21,0.913071
LO_MVe,0.00291929,15.0,1.63565,0.385834,2.15379e-12,3.3994899999999995e-21,0.830697
LO_MVe,0.00437894,15.0,1.51641,0.355355,1.89876e-12,2.6974799999999997e-21,0.754407
LO_MVe,0.00656841,15.0,1.40793,0.326698,1.69417e-12,2.13367e-21,0.683958
LO_MVe,0.00985261,15.0,1.30973,0.299831,1.531e-12,1.6834599999999998e-21,0.619123
LO_MVe,1e-05,27.0,5.81618,1.38449,3.94993e-11,1.85448e-19,3.37862
LO_MVe,1.5e-05,27.0,5.41091,1.28798,3.33082e-11,1.55289e-19,3.12249
LO_MVe,2.25e-05,27.0,5.02577,1.19784,2.80444e-11,1.29598e-19,2.88123
LO_MVe,3.375e-05,27.0,4.66253,1.11213,2.35822e-11,1.0777800000000001e-19,2.65433
LO_MVe,5.0625e-05,27.0,4.3226,1.03179,1.98111e-11,8.93376e-20,2.44125
LO_MVe,7.59375e-05,27.0,4.00289,0.954579,1.66344e-11,7.377869999999999e-20,2.24146
LO_MVe,0.000113906,27.0,3.7065,0.884593,1.39675e-11,6.07004e-20,2.05442
LO_MVe,0.000170859,27.0,3.42553,0.818406,1.17364e-11,4.9757799999999995e-20,1.87958
LO_MVe,0.000256289,27.0,3.16725,0.756553,9.8771e-12,4.0610000000000005e-20,1.7164
LO_MVe,0.000384434,27.0,2.92522,0.698814,8.33365e-12,3.30146e-20,1.56435
LO_MVe,0.00057665,27.0,2.7018,0.644273,7.05771e-12,2.6726599999999997e-20,1.4229
LO_MVe,0.000864976,27.0,2.49179,0.594131,6.00756e-12,2.1547699999999997e-20,1.29152
LO_MVe,0.00129746,27.0,2.2998,0.54778,5.14721e-12,1.7298299999999998e-20,1.16972
LO_MVe,0.0019462,27.0,2.12168,0.504058,4.44578e-12,1.38301e-20,1.05699
LO_MVe,0.00291929,27.0,1.95739,0.463158,3.87682e-12,1.10143e-20,0.952885
LO_MVe,0.00437894,27.0,1.80641,0.425533,3.41777e-12,8.739839999999999e-21,0.856938
LO_MVe,0.00656841,27.0,1.67099,0.39064,3.0495e-12,6.91308e-21,0.768766
LO_MVe,0.00985261,27.0,1.54674,0.357229,2.7558e-12,5.454419999999999e-21,0.687993
