LO_MVe,1e-05,4.5,1.56212,0.328335,9.12331e-12,2.72413e-26,1.56212
LO_MVe,1.5e-05,4.5,2.3902,0.57158,5.25019e-12,4.0931e-21,1.46876
LO_MVe,2.25e-05,4.5,2.25273,0.539424,4.41064e-12,3.40925e-21,1.37934
LO_MVe,3.375e-05,4.5,2.12049,0.508623,3.69982e-12,2.83018e-21,1.29384
LO_MVe,5.0625e-05,4.5,1.99667,0.478887,3.09992e-12,2.3406799999999997e-21,1.21222
LO_MVe,7.59375e-05,4.5,1.87559,0.450606,2.59533e-12,1.92844e-21,1.13444
LO_MVe,0.000113906,4.5,1.76091,0.423438,2.1724e-12,1.58285e-21,1.06046
LO_MVe,0.000170859,4.5,1.65194,0.397175,1.81925e-12,1.29336e-21,0.990209
LO_MVe,0.000256289,4.5,1.54881,0.372193,1.52553e-12,1.0525199999999999e-21,0.923625
LO_MVe,0.000384434,4.5,1.44967,0.348373,1.28225e-12,8.52746e-22,0.860639
LO_MVe,0.00057665,4.5,1.35641,0.325339,1.08165e-12,6.87882e-22,0.801175
LO_MVe,0.000864976,4.5,1.26835,0.303646,9.17008e-13,5.52367e-22,0.745174
LO_MVe,0.00129746,4.5,1.18496,0.282874,7.82544e-13,4.4157399999999995e-22,0.692525
LO_MVe,0.0019462,4.5,1.10784,0.262978,6.73302e-13,3.51452e-22,0.643169
LO_MVe,0.00291929,4.5,1.03498,0.244142,5.85042e-13,2.7855799999999998e-22,0.597038
LO_MVe,0.00437894,4.5,0.96835,0.226119,5.14152e-13,2.19942e-22,0.554067
LO_MVe,0.00656841,4.5,0.908436,0.209221,4.57567e-13,1.73099e-22,0.514219
LO_MVe,0.00985261,4.5,0.855395,0.193514,4.12697e-13,1.35901e-22,0.477467
LO_MVe,1e-05,45.0,7.06521,1.68936,6.23875e-11,4.89681e-19,4.05965
LO_MVe,1.5e-05,45.0,6.5311,1.56322,5.25019e-11,4.0931000000000004e-19,3.73444
LO_MVe,2.25e-05,45.0,6.0365,1.4467,4.41064e-11,3.4092500000000003e-19,3.42957
LO_MVe,3.375e-05,45.0,5.5695,1.3354,3.69982e-11,2.83018e-19,3.1442
LO_MVe,5.0625e-05,45.0,5.1369,1.2327,3.09992e-11,2.34068e-19,2.87748
LO_MVe,7.59375e-05,45.0,4.73345,1.13737,2.59533e-11,1.9284400000000001e-19,2.62857
LO_MVe,0.000113906,45.0,4.35501,1.04671,2.1724e-11,1.58285e-19,2.39662
LO_MVe,0.000170859,45.0,4.00823,0.964135,1.81925e-11,1.29336e-19,2.18083
LO_MVe,0.000256289,45.0,3.68632,0.886476,1.52553e-11,1.05252e-19,1.98037
LO_MVe,0.000384434,45.0,3.38999,0.814885,1.28225e-11,8.52746e-20,1.79445
LO_MVe,0.00057665,45.0,3.11296,0.748301,1.08165e-11,6.878819999999999e-20,1.62231
LO_MVe,0.000864976,45.0,2.85657,0.687288,9.17008e-12,5.52367e-20,1.4632
LO_MVe,0.00129746,45.0,2.62269,0.630578,7.82545e-12,4.4157399999999997e-20,1.31636
LO_MVe,0.0019462,45.0,2.41162,0.578731,6.73302e-12,3.51452e-20,1.18113
LO_MVe,0.00291929,45.0,2.21249,0.530184,5.85042e-12,2.78558e-20,1.05684
LO_MVe,0.00437894,45.0,2.03531,0.484775,5.14152e-12,2.19942e-20,0.942826
LO_MVe,0.00656841,45.0,1.87401,0.443971,4.57567e-12,1.7309899999999998e-20,0.838574
LO_MVe,0.00985261,45.0,1.72901,0.40547,4.12697e-12,1.35901e-20,0.743526
LO_MVe,1e-05,15.0,2.66971,0.545059,3.0411e-11,3.02681e-25,2.66971
LO_MVe,1.5e-05,15.0,4.20212,0.998261,1.75006e-11,4.54789e-20,2.48062
LO_MVe,2.25e-05,15.0,3.92475,0.932586,1.47021e-11,3.78805e-20,2.30159
LO_MVe,3.375e-05,15.0,3.65909,0.870911,1.23327e-11,3.14464e-20,2.13234
LO_MVe,5.0625e-05,15.0,3.41113,0.811845,1.03331e-11,2.6007599999999998e-20,1.97259
LO_MVe,7.59375e-05,15.0,3.17731,0.75616,8.65109e-12,2.1427099999999998e-20,1.82202
LO_MVe,0.000113906,15.0,2.95498,0.703339,7.24134e-12,1.75872e-20,1.68034
LO_MVe,0.000170859,15.0,2.74895,0.654254,6.06416e-12,1.4370699999999998e-20,1.54723
LO_MVe,0.000256289,15.0,2.55336,0.607734,5.08508e-12,1.1694599999999999e-20,1.42237
LO_MVe,0.000384434,15.0,2.3706,0.5643,4.27417e-12,9.47496e-21,1.30542
LO_MVe,0.00057665,15.0,2.19988,0.522945,3.6055e-12,7.64314e-21,1.19608
LO_MVe,0.000864976,15.0,2.03984,0.484244,3.05669e-12,6.1374099999999996e-21,1.09402
LO_MVe,0.00129746,15.0,1.88963,0.44768,2.60848e-12,4.9063799999999996e-21,0.998908
LO_MVe,0.0019462,15.0,1.75131,0.413818,2.24434e-12,3.90502e-21,0.910444
LO_MVe,0.00291929,15.0,1.62277,0.381713,1.95014e-12,3.0950899999999998e-21,0.828333
LO_MVe,0.00437894,15.0,1.50533,0.351501,1.71384e-12,2.4437999999999997e-21,0.752282
LO_MVe,0.00656841,15.0,1.39745,0.323097,1.52522e-12,1.92332e-21,0.682057
LO_MVe,0.00985261,15.0,1.29998,0.296349,1.37566e-12,1.51001e-21,0.617417
LO_MVe,1e-05,27.0,5.76468,1.37058,3.74325e-11,1.76285e-19,3.36582
LO_MVe,1.5e-05,27.0,5.35921,1.27487,3.15011e-11,1.47351e-19,3.11033
LO_MVe,2.25e-05,27.0,4.97692,1.18429,2.64638e-11,1.22733e-19,2.86974
LO_MVe,3.375e-05,27.0,4.61694,1.09867,2.21989e-11,1.01886e-19,2.64351
LO_MVe,5.0625e-05,27.0,4.27901,1.01891,1.85995e-11,8.426449999999999e-20,2.43111
LO_MVe,7.59375e-05,27.0,3.96283,0.944482,1.5572e-11,6.94239e-20,2.23199
LO_MVe,0.000113906,27.0,3.66805,0.873814,1.30344e-11,5.69827e-20,2.04562
LO_MVe,0.000170859,27.0,3.39205,0.808055,1.09155e-11,4.656089999999999e-20,1.87143
LO_MVe,0.000256289,27.0,3.13475,0.747468,9.15315e-12,3.7890599999999996e-20,1.70889
LO_MVe,0.000384434,27.0,2.8955,0.690071,7.6935e-12,3.06989e-20,1.55745
LO_MVe,0.00057665,27.0,2.67369,0.636824,6.48989e-12,2.4763799999999997e-20,1.41659
LO_MVe,0.000864976,27.0,2.46756,0.586846,5.50205e-12,1.98852e-20,1.28579
LO_MVe,0.00129746,27.0,2.27701,0.540773,4.69527e-12,1.58967e-20,1.16452
LO_MVe,0.0019462,27.0,2.10128,0.497955,4.03981e-12,1.2652299999999999e-20,1.0523
LO_MVe,0.00291929,27.0,1.93768,0.457377,3.51025e-12,1.00281e-20,0.948663
LO_MVe,0.00437894,27.0,1.78906,0.420169,3.08491e-12,7.91793e-21,0.853147
LO_MVe,0.00656841,27.0,1.65507,0.385471,2.7454e-12,6.2315499999999996e-21,0.765378
LO_MVe,0.00985261,27.0,1.53143,0.352531,2.47618e-12,4.8924499999999995e-21,0.684966
