LO_MVe,1e-05,4.5,1.55771,0.327699,9.29808e-12,2.77643e-26,1.55771
LO_MVe,1.5e-05,4.5,2.40089,0.575189,5.36242e-12,4.18504e-21,1.46537
LO_MVe,2.25e-05,4.5,2.26335,0.543202,4.50191e-12,3.4840199999999995e-21,1.37687
LO_MVe,3.375e-05,4.5,2.13195,0.512525,3.77363e-12,2.89062e-21,1.2922
LO_MVe,5.0625e-05,4.5,2.00694,0.482779,3.15924e-12,2.38922e-21,1.21132
LO_MVe,7.59375e-05,4.5,1.88727,0.454377,2.6427e-12,1.96716e-21,1.13421
LO_MVe,0.000113906,4.5,1.77135,0.426987,2.20998e-12,1.6134399999999999e-21,1.06081
LO_MVe,0.000170859,4.5,1.66183,0.400686,1.84883e-12,1.31731e-21,0.991077
LO_MVe,0.000256289,4.5,1.55913,0.375652,1.54863e-12,1.07119e-21,0.92495
LO_MVe,0.000384434,4.5,1.46026,0.351662,1.30015e-12,8.67103e-22,0.862364
LO_MVe,0.00057665,4.5,1.36583,0.32865,1.09539e-12,6.9878e-22,0.803252
LO_MVe,0.000864976,4.5,1.27779,0.306695,9.27464e-13,5.60518e-22,0.747541
LO_MVe,0.00129746,4.5,1.19427,0.285905,7.90429e-13,4.47582e-22,0.695164
LO_MVe,0.0019462,4.5,1.11604,0.265842,6.79198e-13,3.5579899999999998e-22,0.64605
LO_MVe,0.00291929,4.5,1.04344,0.246946,5.89421e-13,2.81634e-22,0.600139
LO_MVe,0.00437894,4.5,0.976012,0.228861,5.17389e-13,2.22064e-22,0.557378
LO_MVe,0.00656841,4.5,0.915755,0.211858,4.59963e-13,1.74516e-22,0.517733
LO_MVe,0.00985261,4.5,0.862724,0.195958,4.14488e-13,1.36814e-22,0.481193
LO_MVe,1e-05,45.0,7.16675,1.71652,6.37603e-11,5.00926e-19,4.08211
LO_MVe,1.5e-05,45.0,6.63105,1.58922,5.36242e-11,4.18504e-19,3.75653
LO_MVe,2.25e-05,45.0,6.12455,1.47014,4.50191e-11,3.48402e-19,3.45117
LO_MVe,3.375e-05,45.0,5.66058,1.35825,3.77363e-11,2.89062e-19,3.16521
LO_MVe,5.0625e-05,45.0,5.21934,1.25493,3.15924e-11,2.38922e-19,2.89782
LO_MVe,7.59375e-05,45.0,4.81311,1.15688,2.6427e-11,1.96716e-19,2.64817
LO_MVe,0.000113906,45.0,4.43167,1.06748,2.20998e-11,1.61344e-19,2.41544
LO_MVe,0.000170859,45.0,4.0791,0.982861,1.84883e-11,1.31731e-19,2.19882
LO_MVe,0.000256289,45.0,3.75192,0.904808,1.54863e-11,1.07119e-19,1.99751
LO_MVe,0.000384434,45.0,3.45129,0.83173,1.30015e-11,8.67103e-20,1.81073
LO_MVe,0.00057665,45.0,3.17087,0.765046,1.09539e-11,6.9878e-20,1.63771
LO_MVe,0.000864976,45.0,2.91148,0.701939,9.27464e-12,5.60518e-20,1.47771
LO_MVe,0.00129746,45.0,2.67104,0.644457,7.90429e-12,4.4758199999999996e-20,1.33001
LO_MVe,0.0019462,45.0,2.45569,0.59137,6.79198e-12,3.5579899999999994e-20,1.19392
LO_MVe,0.00291929,45.0,2.25552,0.542215,5.89421e-12,2.81634e-20,1.06879
LO_MVe,0.00437894,45.0,2.07497,0.496646,5.17389e-12,2.2206399999999997e-20,0.953983
LO_MVe,0.00656841,45.0,1.90969,0.453936,4.59963e-12,1.74516e-20,0.848953
LO_MVe,0.00985261,45.0,1.76193,0.414713,4.14488e-12,1.36814e-20,0.753169
LO_MVe,1e-05,15.0,2.67496,0.547323,3.09936e-11,3.0849199999999998e-25,2.67496
LO_MVe,1.5e-05,15.0,4.24507,1.01138,1.78747e-11,4.6500399999999995e-20,2.48663
LO_MVe,2.25e-05,15.0,3.962,0.945223,1.50064e-11,3.8711399999999994e-20,2.30821
LO_MVe,3.375e-05,15.0,3.70238,0.883481,1.25788e-11,3.2118e-20,2.13946
LO_MVe,5.0625e-05,15.0,3.45165,0.823779,1.05308e-11,2.6546799999999996e-20,1.98009
LO_MVe,7.59375e-05,15.0,3.21455,0.767768,8.80901e-12,2.1857399999999997e-20,1.82981
LO_MVe,0.000113906,15.0,2.99185,0.714871,7.36659e-12,1.79271e-20,1.68832
LO_MVe,0.000170859,15.0,2.78267,0.665142,6.16277e-12,1.46368e-20,1.55533
LO_MVe,0.000256289,15.0,2.58569,0.618241,5.16211e-12,1.1902099999999999e-20,1.43051
LO_MVe,0.000384434,15.0,2.40082,0.573692,4.33384e-12,9.63448e-21,1.31356
LO_MVe,0.00057665,15.0,2.22936,0.532049,3.65131e-12,7.76422e-21,1.20415
LO_MVe,0.000864976,15.0,2.06784,0.493079,3.09155e-12,6.2279699999999996e-21,1.10198
LO_MVe,0.00129746,15.0,1.91623,0.45576,2.63476e-12,4.9731399999999996e-21,1.00673
LO_MVe,0.0019462,15.0,1.77685,0.421849,2.26399e-12,3.9533199999999995e-21,0.918111
LO_MVe,0.00291929,15.0,1.64658,0.389055,1.96474e-12,3.12927e-21,0.835822
LO_MVe,0.00437894,15.0,1.5269,0.358453,1.72463e-12,2.4673699999999997e-21,0.759589
LO_MVe,0.00656841,15.0,1.41755,0.329574,1.53321e-12,1.93906e-21,0.689173
LO_MVe,0.00985261,15.0,1.31902,0.30214,1.38163e-12,1.52015e-21,0.624352
LO_MVe,1e-05,27.0,5.83659,1.38956,3.82562e-11,1.80333e-19,3.37918
LO_MVe,1.5e-05,27.0,5.42885,1.29353,3.21745e-11,1.50661e-19,3.12397
LO_MVe,2.25e-05,27.0,5.04406,1.20335,2.70115e-11,1.25425e-19,2.88352
LO_MVe,3.375e-05,27.0,4.67739,1.11721,2.26418e-11,1.04062e-19,2.65732
LO_MVe,5.0625e-05,27.0,4.33945,1.03637,1.89554e-11,8.601169999999999e-20,2.44484
LO_MVe,7.59375e-05,27.0,4.02225,0.960768,1.58562e-11,7.08179e-20,2.24556
LO_MVe,0.000113906,27.0,3.72172,0.889693,1.32599e-11,5.808379999999999e-20,2.05894
LO_MVe,0.000170859,27.0,3.44443,0.823382,1.1093e-11,4.7423199999999995e-20,1.88444
LO_MVe,0.000256289,27.0,3.18436,0.761714,9.2918e-12,3.85628e-20,1.72154
LO_MVe,0.000384434,27.0,2.94211,0.703405,7.80091e-12,3.1215699999999995e-20,1.56969
LO_MVe,0.00057665,27.0,2.71755,0.649254,6.57236e-12,2.5156099999999998e-20,1.42839
LO_MVe,0.000864976,27.0,2.50883,0.599381,5.56478e-12,2.0178599999999997e-20,1.29711
LO_MVe,0.00129746,27.0,2.31437,0.551988,4.74257e-12,1.6113e-20,1.17535
LO_MVe,0.0019462,27.0,2.13513,0.508579,4.07519e-12,1.2808799999999998e-20,1.06264
LO_MVe,0.00291929,27.0,1.97079,0.467629,3.53652e-12,1.0138799999999999e-20,0.958506
LO_MVe,0.00437894,27.0,1.8181,0.429197,3.10434e-12,7.994289999999999e-21,0.862507
LO_MVe,0.00656841,27.0,1.6819,0.393738,2.75978e-12,6.28256e-21,0.774255
LO_MVe,0.00985261,27.0,1.55922,0.360499,2.48693e-12,4.92529e-21,0.693382
