LO_MVe,1e-05,4.5,1.55638,0.326726,9.24873e-12,2.7602800000000003e-26,1.55638
LO_MVe,1.5e-05,4.5,2.35076,0.560119,5.32599e-12,4.12937e-21,1.46322
LO_MVe,2.25e-05,4.5,2.21562,0.529015,4.49156e-12,3.45085e-21,1.37405
LO_MVe,3.375e-05,4.5,2.0871,0.498616,3.78331e-12,2.87387e-21,1.28882
LO_MVe,5.0625e-05,4.5,1.96368,0.469616,3.18398e-12,2.38559e-21,1.20751
LO_MVe,7.59375e-05,4.5,1.84578,0.441773,2.67843e-12,1.97306e-21,1.13006
LO_MVe,0.000113906,4.5,1.73375,0.415106,2.25339e-12,1.6257999999999998e-21,1.05643
LO_MVe,0.000170859,4.5,1.62674,0.389559,1.89732e-12,1.33483e-21,0.98653
LO_MVe,0.000256289,4.5,1.52537,0.365117,1.60011e-12,1.09139e-21,0.92031
LO_MVe,0.000384434,4.5,1.42906,0.341727,1.35301e-12,8.88653e-22,0.857688
LO_MVe,0.00057665,4.5,1.33792,0.319456,1.14841e-12,7.20715e-22,0.798587
LO_MVe,0.000864976,4.5,1.2521,0.298027,9.79726e-13,5.82074e-22,0.742922
LO_MVe,0.00129746,4.5,1.17041,0.277763,8.41286e-13,4.681999999999999e-22,0.690613
LO_MVe,0.0019462,4.5,1.09443,0.258426,7.28206e-13,3.7505e-22,0.641576
LO_MVe,0.00291929,4.5,1.02311,0.239917,6.36304e-13,2.9927e-22,0.595735
LO_MVe,0.00437894,4.5,0.958219,0.222507,5.6201e-13,2.37936e-22,0.55302
LO_MVe,0.00656841,4.5,0.899255,0.205813,5.0228e-13,1.8856799999999999e-22,0.513373
LO_MVe,0.00985261,4.5,0.847678,0.190523,4.54541e-13,1.4905699999999999e-22,0.476753
LO_MVe,1e-05,45.0,6.90419,1.64616,6.30623e-11,4.92496e-19,4.01847
LO_MVe,1.5e-05,45.0,6.39082,1.52393,5.32599e-11,4.1293700000000003e-19,3.69728
LO_MVe,2.25e-05,45.0,5.90415,1.40924,4.49156e-11,3.45085e-19,3.3962
LO_MVe,3.375e-05,45.0,5.45025,1.30284,3.78331e-11,2.87387e-19,3.11439
LO_MVe,5.0625e-05,45.0,5.03227,1.20341,3.18398e-11,2.38559e-19,2.85101
LO_MVe,7.59375e-05,45.0,4.63573,1.10882,2.67843e-11,1.97306e-19,2.60522
LO_MVe,0.000113906,45.0,4.27253,1.02211,2.25339e-11,1.6258000000000002e-19,2.37618
LO_MVe,0.000170859,45.0,3.93164,0.941168,1.89732e-11,1.33483e-19,2.16308
LO_MVe,0.000256289,45.0,3.6169,0.865747,1.60011e-11,1.09139e-19,1.96512
LO_MVe,0.000384434,45.0,3.32675,0.795421,1.35301e-11,8.88653e-20,1.7815
LO_MVe,0.00057665,45.0,3.05951,0.732185,1.14841e-11,7.20715e-20,1.61146
LO_MVe,0.000864976,45.0,2.80828,0.671125,9.79726e-12,5.82074e-20,1.45426
LO_MVe,0.00129746,45.0,2.58297,0.616596,8.41286e-12,4.6820000000000005e-20,1.30918
LO_MVe,0.0019462,45.0,2.37436,0.565957,7.28206e-12,3.7505e-20,1.17553
LO_MVe,0.00291929,45.0,2.18227,0.518758,6.36304e-12,2.9927e-20,1.05265
LO_MVe,0.00437894,45.0,2.00829,0.474737,5.6201e-12,2.3793599999999998e-20,0.93992
LO_MVe,0.00656841,45.0,1.85006,0.434368,5.0228e-12,1.88568e-20,0.836764
LO_MVe,0.00985261,45.0,1.70837,0.397071,4.54541e-12,1.49057e-20,0.742647
LO_MVe,1e-05,15.0,2.64948,0.539694,3.08291e-11,3.06697e-25,2.64948
LO_MVe,1.5e-05,15.0,4.11614,0.974872,1.77533e-11,4.5881799999999993e-20,2.46194
LO_MVe,2.25e-05,15.0,3.84385,0.910687,1.49719e-11,3.8342799999999994e-20,2.28442
LO_MVe,3.375e-05,15.0,3.58745,0.849759,1.2611e-11,3.19319e-20,2.11665
LO_MVe,5.0625e-05,15.0,3.34436,0.792363,1.06133e-11,2.6506599999999998e-20,1.95833
LO_MVe,7.59375e-05,15.0,3.11567,0.738454,8.92809e-12,2.1922899999999997e-20,1.80915
LO_MVe,0.000113906,15.0,2.8998,0.687339,7.51131e-12,1.80645e-20,1.66881
LO_MVe,0.000170859,15.0,2.69656,0.639431,6.32438e-12,1.4831499999999997e-20,1.53696
LO_MVe,0.000256289,15.0,2.50738,0.593895,5.3337e-12,1.2126499999999998e-20,1.41331
LO_MVe,0.000384434,15.0,2.32847,0.550864,4.51002e-12,9.87392e-21,1.29751
LO_MVe,0.00057665,15.0,2.16124,0.510926,3.82802e-12,8.007939999999999e-21,1.18924
LO_MVe,0.000864976,15.0,2.00597,0.473256,3.26575e-12,6.4674899999999996e-21,1.08818
LO_MVe,0.00129746,15.0,1.86001,0.437824,2.80429e-12,5.20222e-21,0.994006
LO_MVe,0.0019462,15.0,1.72371,0.404919,2.42735e-12,4.16722e-21,0.906409
LO_MVe,0.00291929,15.0,1.5992,0.373549,2.12101e-12,3.3252199999999997e-21,0.825087
LO_MVe,0.00437894,15.0,1.48442,0.344227,1.87337e-12,2.64374e-21,0.749757
LO_MVe,0.00656841,15.0,1.37827,0.316385,1.67427e-12,2.0952e-21,0.680153
LO_MVe,0.00985261,15.0,1.28346,0.290463,1.51514e-12,1.65619e-21,0.616034
LO_MVe,1e-05,27.0,5.64262,1.33527,3.78374e-11,1.77298e-19,3.33531
LO_MVe,1.5e-05,27.0,5.24491,1.24314,3.1956e-11,1.48657e-19,3.08251
LO_MVe,2.25e-05,27.0,4.87254,1.15487,2.69494e-11,1.24231e-19,2.8445
LO_MVe,3.375e-05,27.0,4.52216,1.07208,2.26999e-11,1.03459e-19,2.62074
LO_MVe,5.0625e-05,27.0,4.1915,0.993755,1.91039e-11,8.58813e-20,2.41068
LO_MVe,7.59375e-05,27.0,3.88343,0.920875,1.60706e-11,7.103009999999999e-20,2.21378
LO_MVe,0.000113906,27.0,3.59751,0.85292,1.35204e-11,5.85289e-20,2.02949
LO_MVe,0.000170859,27.0,3.32839,0.789236,1.13839e-11,4.8053899999999993e-20,1.85727
LO_MVe,0.000256289,27.0,3.07622,0.72931,9.60066e-12,3.9290000000000006e-20,1.69656
LO_MVe,0.000384434,27.0,2.84319,0.673536,8.11804e-12,3.19915e-20,1.54684
LO_MVe,0.00057665,27.0,2.62736,0.621622,6.89044e-12,2.5945699999999997e-20,1.40756
LO_MVe,0.000864976,27.0,2.42641,0.57373,5.87836e-12,2.09547e-20,1.27821
LO_MVe,0.00129746,27.0,2.23894,0.528525,5.04771e-12,1.6855199999999998e-20,1.15828
LO_MVe,0.0019462,27.0,2.06909,0.486921,4.36924e-12,1.3501799999999999e-20,1.04729
LO_MVe,0.00291929,27.0,1.90895,0.447505,3.81783e-12,1.0773699999999998e-20,0.944766
LO_MVe,0.00437894,27.0,1.76459,0.411715,3.37206e-12,8.56571e-21,0.850261
LO_MVe,0.00656841,27.0,1.63004,0.376962,3.01368e-12,6.78846e-21,0.763363
LO_MVe,0.00985261,27.0,1.51153,0.345487,2.72725e-12,5.36604e-21,0.683692
