LO_MVe,1e-05,4.5,1.54454,0.324805,9.36507e-12,2.79569e-26,1.54454
LO_MVe,1.5e-05,4.5,2.37654,0.568651,5.41481e-12,4.21455e-21,1.45267
LO_MVe,2.25e-05,4.5,2.24044,0.53712,4.55402e-12,3.51416e-21,1.36464
LO_MVe,3.375e-05,4.5,2.10987,0.506542,3.82477e-12,2.91959e-21,1.28042
LO_MVe,5.0625e-05,4.5,1.98468,0.477157,3.20889e-12,2.41746e-21,1.2
LO_MVe,7.59375e-05,4.5,1.86664,0.448977,2.69048e-12,1.99407e-21,1.12333
LO_MVe,0.000113906,4.5,1.75201,0.421867,2.25561e-12,1.63887e-21,1.05037
LO_MVe,0.000170859,4.5,1.64436,0.396002,1.89215e-12,1.34128e-21,0.981066
LO_MVe,0.000256289,4.5,1.54128,0.371171,1.58955e-12,1.0930899999999999e-21,0.915354
LO_MVe,0.000384434,4.5,1.44356,0.347238,1.33864e-12,8.87193e-22,0.85317
LO_MVe,0.00057665,4.5,1.35079,0.324552,1.13147e-12,7.168899999999999e-22,0.794445
LO_MVe,0.000864976,4.5,1.26298,0.30298,9.61191e-13,5.76925e-22,0.739108
LO_MVe,0.00129746,4.5,1.18021,0.282164,8.21904e-13,4.622099999999999e-22,0.687086
LO_MVe,0.0019462,4.5,1.10279,0.262338,7.08537e-13,3.6874999999999997e-22,0.638311
LO_MVe,0.00291929,4.5,1.03019,0.243642,6.16756e-13,2.92995e-22,0.592718
LO_MVe,0.00437894,4.5,0.964332,0.225894,5.42863e-13,2.3194e-22,0.550252
LO_MVe,0.00656841,4.5,0.904494,0.208942,4.83725e-13,1.83021e-22,0.510877
LO_MVe,0.00985261,4.5,0.851655,0.193247,4.36688e-13,1.44063e-22,0.47458
LO_MVe,1e-05,45.0,7.07919,1.69394,6.42782e-11,5.03762e-19,4.041
LO_MVe,1.5e-05,45.0,6.54553,1.56839,5.41481e-11,4.21455e-19,3.71813
LO_MVe,2.25e-05,45.0,6.05054,1.45077,4.55402e-11,3.51416e-19,3.41537
LO_MVe,3.375e-05,45.0,5.58709,1.34196,3.82477e-11,2.91959e-19,3.13188
LO_MVe,5.0625e-05,45.0,5.15319,1.23814,3.20889e-11,2.41746e-19,2.86684
LO_MVe,7.59375e-05,45.0,4.74875,1.14214,2.69048e-11,1.99407e-19,2.61943
LO_MVe,0.000113906,45.0,4.37366,1.05385,2.25561e-11,1.63887e-19,2.38882
LO_MVe,0.000170859,45.0,4.0248,0.970015,1.89215e-11,1.34128e-19,2.17421
LO_MVe,0.000256289,45.0,3.70035,0.892081,1.58955e-11,1.09309e-19,1.9748
LO_MVe,0.000384434,45.0,3.40307,0.820282,1.33864e-11,8.871929999999999e-20,1.78981
LO_MVe,0.00057665,45.0,3.12697,0.753793,1.13147e-11,7.1689e-20,1.61849
LO_MVe,0.000864976,45.0,2.87095,0.692052,9.61191e-12,5.769249999999999e-20,1.46008
LO_MVe,0.00129746,45.0,2.63619,0.63499,8.21904e-12,4.6221e-20,1.31387
LO_MVe,0.0019462,45.0,2.42113,0.582275,7.08537e-12,3.6875e-20,1.17919
LO_MVe,0.00291929,45.0,2.22342,0.533699,6.16756e-12,2.9299499999999995e-20,1.05537
LO_MVe,0.00437894,45.0,2.04543,0.489103,5.42863e-12,2.3194e-20,0.941786
LO_MVe,0.00656841,45.0,1.88168,0.447019,4.83725e-12,1.83021e-20,0.837891
LO_MVe,0.00985261,45.0,1.73795,0.408843,4.36688e-12,1.44063e-20,0.74316
LO_MVe,1e-05,15.0,2.6496,0.541765,3.12169e-11,3.10632e-25,2.6496
LO_MVe,1.5e-05,15.0,4.19521,0.998398,1.80494e-11,4.6828299999999994e-20,2.4626
LO_MVe,2.25e-05,15.0,3.91759,0.93309,1.51801e-11,3.9046199999999995e-20,2.28546
LO_MVe,3.375e-05,15.0,3.65794,0.871386,1.27492e-11,3.2439899999999997e-20,2.11795
LO_MVe,5.0625e-05,15.0,3.40994,0.813005,1.06963e-11,2.68607e-20,1.95978
LO_MVe,7.59375e-05,15.0,3.17553,0.757561,8.96827e-12,2.2156299999999997e-20,1.81065
LO_MVe,0.000113906,15.0,2.95368,0.704965,7.5187e-12,1.8209699999999998e-20,1.67028
LO_MVe,0.000170859,15.0,2.74864,0.655855,6.30717e-12,1.4903099999999997e-20,1.53835
LO_MVe,0.000256289,15.0,2.5534,0.609164,5.2985e-12,1.2145399999999999e-20,1.41456
LO_MVe,0.000384434,15.0,2.37094,0.565483,4.46212e-12,9.857699999999999e-21,1.29859
LO_MVe,0.00057665,15.0,2.19998,0.524376,3.77156e-12,7.96544e-21,1.19012
LO_MVe,0.000864976,15.0,2.04059,0.485894,3.20397e-12,6.4102799999999996e-21,1.08884
LO_MVe,0.00129746,15.0,1.89132,0.449382,2.73968e-12,5.13566e-21,0.994441
LO_MVe,0.0019462,15.0,1.75277,0.415452,2.36179e-12,4.09722e-21,0.906622
LO_MVe,0.00291929,15.0,1.62307,0.383007,2.05585e-12,3.2554999999999995e-21,0.825094
LO_MVe,0.00437894,15.0,1.50585,0.352923,1.80954e-12,2.57711e-21,0.749575
LO_MVe,0.00656841,15.0,1.39797,0.324417,1.61242e-12,2.03356e-21,0.679828
LO_MVe,0.00985261,15.0,1.30113,0.297812,1.45563e-12,1.6007e-21,0.615629
LO_MVe,1e-05,27.0,5.76729,1.37213,3.85669e-11,1.81354e-19,3.34594
LO_MVe,1.5e-05,27.0,5.36323,1.27747,3.24889e-11,1.5172400000000001e-19,3.09272
LO_MVe,2.25e-05,27.0,4.98208,1.18746,2.73241e-11,1.2651000000000002e-19,2.85418
LO_MVe,3.375e-05,27.0,4.62096,1.10214,2.29486e-11,1.05105e-19,2.62981
LO_MVe,5.0625e-05,27.0,4.28532,1.0223,1.92534e-11,8.702859999999999e-20,2.41908
LO_MVe,7.59375e-05,27.0,3.97028,0.947834,1.61429e-11,7.17865e-20,2.22148
LO_MVe,0.000113906,27.0,3.67679,0.87781,1.35337e-11,5.89994e-20,2.03646
LO_MVe,0.000170859,27.0,3.39973,0.811374,1.13529e-11,4.8285899999999996e-20,1.8635
LO_MVe,0.000256289,27.0,3.14157,0.750352,9.53729e-12,3.93511e-20,1.70205
LO_MVe,0.000384434,27.0,2.90424,0.693701,8.03181e-12,3.19389e-20,1.55159
LO_MVe,0.00057665,27.0,2.67971,0.639423,6.7888e-12,2.5808e-20,1.41159
LO_MVe,0.000864976,27.0,2.4731,0.589922,5.76715e-12,2.07693e-20,1.28155
LO_MVe,0.00129746,27.0,2.28307,0.543676,4.93142e-12,1.6639599999999998e-20,1.16097
LO_MVe,0.0019462,27.0,2.10468,0.50051,4.25122e-12,1.3275e-20,1.04936
LO_MVe,0.00291929,27.0,1.94445,0.460597,3.70053e-12,1.0547799999999999e-20,0.946271
LO_MVe,0.00437894,27.0,1.79446,0.42297,3.25718e-12,8.34985e-21,0.851247
LO_MVe,0.00656841,27.0,1.65873,0.387712,2.90235e-12,6.5887399999999995e-21,0.763905
LO_MVe,0.00985261,27.0,1.53614,0.354982,2.62013e-12,5.1862599999999994e-21,0.68388
