LO_MVe,1e-05,4.5,1.55174,0.326826,9.49986e-12,2.83694e-26,1.55174
LO_MVe,1.5e-05,4.5,2.43474,0.585495,5.51216e-12,4.3115099999999995e-21,1.45973
LO_MVe,2.25e-05,4.5,2.29468,0.552937,4.6192e-12,3.58367e-21,1.37147
LO_MVe,3.375e-05,4.5,2.16219,0.52137,3.86454e-12,2.96854e-21,1.28695
LO_MVe,5.0625e-05,4.5,2.03448,0.491151,3.22886e-12,2.44948e-21,1.20619
LO_MVe,7.59375e-05,4.5,1.91093,0.462217,2.69527e-12,2.0137199999999998e-21,1.1291
LO_MVe,0.000113906,4.5,1.79397,0.43422,2.24899e-12,1.6483599999999999e-21,1.05567
LO_MVe,0.000170859,4.5,1.68309,0.407511,1.8772e-12,1.34346e-21,0.985843
LO_MVe,0.000256289,4.5,1.57699,0.381821,1.56871e-12,1.0903e-21,0.919579
LO_MVe,0.000384434,4.5,1.47484,0.357147,1.31382e-12,8.80938e-22,0.856817
LO_MVe,0.00057665,4.5,1.37947,0.333709,1.10419e-12,7.08463e-22,0.797496
LO_MVe,0.000864976,4.5,1.28843,0.31107,9.32597e-13,5.67138e-22,0.741553
LO_MVe,0.00129746,4.5,1.20277,0.289763,7.92858e-13,4.51909e-22,0.688927
LO_MVe,0.0019462,4.5,1.12312,0.269283,6.79677e-13,3.58473e-22,0.63956
LO_MVe,0.00291929,4.5,1.04806,0.249747,5.88527e-13,2.83147e-22,0.593401
LO_MVe,0.00437894,4.5,0.978917,0.231265,5.15565e-13,2.22785e-22,0.550415
LO_MVe,0.00656841,4.5,0.916798,0.213734,4.57534e-13,1.74721e-22,0.510584
LO_MVe,0.00985261,4.5,0.862211,0.197549,4.11692e-13,1.36707e-22,0.473925
LO_MVe,1e-05,45.0,7.32896,1.76357,6.56547e-11,5.16829e-19,4.10964
LO_MVe,1.5e-05,45.0,6.78087,1.63374,5.51216e-11,4.31151e-19,3.78046
LO_MVe,2.25e-05,45.0,6.26919,1.51304,4.6192e-11,3.58367e-19,3.4717
LO_MVe,3.375e-05,45.0,5.7868,1.39659,3.86454e-11,2.96854e-19,3.18251
LO_MVe,5.0625e-05,45.0,5.33341,1.28993,3.22886e-11,2.44948e-19,2.91212
LO_MVe,7.59375e-05,45.0,4.91393,1.189,2.69527e-11,2.0137200000000001e-19,2.65964
LO_MVe,0.000113906,45.0,4.52259,1.09649,2.24899e-11,1.64836e-19,2.42427
LO_MVe,0.000170859,45.0,4.1552,1.00856,1.8772e-11,1.34346e-19,2.20521
LO_MVe,0.000256289,45.0,3.82112,0.928128,1.56871e-11,1.0903e-19,2.00166
LO_MVe,0.000384434,45.0,3.50749,0.852502,1.31382e-11,8.80938e-20,1.81282
LO_MVe,0.00057665,45.0,3.21793,0.783319,1.10419e-11,7.08463e-20,1.63792
LO_MVe,0.000864976,45.0,2.95423,0.719161,9.32597e-12,5.67138e-20,1.47622
LO_MVe,0.00129746,45.0,2.70859,0.659203,7.92859e-12,4.51909e-20,1.327
LO_MVe,0.0019462,45.0,2.48449,0.604562,6.79677e-12,3.5847299999999995e-20,1.18956
LO_MVe,0.00291929,45.0,2.27937,0.553868,5.88527e-12,2.8314699999999996e-20,1.06324
LO_MVe,0.00437894,45.0,2.09198,0.506597,5.15565e-12,2.2278499999999997e-20,0.947429
LO_MVe,0.00656841,45.0,1.92433,0.463372,4.57534e-12,1.74721e-20,0.841548
LO_MVe,0.00985261,45.0,1.77245,0.422828,4.11692e-12,1.36707e-20,0.745087
LO_MVe,1e-05,15.0,2.68099,0.550085,3.16662e-11,3.15216e-25,2.68099
LO_MVe,1.5e-05,15.0,4.32961,1.03616,1.83739e-11,4.7905699999999997e-20,2.49173
LO_MVe,2.25e-05,15.0,4.04491,0.96865,1.53973e-11,3.9818499999999993e-20,2.31237
LO_MVe,3.375e-05,15.0,3.77051,0.904394,1.28818e-11,3.2983799999999997e-20,2.14263
LO_MVe,5.0625e-05,15.0,3.5157,0.843317,1.07629e-11,2.72165e-20,1.98231
LO_MVe,7.59375e-05,15.0,3.27278,0.786427,8.98423e-12,2.23747e-20,1.83105
LO_MVe,0.000113906,15.0,3.0447,0.731713,7.49664e-12,1.83151e-20,1.6886
LO_MVe,0.000170859,15.0,2.82892,0.680127,6.25733e-12,1.4927299999999998e-20,1.55465
LO_MVe,0.000256289,15.0,2.6285,0.631579,5.22902e-12,1.21144e-20,1.42892
LO_MVe,0.000384434,15.0,2.43709,0.586176,4.37941e-12,9.788199999999999e-21,1.31107
LO_MVe,0.00057665,15.0,2.26079,0.543662,3.68063e-12,7.87181e-21,1.20082
LO_MVe,0.000864976,15.0,2.09532,0.503439,3.10866e-12,6.30153e-21,1.09784
LO_MVe,0.00129746,15.0,1.94005,0.465626,2.64286e-12,5.02121e-21,1.00183
LO_MVe,0.0019462,15.0,1.79564,0.429857,2.26559e-12,3.98304e-21,0.91251
LO_MVe,0.00291929,15.0,1.66186,0.396535,1.96176e-12,3.14608e-21,0.829584
LO_MVe,0.00437894,15.0,1.53961,0.365118,1.71855e-12,2.4753899999999997e-21,0.752791
LO_MVe,0.00656841,15.0,1.42597,0.33512,1.52511e-12,1.94134e-21,0.681894
LO_MVe,0.00985261,15.0,1.32549,0.307102,1.37231e-12,1.51896e-21,0.616694
LO_MVe,1e-05,27.0,5.96444,1.4263,3.93928e-11,1.86059e-19,3.39533
LO_MVe,1.5e-05,27.0,5.54926,1.32877,3.30729e-11,1.55214e-19,3.13799
LO_MVe,2.25e-05,27.0,5.15166,1.23516,2.77152e-11,1.2901200000000001e-19,2.89546
LO_MVe,3.375e-05,27.0,4.77779,1.14673,2.31872e-11,1.06867e-19,2.66725
LO_MVe,5.0625e-05,27.0,4.43032,1.06409,1.93732e-11,8.818129999999999e-20,2.45286
LO_MVe,7.59375e-05,27.0,4.1018,0.986142,1.61716e-11,7.2494e-20,2.25174
LO_MVe,0.000113906,27.0,3.7956,0.912646,1.3494e-11,5.93408e-20,2.06336
LO_MVe,0.000170859,27.0,3.50751,0.844165,1.12632e-11,4.83645e-20,1.88721
LO_MVe,0.000256289,27.0,3.24103,0.779822,9.41224e-12,3.92506e-20,1.72276
LO_MVe,0.000384434,27.0,2.99045,0.720488,7.88294e-12,3.17138e-20,1.56946
LO_MVe,0.00057665,27.0,2.75904,0.664468,6.62514e-12,2.5504699999999997e-20,1.42681
LO_MVe,0.000864976,27.0,2.54407,0.613013,5.59558e-12,2.0417e-20,1.29429
LO_MVe,0.00129746,27.0,2.3432,0.564176,4.75715e-12,1.62687e-20,1.17141
LO_MVe,0.0019462,27.0,2.1591,0.518954,4.07806e-12,1.2905e-20,1.05767
LO_MVe,0.00291929,27.0,1.98952,0.476933,3.53116e-12,1.01933e-20,0.952627
LO_MVe,0.00437894,27.0,1.83473,0.43782,3.09339e-12,8.02025e-21,0.855841
LO_MVe,0.00656841,27.0,1.69429,0.401341,2.74521e-12,6.28996e-21,0.766919
LO_MVe,0.00985261,27.0,1.56742,0.367236,2.47015e-12,4.92144e-21,0.685511
