LO_MVe,1e-05,4.5,1.59169,0.333827,9.65892e-12,2.88163e-26,1.59169
LO_MVe,1.5e-05,4.5,2.38727,0.568046,5.57225e-12,4.3015599999999995e-21,1.4961
LO_MVe,2.25e-05,4.5,2.24986,0.535901,4.71233e-12,3.6040099999999995e-21,1.40462
LO_MVe,3.375e-05,4.5,2.11943,0.505459,3.98113e-12,3.0091999999999997e-21,1.31722
LO_MVe,5.0625e-05,4.5,1.9935,0.475765,3.36118e-12,2.504e-21,1.23385
LO_MVe,7.59375e-05,4.5,1.87345,0.447479,2.83715e-12,2.07694e-21,1.15447
LO_MVe,0.000113906,4.5,1.75993,0.420494,2.39561e-12,1.7165499999999997e-21,1.07901
LO_MVe,0.000170859,4.5,1.65124,0.394541,2.02483e-12,1.41354e-21,1.00741
LO_MVe,0.000256289,4.5,1.54982,0.369717,1.71454e-12,1.15993e-21,0.939588
LO_MVe,0.000384434,4.5,1.4516,0.345983,1.45584e-12,9.48003e-22,0.875478
LO_MVe,0.00057665,4.5,1.35901,0.323361,1.24099e-12,7.71651e-22,0.815052
LO_MVe,0.000864976,4.5,1.2713,0.301774,1.06329e-12,6.2584e-22,0.758075
LO_MVe,0.00129746,4.5,1.18889,0.281305,9.16915e-13,5.0553e-22,0.704536
LO_MVe,0.0019462,4.5,1.1118,0.261556,7.96891e-13,4.06808e-22,0.654349
LO_MVe,0.00291929,4.5,1.04013,0.242974,6.9893e-13,3.26112e-22,0.607428
LO_MVe,0.00437894,4.5,0.973717,0.225233,6.19366e-13,2.60498e-22,0.563696
LO_MVe,0.00656841,4.5,0.913977,0.208487,5.55076e-13,2.0743e-22,0.523087
LO_MVe,0.00985261,4.5,0.861244,0.192888,5.03403e-13,1.64712e-22,0.485551
LO_MVe,1e-05,45.0,6.99037,1.6627,6.58075e-11,5.12107e-19,4.09524
LO_MVe,1.5e-05,45.0,6.46584,1.53897,5.57226e-11,4.30156e-19,3.76784
LO_MVe,2.25e-05,45.0,5.97529,1.42349,4.71233e-11,3.60401e-19,3.46098
LO_MVe,3.375e-05,45.0,5.51519,1.31408,3.98113e-11,3.0092000000000003e-19,3.17379
LO_MVe,5.0625e-05,45.0,5.08829,1.2129,3.36118e-11,2.504e-19,2.90542
LO_MVe,7.59375e-05,45.0,4.69317,1.11983,2.83716e-11,2.07694e-19,2.65499
LO_MVe,0.000113906,45.0,4.3229,1.03166,2.39561e-11,1.71655e-19,2.42166
LO_MVe,0.000170859,45.0,3.97986,0.94894,2.02483e-11,1.41354e-19,2.20459
LO_MVe,0.000256289,45.0,3.66131,0.87322,1.71454e-11,1.15993e-19,2.00294
LO_MVe,0.000384434,45.0,3.36945,0.803845,1.45584e-11,9.480029999999999e-20,1.81594
LO_MVe,0.00057665,45.0,3.0984,0.738183,1.24099e-11,7.71651e-20,1.64282
LO_MVe,0.000864976,45.0,2.84602,0.677976,1.06329e-11,6.258400000000001e-20,1.48273
LO_MVe,0.00129746,45.0,2.6186,0.623007,9.16915e-12,5.0553e-20,1.33498
LO_MVe,0.0019462,45.0,2.40622,0.571603,7.96891e-12,4.0680799999999996e-20,1.19887
LO_MVe,0.00291929,45.0,2.21104,0.523906,6.9893e-12,3.26112e-20,1.07374
LO_MVe,0.00437894,45.0,2.03815,0.480295,6.19367e-12,2.60498e-20,0.958936
LO_MVe,0.00656841,45.0,1.87823,0.439821,5.55076e-12,2.0742899999999997e-20,0.853872
LO_MVe,0.00985261,45.0,1.73439,0.401593,5.03403e-12,1.6471199999999998e-20,0.757999
LO_MVe,1e-05,15.0,2.70359,0.549873,3.21964e-11,3.20181e-25,2.70359
LO_MVe,1.5e-05,15.0,4.17082,0.985292,1.85742e-11,4.7795099999999994e-20,2.5119
LO_MVe,2.25e-05,15.0,3.89637,0.92063,1.57078e-11,4.0044499999999994e-20,2.33051
LO_MVe,3.375e-05,15.0,3.63397,0.85887,1.32704e-11,3.34355e-20,2.1591
LO_MVe,5.0625e-05,15.0,3.38686,0.80068,1.12039e-11,2.78223e-20,1.99739
LO_MVe,7.59375e-05,15.0,3.15625,0.746007,9.45718e-12,2.3077099999999998e-20,1.84504
LO_MVe,0.000113906,15.0,2.93707,0.694084,7.98538e-12,1.90727e-20,1.70174
LO_MVe,0.000170859,15.0,2.73266,0.645604,6.74942e-12,1.5706e-20,1.56714
LO_MVe,0.000256289,15.0,2.54031,0.599691,5.71513e-12,1.2888099999999998e-20,1.44093
LO_MVe,0.000384434,15.0,2.35878,0.55637,4.85281e-12,1.05334e-20,1.32276
LO_MVe,0.00057665,15.0,2.19124,0.516045,4.13665e-12,8.5739e-21,1.21235
LO_MVe,0.000864976,15.0,2.03273,0.47827,3.54429e-12,6.95378e-21,1.10924
LO_MVe,0.00129746,15.0,1.88508,0.442225,3.05638e-12,5.6170000000000004e-21,1.01316
LO_MVe,0.0019462,15.0,1.74826,0.408892,2.6563e-12,4.52009e-21,0.923805
LO_MVe,0.00291929,15.0,1.62224,0.377477,2.32977e-12,3.62347e-21,0.840852
LO_MVe,0.00437894,15.0,1.50564,0.347756,2.06456e-12,2.89442e-21,0.764008
LO_MVe,0.00656841,15.0,1.39942,0.319902,1.85025e-12,2.30477e-21,0.692997
LO_MVe,0.00985261,15.0,1.30241,0.293634,1.67801e-12,1.83013e-21,0.627568
LO_MVe,1e-05,27.0,5.71336,1.35018,3.94845e-11,1.84359e-19,3.40078
LO_MVe,1.5e-05,27.0,5.30919,1.25691,3.34335e-11,1.54856e-19,3.1428
LO_MVe,2.25e-05,27.0,4.93063,1.16657,2.8274e-11,1.29744e-19,2.89995
LO_MVe,3.375e-05,27.0,4.57822,1.08287,2.38868e-11,1.08331e-19,2.67168
LO_MVe,5.0625e-05,27.0,4.24214,1.00465,2.01671e-11,9.014409999999999e-20,2.45742
LO_MVe,7.59375e-05,27.0,3.93066,0.930607,1.70229e-11,7.476979999999999e-20,2.25661
LO_MVe,0.000113906,27.0,3.64305,0.861846,1.43737e-11,6.17957e-20,2.06869
LO_MVe,0.000170859,27.0,3.36745,0.796984,1.2149e-11,5.0887399999999994e-20,1.89309
LO_MVe,0.000256289,27.0,3.11587,0.736506,1.02872e-11,4.1757399999999995e-20,1.72926
LO_MVe,0.000384434,27.0,2.87998,0.680139,8.73505e-12,3.41281e-20,1.57665
LO_MVe,0.00057665,27.0,2.6614,0.628388,7.44597e-12,2.7779499999999995e-20,1.43476
LO_MVe,0.000864976,27.0,2.45799,0.579453,6.37972e-12,2.2530199999999997e-20,1.30293
LO_MVe,0.00129746,27.0,2.26994,0.533876,5.50149e-12,1.8199099999999998e-20,1.18072
LO_MVe,0.0019462,27.0,2.09648,0.491625,4.78134e-12,1.4645099999999997e-20,1.06762
LO_MVe,0.00291929,27.0,1.93567,0.451827,4.19358e-12,1.1740000000000001e-20,0.963143
LO_MVe,0.00437894,27.0,1.78825,0.415323,3.7162e-12,9.37792e-21,0.866842
LO_MVe,0.00656841,27.0,1.65501,0.381129,3.33046e-12,7.46746e-21,0.778285
LO_MVe,0.00985261,27.0,1.5353,0.349387,3.02042e-12,5.929619999999999e-21,0.697079
