LO_MVe,1e-05,4.5,1.54813,0.325299,9.66528e-12,2.8840100000000004e-26,1.54813
LO_MVe,1.5e-05,4.5,2.37196,0.566741,5.60942e-12,4.34596e-21,1.45552
LO_MVe,2.25e-05,4.5,2.23499,0.534881,4.73232e-12,3.63309e-21,1.3668
LO_MVe,3.375e-05,4.5,2.10492,0.504324,3.98786e-12,3.0271699999999998e-21,1.28196
LO_MVe,5.0625e-05,4.5,1.98043,0.475112,3.35786e-12,2.5134199999999998e-21,1.20096
LO_MVe,7.59375e-05,4.5,1.86198,0.446851,2.8264e-12,2.08002e-21,1.12377
LO_MVe,0.000113906,4.5,1.74657,0.419648,2.37951e-12,1.7150000000000002e-21,1.05033
LO_MVe,0.000170859,4.5,1.63792,0.393958,2.00503e-12,1.4090999999999998e-21,0.980593
LO_MVe,0.000256289,4.5,1.53539,0.369017,1.69237e-12,1.15308e-21,0.91449
LO_MVe,0.000384434,4.5,1.4386,0.345476,1.43231e-12,9.39721e-22,0.851952
LO_MVe,0.00057665,4.5,1.34604,0.322754,1.21686e-12,7.62999e-22,0.792908
LO_MVe,0.000864976,4.5,1.2584,0.30111,1.03911e-12,6.16958e-22,0.737353
LO_MVe,0.00129746,4.5,1.17543,0.280398,8.9311e-13,4.96918e-22,0.685089
LO_MVe,0.0019462,4.5,1.09824,0.260765,7.73739e-13,3.98625e-22,0.636078
LO_MVe,0.00291929,4.5,1.02602,0.242012,6.76609e-13,3.18563e-22,0.590267
LO_MVe,0.00437894,4.5,0.960013,0.224191,5.97975e-13,2.5369e-22,0.547592
LO_MVe,0.00656841,4.5,0.900155,0.207432,5.34649e-13,2.0138099999999999e-22,0.508018
LO_MVe,0.00985261,4.5,0.847382,0.191731,4.83931e-13,1.59436e-22,0.471519
LO_MVe,1e-05,45.0,7.03912,1.68363,6.63985e-11,5.18167e-19,4.0394
LO_MVe,1.5e-05,45.0,6.50938,1.55803,5.60942e-11,4.34596e-19,3.7159
LO_MVe,2.25e-05,45.0,6.01284,1.44094,4.73232e-11,3.63309e-19,3.41262
LO_MVe,3.375e-05,45.0,5.55257,1.33087,3.98786e-11,3.02717e-19,3.12871
LO_MVe,5.0625e-05,45.0,5.11924,1.22813,3.35786e-11,2.51342e-19,2.86334
LO_MVe,7.59375e-05,45.0,4.72016,1.13339,2.8264e-11,2.08002e-19,2.61567
LO_MVe,0.000113906,45.0,4.34579,1.04432,2.37951e-11,1.715e-19,2.38489
LO_MVe,0.000170859,45.0,3.99975,0.961766,2.00503e-11,1.4091000000000001e-19,2.17017
LO_MVe,0.000256289,45.0,3.67588,0.884573,1.69237e-11,1.15308e-19,1.9707
LO_MVe,0.000384434,45.0,3.38092,0.813143,1.43231e-11,9.397209999999999e-20,1.78571
LO_MVe,0.00057665,45.0,3.10473,0.74753,1.21686e-11,7.629989999999999e-20,1.61442
LO_MVe,0.000864976,45.0,2.85052,0.686283,1.03911e-11,6.16958e-20,1.45614
LO_MVe,0.00129746,45.0,2.61775,0.629623,8.93111e-12,4.96918e-20,1.31005
LO_MVe,0.0019462,45.0,2.40526,0.577422,7.73739e-12,3.98625e-20,1.1755
LO_MVe,0.00291929,45.0,2.20849,0.529292,6.76609e-12,3.1856299999999994e-20,1.05183
LO_MVe,0.00437894,45.0,2.03129,0.484867,5.97975e-12,2.5369e-20,0.938398
LO_MVe,0.00656841,45.0,1.87139,0.443837,5.34649e-12,2.0138099999999998e-20,0.834678
LO_MVe,0.00985261,45.0,1.72442,0.405159,4.83931e-12,1.59436e-20,0.740124
LO_MVe,1e-05,15.0,2.65104,0.541348,3.22176e-11,3.20445e-25,2.65104
LO_MVe,1.5e-05,15.0,4.17649,0.992391,1.86981e-11,4.82884e-20,2.4632
LO_MVe,2.25e-05,15.0,3.90158,0.927442,1.57744e-11,4.03676e-20,2.28534
LO_MVe,3.375e-05,15.0,3.63642,0.865499,1.32929e-11,3.36352e-20,2.11718
LO_MVe,5.0625e-05,15.0,3.38929,0.807226,1.11929e-11,2.7926899999999995e-20,1.95844
LO_MVe,7.59375e-05,15.0,3.15712,0.75169,9.42132e-12,2.3111399999999996e-20,1.80883
LO_MVe,0.000113906,15.0,2.9373,0.699278,7.93169e-12,1.90555e-20,1.66803
LO_MVe,0.000170859,15.0,2.73243,0.650639,6.68344e-12,1.56567e-20,1.53575
LO_MVe,0.000256289,15.0,2.53736,0.60441,5.64124e-12,1.2812e-20,1.41166
LO_MVe,0.000384434,15.0,2.35584,0.560653,4.77437e-12,1.0441299999999998e-20,1.29544
LO_MVe,0.00057665,15.0,2.18624,0.519699,4.05619e-12,8.47777e-21,1.18677
LO_MVe,0.000864976,15.0,2.02775,0.48143,3.4637e-12,6.85509e-21,1.0854
LO_MVe,0.00129746,15.0,1.87942,0.44547,2.97704e-12,5.52131e-21,0.990891
LO_MVe,0.0019462,15.0,1.74073,0.411365,2.57913e-12,4.42917e-21,0.902981
LO_MVe,0.00291929,15.0,1.61264,0.379473,2.25536e-12,3.53959e-21,0.821387
LO_MVe,0.00437894,15.0,1.49549,0.349544,1.99325e-12,2.8187699999999998e-21,0.74582
LO_MVe,0.00656841,15.0,1.38864,0.321268,1.78216e-12,2.2375599999999997e-21,0.676045
LO_MVe,0.00985261,15.0,1.29244,0.294841,1.6131e-12,1.7715099999999998e-21,0.611826
LO_MVe,1e-05,27.0,5.73682,1.36446,3.98391e-11,1.8654000000000002e-19,3.34581
LO_MVe,1.5e-05,27.0,5.33441,1.26907,3.36565e-11,1.56454e-19,3.09183
LO_MVe,2.25e-05,27.0,4.95349,1.1785,2.83939e-11,1.30791e-19,2.85263
LO_MVe,3.375e-05,27.0,4.59559,1.09404,2.39272e-11,1.08978e-19,2.6277
LO_MVe,5.0625e-05,27.0,4.25919,1.01476,2.01472e-11,9.048309999999999e-20,2.41651
LO_MVe,7.59375e-05,27.0,3.94502,0.939808,1.69584e-11,7.48809e-20,2.21852
LO_MVe,0.000113906,27.0,3.65114,0.870479,1.4277e-11,6.17399e-20,2.03319
LO_MVe,0.000170859,27.0,3.377,0.804906,1.20302e-11,5.0727699999999996e-20,1.85998
LO_MVe,0.000256289,27.0,3.12216,0.744502,1.01542e-11,4.1510799999999996e-20,1.69834
LO_MVe,0.000384434,27.0,2.88488,0.687526,8.59386e-12,3.383e-20,1.54775
LO_MVe,0.00057665,27.0,2.66289,0.634203,7.30114e-12,2.7468e-20,1.40767
LO_MVe,0.000864976,27.0,2.45726,0.585518,6.23466e-12,2.22105e-20,1.27765
LO_MVe,0.00129746,27.0,2.26777,0.538908,5.35866e-12,1.7889e-20,1.15708
LO_MVe,0.0019462,27.0,2.0921,0.495701,4.64243e-12,1.4350499999999998e-20,1.04549
LO_MVe,0.00291929,27.0,1.93083,0.456021,4.05965e-12,1.14683e-20,0.942445
LO_MVe,0.00437894,27.0,1.78181,0.41899,3.58785e-12,9.132829999999999e-21,0.847479
LO_MVe,0.00656841,27.0,1.64677,0.384203,3.2079e-12,7.2497e-21,0.760219
LO_MVe,0.00985261,27.0,1.52551,0.351945,2.90359e-12,5.7396899999999994e-21,0.680282
