LO_MVe,1e-05,4.5,1.52951,0.321787,9.10275e-12,2.7182400000000003e-26,1.52951
LO_MVe,1.5e-05,4.5,2.35741,0.56482,5.24649e-12,4.09675e-21,1.43892
LO_MVe,2.25e-05,4.5,2.22239,0.533416,4.40308e-12,3.4095699999999995e-21,1.35211
LO_MVe,3.375e-05,4.5,2.09405,0.503242,3.6894e-12,2.82804e-21,1.26904
LO_MVe,5.0625e-05,4.5,1.97079,0.4741,3.08744e-12,2.33673e-21,1.1897
LO_MVe,7.59375e-05,4.5,1.85372,0.446269,2.58147e-12,1.92363e-21,1.11404
LO_MVe,0.000113906,4.5,1.74022,0.419484,2.15769e-12,1.5768e-21,1.04203
LO_MVe,0.000170859,4.5,1.63278,0.393726,1.8041e-12,1.2868199999999999e-21,0.973609
LO_MVe,0.000256289,4.5,1.53121,0.369167,1.51028e-12,1.0459e-21,0.908725
LO_MVe,0.000384434,4.5,1.43431,0.345462,1.26715e-12,8.462289999999999e-22,0.847315
LO_MVe,0.00057665,4.5,1.34241,0.32303,1.06688e-12,6.81525e-22,0.789309
LO_MVe,0.000864976,4.5,1.25553,0.301542,9.02701e-13,5.46343e-22,0.734641
LO_MVe,0.00129746,4.5,1.17349,0.281033,7.68788e-13,4.35951e-22,0.683256
LO_MVe,0.0019462,4.5,1.09664,0.261348,6.6015e-13,3.4629e-22,0.635064
LO_MVe,0.00291929,4.5,1.02553,0.2427,5.72519e-13,2.7388599999999998e-22,0.59001
LO_MVe,0.00437894,4.5,0.958904,0.224939,5.02259e-13,2.15769e-22,0.548047
LO_MVe,0.00656841,4.5,0.900299,0.208159,4.46289e-13,1.69417e-22,0.509143
LO_MVe,0.00985261,4.5,0.84785,0.192629,4.02008e-13,1.32697e-22,0.473285
LO_MVe,1e-05,45.0,7.03801,1.68623,6.24011e-11,4.9048e-19,4.00959
LO_MVe,1.5e-05,45.0,6.51117,1.56171,5.24649e-11,4.09675e-19,3.68999
LO_MVe,2.25e-05,45.0,6.02182,1.44493,4.40308e-11,3.40957e-19,3.39023
LO_MVe,3.375e-05,45.0,5.56139,1.33548,3.6894e-11,2.82804e-19,3.1095
LO_MVe,5.0625e-05,45.0,5.12928,1.23303,3.08744e-11,2.33673e-19,2.84698
LO_MVe,7.59375e-05,45.0,4.73052,1.13839,2.58147e-11,1.9236300000000002e-19,2.60188
LO_MVe,0.000113906,45.0,4.35572,1.04816,2.15769e-11,1.5768000000000002e-19,2.37337
LO_MVe,0.000170859,45.0,4.00986,0.967019,1.8041e-11,1.28682e-19,2.16067
LO_MVe,0.000256289,45.0,3.68595,0.888324,1.51028e-11,1.0459000000000001e-19,1.963
LO_MVe,0.000384434,45.0,3.39154,0.817437,1.26715e-11,8.462289999999999e-20,1.77958
LO_MVe,0.00057665,45.0,3.11682,0.751557,1.06688e-11,6.81525e-20,1.60966
LO_MVe,0.000864976,45.0,2.86294,0.690764,9.02701e-12,5.46343e-20,1.45252
LO_MVe,0.00129746,45.0,2.62657,0.633503,7.68788e-12,4.35951e-20,1.30747
LO_MVe,0.0019462,45.0,2.41628,0.581899,6.6015e-12,3.4629000000000003e-20,1.1738
LO_MVe,0.00291929,45.0,2.2166,0.532655,5.72519e-12,2.73886e-20,1.05089
LO_MVe,0.00437894,45.0,2.04055,0.48824,5.02259e-12,2.1576899999999998e-20,0.938107
LO_MVe,0.00656841,45.0,1.8782,0.446686,4.46289e-12,1.69417e-20,0.834924
LO_MVe,0.00985261,45.0,1.73349,0.408065,4.02008e-12,1.3269699999999998e-20,0.740817
LO_MVe,1e-05,15.0,2.62709,0.5376,3.03425e-11,3.02027e-25,2.62709
LO_MVe,1.5e-05,15.0,4.16993,0.99344,1.74883e-11,4.55194e-20,2.44227
LO_MVe,2.25e-05,15.0,3.89592,0.929108,1.46769e-11,3.78841e-20,2.26718
LO_MVe,3.375e-05,15.0,3.63641,0.867694,1.2298e-11,3.14226e-20,2.10156
LO_MVe,5.0625e-05,15.0,3.3907,0.809605,1.02915e-11,2.59636e-20,1.94514
LO_MVe,7.59375e-05,15.0,3.15888,0.754597,8.60489e-12,2.1373699999999997e-20,1.79764
LO_MVe,0.000113906,15.0,2.94084,0.70276,7.1923e-12,1.752e-20,1.65876
LO_MVe,0.000170859,15.0,2.73411,0.653446,6.01368e-12,1.4298e-20,1.52822
LO_MVe,0.000256289,15.0,2.54092,0.607336,5.03426e-12,1.1621199999999998e-20,1.40569
LO_MVe,0.000384434,15.0,2.35999,0.563835,4.22384e-12,9.40255e-21,1.29088
LO_MVe,0.00057665,15.0,2.1918,0.523282,3.55627e-12,7.572499999999999e-21,1.18347
LO_MVe,0.000864976,15.0,2.03338,0.484641,3.009e-12,6.07048e-21,1.08316
LO_MVe,0.00129746,15.0,1.88437,0.448232,2.56263e-12,4.843899999999999e-21,0.989652
LO_MVe,0.0019462,15.0,1.74566,0.414269,2.2005e-12,3.84767e-21,0.902637
LO_MVe,0.00291929,15.0,1.61845,0.382438,1.9084e-12,3.0431799999999998e-21,0.821834
LO_MVe,0.00437894,15.0,1.50098,0.352311,1.6742e-12,2.3974299999999997e-21,0.746974
LO_MVe,0.00656841,15.0,1.39382,0.324119,1.48763e-12,1.8824199999999997e-21,0.677823
LO_MVe,0.00985261,15.0,1.29673,0.297229,1.34003e-12,1.47441e-21,0.614162
LO_MVe,1e-05,27.0,5.73277,1.36563,3.74407e-11,1.76573e-19,3.31896
LO_MVe,1.5e-05,27.0,5.33381,1.27134,3.14789e-11,1.47483e-19,3.06848
LO_MVe,2.25e-05,27.0,4.95528,1.18145,2.64185e-11,1.22745e-19,2.83247
LO_MVe,3.375e-05,27.0,4.5986,1.09817,2.21364e-11,1.01809e-19,2.61043
LO_MVe,5.0625e-05,27.0,4.26518,1.0184,1.85247e-11,8.412209999999999e-20,2.40185
LO_MVe,7.59375e-05,27.0,3.95406,0.944693,1.54888e-11,6.925089999999999e-20,2.20622
LO_MVe,0.000113906,27.0,3.65944,0.874463,1.29461e-11,5.676479999999999e-20,2.02301
LO_MVe,0.000170859,27.0,3.38688,0.809032,1.08246e-11,4.6325399999999996e-20,1.8517
LO_MVe,0.000256289,27.0,3.12953,0.748377,9.06167e-12,3.76526e-20,1.69175
LO_MVe,0.000384434,27.0,2.89261,0.691349,7.60291e-12,3.04642e-20,1.54266
LO_MVe,0.00057665,27.0,2.67029,0.638297,6.40129e-12,2.4534899999999997e-20,1.40391
LO_MVe,0.000864976,27.0,2.46596,0.588775,5.4162e-12,1.96683e-20,1.275
LO_MVe,0.00129746,27.0,2.27558,0.542635,4.61273e-12,1.5694199999999998e-20,1.15544
LO_MVe,0.0019462,27.0,2.09982,0.500215,3.9609e-12,1.2466399999999999e-20,1.04475
LO_MVe,0.00291929,27.0,1.93852,0.459446,3.43511e-12,9.85989e-21,0.942473
LO_MVe,0.00437894,27.0,1.78879,0.421804,3.01355e-12,7.767669999999999e-21,0.848182
LO_MVe,0.00656841,27.0,1.65418,0.387113,2.67773e-12,6.09903e-21,0.761495
LO_MVe,0.00985261,27.0,1.53242,0.354718,2.41205e-12,4.7770999999999995e-21,0.682049
