LO_MVe,1e-05,4.5,1.54918,0.325375,9.72759e-12,2.90218e-26,1.54918
LO_MVe,1.5e-05,4.5,2.35995,0.56322,5.64295e-12,4.36379e-21,1.45658
LO_MVe,2.25e-05,4.5,2.22504,0.531664,4.76678e-12,3.65223e-21,1.36789
LO_MVe,3.375e-05,4.5,2.09538,0.501542,4.02241e-12,3.0465899999999997e-21,1.28309
LO_MVe,5.0625e-05,4.5,1.97157,0.472136,3.39188e-12,2.53263e-21,1.20215
LO_MVe,7.59375e-05,4.5,1.85323,0.444294,2.85942e-12,2.09859e-21,1.12502
LO_MVe,0.000113906,4.5,1.73919,0.417403,2.41121e-12,1.73267e-21,1.05166
LO_MVe,0.000170859,4.5,1.63256,0.391844,2.03519e-12,1.42532e-21,0.981995
LO_MVe,0.000256289,4.5,1.53047,0.367185,1.72085e-12,1.1682999999999998e-21,0.915975
LO_MVe,0.000384434,4.5,1.43364,0.343753,1.45905e-12,9.53787e-22,0.853524
LO_MVe,0.00057665,4.5,1.34155,0.321173,1.24185e-12,7.75529e-22,0.794567
LO_MVe,0.000864976,4.5,1.25496,0.299656,1.0624e-12,6.28186e-22,0.739028
LO_MVe,0.00129746,4.5,1.17327,0.279154,9.1477e-13,5.06763e-22,0.686828
LO_MVe,0.0019462,4.5,1.09647,0.2597,7.93859e-13,4.07332e-22,0.637892
LO_MVe,0.00291929,4.5,1.02467,0.241075,6.95296e-13,3.26128e-22,0.592147
LO_MVe,0.00437894,4.5,0.958955,0.223484,6.15346e-13,2.60193e-22,0.549531
LO_MVe,0.00656841,4.5,0.899566,0.206859,5.50827e-13,2.0692199999999999e-22,0.509993
LO_MVe,0.00985261,4.5,0.847353,0.191245,4.99039e-13,1.6411099999999999e-22,0.473503
LO_MVe,1e-05,45.0,6.99653,1.66983,6.67138e-11,5.19901e-19,4.03353
LO_MVe,1.5e-05,45.0,6.46818,1.54571,5.64295e-11,4.36379e-19,3.71116
LO_MVe,2.25e-05,45.0,5.97877,1.43113,4.76678e-11,3.6522300000000003e-19,3.40892
LO_MVe,3.375e-05,45.0,5.5181,1.32071,4.02241e-11,3.04659e-19,3.12598
LO_MVe,5.0625e-05,45.0,5.09464,1.22059,3.39188e-11,2.53263e-19,2.86151
LO_MVe,7.59375e-05,45.0,4.69114,1.12536,2.85942e-11,2.09859e-19,2.61466
LO_MVe,0.000113906,45.0,4.32318,1.03726,2.41121e-11,1.73267e-19,2.38462
LO_MVe,0.000170859,45.0,3.97816,0.954713,2.03519e-11,1.4253200000000001e-19,2.17056
LO_MVe,0.000256289,45.0,3.66299,0.878929,1.72085e-11,1.1683000000000002e-19,1.9717
LO_MVe,0.000384434,45.0,3.36865,0.808152,1.45905e-11,9.53787e-20,1.78724
LO_MVe,0.00057665,45.0,3.09424,0.74226,1.24185e-11,7.75529e-20,1.61642
LO_MVe,0.000864976,45.0,2.84101,0.682144,1.0624e-11,6.281859999999999e-20,1.4585
LO_MVe,0.00129746,45.0,2.61192,0.625983,9.1477e-12,5.0676299999999997e-20,1.31276
LO_MVe,0.0019462,45.0,2.39998,0.574003,7.93859e-12,4.0733199999999995e-20,1.17851
LO_MVe,0.00291929,45.0,2.20516,0.526913,6.95296e-12,3.26128e-20,1.05509
LO_MVe,0.00437894,45.0,2.03042,0.482459,6.15347e-12,2.60193e-20,0.941888
LO_MVe,0.00656841,45.0,1.87014,0.441319,5.50827e-12,2.0692199999999997e-20,0.83832
LO_MVe,0.00985261,45.0,1.7268,0.403935,4.99039e-12,1.64111e-20,0.743857
LO_MVe,1e-05,15.0,2.64938,0.540583,3.24253e-11,3.22464e-25,2.64938
LO_MVe,1.5e-05,15.0,4.15153,0.985372,1.88098e-11,4.8486599999999996e-20,2.46195
LO_MVe,2.25e-05,15.0,3.87756,0.920782,1.58893e-11,4.0580299999999996e-20,2.28447
LO_MVe,3.375e-05,15.0,3.6188,0.859525,1.3408e-11,3.3851e-20,2.11669
LO_MVe,5.0625e-05,15.0,3.37332,0.801819,1.13063e-11,2.8140299999999997e-20,1.95832
LO_MVe,7.59375e-05,15.0,3.14315,0.747023,9.5314e-12,2.33177e-20,1.80905
LO_MVe,0.000113906,15.0,2.923,0.694932,8.03737e-12,1.92519e-20,1.66859
LO_MVe,0.000170859,15.0,2.71841,0.646269,6.78396e-12,1.5836899999999998e-20,1.53661
LO_MVe,0.000256289,15.0,2.52756,0.600432,5.73616e-12,1.2981099999999999e-20,1.41281
LO_MVe,0.000384434,15.0,2.34684,0.557236,4.86348e-12,1.05976e-20,1.29686
LO_MVe,0.00057665,15.0,2.17783,0.516572,4.1395e-12,8.61699e-21,1.18844
LO_MVe,0.000864976,15.0,2.02108,0.4788,3.54134e-12,6.979849999999999e-21,1.08723
LO_MVe,0.00129746,15.0,1.8735,0.44281,3.04923e-12,5.6306999999999994e-21,0.992908
LO_MVe,0.0019462,15.0,1.73658,0.409424,2.6462e-12,4.5259099999999995e-21,0.905179
LO_MVe,0.00291929,15.0,1.6101,0.377695,2.31765e-12,3.6236399999999996e-21,0.82374
LO_MVe,0.00437894,15.0,1.49412,0.347786,2.05116e-12,2.89104e-21,0.748313
LO_MVe,0.00656841,15.0,1.38738,0.32019,1.83609e-12,2.29914e-21,0.678637
LO_MVe,0.00985261,15.0,1.29116,0.293712,1.66346e-12,1.8234499999999997e-21,0.61448
LO_MVe,1e-05,27.0,5.70306,1.35354,4.00283e-11,1.87164e-19,3.34209
LO_MVe,1.5e-05,27.0,5.30188,1.2591,3.38577e-11,1.57096e-19,3.08885
LO_MVe,2.25e-05,27.0,4.92508,1.17,2.86007e-11,1.3148000000000002e-19,2.85036
LO_MVe,3.375e-05,27.0,4.57001,1.08632,2.41345e-11,1.09677e-19,2.62609
LO_MVe,5.0625e-05,27.0,4.23243,1.00698,2.03513e-11,9.117459999999999e-20,2.41551
LO_MVe,7.59375e-05,27.0,3.92577,0.933481,1.71565e-11,7.554939999999999e-20,2.21809
LO_MVe,0.000113906,27.0,3.63424,0.864841,1.44673e-11,6.23761e-20,2.03329
LO_MVe,0.000170859,27.0,3.36106,0.800278,1.22111e-11,5.1311499999999995e-20,1.86056
LO_MVe,0.000256289,27.0,3.10815,0.739376,1.03251e-11,4.2058899999999995e-20,1.69937
LO_MVe,0.000384434,27.0,2.87171,0.68313,8.75427e-12,3.4336299999999995e-20,1.54918
LO_MVe,0.00057665,27.0,2.65362,0.630121,7.45109e-12,2.7919e-20,1.40946
LO_MVe,0.000864976,27.0,2.44827,0.581282,6.3744e-12,2.26147e-20,1.2797
LO_MVe,0.00129746,27.0,2.26118,0.535782,5.48862e-12,1.82435e-20,1.15939
LO_MVe,0.0019462,27.0,2.08754,0.493399,4.76315e-12,1.4664e-20,1.04805
LO_MVe,0.00291929,27.0,1.92742,0.454233,4.17178e-12,1.1740599999999999e-20,0.945211
LO_MVe,0.00437894,27.0,1.77937,0.417076,3.69208e-12,9.366959999999999e-21,0.850432
LO_MVe,0.00656841,27.0,1.64529,0.382482,3.30496e-12,7.449199999999999e-21,0.763302
LO_MVe,0.00985261,27.0,1.52508,0.350374,2.99423e-12,5.90798e-21,0.683447
