LO_MVe,1e-05,4.5,1.57074,0.330386,9.35375e-12,2.79296e-26,1.57074
LO_MVe,1.5e-05,4.5,2.42112,0.580091,5.39816e-12,4.21156e-21,1.47724
LO_MVe,2.25e-05,4.5,2.2835,0.547893,4.53251e-12,3.50638e-21,1.38763
LO_MVe,3.375e-05,4.5,2.15073,0.516687,3.79989e-12,2.90947e-21,1.30191
LO_MVe,5.0625e-05,4.5,2.02323,0.486586,3.18185e-12,2.4051199999999997e-21,1.22005
LO_MVe,7.59375e-05,4.5,1.90248,0.457739,2.66223e-12,1.98056e-21,1.142
LO_MVe,0.000113906,4.5,1.78537,0.430131,2.22691e-12,1.6247899999999998e-21,1.06773
LO_MVe,0.000170859,4.5,1.6744,0.403663,1.86358e-12,1.32692e-21,0.997174
LO_MVe,0.000256289,4.5,1.56991,0.378201,1.56154e-12,1.07923e-21,0.930275
LO_MVe,0.000384434,4.5,1.47024,0.353989,1.31152e-12,8.738899999999999e-22,0.866965
LO_MVe,0.00057665,4.5,1.37534,0.33087,1.10545e-12,7.04513e-22,0.807176
LO_MVe,0.000864976,4.5,1.28582,0.308638,9.36423e-13,5.65364e-22,0.750833
LO_MVe,0.00129746,4.5,1.20147,0.287452,7.98457e-13,4.51669e-22,0.697865
LO_MVe,0.0019462,4.5,1.12205,0.267245,6.86439e-13,3.59247e-22,0.648203
LO_MVe,0.00291929,4.5,1.04873,0.248131,5.95993e-13,2.84539e-22,0.601782
LO_MVe,0.00437894,4.5,0.980077,0.229775,5.23393e-13,2.24507e-22,0.558549
LO_MVe,0.00656841,4.5,0.919382,0.212659,4.65484e-13,1.76565e-22,0.518468
LO_MVe,0.00985261,4.5,0.865816,0.196564,4.19596e-13,1.38526e-22,0.481527
LO_MVe,1e-05,45.0,7.21307,1.72831,6.41786e-11,5.04071e-19,4.10949
LO_MVe,1.5e-05,45.0,6.6682,1.59849,5.39816e-11,4.2115600000000003e-19,3.78069
LO_MVe,2.25e-05,45.0,6.1611,1.47913,4.53251e-11,3.50638e-19,3.47239
LO_MVe,3.375e-05,45.0,5.68663,1.36567,3.79989e-11,2.90947e-19,3.18373
LO_MVe,5.0625e-05,45.0,5.24548,1.26153,3.18185e-11,2.40512e-19,2.91387
LO_MVe,7.59375e-05,45.0,4.83413,1.16323,2.66223e-11,1.98056e-19,2.66198
LO_MVe,0.000113906,45.0,4.44884,1.07146,2.22691e-11,1.62479e-19,2.42721
LO_MVe,0.000170859,45.0,4.09385,0.986497,1.86358e-11,1.32692e-19,2.20874
LO_MVe,0.000256289,45.0,3.76478,0.90844,1.56154e-11,1.07923e-19,2.00577
LO_MVe,0.000384434,45.0,3.46041,0.835305,1.31152e-11,8.7389e-20,1.81749
LO_MVe,0.00057665,45.0,3.17773,0.767463,1.10545e-11,7.04513e-20,1.64313
LO_MVe,0.000864976,45.0,2.91444,0.703881,9.36423e-12,5.653639999999999e-20,1.48193
LO_MVe,0.00129746,45.0,2.67952,0.646073,7.98457e-12,4.5166899999999996e-20,1.33317
LO_MVe,0.0019462,45.0,2.45918,0.592761,6.86439e-12,3.5924699999999995e-20,1.19614
LO_MVe,0.00291929,45.0,2.25949,0.543047,5.95993e-12,2.84539e-20,1.07019
LO_MVe,0.00437894,45.0,2.07479,0.497351,5.23393e-12,2.2450699999999998e-20,0.954667
LO_MVe,0.00656841,45.0,1.91151,0.454776,4.65484e-12,1.7656499999999998e-20,0.849019
LO_MVe,0.00985261,45.0,1.76337,0.41511,4.19596e-12,1.38526e-20,0.752709
LO_MVe,1e-05,15.0,2.69477,0.551138,3.11792e-11,3.10329e-25,2.69477
LO_MVe,1.5e-05,15.0,4.27493,1.01779,1.79939e-11,4.6795099999999996e-20,2.50436
LO_MVe,2.25e-05,15.0,3.99306,0.95231,1.51084e-11,3.8959799999999996e-20,2.32401
LO_MVe,3.375e-05,15.0,3.72539,0.888859,1.26663e-11,3.23274e-20,2.15345
LO_MVe,5.0625e-05,15.0,3.47288,0.828919,1.06062e-11,2.6723499999999997e-20,1.99241
LO_MVe,7.59375e-05,15.0,3.23378,0.772137,8.8741e-12,2.2006199999999997e-20,1.84058
LO_MVe,0.000113906,15.0,3.00885,0.718531,7.42303e-12,1.8053199999999998e-20,1.69767
LO_MVe,0.000170859,15.0,2.79868,0.668434,6.21194e-12,1.47436e-20,1.56336
LO_MVe,0.000256289,15.0,2.59941,0.621284,5.20515e-12,1.19915e-20,1.43733
LO_MVe,0.000384434,15.0,2.41227,0.576004,4.37172e-12,9.70989e-21,1.31927
LO_MVe,0.00057665,15.0,2.23921,0.534387,3.68484e-12,7.82792e-21,1.20885
LO_MVe,0.000864976,15.0,2.07652,0.494917,3.12141e-12,6.28182e-21,1.10576
LO_MVe,0.00129746,15.0,1.92395,0.457475,2.66152e-12,5.0185499999999996e-21,1.00967
LO_MVe,0.0019462,15.0,1.78206,0.422918,2.28813e-12,3.9916299999999994e-21,0.920291
LO_MVe,0.00291929,15.0,1.65107,0.390193,1.98664e-12,3.1615499999999998e-21,0.837317
LO_MVe,0.00437894,15.0,1.53048,0.359132,1.74464e-12,2.4945199999999997e-21,0.760471
LO_MVe,0.00656841,15.0,1.42096,0.330267,1.55161e-12,1.9618399999999997e-21,0.689506
LO_MVe,0.00985261,15.0,1.32157,0.302969,1.39865e-12,1.53918e-21,0.624199
LO_MVe,1e-05,27.0,5.87629,1.39955,3.85072e-11,1.81465e-19,3.40287
LO_MVe,1.5e-05,27.0,5.46509,1.30195,3.2389e-11,1.5161600000000001e-19,3.14501
LO_MVe,2.25e-05,27.0,5.07483,1.21039,2.71951e-11,1.2623000000000002e-19,2.90211
LO_MVe,3.375e-05,27.0,4.70728,1.12342,2.27993e-11,1.04741e-19,2.67365
LO_MVe,5.0625e-05,27.0,4.36688,1.043,1.90911e-11,8.65843e-20,2.4591
LO_MVe,7.59375e-05,27.0,4.04171,0.96545,1.59734e-11,7.130009999999999e-20,2.25791
LO_MVe,0.000113906,27.0,3.74021,0.893986,1.33615e-11,5.84925e-20,2.06955
LO_MVe,0.000170859,27.0,3.45947,0.826895,1.11815e-11,4.7769299999999996e-20,1.89346
LO_MVe,0.000256289,27.0,3.19848,0.764479,9.36927e-12,3.8852299999999995e-20,1.72911
LO_MVe,0.000384434,27.0,2.95338,0.706314,7.8691e-12,3.146e-20,1.57596
LO_MVe,0.00057665,27.0,2.72659,0.651622,6.63272e-12,2.5362499999999996e-20,1.43346
LO_MVe,0.000864976,27.0,2.51623,0.601135,5.61854e-12,2.0353099999999998e-20,1.30112
LO_MVe,0.00129746,27.0,2.3205,0.553104,4.79074e-12,1.6260099999999998e-20,1.1784
LO_MVe,0.0019462,27.0,2.1396,0.50945,4.11863e-12,1.2932899999999998e-20,1.06483
LO_MVe,0.00291929,27.0,1.97451,0.46818,3.57596e-12,1.0243399999999999e-20,0.959938
LO_MVe,0.00437894,27.0,1.82316,0.430328,3.14036e-12,8.08225e-21,0.863268
LO_MVe,0.00656841,27.0,1.68457,0.394099,2.7929e-12,6.35635e-21,0.774427
LO_MVe,0.00985261,27.0,1.55893,0.361158,2.51758e-12,4.98695e-21,0.693043
