LO_MVe,1e-05,4.5,1.53509,0.32243,9.62206e-12,2.87075e-26,1.53509
LO_MVe,1.5e-05,4.5,2.3331,0.55701,5.57562e-12,4.31188e-21,1.44366
LO_MVe,2.25e-05,4.5,2.20086,0.526017,4.71009e-12,3.60895e-21,1.35608
LO_MVe,3.375e-05,4.5,2.07227,0.49598,3.97469e-12,3.01061e-21,1.27233
LO_MVe,5.0625e-05,4.5,1.95094,0.467065,3.35168e-12,2.5027699999999997e-21,1.1924
LO_MVe,7.59375e-05,4.5,1.83387,0.439566,2.82551e-12,2.07387e-21,1.11622
LO_MVe,0.000113906,4.5,1.72228,0.413149,2.38256e-12,1.71223e-21,1.04376
LO_MVe,0.000170859,4.5,1.61586,0.387886,2.01093e-12,1.40846e-21,0.974951
LO_MVe,0.000256289,4.5,1.51611,0.363656,1.70023e-12,1.15442e-21,0.909736
LO_MVe,0.000384434,4.5,1.42033,0.340473,1.44146e-12,9.42385e-22,0.848042
LO_MVe,0.00057665,4.5,1.33023,0.318268,1.22678e-12,7.66185e-22,0.789796
LO_MVe,0.000864976,4.5,1.24433,0.29696,1.04941e-12,6.20539e-22,0.734923
LO_MVe,0.00129746,4.5,1.16366,0.276909,9.0349e-13,5.00517e-22,0.683345
LO_MVe,0.0019462,4.5,1.088,0.25756,7.83988e-13,4.0224e-22,0.634988
LO_MVe,0.00291929,4.5,1.01731,0.239279,6.86584e-13,3.21985e-22,0.589779
LO_MVe,0.00437894,4.5,0.952334,0.22185,6.07585e-13,2.5683e-22,0.547657
LO_MVe,0.00656841,4.5,0.893729,0.205419,5.43843e-13,2.04197e-22,0.50857
LO_MVe,0.00985261,4.5,0.842348,0.190008,4.9269e-13,1.61908e-22,0.472486
LO_MVe,1e-05,45.0,6.91966,1.6523,6.59144e-11,5.13685e-19,3.99748
LO_MVe,1.5e-05,45.0,6.40762,1.52958,5.57562e-11,4.31188e-19,3.6789
LO_MVe,2.25e-05,45.0,5.92152,1.41572,4.71009e-11,3.6089500000000003e-19,3.38017
LO_MVe,3.375e-05,45.0,5.46827,1.30823,3.97469e-11,3.01061e-19,3.10047
LO_MVe,5.0625e-05,45.0,5.04665,1.20859,3.35168e-11,2.50277e-19,2.83897
LO_MVe,7.59375e-05,45.0,4.65158,1.11407,2.82551e-11,2.0738700000000001e-19,2.59486
LO_MVe,0.000113906,45.0,4.28658,1.02799,2.38256e-11,1.71223e-19,2.36732
LO_MVe,0.000170859,45.0,3.94856,0.946634,2.01093e-11,1.40846e-19,2.15556
LO_MVe,0.000256289,45.0,3.63391,0.871559,1.70023e-11,1.15442e-19,1.95878
LO_MVe,0.000384434,45.0,3.34352,0.801803,1.44147e-11,9.423849999999999e-20,1.77621
LO_MVe,0.00057665,45.0,3.07314,0.736559,1.22678e-11,7.661849999999999e-20,1.6071
LO_MVe,0.000864976,45.0,2.82416,0.676905,1.04941e-11,6.20539e-20,1.45072
LO_MVe,0.00129746,45.0,2.59499,0.621279,9.0349e-12,5.005169999999999e-20,1.30636
LO_MVe,0.0019462,45.0,2.38644,0.570325,7.83988e-12,4.0224e-20,1.17335
LO_MVe,0.00291929,45.0,2.19433,0.523648,6.86584e-12,3.2198499999999996e-20,1.05103
LO_MVe,0.00437894,45.0,2.02024,0.479737,6.07585e-12,2.5683e-20,0.938795
LO_MVe,0.00656841,45.0,1.86063,0.438893,5.43843e-12,2.0419699999999998e-20,0.836075
LO_MVe,0.00985261,45.0,1.72003,0.401561,4.9269e-12,1.6190799999999997e-20,0.742345
LO_MVe,1e-05,15.0,2.62557,0.535768,3.20735e-11,3.18973e-25,2.62557
LO_MVe,1.5e-05,15.0,4.10831,0.974066,1.85854e-11,4.79098e-20,2.4404
LO_MVe,2.25e-05,15.0,3.84031,0.911561,1.57003e-11,4.00995e-20,2.26506
LO_MVe,3.375e-05,15.0,3.58132,0.851192,1.3249e-11,3.34512e-20,2.09927
LO_MVe,5.0625e-05,15.0,3.34148,0.793762,1.11723e-11,2.78086e-20,1.94276
LO_MVe,7.59375e-05,15.0,3.11387,0.739786,9.41838e-12,2.3043e-20,1.79522
LO_MVe,0.000113906,15.0,2.89777,0.688872,7.94187e-12,1.9024799999999997e-20,1.65637
LO_MVe,0.000170859,15.0,2.69378,0.640158,6.70309e-12,1.5649599999999997e-20,1.52589
LO_MVe,0.000256289,15.0,2.50587,0.595074,5.66745e-12,1.2826899999999999e-20,1.40347
LO_MVe,0.000384434,15.0,2.32822,0.552232,4.80488e-12,1.0470899999999999e-20,1.2888
LO_MVe,0.00057665,15.0,2.16143,0.51249,4.08927e-12,8.51316e-21,1.18155
LO_MVe,0.000864976,15.0,2.00563,0.474774,3.49803e-12,6.89488e-21,1.08141
LO_MVe,0.00129746,15.0,1.86089,0.439577,3.01163e-12,5.56131e-21,0.988073
LO_MVe,0.0019462,15.0,1.72454,0.406294,2.61329e-12,4.46933e-21,0.901238
LO_MVe,0.00291929,15.0,1.5997,0.37498,2.28861e-12,3.57761e-21,0.820611
LO_MVe,0.00437894,15.0,1.48483,0.345634,2.02528e-12,2.8536699999999997e-21,0.745914
LO_MVe,0.00656841,15.0,1.37883,0.317844,1.81281e-12,2.26886e-21,0.67689
LO_MVe,0.00985261,15.0,1.28389,0.291851,1.6423e-12,1.79897e-21,0.61331
LO_MVe,1e-05,27.0,5.64445,1.33796,3.95486e-11,1.84927e-19,3.31216
LO_MVe,1.5e-05,27.0,5.24901,1.2459,3.34537e-11,1.55228e-19,3.06194
LO_MVe,2.25e-05,27.0,4.87475,1.15813,2.82606e-11,1.29922e-19,2.82625
LO_MVe,3.375e-05,27.0,4.52381,1.07534,2.38481e-11,1.08382e-19,2.60459
LO_MVe,5.0625e-05,27.0,4.19643,0.997413,2.01101e-11,9.009989999999999e-20,2.39643
LO_MVe,7.59375e-05,27.0,3.88872,0.924308,1.69531e-11,7.46593e-20,2.20125
LO_MVe,0.000113906,27.0,3.6027,0.85695,1.42954e-11,6.16403e-20,2.0185
LO_MVe,0.000170859,27.0,3.33438,0.792814,1.20656e-11,5.0704599999999996e-20,1.84767
LO_MVe,0.000256289,27.0,3.08393,0.733044,1.02014e-11,4.15592e-20,1.68821
LO_MVe,0.000384434,27.0,2.84998,0.677393,8.64879e-12,3.3925899999999996e-20,1.53961
LO_MVe,0.00057665,27.0,2.63446,0.6253,7.36069e-12,2.7582599999999997e-20,1.40133
LO_MVe,0.000864976,27.0,2.43267,0.577228,6.29646e-12,2.23394e-20,1.27288
LO_MVe,0.00129746,27.0,2.24677,0.532072,5.42094e-12,1.80186e-20,1.15376
LO_MVe,0.0019462,27.0,2.07429,0.489708,4.70393e-12,1.44806e-20,1.04349
LO_MVe,0.00291929,27.0,1.91423,0.450752,4.1195e-12,1.1591399999999999e-20,0.941616
LO_MVe,0.00437894,27.0,1.76972,0.41439,3.64551e-12,9.24588e-21,0.847693
LO_MVe,0.00656841,27.0,1.63738,0.380262,3.26306e-12,7.351099999999999e-21,0.761318
LO_MVe,0.00985261,27.0,1.51751,0.34804,2.95614e-12,5.8286699999999995e-21,0.682122
