LO_MVe,1e-05,4.5,1.5713,0.330208,9.37153e-12,2.79754e-26,1.5713
LO_MVe,1.5e-05,4.5,2.39561,0.572088,5.3996e-12,4.19843e-21,1.47784
LO_MVe,2.25e-05,4.5,2.25716,0.540099,4.54491e-12,3.50312e-21,1.38832
LO_MVe,3.375e-05,4.5,2.12542,0.509499,3.82032e-12,2.9124799999999998e-21,1.30272
LO_MVe,5.0625e-05,4.5,2.00167,0.479755,3.20796e-12,2.4132999999999996e-21,1.221
LO_MVe,7.59375e-05,4.5,1.88199,0.451411,2.69214e-12,1.9921399999999998e-21,1.14313
LO_MVe,0.000113906,4.5,1.76654,0.424309,2.25913e-12,1.63851e-21,1.06904
LO_MVe,0.000170859,4.5,1.65796,0.398476,1.89695e-12,1.3420000000000001e-21,0.998698
LO_MVe,0.000256289,4.5,1.55541,0.373445,1.59517e-12,1.09446e-21,0.932019
LO_MVe,0.000384434,4.5,1.45747,0.349671,1.34473e-12,8.89076e-22,0.86894
LO_MVe,0.00057665,4.5,1.36411,0.326755,1.1378e-12,7.19062e-22,0.809384
LO_MVe,0.000864976,4.5,1.27581,0.30512,9.67571e-13,5.791e-22,0.753276
LO_MVe,0.00129746,4.5,1.19289,0.284343,8.28204e-13,4.64339e-22,0.700537
LO_MVe,0.0019462,4.5,1.11523,0.264457,7.14671e-13,3.70757e-22,0.651092
LO_MVe,0.00291929,4.5,1.04296,0.24564,6.22671e-13,2.94833e-22,0.604869
LO_MVe,0.00437894,4.5,0.976692,0.227768,5.48534e-13,2.33583e-22,0.561807
LO_MVe,0.00656841,4.5,0.916706,0.210856,4.89146e-13,1.8445999999999999e-22,0.521855
LO_MVe,0.00985261,4.5,0.863842,0.19505,4.41867e-13,1.45302e-22,0.484986
LO_MVe,1e-05,45.0,7.08933,1.69303,6.40479e-11,5.0147e-19,4.08639
LO_MVe,1.5e-05,45.0,6.56079,1.56848,5.3996e-11,4.19843e-19,3.76055
LO_MVe,2.25e-05,45.0,6.06745,1.45125,4.54491e-11,3.50312e-19,3.45502
LO_MVe,3.375e-05,45.0,5.59793,1.34014,3.82032e-11,2.91248e-19,3.16896
LO_MVe,5.0625e-05,45.0,5.16794,1.23851,3.20796e-11,2.4133e-19,2.90152
LO_MVe,7.59375e-05,45.0,4.76431,1.14241,2.69214e-11,1.99214e-19,2.65186
LO_MVe,0.000113906,45.0,4.39021,1.05368,2.25913e-11,1.63851e-19,2.41915
LO_MVe,0.000170859,45.0,4.039,0.969085,1.89695e-11,1.342e-19,2.20257
LO_MVe,0.000256289,45.0,3.71864,0.893042,1.59517e-11,1.09446e-19,2.00132
LO_MVe,0.000384434,45.0,3.42051,0.82097,1.34473e-11,8.890759999999999e-20,1.81461
LO_MVe,0.00057665,45.0,3.14292,0.754221,1.1378e-11,7.19062e-20,1.64167
LO_MVe,0.000864976,45.0,2.88763,0.693114,9.67571e-12,5.791e-20,1.48174
LO_MVe,0.00129746,45.0,2.65253,0.636063,8.28204e-12,4.6433899999999996e-20,1.33411
LO_MVe,0.0019462,45.0,2.43883,0.583837,7.14671e-12,3.7075699999999996e-20,1.19808
LO_MVe,0.00291929,45.0,2.24185,0.535463,6.22671e-12,2.94833e-20,1.07299
LO_MVe,0.00437894,45.0,2.06155,0.489929,5.48534e-12,2.3358299999999997e-20,0.958224
LO_MVe,0.00656841,45.0,1.89982,0.448307,4.89146e-12,1.8446e-20,0.853188
LO_MVe,0.00985261,45.0,1.75392,0.409465,4.41867e-12,1.45302e-20,0.757354
LO_MVe,1e-05,15.0,2.68624,0.548385,3.12384e-11,3.10838e-25,2.68624
LO_MVe,1.5e-05,15.0,4.21475,1.00092,1.79987e-11,4.6649299999999997e-20,2.49687
LO_MVe,2.25e-05,15.0,3.93667,0.935179,1.51497e-11,3.8923599999999994e-20,2.31754
LO_MVe,3.375e-05,15.0,3.67255,0.873102,1.27344e-11,3.2360899999999997e-20,2.14799
LO_MVe,5.0625e-05,15.0,3.42723,0.8148,1.06932e-11,2.6814499999999998e-20,1.98791
LO_MVe,7.59375e-05,15.0,3.19198,0.759223,8.9738e-12,2.2134899999999998e-20,1.83702
LO_MVe,0.000113906,15.0,2.97181,0.706937,7.53043e-12,1.82056e-20,1.695
LO_MVe,0.000170859,15.0,2.76279,0.657638,6.32315e-12,1.4911099999999998e-20,1.56154
LO_MVe,0.000256289,15.0,2.5697,0.611248,5.31722e-12,1.2160699999999998e-20,1.43633
LO_MVe,0.000384434,15.0,2.38461,0.56685,4.48245e-12,9.87862e-21,1.31902
LO_MVe,0.00057665,15.0,2.21464,0.52585,3.79265e-12,7.98958e-21,1.20932
LO_MVe,0.000864976,15.0,2.05592,0.487308,3.22524e-12,6.43444e-21,1.10688
LO_MVe,0.00129746,15.0,1.90635,0.450935,2.76068e-12,5.15932e-21,1.0114
LO_MVe,0.0019462,15.0,1.76732,0.416745,2.38224e-12,4.11953e-21,0.922566
LO_MVe,0.00291929,15.0,1.63879,0.384706,2.07557e-12,3.27592e-21,0.840082
LO_MVe,0.00437894,15.0,1.52101,0.354534,1.82845e-12,2.59537e-21,0.763666
LO_MVe,0.00656841,15.0,1.4131,0.326157,1.63049e-12,2.04956e-21,0.693057
LO_MVe,0.00985261,15.0,1.31524,0.29931,1.47289e-12,1.6144699999999999e-21,0.628021
LO_MVe,1e-05,27.0,5.78244,1.37367,3.84287e-11,1.80529e-19,3.38733
LO_MVe,1.5e-05,27.0,5.37782,1.27835,3.23976e-11,1.51144e-19,3.1314
LO_MVe,2.25e-05,27.0,4.99746,1.18827,2.72694e-11,1.2611200000000001e-19,2.89034
LO_MVe,3.375e-05,27.0,4.63934,1.10315,2.29219e-11,1.04849e-19,2.66363
LO_MVe,5.0625e-05,27.0,4.30099,1.02319,1.92478e-11,8.687889999999999e-20,2.45073
LO_MVe,7.59375e-05,27.0,3.98423,0.947917,1.61528e-11,7.17171e-20,2.25109
LO_MVe,0.000113906,27.0,3.6921,0.878494,1.35548e-11,5.89863e-20,2.06418
LO_MVe,0.000170859,27.0,3.41483,0.813048,1.13817e-11,4.8312e-20,1.88944
LO_MVe,0.000256289,27.0,3.1583,0.750786,9.571e-12,3.9400599999999997e-20,1.72634
LO_MVe,0.000384434,27.0,2.91887,0.694403,8.06841e-12,3.20067e-20,1.57434
LO_MVe,0.00057665,27.0,2.69557,0.640983,6.82678e-12,2.58862e-20,1.4329
LO_MVe,0.000864976,27.0,2.49037,0.591268,5.80543e-12,2.0847599999999997e-20,1.30151
LO_MVe,0.00129746,27.0,2.30049,0.54534,4.96922e-12,1.6716199999999998e-20,1.17967
LO_MVe,0.0019462,27.0,2.12326,0.501673,4.28803e-12,1.3347299999999999e-20,1.06687
LO_MVe,0.00291929,27.0,1.96007,0.461839,3.73602e-12,1.0614e-20,0.962659
LO_MVe,0.00437894,27.0,1.8106,0.423993,3.29121e-12,8.40898e-21,0.866584
LO_MVe,0.00656841,27.0,1.67466,0.388985,2.93488e-12,6.64056e-21,0.778234
LO_MVe,0.00985261,27.0,1.55243,0.356447,2.6512e-12,5.2308799999999994e-21,0.697233
