LO_MVe,1e-05,4.5,1.54685,0.32573,9.47894e-12,2.83054e-26,1.54685
LO_MVe,1.5e-05,4.5,2.41514,0.580113,5.4927e-12,4.29263e-21,1.45543
LO_MVe,2.25e-05,4.5,2.27701,0.548046,4.60622e-12,3.57026e-21,1.36775
LO_MVe,3.375e-05,4.5,2.14524,0.516883,3.8566e-12,2.95934e-21,1.2838
LO_MVe,5.0625e-05,4.5,2.01977,0.487319,3.22478e-12,2.4435399999999998e-21,1.20356
LO_MVe,7.59375e-05,4.5,1.89743,0.458497,2.69408e-12,2.0102399999999998e-21,1.127
LO_MVe,0.000113906,4.5,1.78264,0.430951,2.24994e-12,1.6466999999999998e-21,1.05408
LO_MVe,0.000170859,4.5,1.67191,0.404389,1.87967e-12,1.34311e-21,0.984755
LO_MVe,0.000256289,4.5,1.56719,0.379061,1.57221e-12,1.0908699999999999e-21,0.918974
LO_MVe,0.000384434,4.5,1.46715,0.354874,1.318e-12,8.82047e-22,0.856678
LO_MVe,0.00057665,4.5,1.37281,0.331671,1.10876e-12,7.09957e-22,0.797807
LO_MVe,0.000864976,4.5,1.28307,0.30945,9.37344e-13,5.68807e-22,0.742296
LO_MVe,0.00129746,4.5,1.19819,0.288253,7.97631e-13,4.53619e-22,0.690083
LO_MVe,0.0019462,4.5,1.11904,0.268006,6.8437e-13,3.60137e-22,0.641109
LO_MVe,0.00291929,4.5,1.04559,0.248814,5.93076e-13,2.84704e-22,0.595323
LO_MVe,0.00437894,4.5,0.97737,0.23047,5.1993e-13,2.242e-22,0.552684
LO_MVe,0.00656841,4.5,0.916077,0.213186,4.61695e-13,1.75977e-22,0.513171
LO_MVe,0.00985261,4.5,0.861868,0.197066,4.15641e-13,1.37795e-22,0.476793
LO_MVe,1e-05,45.0,7.27875,1.74743,6.53778e-11,5.14261e-19,4.09239
LO_MVe,1.5e-05,45.0,6.72977,1.61927,5.4927e-11,4.29263e-19,3.76576
LO_MVe,2.25e-05,45.0,6.22445,1.49888,4.60622e-11,3.5702600000000003e-19,3.45934
LO_MVe,3.375e-05,45.0,5.74489,1.3853,3.8566e-11,2.95934e-19,3.17232
LO_MVe,5.0625e-05,45.0,5.30018,1.27961,3.22478e-11,2.44354e-19,2.90389
LO_MVe,7.59375e-05,45.0,4.88535,1.18135,2.69408e-11,2.01024e-19,2.65322
LO_MVe,0.000113906,45.0,4.50002,1.08757,2.24994e-11,1.6467e-19,2.4195
LO_MVe,0.000170859,45.0,4.1384,1.00223,1.87967e-11,1.34311e-19,2.20193
LO_MVe,0.000256289,45.0,3.80451,0.922722,1.57221e-11,1.09087e-19,1.99972
LO_MVe,0.000384434,45.0,3.49541,0.848209,1.318e-11,8.820469999999999e-20,1.81209
LO_MVe,0.00057665,45.0,3.20983,0.779425,1.10876e-11,7.099569999999999e-20,1.63827
LO_MVe,0.000864976,45.0,2.94615,0.715703,9.37344e-12,5.688069999999999e-20,1.47753
LO_MVe,0.00129746,45.0,2.70395,0.65637,7.97631e-12,4.5361899999999994e-20,1.32915
LO_MVe,0.0019462,45.0,2.48202,0.602096,6.8437e-12,3.60137e-20,1.19245
LO_MVe,0.00291929,45.0,2.27834,0.551516,5.93076e-12,2.8470399999999996e-20,1.06676
LO_MVe,0.00437894,45.0,2.09391,0.504831,5.1993e-12,2.2420000000000002e-20,0.951485
LO_MVe,0.00656841,45.0,1.92615,0.461728,4.61695e-12,1.7597699999999998e-20,0.846046
LO_MVe,0.00985261,45.0,1.77585,0.421515,4.15642e-12,1.37795e-20,0.749931
LO_MVe,1e-05,15.0,2.67085,0.547811,3.15965e-11,3.14504e-25,2.67085
LO_MVe,1.5e-05,15.0,4.2954,1.02683,1.8309e-11,4.7695899999999993e-20,2.48297
LO_MVe,2.25e-05,15.0,4.01294,0.960508,1.53541e-11,3.96696e-20,2.30489
LO_MVe,3.375e-05,15.0,3.74386,0.896471,1.28553e-11,3.28816e-20,2.13639
LO_MVe,5.0625e-05,15.0,3.49257,0.837293,1.07493e-11,2.71504e-20,1.97718
LO_MVe,7.59375e-05,15.0,3.25234,0.779988,8.98026e-12,2.2336e-20,1.827
LO_MVe,0.000113906,15.0,3.02708,0.726467,7.49982e-12,1.8296699999999998e-20,1.68555
LO_MVe,0.000170859,15.0,2.81326,0.675589,6.26558e-12,1.49234e-20,1.55254
LO_MVe,0.000256289,15.0,2.61415,0.627286,5.24072e-12,1.2120799999999998e-20,1.42767
LO_MVe,0.000384434,15.0,2.42673,0.582826,4.39335e-12,9.80052e-21,1.31064
LO_MVe,0.00057665,15.0,2.25042,0.540398,3.69586e-12,7.88841e-21,1.20113
LO_MVe,0.000864976,15.0,2.08904,0.50079,3.12448e-12,6.32007e-21,1.09883
LO_MVe,0.00129746,15.0,1.93431,0.463076,2.65877e-12,5.0402199999999995e-21,1.00345
LO_MVe,0.0019462,15.0,1.79086,0.42765,2.28123e-12,4.0015199999999996e-21,0.914699
LO_MVe,0.00291929,15.0,1.65881,0.394797,1.97692e-12,3.16338e-21,0.832285
LO_MVe,0.00437894,15.0,1.53733,0.363475,1.7331e-12,2.49112e-21,0.755949
LO_MVe,0.00656841,15.0,1.4261,0.334282,1.53898e-12,1.9553e-21,0.685452
LO_MVe,0.00985261,15.0,1.32546,0.306261,1.38547e-12,1.5310499999999999e-21,0.620589
LO_MVe,1e-05,27.0,5.92193,1.41414,3.92267e-11,1.85134e-19,3.38167
LO_MVe,1.5e-05,27.0,5.50663,1.31781,3.29562e-11,1.54535e-19,3.12627
LO_MVe,2.25e-05,27.0,5.11395,1.22429,2.76373e-11,1.28529e-19,2.88555
LO_MVe,3.375e-05,27.0,4.74548,1.13755,2.31396e-11,1.06536e-19,2.65902
LO_MVe,5.0625e-05,27.0,4.39986,1.05487,1.93487e-11,8.796739999999999e-20,2.44617
LO_MVe,7.59375e-05,27.0,4.0757,0.978916,1.61645e-11,7.236849999999999e-20,2.24648
LO_MVe,0.000113906,27.0,3.77187,0.9055,1.34997e-11,5.928129999999999e-20,2.05943
LO_MVe,0.000170859,27.0,3.48928,0.838071,1.1278e-11,4.8351799999999995e-20,1.8845
LO_MVe,0.000256289,27.0,3.22563,0.774722,9.43329e-12,3.92714e-20,1.72115
LO_MVe,0.000384434,27.0,2.97845,0.715878,7.90802e-12,3.17537e-20,1.56887
LO_MVe,0.00057665,27.0,2.74937,0.66086,6.65255e-12,2.55584e-20,1.42714
LO_MVe,0.000864976,27.0,2.53521,0.609276,5.62406e-12,2.0477e-20,1.29544
LO_MVe,0.00129746,27.0,2.33875,0.561208,4.78579e-12,1.6330299999999997e-20,1.1733
LO_MVe,0.0019462,27.0,2.15589,0.516697,4.10622e-12,1.2964899999999999e-20,1.06022
LO_MVe,0.00291929,27.0,1.9886,0.47504,3.55846e-12,1.02493e-20,0.955752
LO_MVe,0.00437894,27.0,1.83466,0.436462,3.11958e-12,8.07122e-21,0.859469
LO_MVe,0.00656841,27.0,1.69503,0.399872,2.77017e-12,6.33517e-21,0.770973
LO_MVe,0.00985261,27.0,1.56969,0.366341,2.49385e-12,4.9606099999999996e-21,0.689911
