LO_MVe,1e-05,4.5,1.56593,0.329619,9.44194e-12,2.8195300000000004e-26,1.56593
LO_MVe,1.5e-05,4.5,2.44279,0.586549,5.46884e-12,4.27377e-21,1.47259
LO_MVe,2.25e-05,4.5,2.30231,0.553386,4.58575e-12,3.5540899999999995e-21,1.3831
LO_MVe,3.375e-05,4.5,2.16779,0.521983,3.83915e-12,2.94561e-21,1.29745
LO_MVe,5.0625e-05,4.5,2.03886,0.491691,3.21001e-12,2.43198e-21,1.21562
LO_MVe,7.59375e-05,4.5,1.91584,0.462467,2.68167e-12,2.0005899999999997e-21,1.13756
LO_MVe,0.000113906,4.5,1.79888,0.434514,2.23957e-12,1.6386999999999999e-21,1.06325
LO_MVe,0.000170859,4.5,1.68699,0.40745,1.87103e-12,1.33652e-21,0.99262
LO_MVe,0.000256289,4.5,1.57945,0.381889,1.56507e-12,1.08551e-21,0.925623
LO_MVe,0.000384434,4.5,1.47739,0.357091,1.31213e-12,8.77748e-22,0.862195
LO_MVe,0.00057665,4.5,1.38231,0.333828,1.10395e-12,7.06521e-22,0.802268
LO_MVe,0.000864976,4.5,1.29044,0.311068,9.33424e-13,5.660999999999999e-22,0.745776
LO_MVe,0.00129746,4.5,1.20492,0.289623,7.94443e-13,4.51518e-22,0.692651
LO_MVe,0.0019462,4.5,1.12481,0.269108,6.81782e-13,3.58532e-22,0.64283
LO_MVe,0.00291929,4.5,1.05016,0.249522,5.90975e-13,2.83504e-22,0.596256
LO_MVe,0.00437894,4.5,0.981122,0.231017,5.18218e-13,2.23322e-22,0.552884
LO_MVe,0.00656841,4.5,0.91878,0.213488,4.60288e-13,1.7535e-22,0.512689
LO_MVe,0.00985261,4.5,0.863876,0.197255,4.14471e-13,1.37362e-22,0.475677
LO_MVe,1e-05,45.0,7.30383,1.75416,6.51015e-11,5.12069e-19,4.12207
LO_MVe,1.5e-05,45.0,6.75226,1.62641,5.46884e-11,4.27377e-19,3.79109
LO_MVe,2.25e-05,45.0,6.24069,1.50374,4.58575e-11,3.55409e-19,3.48073
LO_MVe,3.375e-05,45.0,5.76265,1.38839,3.83915e-11,2.9456100000000003e-19,3.19014
LO_MVe,5.0625e-05,45.0,5.30935,1.28126,3.21001e-11,2.43198e-19,2.9185
LO_MVe,7.59375e-05,45.0,4.88973,1.18123,2.68167e-11,2.00059e-19,2.66495
LO_MVe,0.000113906,45.0,4.49908,1.08819,2.23957e-11,1.6387e-19,2.42866
LO_MVe,0.000170859,45.0,4.13771,1.00299,1.87103e-11,1.33652e-19,2.2088
LO_MVe,0.000256289,45.0,3.79897,0.921041,1.56507e-11,1.08551e-19,2.00455
LO_MVe,0.000384434,45.0,3.48931,0.846133,1.31213e-11,8.777479999999999e-20,1.81513
LO_MVe,0.00057665,45.0,3.20139,0.777742,1.10395e-11,7.065209999999999e-20,1.63974
LO_MVe,0.000864976,45.0,2.93631,0.713094,9.33424e-12,5.661000000000001e-20,1.47763
LO_MVe,0.00129746,45.0,2.69533,0.654618,7.94443e-12,4.5151799999999997e-20,1.32806
LO_MVe,0.0019462,45.0,2.47106,0.599949,6.81782e-12,3.58532e-20,1.19034
LO_MVe,0.00291929,45.0,2.26812,0.549208,5.90975e-12,2.8350399999999995e-20,1.0638
LO_MVe,0.00437894,45.0,2.08152,0.502406,5.18218e-12,2.2332199999999998e-20,0.947806
LO_MVe,0.00656841,45.0,1.91403,0.459188,4.60288e-12,1.7535e-20,0.841776
LO_MVe,0.00985261,45.0,1.76376,0.419005,4.14471e-12,1.37362e-20,0.745191
LO_MVe,1e-05,15.0,2.69605,0.552323,3.14731e-11,3.13281e-25,2.69605
LO_MVe,1.5e-05,15.0,4.32411,1.03304,1.82295e-11,4.7486399999999996e-20,2.50505
LO_MVe,2.25e-05,15.0,4.03817,0.965587,1.52858e-11,3.9489899999999996e-20,2.32409
LO_MVe,3.375e-05,15.0,3.76713,0.90113,1.27972e-11,3.2729e-20,2.15292
LO_MVe,5.0625e-05,15.0,3.5092,0.840516,1.07e-11,2.7022e-20,1.99128
LO_MVe,7.59375e-05,15.0,3.26642,0.782372,8.9389e-12,2.2228699999999997e-20,1.83886
LO_MVe,0.000113906,15.0,3.03803,0.728189,7.46522e-12,1.8207799999999998e-20,1.69537
LO_MVe,0.000170859,15.0,2.82349,0.676887,6.23678e-12,1.48502e-20,1.5605
LO_MVe,0.000256289,15.0,2.62258,0.629054,5.2169e-12,1.2061199999999999e-20,1.43393
LO_MVe,0.000384434,15.0,2.43207,0.583169,4.37377e-12,9.75276e-21,1.31536
LO_MVe,0.00057665,15.0,2.25466,0.540497,3.67984e-12,7.85023e-21,1.20446
LO_MVe,0.000864976,15.0,2.08987,0.500416,3.11141e-12,6.290000000000001e-21,1.10091
LO_MVe,0.00129746,15.0,1.93449,0.462679,2.64814e-12,5.01686e-21,1.00441
LO_MVe,0.0019462,15.0,1.79129,0.427084,2.27261e-12,3.9836899999999996e-21,0.914644
LO_MVe,0.00291929,15.0,1.65742,0.393859,1.96992e-12,3.1500399999999997e-21,0.831332
LO_MVe,0.00437894,15.0,1.5354,0.362563,1.72739e-12,2.48135e-21,0.754197
LO_MVe,0.00656841,15.0,1.42252,0.333001,1.53429e-12,1.94834e-21,0.682994
LO_MVe,0.00985261,15.0,1.32284,0.305113,1.38157e-12,1.52624e-21,0.617513
LO_MVe,1e-05,27.0,5.94952,1.4216,3.90609e-11,1.8434500000000001e-19,3.40945
LO_MVe,1.5e-05,27.0,5.53239,1.32146,3.28131e-11,1.53856e-19,3.15027
LO_MVe,2.25e-05,27.0,5.13717,1.22985,2.75145e-11,1.27947e-19,2.9061
LO_MVe,3.375e-05,27.0,4.76262,1.1406,2.30349e-11,1.06042e-19,2.67643
LO_MVe,5.0625e-05,27.0,4.41222,1.05768,1.92601e-11,8.755129999999999e-20,2.46072
LO_MVe,7.59375e-05,27.0,4.0857,0.979429,1.609e-11,7.202109999999999e-20,2.25844
LO_MVe,0.000113906,27.0,3.77708,0.906657,1.34374e-11,5.89933e-20,2.06905
LO_MVe,0.000170859,27.0,3.49288,0.838416,1.12262e-11,4.8114799999999995e-20,1.89201
LO_MVe,0.000256289,27.0,3.22693,0.774813,9.39042e-12,3.9078399999999994e-20,1.72677
LO_MVe,0.000384434,27.0,2.97867,0.715138,7.87278e-12,3.15989e-20,1.5728
LO_MVe,0.00057665,27.0,2.74709,0.659874,6.62372e-12,2.5434699999999997e-20,1.42956
LO_MVe,0.000864976,27.0,2.5327,0.608157,5.60054e-12,2.0379599999999997e-20,1.29653
LO_MVe,0.00129746,27.0,2.33485,0.559818,4.76666e-12,1.62546e-20,1.17321
LO_MVe,0.0019462,27.0,2.14926,0.51514,4.09069e-12,1.2907199999999998e-20,1.05911
LO_MVe,0.00291929,27.0,1.98349,0.473298,3.54585e-12,1.0206099999999999e-20,0.953746
LO_MVe,0.00437894,27.0,1.82753,0.434207,3.10931e-12,8.03958e-21,0.856692
LO_MVe,0.00656841,27.0,1.68794,0.398372,2.76173e-12,6.3126099999999994e-21,0.767538
LO_MVe,0.00985261,27.0,1.56103,0.364204,2.48683e-12,4.9450299999999996e-21,0.685926
