LO_MVe,1e-05,4.5,1.56075,0.327994,8.98777e-12,2.68394e-26,1.56075
LO_MVe,1.5e-05,4.5,2.3795,0.568534,5.15759e-12,4.02389e-21,1.46764
LO_MVe,2.25e-05,4.5,2.24259,0.53652,4.33111e-12,3.3505999999999995e-21,1.37844
LO_MVe,3.375e-05,4.5,2.11228,0.505854,3.63142e-12,2.7804999999999996e-21,1.29317
LO_MVe,5.0625e-05,4.5,1.98802,0.476489,3.04099e-12,2.2986499999999997e-21,1.21177
LO_MVe,7.59375e-05,4.5,1.86877,0.448435,2.54446e-12,1.89294e-21,1.13422
LO_MVe,0.000113906,4.5,1.75382,0.421247,2.12837e-12,1.55282e-21,1.06045
LO_MVe,0.000170859,4.5,1.64628,0.395506,1.78102e-12,1.2680099999999999e-21,0.990403
LO_MVe,0.000256289,4.5,1.54325,0.370526,1.49222e-12,1.03122e-21,0.924021
LO_MVe,0.000384434,4.5,1.44595,0.346924,1.25311e-12,8.34833e-22,0.861229
LO_MVe,0.00057665,4.5,1.35311,0.324249,1.05604e-12,6.72825e-22,0.801964
LO_MVe,0.000864976,4.5,1.26555,0.302578,8.94379e-13,5.39732e-22,0.746202
LO_MVe,0.00129746,4.5,1.18289,0.281893,7.6244e-13,4.30986e-22,0.693724
LO_MVe,0.0019462,4.5,1.10518,0.262182,6.55331e-13,3.42599e-22,0.644527
LO_MVe,0.00291929,4.5,1.03334,0.243379,5.68875e-13,2.7117e-22,0.598541
LO_MVe,0.00437894,4.5,0.967217,0.225614,4.99509e-13,2.13796e-22,0.555703
LO_MVe,0.00656841,4.5,0.907888,0.208814,4.44214e-13,1.68001e-22,0.515965
LO_MVe,0.00985261,4.5,0.854906,0.19315,4.00436e-13,1.31691e-22,0.479297
LO_MVe,1e-05,45.0,7.02134,1.67607,6.13085e-11,4.81529e-19,4.0479
LO_MVe,1.5e-05,45.0,6.49179,1.55358,5.15759e-11,4.02389e-19,3.72423
LO_MVe,2.25e-05,45.0,5.99916,1.43497,4.33111e-11,3.3506000000000003e-19,3.42079
LO_MVe,3.375e-05,45.0,5.53671,1.3265,3.63142e-11,2.7805000000000003e-19,3.13673
LO_MVe,5.0625e-05,45.0,5.11009,1.22393,3.04099e-11,2.29865e-19,2.87121
LO_MVe,7.59375e-05,45.0,4.71,1.12891,2.54446e-11,1.89294e-19,2.6234
LO_MVe,0.000113906,45.0,4.33744,1.03964,2.12837e-11,1.55282e-19,2.39247
LO_MVe,0.000170859,45.0,3.98978,0.957893,1.78102e-11,1.2680100000000001e-19,2.17759
LO_MVe,0.000256289,45.0,3.67165,0.881579,1.49222e-11,1.03122e-19,1.97796
LO_MVe,0.000384434,45.0,3.37628,0.810445,1.25311e-11,8.34833e-20,1.79279
LO_MVe,0.00057665,45.0,3.1022,0.745071,1.05604e-11,6.728249999999999e-20,1.62132
LO_MVe,0.000864976,45.0,2.84809,0.683857,8.94379e-12,5.3973199999999996e-20,1.46286
LO_MVe,0.00129746,45.0,2.61591,0.627161,7.6244e-12,4.3098599999999995e-20,1.31654
LO_MVe,0.0019462,45.0,2.4031,0.575468,6.55331e-12,3.4259899999999994e-20,1.18176
LO_MVe,0.00291929,45.0,2.20733,0.527563,5.68875e-12,2.7117000000000003e-20,1.05786
LO_MVe,0.00437894,45.0,2.03254,0.483333,4.99509e-12,2.1379599999999997e-20,0.944203
LO_MVe,0.00656841,45.0,1.87039,0.441509,4.44214e-12,1.68001e-20,0.84022
LO_MVe,0.00985261,45.0,1.72751,0.403408,4.00436e-12,1.3169099999999999e-20,0.74538
LO_MVe,1e-05,15.0,2.66438,0.543732,2.99592e-11,2.98215e-25,2.66438
LO_MVe,1.5e-05,15.0,4.1786,0.992803,1.7192e-11,4.47099e-20,2.47602
LO_MVe,2.25e-05,15.0,3.90373,0.927318,1.4437e-11,3.7228899999999995e-20,2.29766
LO_MVe,3.375e-05,15.0,3.64198,0.865329,1.21047e-11,3.08944e-20,2.12904
LO_MVe,5.0625e-05,15.0,3.39375,0.807135,1.01366e-11,2.5540499999999997e-20,1.96989
LO_MVe,7.59375e-05,15.0,3.16192,0.75191,8.48152e-12,2.1032699999999997e-20,1.81989
LO_MVe,0.000113906,15.0,2.94204,0.69972,7.09458e-12,1.72536e-20,1.67874
LO_MVe,0.000170859,15.0,2.73665,0.650919,5.93675e-12,1.4089e-20,1.54612
LO_MVe,0.000256289,15.0,2.54303,0.605021,4.97407e-12,1.1458e-20,1.42171
LO_MVe,0.000384434,15.0,2.36201,0.561102,4.17704e-12,9.27593e-21,1.30518
LO_MVe,0.00057665,15.0,2.1925,0.520352,3.52012e-12,7.47583e-21,1.19624
LO_MVe,0.000864976,15.0,2.03384,0.482141,2.98126e-12,5.99703e-21,1.09458
LO_MVe,0.00129746,15.0,1.8845,0.446149,2.54147e-12,4.78873e-21,0.999788
LO_MVe,0.0019462,15.0,1.74663,0.411897,2.18444e-12,3.80665e-21,0.911609
LO_MVe,0.00291929,15.0,1.61959,0.380222,1.89625e-12,3.013e-21,0.829749
LO_MVe,0.00437894,15.0,1.5022,0.350058,1.66503e-12,2.37551e-21,0.753926
LO_MVe,0.00656841,15.0,1.39515,0.321928,1.48071e-12,1.86667e-21,0.683881
LO_MVe,0.00985261,15.0,1.29877,0.295588,1.33479e-12,1.4632299999999998e-21,0.619383
LO_MVe,1e-05,27.0,5.72661,1.35947,3.67851e-11,1.73351e-19,3.35744
LO_MVe,1.5e-05,27.0,5.32805,1.26628,3.09456e-11,1.4486000000000002e-19,3.10305
LO_MVe,2.25e-05,27.0,4.9469,1.17621,2.59867e-11,1.20622e-19,2.86348
LO_MVe,3.375e-05,27.0,4.59193,1.09166,2.17885e-11,1.00098e-19,2.63821
LO_MVe,5.0625e-05,27.0,4.25796,1.01295,1.8246e-11,8.27513e-20,2.4267
LO_MVe,7.59375e-05,27.0,3.94484,0.939079,1.52667e-11,6.81459e-20,2.22841
LO_MVe,0.000113906,27.0,3.64973,0.868728,1.27702e-11,5.590149999999999e-20,2.0428
LO_MVe,0.000170859,27.0,3.37775,0.803739,1.06861e-11,4.5648199999999996e-20,1.86931
LO_MVe,0.000256289,27.0,3.12281,0.743031,8.95332e-12,3.71241e-20,1.7074
LO_MVe,0.000384434,27.0,2.8842,0.686722,7.51867e-12,3.0054e-20,1.55654
LO_MVe,0.00057665,27.0,2.66487,0.633659,6.33622e-12,2.4221699999999996e-20,1.41622
LO_MVe,0.000864976,27.0,2.45874,0.583942,5.36628e-12,1.94304e-20,1.28594
LO_MVe,0.00129746,27.0,2.27002,0.538407,4.57464e-12,1.5515499999999998e-20,1.16508
LO_MVe,0.0019462,27.0,2.09496,0.495314,3.93199e-12,1.2333499999999999e-20,1.05323
LO_MVe,0.00291929,27.0,1.93464,0.455923,3.41325e-12,9.76213e-21,0.949912
LO_MVe,0.00437894,27.0,1.78554,0.418426,2.99706e-12,7.69664e-21,0.854687
LO_MVe,0.00656841,27.0,1.65061,0.383615,2.66528e-12,6.0480299999999994e-21,0.767143
LO_MVe,0.00985261,27.0,1.53013,0.351336,2.40262e-12,4.74088e-21,0.686905
