LO_MVe,1e-05,4.5,1.57405,0.330897,9.38868e-12,2.80291e-26,1.57405
LO_MVe,1.5e-05,4.5,2.41325,0.577235,5.4169e-12,4.21736e-21,1.48018
LO_MVe,2.25e-05,4.5,2.27488,0.544908,4.55492e-12,3.51541e-21,1.39025
LO_MVe,3.375e-05,4.5,2.14237,0.513775,3.82472e-12,2.9207599999999997e-21,1.30425
LO_MVe,5.0625e-05,4.5,2.01567,0.483922,3.20809e-12,2.41777e-21,1.22214
LO_MVe,7.59375e-05,4.5,1.89406,0.455394,2.68911e-12,1.9938999999999998e-21,1.14389
LO_MVe,0.000113906,4.5,1.77824,0.427682,2.25381e-12,1.6382799999999998e-21,1.06943
LO_MVe,0.000170859,4.5,1.66852,0.401638,1.89005e-12,1.34041e-21,0.998726
LO_MVe,0.000256289,4.5,1.56431,0.376112,1.58725e-12,1.09204e-21,0.931698
LO_MVe,0.000384434,4.5,1.46486,0.352182,1.33622e-12,8.86026e-22,0.868281
LO_MVe,0.00057665,4.5,1.37117,0.329152,1.12901e-12,7.15771e-22,0.808403
LO_MVe,0.000864976,4.5,1.28182,0.30712,9.58749e-13,5.75694e-22,0.75206
LO_MVe,0.00129746,4.5,1.19802,0.286037,8.19515e-13,4.61002e-22,0.699053
LO_MVe,0.0019462,4.5,1.11951,0.265948,7.06235e-13,3.6760599999999997e-22,0.649342
LO_MVe,0.00291929,4.5,1.04582,0.246852,6.14564e-13,2.91931e-22,0.602877
LO_MVe,0.00437894,4.5,0.978591,0.228828,5.408e-13,2.30972e-22,0.559595
LO_MVe,0.00656841,4.5,0.918233,0.211689,4.81798e-13,1.82154e-22,0.519459
LO_MVe,0.00985261,4.5,0.86461,0.195713,4.349e-13,1.43301e-22,0.482448
LO_MVe,1e-05,45.0,7.15655,1.71046,6.43137e-11,5.041700000000001e-19,4.10258
LO_MVe,1.5e-05,45.0,6.61716,1.58393,5.4169e-11,4.21736e-19,3.7744
LO_MVe,2.25e-05,45.0,6.11308,1.46606,4.55492e-11,3.51541e-19,3.46671
LO_MVe,3.375e-05,45.0,5.64735,1.3541,3.82472e-11,2.92076e-19,3.17865
LO_MVe,5.0625e-05,45.0,5.20514,1.24973,3.20809e-11,2.41777e-19,2.90938
LO_MVe,7.59375e-05,45.0,4.79729,1.15316,2.68911e-11,1.9939000000000002e-19,2.65805
LO_MVe,0.000113906,45.0,4.41853,1.06373,2.25381e-11,1.63828e-19,2.42383
LO_MVe,0.000170859,45.0,4.06719,0.979216,1.89005e-11,1.34041e-19,2.20589
LO_MVe,0.000256289,45.0,3.73966,0.900451,1.58725e-11,1.09204e-19,2.0034
LO_MVe,0.000384434,45.0,3.43808,0.82753,1.33622e-11,8.860259999999999e-20,1.81559
LO_MVe,0.00057665,45.0,3.15869,0.760591,1.12901e-11,7.15771e-20,1.64166
LO_MVe,0.000864976,45.0,2.89964,0.697674,9.58749e-12,5.75694e-20,1.48092
LO_MVe,0.00129746,45.0,2.66258,0.640731,8.19515e-12,4.61002e-20,1.33255
LO_MVe,0.0019462,45.0,2.4461,0.587363,7.06235e-12,3.67606e-20,1.19586
LO_MVe,0.00291929,45.0,2.24655,0.538486,6.14564e-12,2.91931e-20,1.07021
LO_MVe,0.00437894,45.0,2.06603,0.493262,5.408e-12,2.3097199999999998e-20,0.954949
LO_MVe,0.00656841,45.0,1.90245,0.451018,4.81798e-12,1.82154e-20,0.849536
LO_MVe,0.00985261,45.0,1.75591,0.411573,4.349e-12,1.4330099999999998e-20,0.753422
LO_MVe,1e-05,15.0,2.69442,0.550429,3.12956e-11,3.11435e-25,2.69442
LO_MVe,1.5e-05,15.0,4.25149,1.01067,1.80563e-11,4.685949999999999e-20,2.50391
LO_MVe,2.25e-05,15.0,3.96944,0.944817,1.51831e-11,3.90602e-20,2.32351
LO_MVe,3.375e-05,15.0,3.7027,0.881848,1.27491e-11,3.2452799999999996e-20,2.15293
LO_MVe,5.0625e-05,15.0,3.45175,0.822232,1.06936e-11,2.6864099999999998e-20,1.9919
LO_MVe,7.59375e-05,15.0,3.21479,0.765422,8.96369e-12,2.2154399999999997e-20,1.8401
LO_MVe,0.000113906,15.0,2.99053,0.712888,7.5127e-12,1.82032e-20,1.69725
LO_MVe,0.000170859,15.0,2.77968,0.662908,6.30017e-12,1.4893399999999998e-20,1.56301
LO_MVe,0.000256289,15.0,2.58355,0.615694,5.29083e-12,1.2133699999999999e-20,1.43707
LO_MVe,0.000384434,15.0,2.40002,0.571588,4.45408e-12,9.84473e-21,1.31911
LO_MVe,0.00057665,15.0,2.22689,0.529888,3.76337e-12,7.95301e-21,1.20879
LO_MVe,0.000864976,15.0,2.06597,0.490933,3.19583e-12,6.39659e-21,1.10586
LO_MVe,0.00129746,15.0,1.91423,0.453905,2.73172e-12,5.12224e-21,1.0099
LO_MVe,0.0019462,15.0,1.774,0.419281,2.35412e-12,4.0845099999999994e-21,0.920616
LO_MVe,0.00291929,15.0,1.64367,0.386845,2.04855e-12,3.2436799999999997e-21,0.837738
LO_MVe,0.00437894,15.0,1.52459,0.356539,1.80267e-12,2.5663499999999997e-21,0.76097
LO_MVe,0.00656841,15.0,1.41617,0.327935,1.60599e-12,2.0239299999999998e-21,0.690076
LO_MVe,0.00985261,15.0,1.31696,0.300782,1.44967e-12,1.59223e-21,0.624818
LO_MVe,1e-05,27.0,5.83452,1.3879,3.85882e-11,1.81501e-19,3.39941
LO_MVe,1.5e-05,27.0,5.4274,1.29098,3.25014e-11,1.51825e-19,3.14177
LO_MVe,2.25e-05,27.0,5.03919,1.20023,2.73295e-11,1.26555e-19,2.89912
LO_MVe,3.375e-05,27.0,4.67557,1.11398,2.29483e-11,1.05147e-19,2.67092
LO_MVe,5.0625e-05,27.0,4.33514,1.03264,1.92486e-11,8.70397e-20,2.45664
LO_MVe,7.59375e-05,27.0,4.01436,0.956806,1.61346e-11,7.17804e-20,2.25573
LO_MVe,0.000113906,27.0,3.7169,0.886419,1.35229e-11,5.89782e-20,2.06764
LO_MVe,0.000170859,27.0,3.43559,0.819884,1.13403e-11,4.825459999999999e-20,1.89184
LO_MVe,0.000256289,27.0,3.17734,0.75752,9.5235e-12,3.9313299999999996e-20,1.72777
LO_MVe,0.000384434,27.0,2.93489,0.700384,8.01734e-12,3.18969e-20,1.57488
LO_MVe,0.00057665,27.0,2.71127,0.646343,6.77407e-12,2.5767799999999998e-20,1.43265
LO_MVe,0.000864976,27.0,2.50259,0.596163,5.75249e-12,2.0725e-20,1.30061
LO_MVe,0.00129746,27.0,2.30697,0.548532,4.91709e-12,1.6596099999999998e-20,1.17815
LO_MVe,0.0019462,27.0,2.13025,0.50525,4.23741e-12,1.3233799999999999e-20,1.0648
LO_MVe,0.00291929,27.0,1.96491,0.464684,3.68738e-12,1.0509499999999999e-20,0.960102
LO_MVe,0.00437894,27.0,1.81411,0.426839,3.2448e-12,8.31498e-21,0.863601
LO_MVe,0.00656841,27.0,1.67702,0.391304,2.89079e-12,6.55755e-21,0.774916
LO_MVe,0.00985261,27.0,1.55324,0.358354,2.6094e-12,5.1588299999999996e-21,0.693659
