LO_MVe,1e-05,4.5,1.55613,0.327031,8.99965e-12,2.68738e-26,1.55613
LO_MVe,1.5e-05,4.5,2.37206,0.566844,5.16581e-12,4.0287599999999995e-21,1.4634
LO_MVe,2.25e-05,4.5,2.23555,0.534791,4.33923e-12,3.3554599999999998e-21,1.37459
LO_MVe,3.375e-05,4.5,2.10485,0.504391,3.63933e-12,2.78524e-21,1.28967
LO_MVe,5.0625e-05,4.5,1.98143,0.475091,3.04861e-12,2.3032e-21,1.20862
LO_MVe,7.59375e-05,4.5,1.86306,0.446988,2.55171e-12,1.89722e-21,1.13138
LO_MVe,0.000113906,4.5,1.74882,0.420027,2.13524e-12,1.5568599999999999e-21,1.05792
LO_MVe,0.000170859,4.5,1.64119,0.394476,1.78747e-12,1.27176e-21,0.988158
LO_MVe,0.000256289,4.5,1.5389,0.369702,1.49825e-12,1.03458e-21,0.922043
LO_MVe,0.000384434,4.5,1.44208,0.345972,1.25872e-12,8.37862e-22,0.859501
LO_MVe,0.00057665,4.5,1.34977,0.323399,1.06124e-12,6.75539e-22,0.800471
LO_MVe,0.000864976,4.5,1.26205,0.301766,8.99196e-13,5.4214e-22,0.744927
LO_MVe,0.00129746,4.5,1.1805,0.281207,7.66893e-13,4.33109e-22,0.692652
LO_MVe,0.0019462,4.5,1.10337,0.261561,6.59443e-13,3.44449e-22,0.643645
LO_MVe,0.00291929,4.5,1.03152,0.242926,5.72672e-13,2.72769e-22,0.597835
LO_MVe,0.00437894,4.5,0.965525,0.225128,5.03021e-13,2.15165e-22,0.555159
LO_MVe,0.00656841,4.5,0.906161,0.208334,4.47469e-13,1.69163e-22,0.515569
LO_MVe,0.00985261,4.5,0.853575,0.192816,4.03461e-13,1.32668e-22,0.479035
LO_MVe,1e-05,45.0,7.00436,1.67392,6.13899e-11,4.82005e-19,4.03804
LO_MVe,1.5e-05,45.0,6.47607,1.54872,5.16581e-11,4.02876e-19,3.7155
LO_MVe,2.25e-05,45.0,5.98736,1.43213,4.33923e-11,3.35546e-19,3.4131
LO_MVe,3.375e-05,45.0,5.52481,1.32372,3.63933e-11,2.78524e-19,3.13001
LO_MVe,5.0625e-05,45.0,5.09855,1.22097,3.04861e-11,2.3032e-19,2.86537
LO_MVe,7.59375e-05,45.0,4.69836,1.12627,2.55172e-11,1.89722e-19,2.61837
LO_MVe,0.000113906,45.0,4.32882,1.03807,2.13524e-11,1.5568600000000001e-19,2.38816
LO_MVe,0.000170859,45.0,3.98485,0.956575,1.78747e-11,1.27176e-19,2.17395
LO_MVe,0.000256289,45.0,3.66687,0.880387,1.49825e-11,1.03458e-19,1.97491
LO_MVe,0.000384434,45.0,3.36864,0.809257,1.25872e-11,8.37862e-20,1.79028
LO_MVe,0.00057665,45.0,3.09831,0.743676,1.06124e-11,6.75539e-20,1.6193
LO_MVe,0.000864976,45.0,2.84586,0.682491,8.99196e-12,5.4214e-20,1.46126
LO_MVe,0.00129746,45.0,2.61207,0.626048,7.66893e-12,4.3310899999999993e-20,1.31533
LO_MVe,0.0019462,45.0,2.4018,0.574699,6.59443e-12,3.44449e-20,1.18089
LO_MVe,0.00291929,45.0,2.20662,0.527034,5.72672e-12,2.72769e-20,1.05728
LO_MVe,0.00437894,45.0,2.03074,0.482261,5.03022e-12,2.1516499999999998e-20,0.94389
LO_MVe,0.00656841,45.0,1.87019,0.44103,4.47469e-12,1.69163e-20,0.840133
LO_MVe,0.00985261,45.0,1.7261,0.403098,4.03461e-12,1.3266799999999999e-20,0.745483
LO_MVe,1e-05,15.0,2.65726,0.542333,2.99988e-11,2.9859799999999998e-25,2.65726
LO_MVe,1.5e-05,15.0,4.16647,0.989358,1.72194e-11,4.4764e-20,2.46961
LO_MVe,2.25e-05,15.0,3.89356,0.924772,1.44641e-11,3.7282799999999996e-20,2.29193
LO_MVe,3.375e-05,15.0,3.63183,0.86305,1.21311e-11,3.09471e-20,2.12395
LO_MVe,5.0625e-05,15.0,3.38508,0.804733,1.0162e-11,2.5591099999999997e-20,1.96538
LO_MVe,7.59375e-05,15.0,3.15451,0.750294,8.50572e-12,2.1080199999999997e-20,1.81593
LO_MVe,0.000113906,15.0,2.93598,0.698207,7.11746e-12,1.7298499999999998e-20,1.67528
LO_MVe,0.000170859,15.0,2.7297,0.649007,5.95825e-12,1.4130699999999998e-20,1.54313
LO_MVe,0.000256289,15.0,2.53704,0.603355,4.99415e-12,1.1495299999999999e-20,1.41914
LO_MVe,0.000384434,15.0,2.35615,0.559948,4.19573e-12,9.309579999999999e-21,1.30301
LO_MVe,0.00057665,15.0,2.18708,0.519623,3.53746e-12,7.50599e-21,1.19442
LO_MVe,0.000864976,15.0,2.02921,0.481107,2.99732e-12,6.0237799999999996e-21,1.09309
LO_MVe,0.00129746,15.0,1.88193,0.445247,2.55631e-12,4.81232e-21,0.998596
LO_MVe,0.0019462,15.0,1.74355,0.411282,2.19814e-12,3.82721e-21,0.910687
LO_MVe,0.00291929,15.0,1.61673,0.37937,1.90891e-12,3.03077e-21,0.829071
LO_MVe,0.00437894,15.0,1.50072,0.350022,1.67674e-12,2.39072e-21,0.753467
LO_MVe,0.00656841,15.0,1.39377,0.321507,1.49156e-12,1.87959e-21,0.683617
LO_MVe,0.00985261,15.0,1.29746,0.29515,1.34487e-12,1.4740899999999999e-21,0.619289
LO_MVe,1e-05,27.0,5.71289,1.35772,3.6834e-11,1.73522e-19,3.3489
LO_MVe,1.5e-05,27.0,5.31878,1.26251,3.09948e-11,1.45035e-19,3.09544
LO_MVe,2.25e-05,27.0,4.93719,1.17397,2.60354e-11,1.20796e-19,2.85673
LO_MVe,3.375e-05,27.0,4.58047,1.08913,2.1836e-11,1.00269e-19,2.63226
LO_MVe,5.0625e-05,27.0,4.24824,1.01042,1.82917e-11,8.29151e-20,2.42149
LO_MVe,7.59375e-05,27.0,3.9364,0.9362,1.53103e-11,6.829989999999999e-20,2.22388
LO_MVe,0.000113906,27.0,3.64408,0.86787,1.28114e-11,5.60471e-20,2.03888
LO_MVe,0.000170859,27.0,3.37028,0.802237,1.07248e-11,4.5783499999999994e-20,1.86596
LO_MVe,0.000256289,27.0,3.11751,0.74121,8.98948e-12,3.72448e-20,1.70457
LO_MVe,0.000384434,27.0,2.88036,0.685251,7.55231e-12,3.0163e-20,1.55418
LO_MVe,0.00057665,27.0,2.6607,0.632365,6.36743e-12,2.4319399999999998e-20,1.41427
LO_MVe,0.000864976,27.0,2.45565,0.582578,5.39518e-12,1.9517e-20,1.28438
LO_MVe,0.00129746,27.0,2.26775,0.537399,4.60136e-12,1.55919e-20,1.16387
LO_MVe,0.0019462,27.0,2.09267,0.494543,3.95666e-12,1.2400199999999999e-20,1.05232
LO_MVe,0.00291929,27.0,1.93145,0.45514,3.43603e-12,9.81969e-21,0.94928
LO_MVe,0.00437894,27.0,1.78359,0.417899,3.01813e-12,7.745939999999999e-21,0.854298
LO_MVe,0.00656841,27.0,1.64964,0.383263,2.68481e-12,6.0898699999999995e-21,0.766966
LO_MVe,0.00985261,27.0,1.52971,0.351148,2.42077e-12,4.77605e-21,0.686911
