LO_MVe,1e-05,4.5,1.58089,0.331259,1.02649e-11,3.0604900000000004e-26,1.58089
LO_MVe,1.5e-05,4.5,2.36588,0.56189,5.96294e-12,4.5764299999999996e-21,1.48544
LO_MVe,2.25e-05,4.5,2.23123,0.530234,5.06327e-12,3.8459899999999996e-21,1.3941
LO_MVe,3.375e-05,4.5,2.10065,0.499729,4.29623e-12,3.2238299999999997e-21,1.30684
LO_MVe,5.0625e-05,4.5,1.97475,0.470329,3.64404e-12,2.69343e-21,1.22361
LO_MVe,7.59375e-05,4.5,1.8569,0.442328,3.09105e-12,2.24322e-21,1.14436
LO_MVe,0.000113906,4.5,1.74351,0.415561,2.62356e-12,1.86191e-21,1.06904
LO_MVe,0.000170859,4.5,1.6362,0.389895,2.22958e-12,1.54057e-21,0.997573
LO_MVe,0.000256289,4.5,1.53432,0.365158,1.89861e-12,1.27021e-21,0.929882
LO_MVe,0.000384434,4.5,1.43655,0.341859,1.62151e-12,1.0436199999999999e-21,0.865889
LO_MVe,0.00057665,4.5,1.34486,0.319465,1.39033e-12,8.545579999999999e-22,0.805506
LO_MVe,0.000864976,4.5,1.2583,0.298058,1.19818e-12,6.97018e-22,0.748647
LO_MVe,0.00129746,4.5,1.17622,0.277572,1.03908e-12,5.66411e-22,0.695221
LO_MVe,0.0019462,4.5,1.09918,0.258228,9.07855e-13,4.58613e-22,0.645139
LO_MVe,0.00291929,4.5,1.02796,0.239735,8.00082e-13,3.70014e-22,0.598315
LO_MVe,0.00437894,4.5,0.962327,0.222205,7.11951e-13,2.97464e-22,0.55467
LO_MVe,0.00656841,4.5,0.902907,0.205712,6.40208e-13,2.3833e-22,0.514135
LO_MVe,0.00985261,4.5,0.850038,0.19012,5.82079e-13,1.90368e-22,0.476655
LO_MVe,1e-05,45.0,6.9439,1.65095,7.01543e-11,5.42935e-19,4.07871
LO_MVe,1.5e-05,45.0,6.42225,1.52859,5.96294e-11,4.57643e-19,3.75225
LO_MVe,2.25e-05,45.0,5.93588,1.41302,5.06327e-11,3.84599e-19,3.4463
LO_MVe,3.375e-05,45.0,5.48383,1.30593,4.29623e-11,3.22383e-19,3.15999
LO_MVe,5.0625e-05,45.0,5.05812,1.20508,3.64404e-11,2.69343e-19,2.89247
LO_MVe,7.59375e-05,45.0,4.66774,1.1121,3.09105e-11,2.24322e-19,2.64286
LO_MVe,0.000113906,45.0,4.2959,1.0247,2.62357e-11,1.86191e-19,2.41032
LO_MVe,0.000170859,45.0,3.95777,0.943895,2.22958e-11,1.54057e-19,2.19401
LO_MVe,0.000256289,45.0,3.64226,0.867392,1.89861e-11,1.27021e-19,1.99311
LO_MVe,0.000384434,45.0,3.34843,0.797787,1.62151e-11,1.04362e-19,1.80681
LO_MVe,0.00057665,45.0,3.08032,0.733889,1.39033e-11,8.54558e-20,1.63433
LO_MVe,0.000864976,45.0,2.83107,0.674415,1.19818e-11,6.970179999999999e-20,1.47491
LO_MVe,0.00129746,45.0,2.60269,0.619365,1.03908e-11,5.66411e-20,1.32782
LO_MVe,0.0019462,45.0,2.39173,0.568657,9.07855e-12,4.58613e-20,1.19235
LO_MVe,0.00291929,45.0,2.20054,0.521208,8.00082e-12,3.70014e-20,1.06782
LO_MVe,0.00437894,45.0,2.02569,0.477388,7.11951e-12,2.9746399999999996e-20,0.953608
LO_MVe,0.00656841,45.0,1.86765,0.437712,6.40208e-12,2.3833e-20,0.849107
LO_MVe,0.00985261,45.0,1.72543,0.399794,5.82079e-12,1.9036799999999998e-20,0.753767
LO_MVe,1e-05,15.0,2.68816,0.546387,3.42164e-11,3.40054e-25,2.68816
LO_MVe,1.5e-05,15.0,4.13779,0.975688,1.98765e-11,5.08493e-20,2.49697
LO_MVe,2.25e-05,15.0,3.86128,0.911216,1.68776e-11,4.2733199999999995e-20,2.31606
LO_MVe,3.375e-05,15.0,3.60431,0.850457,1.43208e-11,3.5820299999999995e-20,2.14513
LO_MVe,5.0625e-05,15.0,3.3602,0.792504,1.21468e-11,2.9927e-20,1.98389
LO_MVe,7.59375e-05,15.0,3.1266,0.738478,1.03035e-11,2.4924699999999996e-20,1.832
LO_MVe,0.000113906,15.0,2.91098,0.686651,8.74522e-12,2.06879e-20,1.68915
LO_MVe,0.000170859,15.0,2.70766,0.638697,7.43194e-12,1.7117399999999998e-20,1.555
LO_MVe,0.000256289,15.0,2.51716,0.593534,6.3287e-12,1.4113399999999997e-20,1.42922
LO_MVe,0.000384434,15.0,2.33852,0.55061,5.40504e-12,1.1595799999999999e-20,1.31147
LO_MVe,0.00057665,15.0,2.1701,0.510075,4.63445e-12,9.495079999999999e-21,1.20141
LO_MVe,0.000864976,15.0,2.01382,0.472948,3.99395e-12,7.74465e-21,1.09872
LO_MVe,0.00129746,15.0,1.86807,0.43744,3.46359e-12,6.2934599999999995e-21,1.00305
LO_MVe,0.0019462,15.0,1.73105,0.404324,3.02618e-12,5.0956999999999994e-21,0.914091
LO_MVe,0.00291929,15.0,1.60717,0.373322,2.66694e-12,4.11126e-21,0.831528
LO_MVe,0.00437894,15.0,1.49115,0.344123,2.37317e-12,3.30515e-21,0.755062
LO_MVe,0.00656841,15.0,1.38544,0.316559,2.13403e-12,2.64811e-21,0.684418
LO_MVe,0.00985261,15.0,1.28877,0.290438,1.94026e-12,2.11521e-21,0.619341
LO_MVe,1e-05,27.0,5.67093,1.33926,4.20926e-11,1.9545700000000001e-19,3.38415
LO_MVe,1.5e-05,27.0,5.27126,1.24544,3.57777e-11,1.64752e-19,3.12691
LO_MVe,2.25e-05,27.0,4.89569,1.15734,3.03796e-11,1.38456e-19,2.88476
LO_MVe,3.375e-05,27.0,4.54414,1.07403,2.57774e-11,1.16058e-19,2.65718
LO_MVe,5.0625e-05,27.0,4.2111,0.995623,2.18642e-11,9.696359999999999e-20,2.44359
LO_MVe,7.59375e-05,27.0,3.90082,0.922201,1.85463e-11,8.0756e-20,2.24344
LO_MVe,0.000113906,27.0,3.6132,0.853545,1.57414e-11,6.70287e-20,2.05616
LO_MVe,0.000170859,27.0,3.34138,0.789516,1.33775e-11,5.54604e-20,1.88118
LO_MVe,0.000256289,27.0,3.09095,0.729704,1.13917e-11,4.5727599999999995e-20,1.71796
LO_MVe,0.000384434,27.0,2.85657,0.673942,9.72907e-12,3.75704e-20,1.56593
LO_MVe,0.00057665,27.0,2.64079,0.62243,8.342e-12,3.07641e-20,1.42456
LO_MVe,0.000864976,27.0,2.43929,0.574136,7.18911e-12,2.5092699999999998e-20,1.2933
LO_MVe,0.00129746,27.0,2.25127,0.528782,6.23446e-12,2.0390799999999998e-20,1.17164
LO_MVe,0.0019462,27.0,2.08003,0.487685,5.44713e-12,1.6510099999999997e-20,1.05908
LO_MVe,0.00291929,27.0,1.9206,0.448281,4.80049e-12,1.3320499999999999e-20,0.955129
LO_MVe,0.00437894,27.0,1.77577,0.412276,4.27171e-12,1.07087e-20,0.859336
LO_MVe,0.00656841,27.0,1.6419,0.37791,3.84125e-12,8.57989e-21,0.77127
LO_MVe,0.00985261,27.0,1.52325,0.346802,3.49248e-12,6.85326e-21,0.690536
