LO_MVe,1e-05,4.5,1.55547,0.327002,9.2498e-12,2.76156e-26,1.55547
LO_MVe,1.5e-05,4.5,2.37841,0.568746,5.32915e-12,4.15004e-21,1.46306
LO_MVe,2.25e-05,4.5,2.24328,0.537234,4.48082e-12,3.45919e-21,1.37449
LO_MVe,3.375e-05,4.5,2.11295,0.506761,3.76213e-12,2.8738899999999997e-21,1.28979
LO_MVe,5.0625e-05,4.5,1.98926,0.477285,3.15519e-12,2.37878e-21,1.20892
LO_MVe,7.59375e-05,4.5,1.87048,0.449152,2.64434e-12,1.96153e-21,1.13184
LO_MVe,0.000113906,4.5,1.75558,0.42223,2.21585e-12,1.61144e-21,1.0585
LO_MVe,0.000170859,4.5,1.64719,0.396365,1.85778e-12,1.31822e-21,0.988845
LO_MVe,0.000256289,4.5,1.54508,0.371526,1.55972e-12,1.07372e-21,0.922813
LO_MVe,0.000384434,4.5,1.44743,0.347877,1.31264e-12,8.70905e-22,0.860335
LO_MVe,0.00057665,4.5,1.35499,0.325162,1.1087e-12,7.03349e-22,0.801341
LO_MVe,0.000864976,4.5,1.26723,0.303434,9.41153e-13,5.65492e-22,0.745902
LO_MVe,0.00129746,4.5,1.18447,0.282839,8.04163e-13,4.526399999999999e-22,0.693676
LO_MVe,0.0019462,4.5,1.10773,0.263075,6.92735e-13,3.60758e-22,0.644695
LO_MVe,0.00291929,4.5,1.03571,0.244308,6.02591e-13,2.86335e-22,0.598908
LO_MVe,0.00437894,4.5,0.969115,0.226426,5.30083e-13,2.26405e-22,0.556256
LO_MVe,0.00656841,4.5,0.909554,0.209583,4.72117e-13,1.78437e-22,0.516692
LO_MVe,0.00985261,4.5,0.857006,0.193865,4.26071e-13,1.40283e-22,0.480199
LO_MVe,1e-05,45.0,7.05768,1.68849,6.32748e-11,4.96128e-19,4.05465
LO_MVe,1.5e-05,45.0,6.53251,1.56253,5.32915e-11,4.1500400000000003e-19,3.73128
LO_MVe,2.25e-05,45.0,6.03776,1.44651,4.48082e-11,3.45919e-19,3.42802
LO_MVe,3.375e-05,45.0,5.57998,1.33647,3.76213e-11,2.87389e-19,3.14407
LO_MVe,5.0625e-05,45.0,5.1452,1.23409,3.15519e-11,2.37878e-19,2.87858
LO_MVe,7.59375e-05,45.0,4.74144,1.13881,2.64434e-11,1.96153e-19,2.63074
LO_MVe,0.000113906,45.0,4.36882,1.04835,2.21585e-11,1.61144e-19,2.39972
LO_MVe,0.000170859,45.0,4.02136,0.966644,1.85778e-11,1.31822e-19,2.18472
LO_MVe,0.000256289,45.0,3.70386,0.890694,1.55972e-11,1.07372e-19,1.98492
LO_MVe,0.000384434,45.0,3.40254,0.818096,1.31264e-11,8.70905e-20,1.79956
LO_MVe,0.00057665,45.0,3.1284,0.751493,1.1087e-11,7.033489999999999e-20,1.62786
LO_MVe,0.000864976,45.0,2.87361,0.691042,9.41153e-12,5.654919999999999e-20,1.4692
LO_MVe,0.00129746,45.0,2.63871,0.634542,8.04163e-12,4.5264e-20,1.32265
LO_MVe,0.0019462,45.0,2.42613,0.582144,6.92735e-12,3.6075799999999997e-20,1.18761
LO_MVe,0.00291929,45.0,2.22893,0.533531,6.02591e-12,2.8633499999999997e-20,1.06344
LO_MVe,0.00437894,45.0,2.05094,0.488034,5.30084e-12,2.2640499999999997e-20,0.949508
LO_MVe,0.00656841,45.0,1.88824,0.446779,4.72117e-12,1.7843699999999997e-20,0.845239
LO_MVe,0.00985261,45.0,1.74388,0.408407,4.26071e-12,1.4028299999999997e-20,0.750137
LO_MVe,1e-05,15.0,2.66286,0.544021,3.08327e-11,3.0684e-25,2.66286
LO_MVe,1.5e-05,15.0,4.19476,0.99651,1.77638e-11,4.6111599999999995e-20,2.4752
LO_MVe,2.25e-05,15.0,3.91851,0.931646,1.49361e-11,3.8435499999999995e-20,2.29746
LO_MVe,3.375e-05,15.0,3.65543,0.869877,1.25404e-11,3.19321e-20,2.12937
LO_MVe,5.0625e-05,15.0,3.4077,0.81141,1.05173e-11,2.6430899999999996e-20,1.97067
LO_MVe,7.59375e-05,15.0,3.17515,0.756237,8.81446e-12,2.1794799999999997e-20,1.82106
LO_MVe,0.000113906,15.0,2.95495,0.704663,7.38617e-12,1.79049e-20,1.68023
LO_MVe,0.000170859,15.0,2.75077,0.65495,6.1926e-12,1.46468e-20,1.54789
LO_MVe,0.000256289,15.0,2.55634,0.608837,5.19907e-12,1.1930199999999999e-20,1.4237
LO_MVe,0.000384434,15.0,2.37432,0.565311,4.37546e-12,9.676719999999999e-21,1.30736
LO_MVe,0.00057665,15.0,2.20318,0.524038,3.69567e-12,7.81499e-21,1.19854
LO_MVe,0.000864976,15.0,2.04495,0.485375,3.13718e-12,6.2832399999999994e-21,1.09706
LO_MVe,0.00129746,15.0,1.89608,0.449131,2.68054e-12,5.02933e-21,1.00236
LO_MVe,0.0019462,15.0,1.75646,0.415243,2.30912e-12,4.00842e-21,0.914247
LO_MVe,0.00291929,15.0,1.62902,0.383296,2.00864e-12,3.1814999999999997e-21,0.832429
LO_MVe,0.00437894,15.0,1.51189,0.353134,1.76695e-12,2.51562e-21,0.756634
LO_MVe,0.00656841,15.0,1.40411,0.324646,1.57372e-12,1.98264e-21,0.686598
LO_MVe,0.00985261,15.0,1.30691,0.298121,1.42024e-12,1.5587e-21,0.622112
LO_MVe,1e-05,27.0,5.75653,1.36874,3.79649e-11,1.7860600000000001e-19,3.35967
LO_MVe,1.5e-05,27.0,5.35572,1.27317,3.19749e-11,1.49401e-19,3.10584
LO_MVe,2.25e-05,27.0,4.97721,1.18384,2.68849e-11,1.24531e-19,2.86671
LO_MVe,3.375e-05,27.0,4.61855,1.0997,2.25728e-11,1.0346000000000001e-19,2.6418
LO_MVe,5.0625e-05,27.0,4.28124,1.02047,1.89312e-11,8.563609999999999e-20,2.43057
LO_MVe,7.59375e-05,27.0,3.96633,0.94479,1.5866e-11,7.06151e-20,2.2325
LO_MVe,0.000113906,27.0,3.67494,0.876039,1.32951e-11,5.801169999999999e-20,2.04703
LO_MVe,0.000170859,27.0,3.40061,0.810127,1.11467e-11,4.74558e-20,1.87364
LO_MVe,0.000256289,27.0,3.14373,0.749579,9.35832e-12,3.8654e-20,1.71179
LO_MVe,0.000384434,27.0,2.90412,0.692785,7.87582e-12,3.13526e-20,1.56095
LO_MVe,0.00057665,27.0,2.68334,0.639373,6.65221e-12,2.5320599999999996e-20,1.42059
LO_MVe,0.000864976,27.0,2.47587,0.589508,5.64692e-12,2.03577e-20,1.29031
LO_MVe,0.00129746,27.0,2.28724,0.542986,4.82498e-12,1.6295e-20,1.1694
LO_MVe,0.0019462,27.0,2.11082,0.50055,4.15641e-12,1.2987299999999999e-20,1.05746
LO_MVe,0.00291929,27.0,1.94834,0.460053,3.61554e-12,1.0308099999999999e-20,0.954042
LO_MVe,0.00437894,27.0,1.79953,0.422503,3.1805e-12,8.150589999999999e-21,0.858702
LO_MVe,0.00656841,27.0,1.66446,0.387567,2.8327e-12,6.42375e-21,0.771025
LO_MVe,0.00985261,27.0,1.54244,0.355242,2.55643e-12,5.0502e-21,0.690667
