LO_MVe,1e-05,4.5,1.59251,0.33413,9.55441e-12,2.85093e-26,1.59251
LO_MVe,1.5e-05,4.5,2.39111,0.569496,5.50361e-12,4.25674e-21,1.49718
LO_MVe,2.25e-05,4.5,2.25458,0.537462,4.64901e-12,3.56236e-21,1.40594
LO_MVe,3.375e-05,4.5,2.12597,0.506746,3.92284e-12,2.9714999999999996e-21,1.31875
LO_MVe,5.0625e-05,4.5,1.99867,0.477304,3.30763e-12,2.4699299999999998e-21,1.23558
LO_MVe,7.59375e-05,4.5,1.87924,0.448991,2.78802e-12,2.04631e-21,1.15638
LO_MVe,0.000113906,4.5,1.7652,0.421917,2.35058e-12,1.68912e-21,1.08107
LO_MVe,0.000170859,4.5,1.6564,0.395914,1.98359e-12,1.38911e-21,1.00961
LO_MVe,0.000256289,4.5,1.55424,0.371065,1.6768e-12,1.13828e-21,0.941914
LO_MVe,0.000384434,4.5,1.45637,0.347392,1.42131e-12,9.28839e-22,0.877901
LO_MVe,0.00057665,4.5,1.36357,0.324724,1.20939e-12,7.54901e-22,0.817491
LO_MVe,0.000864976,4.5,1.27604,0.30322,1.03434e-12,6.11109e-22,0.760596
LO_MVe,0.00129746,4.5,1.19334,0.282569,8.90374e-13,4.92762e-22,0.70713
LO_MVe,0.0019462,4.5,1.11602,0.262856,7.72516e-13,3.95744e-22,0.657006
LO_MVe,0.00291929,4.5,1.04369,0.244134,6.76496e-13,3.1661199999999997e-22,0.610144
LO_MVe,0.00437894,4.5,0.97758,0.226347,5.98666e-13,2.52403e-22,0.566465
LO_MVe,0.00656841,4.5,0.918146,0.20967,5.35914e-13,2.00569e-22,0.525907
LO_MVe,0.00985261,4.5,0.865352,0.194001,4.85599e-13,1.5895399999999999e-22,0.488422
LO_MVe,1e-05,45.0,7.01782,1.66906,6.50649e-11,5.06996e-19,4.10209
LO_MVe,1.5e-05,45.0,6.48685,1.54577,5.50361e-11,4.25674e-19,3.77466
LO_MVe,2.25e-05,45.0,5.99787,1.429,4.64902e-11,3.5623600000000003e-19,3.46774
LO_MVe,3.375e-05,45.0,5.53622,1.32182,3.92285e-11,2.9715000000000004e-19,3.18046
LO_MVe,5.0625e-05,45.0,5.10821,1.21846,3.30763e-11,2.46993e-19,2.91196
LO_MVe,7.59375e-05,45.0,4.7127,1.12425,2.78802e-11,2.0463100000000001e-19,2.66137
LO_MVe,0.000113906,45.0,4.34097,1.0371,2.35058e-11,1.6891200000000001e-19,2.42786
LO_MVe,0.000170859,45.0,3.99971,0.955248,1.98359e-11,1.38911e-19,2.21059
LO_MVe,0.000256289,45.0,3.68002,0.878664,1.6768e-11,1.13828e-19,2.00874
LO_MVe,0.000384434,45.0,3.38563,0.807898,1.42131e-11,9.28839e-20,1.82149
LO_MVe,0.00057665,45.0,3.11389,0.741942,1.20939e-11,7.549009999999999e-20,1.64809
LO_MVe,0.000864976,45.0,2.8609,0.682246,1.03434e-11,6.11109e-20,1.48775
LO_MVe,0.00129746,45.0,2.63146,0.626253,8.90374e-12,4.9276199999999994e-20,1.33976
LO_MVe,0.0019462,45.0,2.4188,0.574805,7.72516e-12,3.9574399999999995e-20,1.2034
LO_MVe,0.00291929,45.0,2.224,0.526894,6.76497e-12,3.16612e-20,1.07802
LO_MVe,0.00437894,45.0,2.0477,0.482599,5.98666e-12,2.5240299999999997e-20,0.962967
LO_MVe,0.00656841,45.0,1.88607,0.441817,5.35914e-12,2.0056899999999998e-20,0.857655
LO_MVe,0.00985261,45.0,1.74278,0.403699,4.85599e-12,1.5895399999999997e-20,0.761538
LO_MVe,1e-05,15.0,2.70705,0.550908,3.1848e-11,3.1677000000000003e-25,2.70705
LO_MVe,1.5e-05,15.0,4.18357,0.989131,1.83454e-11,4.7297099999999994e-20,2.51557
LO_MVe,2.25e-05,15.0,3.90752,0.924248,1.54967e-11,3.9581799999999995e-20,2.33434
LO_MVe,3.375e-05,15.0,3.64322,0.862438,1.30762e-11,3.3016599999999996e-20,2.16307
LO_MVe,5.0625e-05,15.0,3.40101,0.804673,1.10254e-11,2.7443599999999996e-20,2.00146
LO_MVe,7.59375e-05,15.0,3.16859,0.749859,9.29339e-12,2.2736699999999996e-20,1.84918
LO_MVe,0.000113906,15.0,2.94556,0.697356,7.83527e-12,1.8768e-20,1.70592
LO_MVe,0.000170859,15.0,2.74221,0.649081,6.61196e-12,1.5434599999999998e-20,1.57135
LO_MVe,0.000256289,15.0,2.5507,0.603036,5.58933e-12,1.2647499999999999e-20,1.44514
LO_MVe,0.000384434,15.0,2.36874,0.559366,4.7377e-12,1.0320399999999999e-20,1.32695
LO_MVe,0.00057665,15.0,2.19943,0.519006,4.03129e-12,8.387789999999999e-21,1.21644
LO_MVe,0.000864976,15.0,2.0417,0.480725,3.4478e-12,6.790099999999999e-21,1.11328
LO_MVe,0.00129746,15.0,1.89308,0.444761,2.96791e-12,5.47513e-21,1.01715
LO_MVe,0.0019462,15.0,1.7566,0.411145,2.57505e-12,4.39715e-21,0.927728
LO_MVe,0.00291929,15.0,1.62959,0.379586,2.25499e-12,3.51791e-21,0.844699
LO_MVe,0.00437894,15.0,1.51329,0.350033,1.99555e-12,2.80447e-21,0.767773
LO_MVe,0.00656841,15.0,1.40566,0.321767,1.78638e-12,2.2285499999999998e-21,0.696676
LO_MVe,0.00985261,15.0,1.30904,0.295315,1.61866e-12,1.76615e-21,0.631158
LO_MVe,1e-05,27.0,5.72882,1.35566,3.90389e-11,1.82519e-19,3.40597
LO_MVe,1.5e-05,27.0,5.32941,1.26129,3.30216e-11,1.53243e-19,3.1481
LO_MVe,2.25e-05,27.0,4.95196,1.17171,2.78941e-11,1.28245e-19,2.90531
LO_MVe,3.375e-05,27.0,4.59577,1.08793,2.35371e-11,1.0697400000000001e-19,2.67707
LO_MVe,5.0625e-05,27.0,4.26098,1.00856,1.98458e-11,8.89173e-20,2.4628
LO_MVe,7.59375e-05,27.0,3.94875,0.935135,1.67281e-11,7.3667e-20,2.26196
LO_MVe,0.000113906,27.0,3.65727,0.866125,1.41035e-11,6.08082e-20,2.07398
LO_MVe,0.000170859,27.0,3.38531,0.801559,1.19015e-11,5.00081e-20,1.89831
LO_MVe,0.000256289,27.0,3.1281,0.740629,1.00608e-11,4.0977899999999994e-20,1.73438
LO_MVe,0.000384434,27.0,2.89416,0.68446,8.52785e-12,3.3438199999999996e-20,1.58164
LO_MVe,0.00057665,27.0,2.67295,0.63112,7.25633e-12,2.71764e-20,1.43955
LO_MVe,0.000864976,27.0,2.46942,0.582358,6.20604e-12,2.1999899999999998e-20,1.30758
LO_MVe,0.00129746,27.0,2.27985,0.536791,5.34224e-12,1.77394e-20,1.18522
LO_MVe,0.0019462,27.0,2.10748,0.49457,4.63509e-12,1.4246799999999997e-20,1.07196
LO_MVe,0.00291929,27.0,1.94517,0.454888,4.05898e-12,1.1398e-20,0.967318
LO_MVe,0.00437894,27.0,1.79797,0.417653,3.592e-12,9.086499999999998e-21,0.870847
LO_MVe,0.00656841,27.0,1.66427,0.383467,3.21548e-12,7.220499999999999e-21,0.782118
LO_MVe,0.00985261,27.0,1.54402,0.351845,2.91359e-12,5.72234e-21,0.70074
