LO_MVe,1e-05,4.5,1.53641,0.323345,9.30715e-12,2.77903e-26,1.53641
LO_MVe,1.5e-05,4.5,2.38546,0.572066,5.386e-12,4.2041699999999994e-21,1.44518
LO_MVe,2.25e-05,4.5,2.24861,0.540372,4.52049e-12,3.49906e-21,1.35771
LO_MVe,3.375e-05,4.5,2.11829,0.509688,3.78824e-12,2.9023999999999998e-21,1.27401
LO_MVe,5.0625e-05,4.5,1.9926,0.480125,3.17073e-12,2.3984299999999998e-21,1.19404
LO_MVe,7.59375e-05,4.5,1.87318,0.45172,2.65175e-12,1.9743699999999997e-21,1.11777
LO_MVe,0.000113906,4.5,1.75855,0.424277,2.21712e-12,1.6190899999999999e-21,1.04516
LO_MVe,0.000170859,4.5,1.64924,0.398471,1.8545e-12,1.32175e-21,0.976152
LO_MVe,0.000256289,4.5,1.54603,0.373301,1.55318e-12,1.0747099999999999e-21,0.9107
LO_MVe,0.000384434,4.5,1.44704,0.349373,1.30384e-12,8.69914e-22,0.84874
LO_MVe,0.00057665,4.5,1.35388,0.326551,1.09841e-12,7.01049e-22,0.790206
LO_MVe,0.000864976,4.5,1.26511,0.304514,9.29973e-13,5.62366e-22,0.735032
LO_MVe,0.00129746,4.5,1.1821,0.283631,7.92539e-13,4.4910999999999995e-22,0.68315
LO_MVe,0.0019462,4.5,1.10356,0.26361,6.80995e-13,3.57074e-22,0.634498
LO_MVe,0.00291929,4.5,1.03151,0.24477,5.9097e-13,2.82711e-22,0.589017
LO_MVe,0.00437894,4.5,0.964399,0.226678,5.18743e-13,2.22986e-22,0.546663
LO_MVe,0.00656841,4.5,0.903798,0.209711,4.61153e-13,1.7531e-22,0.507406
LO_MVe,0.00985261,4.5,0.850467,0.193859,4.15533e-13,1.37497e-22,0.471245
LO_MVe,1e-05,45.0,7.14497,1.71429,6.40587e-11,5.03352e-19,4.04187
LO_MVe,1.5e-05,45.0,6.60751,1.58662,5.386e-11,4.20417e-19,3.7186
LO_MVe,2.25e-05,45.0,6.10432,1.46824,4.52049e-11,3.49906e-19,3.41542
LO_MVe,3.375e-05,45.0,5.63648,1.35626,3.78824e-11,2.9024000000000002e-19,3.13151
LO_MVe,5.0625e-05,45.0,5.19581,1.2518,3.17073e-11,2.39843e-19,2.86605
LO_MVe,7.59375e-05,45.0,4.78713,1.15492,2.65175e-11,1.97437e-19,2.61823
LO_MVe,0.000113906,45.0,4.40935,1.06546,2.21712e-11,1.61909e-19,2.38722
LO_MVe,0.000170859,45.0,4.05524,0.98053,1.8545e-11,1.32175e-19,2.17223
LO_MVe,0.000256289,45.0,3.73043,0.902524,1.55318e-11,1.0747100000000001e-19,1.97246
LO_MVe,0.000384434,45.0,3.42632,0.828662,1.30384e-11,8.699139999999999e-20,1.78714
LO_MVe,0.00057665,45.0,3.14658,0.761842,1.09841e-11,7.010489999999999e-20,1.6155
LO_MVe,0.000864976,45.0,2.88779,0.699679,9.29973e-12,5.62366e-20,1.45681
LO_MVe,0.00129746,45.0,2.64884,0.641232,7.92539e-12,4.4911e-20,1.31036
LO_MVe,0.0019462,45.0,2.4318,0.58837,6.80995e-12,3.57074e-20,1.17545
LO_MVe,0.00291929,45.0,2.23213,0.538882,5.9097e-12,2.8271099999999995e-20,1.05145
LO_MVe,0.00437894,45.0,2.05098,0.493656,5.18743e-12,2.22986e-20,0.937723
LO_MVe,0.00656841,45.0,1.88782,0.451019,4.61153e-12,1.7531e-20,0.833719
LO_MVe,0.00985261,45.0,1.74165,0.412358,4.15533e-12,1.37497e-20,0.738926
LO_MVe,1e-05,15.0,2.6442,0.541551,3.10238e-11,3.08781e-25,2.6442
LO_MVe,1.5e-05,15.0,4.22632,1.00802,1.79533e-11,4.6713e-20,2.45759
LO_MVe,2.25e-05,15.0,3.94793,0.9431,1.50683e-11,3.88785e-20,2.28079
LO_MVe,3.375e-05,15.0,3.68163,0.8801,1.26275e-11,3.2248899999999996e-20,2.11355
LO_MVe,5.0625e-05,15.0,3.43207,0.820893,1.05691e-11,2.6649299999999998e-20,1.9556
LO_MVe,7.59375e-05,15.0,3.19657,0.764961,8.83916e-12,2.1937499999999997e-20,1.80664
LO_MVe,0.000113906,15.0,2.97476,0.712246,7.3904e-12,1.7989799999999997e-20,1.6664
LO_MVe,0.000170859,15.0,2.76471,0.662301,6.18168e-12,1.46861e-20,1.53457
LO_MVe,0.000256289,15.0,2.56868,0.615478,5.17726e-12,1.1941199999999999e-20,1.41085
LO_MVe,0.000384434,15.0,2.38382,0.570837,4.34612e-12,9.665709999999999e-21,1.29492
LO_MVe,0.00057665,15.0,2.21259,0.529132,3.66138e-12,7.789429999999999e-21,1.18647
LO_MVe,0.000864976,15.0,2.05097,0.490128,3.09991e-12,6.2485099999999995e-21,1.0852
LO_MVe,0.00129746,15.0,1.89958,0.453367,2.6418e-12,4.9901099999999996e-21,0.990806
LO_MVe,0.0019462,15.0,1.75955,0.418924,2.26998e-12,3.96749e-21,0.902985
LO_MVe,0.00291929,15.0,1.63025,0.386554,1.9699e-12,3.14124e-21,0.821455
LO_MVe,0.00437894,15.0,1.51066,0.355962,1.72914e-12,2.4776199999999998e-21,0.745949
LO_MVe,0.00656841,15.0,1.40138,0.327123,1.53718e-12,1.9478899999999998e-21,0.676224
LO_MVe,0.00985261,15.0,1.30376,0.300056,1.38511e-12,1.5277399999999999e-21,0.612072
LO_MVe,1e-05,27.0,5.81044,1.38757,3.84352e-11,1.81207e-19,3.34342
LO_MVe,1.5e-05,27.0,5.40832,1.29077,3.2316e-11,1.5135000000000002e-19,3.09025
LO_MVe,2.25e-05,27.0,5.0216,1.20086,2.7123e-11,1.25966e-19,2.85172
LO_MVe,3.375e-05,27.0,4.65848,1.11516,2.27295e-11,1.04487e-19,2.62732
LO_MVe,5.0625e-05,27.0,4.31962,1.033,1.90244e-11,8.634359999999999e-20,2.41653
LO_MVe,7.59375e-05,27.0,3.99966,0.958649,1.59105e-11,7.10775e-20,2.21883
LO_MVe,0.000113906,27.0,3.70209,0.887144,1.33027e-11,5.828709999999999e-20,2.03371
LO_MVe,0.000170859,27.0,3.42263,0.81958,1.1127e-11,4.7583099999999995e-20,1.86062
LO_MVe,0.000256289,27.0,3.16478,0.758029,9.31907e-12,3.8689399999999997e-20,1.69904
LO_MVe,0.000384434,27.0,2.92303,0.700797,7.82301e-12,3.13169e-20,1.54844
LO_MVe,0.00057665,27.0,2.69717,0.646444,6.59049e-12,2.52378e-20,1.40832
LO_MVe,0.000864976,27.0,2.48796,0.596275,5.57984e-12,2.0245199999999998e-20,1.27815
LO_MVe,0.00129746,27.0,2.29469,0.549581,4.75523e-12,1.6168e-20,1.15745
LO_MVe,0.0019462,27.0,2.11596,0.505475,4.08597e-12,1.2854699999999998e-20,1.04573
LO_MVe,0.00291929,27.0,1.95055,0.464913,3.54582e-12,1.0177599999999999e-20,0.942546
LO_MVe,0.00437894,27.0,1.80056,0.426605,3.11246e-12,8.02749e-21,0.847457
LO_MVe,0.00656841,27.0,1.66351,0.391126,2.76692e-12,6.3111599999999995e-21,0.760069
LO_MVe,0.00985261,27.0,1.53935,0.358094,2.4932e-12,4.94989e-21,0.680031
