LO_MVe,1e-05,4.5,1.56648,0.329379,9.62841e-12,2.87385e-26,1.56648
LO_MVe,1.5e-05,4.5,2.41193,0.577311,5.57944e-12,4.33656e-21,1.47309
LO_MVe,2.25e-05,4.5,2.27345,0.545103,4.69681e-12,3.61855e-21,1.38361
LO_MVe,3.375e-05,4.5,2.14104,0.51412,3.94868e-12,3.00881e-21,1.29801
LO_MVe,5.0625e-05,4.5,2.01432,0.484035,3.31651e-12,2.4935599999999998e-21,1.21626
LO_MVe,7.59375e-05,4.5,1.89344,0.455388,2.78407e-12,2.05889e-21,1.13833
LO_MVe,0.000113906,4.5,1.77792,0.427963,2.33713e-12,1.6935899999999999e-21,1.06418
LO_MVe,0.000170859,4.5,1.66777,0.401772,1.9633e-12,1.3879899999999999e-21,0.993731
LO_MVe,0.000256289,4.5,1.56263,0.376153,1.65182e-12,1.13256e-21,0.92694
LO_MVe,0.000384434,4.5,1.46366,0.352301,1.3933e-12,9.20513e-22,0.863737
LO_MVe,0.00057665,4.5,1.36929,0.329034,1.17963e-12,7.45008e-22,0.80405
LO_MVe,0.000864976,4.5,1.28024,0.307118,1.00381e-12,6.00484e-22,0.747874
LO_MVe,0.00129746,4.5,1.19604,0.286019,8.598e-13,4.8193e-22,0.695098
LO_MVe,0.0019462,4.5,1.11755,0.265962,7.42421e-13,3.85203e-22,0.645535
LO_MVe,0.00291929,4.5,1.04412,0.246806,6.47237e-13,3.06679e-22,0.599206
LO_MVe,0.00437894,4.5,0.976474,0.228693,5.70464e-13,2.4327499999999997e-22,0.556057
LO_MVe,0.00656841,4.5,0.915625,0.211612,5.08892e-13,1.92369e-22,0.516051
LO_MVe,0.00985261,4.5,0.862097,0.195618,4.59805e-13,1.51735e-22,0.479173
LO_MVe,1e-05,45.0,7.18691,1.72113,6.6177e-11,5.17955e-19,4.09965
LO_MVe,1.5e-05,45.0,6.64477,1.59213,5.57944e-11,4.33656e-19,3.77161
LO_MVe,2.25e-05,45.0,6.13701,1.47308,4.69681e-11,3.61855e-19,3.46402
LO_MVe,3.375e-05,45.0,5.66761,1.36101,3.94868e-11,3.00881e-19,3.17603
LO_MVe,5.0625e-05,45.0,5.22643,1.25613,3.31651e-11,2.49356e-19,2.90681
LO_MVe,7.59375e-05,45.0,4.81621,1.15763,2.78407e-11,2.05889e-19,2.65551
LO_MVe,0.000113906,45.0,4.43437,1.06825,2.33713e-11,1.69359e-19,2.42131
LO_MVe,0.000170859,45.0,4.07851,0.982664,1.96331e-11,1.38799e-19,2.20337
LO_MVe,0.000256289,45.0,3.753,0.904351,1.65182e-11,1.13256e-19,2.0009
LO_MVe,0.000384434,45.0,3.44674,0.831568,1.3933e-11,9.205129999999999e-20,1.81309
LO_MVe,0.00057665,45.0,3.16753,0.764152,1.17963e-11,7.450079999999999e-20,1.63917
LO_MVe,0.000864976,45.0,2.90919,0.701951,1.00381e-11,6.004839999999999e-20,1.47844
LO_MVe,0.00129746,45.0,2.66911,0.643697,8.598e-12,4.8193e-20,1.33014
LO_MVe,0.0019462,45.0,2.45201,0.590539,7.42421e-12,3.8520299999999995e-20,1.19348
LO_MVe,0.00291929,45.0,2.25229,0.540853,6.47237e-12,3.0667899999999996e-20,1.06786
LO_MVe,0.00437894,45.0,2.07098,0.495412,5.70464e-12,2.4327499999999996e-20,0.952647
LO_MVe,0.00656841,45.0,1.90628,0.453049,5.08892e-12,1.9236899999999997e-20,0.847284
LO_MVe,0.00985261,45.0,1.75869,0.414263,4.59805e-12,1.51735e-20,0.751236
LO_MVe,1e-05,15.0,2.68753,0.54946,3.20947e-11,3.19316e-25,2.68753
LO_MVe,1.5e-05,15.0,4.25723,1.01316,1.85981e-11,4.8184e-20,2.49749
LO_MVe,2.25e-05,15.0,3.97459,0.946814,1.5656e-11,4.02061e-20,2.3175
LO_MVe,3.375e-05,15.0,3.70957,0.883935,1.31623e-11,3.3431199999999994e-20,2.14729
LO_MVe,5.0625e-05,15.0,3.4581,0.825222,1.1055e-11,2.7706199999999997e-20,1.98659
LO_MVe,7.59375e-05,15.0,3.22054,0.767846,9.28023e-12,2.2876499999999997e-20,1.83508
LO_MVe,0.000113906,15.0,2.99726,0.715248,7.79043e-12,1.8817699999999997e-20,1.69248
LO_MVe,0.000170859,15.0,2.78519,0.665055,6.54435e-12,1.5422099999999998e-20,1.55847
LO_MVe,0.000256289,15.0,2.58928,0.617489,5.50605e-12,1.2584e-20,1.43274
LO_MVe,0.000384434,15.0,2.4036,0.573184,4.64432e-12,1.0227899999999999e-20,1.31495
LO_MVe,0.00057665,15.0,2.2297,0.531504,3.93209e-12,8.27787e-21,1.2048
LO_MVe,0.000864976,15.0,2.06735,0.492295,3.34603e-12,6.67205e-21,1.10202
LO_MVe,0.00129746,15.0,1.91564,0.455375,2.866e-12,5.35477e-21,1.00626
LO_MVe,0.0019462,15.0,1.77505,0.42053,2.47474e-12,4.28003e-21,0.917107
LO_MVe,0.00291929,15.0,1.64468,0.388326,2.15746e-12,3.40754e-21,0.834352
LO_MVe,0.00437894,15.0,1.52513,0.357527,1.90155e-12,2.70306e-21,0.757711
LO_MVe,0.00656841,15.0,1.41498,0.32869,1.69631e-12,2.13743e-21,0.686938
LO_MVe,0.00985261,15.0,1.31667,0.30133,1.53268e-12,1.6859499999999999e-21,0.621807
LO_MVe,1e-05,27.0,5.85224,1.39288,3.97062e-11,1.86464e-19,3.39415
LO_MVe,1.5e-05,27.0,5.44202,1.29592,3.34766e-11,1.56116e-19,3.13685
LO_MVe,2.25e-05,27.0,5.05406,1.20485,2.81808e-11,1.30268e-19,2.89449
LO_MVe,3.375e-05,27.0,4.68713,1.11807,2.36921e-11,1.08317e-19,2.66654
LO_MVe,5.0625e-05,27.0,4.34572,1.03666,1.98991e-11,8.976819999999999e-20,2.45247
LO_MVe,7.59375e-05,27.0,4.02441,0.961628,1.67044e-11,7.41199e-20,2.25175
LO_MVe,0.000113906,27.0,3.72623,0.889832,1.40228e-11,6.09694e-20,2.06383
LO_MVe,0.000170859,27.0,3.44768,0.823562,1.17798e-11,4.9967699999999996e-20,1.88816
LO_MVe,0.000256289,27.0,3.18525,0.761063,9.9109e-12,4.07722e-20,1.72421
LO_MVe,0.000384434,27.0,2.94235,0.702815,8.35978e-12,3.31385e-20,1.57143
LO_MVe,0.00057665,27.0,2.7173,0.648591,7.07777e-12,2.6820299999999998e-20,1.4293
LO_MVe,0.000864976,27.0,2.50593,0.598193,6.02285e-12,2.1617399999999997e-20,1.29735
LO_MVe,0.00129746,27.0,2.31285,0.551045,5.1588e-12,1.73495e-20,1.17504
LO_MVe,0.0019462,27.0,2.1337,0.507118,4.45453e-12,1.38673e-20,1.06177
LO_MVe,0.00291929,27.0,1.96738,0.466165,3.88342e-12,1.1040399999999999e-20,0.95716
LO_MVe,0.00437894,27.0,1.81668,0.428497,3.42278e-12,8.7579e-21,0.860756
LO_MVe,0.00656841,27.0,1.67965,0.393015,3.05335e-12,6.92528e-21,0.772162
LO_MVe,0.00985261,27.0,1.55455,0.359489,2.75883e-12,5.46247e-21,0.691006
