LO_MVe,1e-05,4.5,1.5946,0.334181,9.72124e-12,2.8997e-26,1.5946
LO_MVe,1.5e-05,4.5,2.37088,0.563205,5.60348e-12,4.3153499999999995e-21,1.49881
LO_MVe,2.25e-05,4.5,2.23565,0.531669,4.74668e-12,3.6203799999999995e-21,1.40717
LO_MVe,3.375e-05,4.5,2.10726,0.501185,4.01727e-12,3.02749e-21,1.31964
LO_MVe,5.0625e-05,4.5,1.98191,0.471861,3.39807e-12,2.52351e-21,1.23616
LO_MVe,7.59375e-05,4.5,1.8639,0.443902,2.87396e-12,2.0960899999999998e-21,1.15669
LO_MVe,0.000113906,4.5,1.7515,0.417202,2.43175e-12,1.73547e-21,1.08117
LO_MVe,0.000170859,4.5,1.64401,0.391635,2.05983e-12,1.4317099999999999e-21,1.00951
LO_MVe,0.000256289,4.5,1.54163,0.366788,1.74811e-12,1.1768399999999999e-21,0.94165
LO_MVe,0.000384434,4.5,1.44523,0.343478,1.48778e-12,9.63958e-22,0.877565
LO_MVe,0.00057665,4.5,1.35327,0.321107,1.2712e-12,7.86391e-22,0.817057
LO_MVe,0.000864976,4.5,1.26603,0.29959,1.09171e-12,6.39047e-22,0.760059
LO_MVe,0.00129746,4.5,1.18492,0.279434,9.43575e-13,5.17381e-22,0.706498
LO_MVe,0.0019462,4.5,1.10817,0.259911,8.2184e-13,4.17228e-22,0.656283
LO_MVe,0.00291929,4.5,1.03743,0.241486,7.22252e-13,3.35308e-22,0.609326
LO_MVe,0.00437894,4.5,0.971589,0.223908,6.41167e-13,2.68478e-22,0.565544
LO_MVe,0.00656841,4.5,0.912112,0.207368,5.75472e-13,2.14273e-22,0.524862
LO_MVe,0.00985261,4.5,0.859794,0.191855,5.2252e-13,1.7052199999999999e-22,0.487222
LO_MVe,1e-05,45.0,6.92246,1.64359,6.60717e-11,5.12995e-19,4.08746
LO_MVe,1.5e-05,45.0,6.39896,1.52219,5.60348e-11,4.3153500000000003e-19,3.76129
LO_MVe,2.25e-05,45.0,5.92209,1.40765,4.74669e-11,3.62038e-19,3.45559
LO_MVe,3.375e-05,45.0,5.46921,1.30065,4.01727e-11,3.02749e-19,3.16948
LO_MVe,5.0625e-05,45.0,5.04598,1.20078,3.39807e-11,2.52351e-19,2.9021
LO_MVe,7.59375e-05,45.0,4.65696,1.10754,2.87396e-11,2.0960900000000001e-19,2.65259
LO_MVe,0.000113906,45.0,4.28834,1.02104,2.43175e-11,1.73547e-19,2.4201
LO_MVe,0.000170859,45.0,3.95176,0.94039,2.05983e-11,1.4317100000000001e-19,2.20379
LO_MVe,0.000256289,45.0,3.6372,0.865147,1.74811e-11,1.17684e-19,2.00283
LO_MVe,0.000384434,45.0,3.34812,0.79558,1.48778e-11,9.639579999999999e-20,1.81649
LO_MVe,0.00057665,45.0,3.07985,0.731762,1.2712e-11,7.863909999999999e-20,1.64388
LO_MVe,0.000864976,45.0,2.83107,0.671507,1.09171e-11,6.390469999999999e-20,1.48427
LO_MVe,0.00129746,45.0,2.60338,0.618021,9.43575e-12,5.17381e-20,1.33695
LO_MVe,0.0019462,45.0,2.39472,0.566362,8.2184e-12,4.1722799999999994e-20,1.2012
LO_MVe,0.00291929,45.0,2.20326,0.519303,7.22252e-12,3.35308e-20,1.07636
LO_MVe,0.00437894,45.0,2.02861,0.475444,6.41167e-12,2.6847799999999997e-20,0.961799
LO_MVe,0.00656841,45.0,1.87108,0.435438,5.75472e-12,2.1427299999999997e-20,0.856912
LO_MVe,0.00985261,45.0,1.73066,0.398847,5.2252e-12,1.7052199999999998e-20,0.761151
LO_MVe,1e-05,15.0,2.70244,0.548898,3.24041e-11,3.2218799999999997e-25,2.70244
LO_MVe,1.5e-05,15.0,4.13671,0.974933,1.86783e-11,4.794829999999999e-20,2.51103
LO_MVe,2.25e-05,15.0,3.8651,0.91102,1.58223e-11,4.02264e-20,2.3299
LO_MVe,3.375e-05,15.0,3.60702,0.850432,1.33909e-11,3.3638799999999997e-20,2.15878
LO_MVe,5.0625e-05,15.0,3.36202,0.792792,1.13269e-11,2.8039e-20,1.99733
LO_MVe,7.59375e-05,15.0,3.13117,0.73824,9.57988e-12,2.3289899999999997e-20,1.84525
LO_MVe,0.000113906,15.0,2.91564,0.687077,8.10582e-12,1.9283e-20,1.7022
LO_MVe,0.000170859,15.0,2.71314,0.639341,6.8661e-12,1.5907899999999998e-20,1.56786
LO_MVe,0.000256289,15.0,2.52356,0.5938,5.82704e-12,1.3076e-20,1.44187
LO_MVe,0.000384434,15.0,2.3448,0.551117,4.95928e-12,1.0710599999999999e-20,1.32397
LO_MVe,0.00057665,15.0,2.17707,0.511302,4.23732e-12,8.73768e-21,1.21371
LO_MVe,0.000864976,15.0,2.02021,0.473585,3.63904e-12,7.10053e-21,1.11078
LO_MVe,0.00129746,15.0,1.87545,0.438196,3.14525e-12,5.74867e-21,1.01486
LO_MVe,0.0019462,15.0,1.74,0.40512,2.73947e-12,4.63586e-21,0.925635
LO_MVe,0.00291929,15.0,1.61494,0.374198,2.40751e-12,3.72564e-21,0.84279
LO_MVe,0.00437894,15.0,1.50006,0.344954,2.13722e-12,2.9830799999999997e-21,0.766026
LO_MVe,0.00656841,15.0,1.39412,0.317462,1.91824e-12,2.38081e-21,0.69506
LO_MVe,0.00985261,15.0,1.29818,0.291197,1.74173e-12,1.89468e-21,0.629637
LO_MVe,1e-05,27.0,5.66352,1.33517,3.9643e-11,1.84678e-19,3.39643
LO_MVe,1.5e-05,27.0,5.26068,1.24226,3.36209e-11,1.55352e-19,3.13916
LO_MVe,2.25e-05,27.0,4.88983,1.15437,2.84801e-11,1.30334e-19,2.89699
LO_MVe,3.375e-05,27.0,4.53888,1.07171,2.41036e-11,1.0899e-19,2.66936
LO_MVe,5.0625e-05,27.0,4.20882,0.992886,2.03884e-11,9.084629999999999e-20,2.45571
LO_MVe,7.59375e-05,27.0,3.89963,0.920414,1.72438e-11,7.54592e-20,2.25548
LO_MVe,0.000113906,27.0,3.61064,0.851712,1.45905e-11,6.24769e-20,2.06809
LO_MVe,0.000170859,27.0,3.34379,0.78854,1.2359e-11,5.15416e-20,1.89299
LO_MVe,0.000256289,27.0,3.09197,0.729502,1.04887e-11,4.23664e-20,1.72961
LO_MVe,0.000384434,27.0,2.86058,0.673529,8.9267e-12,3.47025e-20,1.57746
LO_MVe,0.00057665,27.0,2.64529,0.621746,7.62718e-12,2.83101e-20,1.43589
LO_MVe,0.000864976,27.0,2.44299,0.573202,6.55027e-12,2.3005699999999998e-20,1.30439
LO_MVe,0.00129746,27.0,2.25663,0.528541,5.66145e-12,1.8625699999999997e-20,1.18247
LO_MVe,0.0019462,27.0,2.08451,0.487135,4.93104e-12,1.50202e-20,1.06961
LO_MVe,0.00291929,27.0,1.92729,0.448281,4.33351e-12,1.2071099999999999e-20,0.965347
LO_MVe,0.00437894,27.0,1.78182,0.412253,3.847e-12,9.665189999999999e-21,0.869209
LO_MVe,0.00656841,27.0,1.6497,0.378361,3.45283e-12,7.71381e-21,0.780768
LO_MVe,0.00985261,27.0,1.5298,0.346803,3.13512e-12,6.138779999999999e-21,0.699628
