LO_MVe,1e-05,4.5,1.59489,0.335226,1.03784e-11,3.09601e-26,1.59489
LO_MVe,1.5e-05,4.5,2.45908,0.588283,6.05662e-12,4.68438e-21,1.49951
LO_MVe,2.25e-05,4.5,2.3187,0.555593,5.11534e-12,3.9199699999999995e-21,1.40811
LO_MVe,3.375e-05,4.5,2.18232,0.523761,4.3159e-12,3.26956e-21,1.32066
LO_MVe,5.0625e-05,4.5,2.05295,0.493278,3.63892e-12,2.71779e-21,1.23715
LO_MVe,7.59375e-05,4.5,1.93078,0.464242,3.06739e-12,2.2519e-21,1.15754
LO_MVe,0.000113906,4.5,1.81168,0.436103,2.5864e-12,1.8592499999999997e-21,1.08177
LO_MVe,0.000170859,4.5,1.69906,0.408985,2.18297e-12,1.52952e-21,1.00979
LO_MVe,0.000256289,4.5,1.59206,0.383158,1.84578e-12,1.2538399999999999e-21,0.941545
LO_MVe,0.000384434,4.5,1.49078,0.358519,1.56498e-12,1.0237799999999999e-21,0.876962
LO_MVe,0.00057665,4.5,1.39406,0.334999,1.33204e-12,8.3262099999999995e-22,0.81597
LO_MVe,0.000864976,4.5,1.303,0.312399,1.13957e-12,6.74607e-22,0.758495
LO_MVe,0.00129746,4.5,1.21706,0.291027,9.81221e-13,5.44383e-22,0.704477
LO_MVe,0.0019462,4.5,1.13669,0.270444,8.51509e-13,4.3772899999999995e-22,0.65382
LO_MVe,0.00291929,4.5,1.06136,0.250904,7.45745e-13,3.50605e-22,0.606464
LO_MVe,0.00437894,4.5,0.992279,0.232489,6.59923e-13,2.79842e-22,0.562355
LO_MVe,0.00656841,4.5,0.930149,0.214873,5.90632e-13,2.2264499999999998e-22,0.521457
LO_MVe,0.00985261,4.5,0.874752,0.19873,5.34979e-13,1.76653e-22,0.483757
LO_MVe,1e-05,45.0,7.34891,1.76046,7.16184e-11,5.58197e-19,4.18811
LO_MVe,1.5e-05,45.0,6.79515,1.63008,6.05663e-11,4.68438e-19,3.85253
LO_MVe,2.25e-05,45.0,6.28234,1.50686,5.11534e-11,3.91997e-19,3.53787
LO_MVe,3.375e-05,45.0,5.79484,1.39156,4.3159e-11,3.2695600000000003e-19,3.24328
LO_MVe,5.0625e-05,45.0,5.34708,1.28584,3.63892e-11,2.71779e-19,2.96791
LO_MVe,7.59375e-05,45.0,4.92321,1.18462,3.06739e-11,2.2519000000000003e-19,2.71088
LO_MVe,0.000113906,45.0,4.53539,1.09209,2.58641e-11,1.85925e-19,2.47136
LO_MVe,0.000170859,45.0,4.16994,1.00564,2.18297e-11,1.52952e-19,2.24851
LO_MVe,0.000256289,45.0,3.83388,0.9249,1.84578e-11,1.25384e-19,2.04148
LO_MVe,0.000384434,45.0,3.52373,0.850139,1.56498e-11,1.02378e-19,1.84947
LO_MVe,0.00057665,45.0,3.23796,0.782402,1.33204e-11,8.326209999999999e-20,1.67169
LO_MVe,0.000864976,45.0,2.97124,0.718119,1.13957e-11,6.74607e-20,1.50736
LO_MVe,0.00129746,45.0,2.7277,0.658793,9.81221e-12,5.44383e-20,1.35575
LO_MVe,0.0019462,45.0,2.5043,0.603971,8.51509e-12,4.3772899999999994e-20,1.21613
LO_MVe,0.00291929,45.0,2.30081,0.553364,7.45745e-12,3.50605e-20,1.08781
LO_MVe,0.00437894,45.0,2.11494,0.507017,6.59923e-12,2.79842e-20,0.97015
LO_MVe,0.00656841,45.0,1.94624,0.463933,5.90632e-12,2.2264499999999997e-20,0.862573
LO_MVe,0.00985261,45.0,1.79525,0.423595,5.34979e-12,1.7665299999999998e-20,0.764532
LO_MVe,1e-05,15.0,2.7407,0.560332,3.45945e-11,3.44001e-25,2.7407
LO_MVe,1.5e-05,15.0,4.34658,1.03415,2.01888e-11,5.2048699999999995e-20,2.54645
LO_MVe,2.25e-05,15.0,4.05896,0.967005,1.70511e-11,4.3555199999999994e-20,2.36248
LO_MVe,3.375e-05,15.0,3.78581,0.902502,1.43863e-11,3.63284e-20,2.18851
LO_MVe,5.0625e-05,15.0,3.52976,0.841884,1.21297e-11,3.0197599999999994e-20,2.02425
LO_MVe,7.59375e-05,15.0,3.28621,0.784004,1.02246e-11,2.50212e-20,1.8694
LO_MVe,0.000113906,15.0,3.05706,0.729376,8.62135e-12,2.0658299999999997e-20,1.72366
LO_MVe,0.000170859,15.0,2.84173,0.678196,7.27658e-12,1.69947e-20,1.5867
LO_MVe,0.000256289,15.0,2.63813,0.629961,6.15259e-12,1.39316e-20,1.45821
LO_MVe,0.000384434,15.0,2.4507,0.584565,5.2166e-12,1.1375299999999999e-20,1.33786
LO_MVe,0.00057665,15.0,2.27267,0.541613,4.44013e-12,9.251349999999999e-21,1.22532
LO_MVe,0.000864976,15.0,2.10756,0.501784,3.79857e-12,7.49563e-21,1.12026
LO_MVe,0.00129746,15.0,1.95277,0.464145,3.27074e-12,6.0486999999999995e-21,1.02237
LO_MVe,0.0019462,15.0,1.80846,0.428683,2.83836e-12,4.86366e-21,0.931317
LO_MVe,0.00291929,15.0,1.67493,0.395369,2.48582e-12,3.89561e-21,0.84681
LO_MVe,0.00437894,15.0,1.55188,0.364395,2.19974e-12,3.10936e-21,0.768559
LO_MVe,0.00656841,15.0,1.44055,0.334832,1.96877e-12,2.47383e-21,0.696314
LO_MVe,0.00985261,15.0,1.33981,0.307305,1.78326e-12,1.96281e-21,0.629846
LO_MVe,1e-05,27.0,5.98249,1.4238,4.29711e-11,2.00951e-19,3.46444
LO_MVe,1.5e-05,27.0,5.56043,1.32431,3.63398e-11,1.68638e-19,3.20134
LO_MVe,2.25e-05,27.0,5.1634,1.23191,3.0692e-11,1.41119e-19,2.95351
LO_MVe,3.375e-05,27.0,4.79267,1.14228,2.58954e-11,1.17704e-19,2.72043
LO_MVe,5.0625e-05,27.0,4.43882,1.05992,2.18335e-11,9.784029999999999e-20,2.50155
LO_MVe,7.59375e-05,27.0,4.11228,0.981691,1.84043e-11,8.10686e-20,2.29632
LO_MVe,0.000113906,27.0,3.80492,0.90952,1.55184e-11,6.69329e-20,2.1042
LO_MVe,0.000170859,27.0,3.51946,0.840813,1.30978e-11,5.50628e-20,1.92463
LO_MVe,0.000256289,27.0,3.25179,0.777198,1.10747e-11,4.5138299999999997e-20,1.75704
LO_MVe,0.000384434,27.0,3.00361,0.717441,9.38988e-12,3.6856099999999996e-20,1.6009
LO_MVe,0.00057665,27.0,2.77254,0.662899,7.99223e-12,2.9974399999999995e-20,1.45566
LO_MVe,0.000864976,27.0,2.55763,0.610894,6.83743e-12,2.42858e-20,1.32078
LO_MVe,0.00129746,27.0,2.35939,0.562834,5.88733e-12,1.9597799999999997e-20,1.19576
LO_MVe,0.0019462,27.0,2.17505,0.517653,5.10906e-12,1.57582e-20,1.08007
LO_MVe,0.00291929,27.0,2.00739,0.476077,4.47447e-12,1.2621799999999999e-20,0.97324
LO_MVe,0.00437894,27.0,1.8516,0.437065,3.95954e-12,1.0074299999999999e-20,0.874811
LO_MVe,0.00656841,27.0,1.71044,0.401068,3.54379e-12,8.01521e-21,0.784379
LO_MVe,0.00985261,27.0,1.58423,0.367308,3.20987e-12,6.35952e-21,0.701562
