LO_MVe,1e-05,4.5,1.56401,0.328534,9.03483e-12,2.69758e-26,1.56401
LO_MVe,1.5e-05,4.5,2.37213,0.566192,5.18413e-12,4.03704e-21,1.47066
LO_MVe,2.25e-05,4.5,2.2363,0.534339,4.35909e-12,3.3651399999999998e-21,1.38127
LO_MVe,3.375e-05,4.5,2.10623,0.503993,3.66003e-12,2.79579e-21,1.29583
LO_MVe,5.0625e-05,4.5,1.98195,0.474558,3.06961e-12,2.31414e-21,1.2143
LO_MVe,7.59375e-05,4.5,1.86275,0.446544,2.57259e-12,1.90817e-21,1.13662
LO_MVe,0.000113906,4.5,1.74957,0.419685,2.15567e-12,1.56751e-21,1.06275
LO_MVe,0.000170859,4.5,1.64204,0.393963,1.80725e-12,1.2821799999999999e-21,0.992626
LO_MVe,0.000256289,4.5,1.53993,0.369181,1.5172e-12,1.04423e-21,0.926175
LO_MVe,0.000384434,4.5,1.44226,0.345482,1.27676e-12,8.468519999999999e-22,0.863326
LO_MVe,0.00057665,4.5,1.35073,0.323085,1.07831e-12,6.83806e-22,0.804002
LO_MVe,0.000864976,4.5,1.26319,0.301524,9.1528e-13,5.49639e-22,0.748121
LO_MVe,0.00129746,4.5,1.18128,0.280929,7.81997e-13,4.39839e-22,0.695603
LO_MVe,0.0019462,4.5,1.10403,0.261268,6.73599e-13,3.50435e-22,0.64637
LO_MVe,0.00291929,4.5,1.03262,0.242664,5.85926e-13,2.7804e-22,0.600347
LO_MVe,0.00437894,4.5,0.966946,0.224978,5.15428e-13,2.19759e-22,0.557467
LO_MVe,0.00656841,4.5,0.907629,0.208286,4.5909e-13,1.73126e-22,0.517676
LO_MVe,0.00985261,4.5,0.855084,0.192629,4.14362e-13,1.36049e-22,0.480939
LO_MVe,1e-05,45.0,6.98435,1.66652,6.15493e-11,4.82595e-19,4.04536
LO_MVe,1.5e-05,45.0,6.45739,1.54298,5.18413e-11,4.03704e-19,3.72219
LO_MVe,2.25e-05,45.0,5.96809,1.42573,4.35909e-11,3.36514e-19,3.41923
LO_MVe,3.375e-05,45.0,5.51139,1.31736,3.66003e-11,2.79579e-19,3.13563
LO_MVe,5.0625e-05,45.0,5.08638,1.21671,3.06961e-11,2.31414e-19,2.87055
LO_MVe,7.59375e-05,45.0,4.68816,1.12207,2.57259e-11,1.90817e-19,2.62315
LO_MVe,0.000113906,45.0,4.31667,1.03312,2.15567e-11,1.56751e-19,2.39259
LO_MVe,0.000170859,45.0,3.97551,0.952198,1.80725e-11,1.28218e-19,2.17806
LO_MVe,0.000256289,45.0,3.65679,0.876717,1.5172e-11,1.04423e-19,1.97875
LO_MVe,0.000384434,45.0,3.3652,0.805947,1.27676e-11,8.46852e-20,1.79387
LO_MVe,0.00057665,45.0,3.08927,0.739948,1.07831e-11,6.83806e-20,1.62264
LO_MVe,0.000864976,45.0,2.83734,0.679868,9.1528e-12,5.496389999999999e-20,1.46434
LO_MVe,0.00129746,45.0,2.60708,0.623983,7.81997e-12,4.3983899999999993e-20,1.31822
LO_MVe,0.0019462,45.0,2.39749,0.572302,6.736e-12,3.50435e-20,1.18361
LO_MVe,0.00291929,45.0,2.20125,0.524492,5.85926e-12,2.7804e-20,1.05984
LO_MVe,0.00437894,45.0,2.02699,0.480515,5.15428e-12,2.19759e-20,0.946292
LO_MVe,0.00656841,45.0,1.8676,0.439279,4.5909e-12,1.7312599999999998e-20,0.842385
LO_MVe,0.00985261,45.0,1.7254,0.401806,4.14362e-12,1.36049e-20,0.747587
LO_MVe,1e-05,15.0,2.66566,0.543517,3.01161e-11,2.9973099999999997e-25,2.66566
LO_MVe,1.5e-05,15.0,4.1585,0.98637,1.72804e-11,4.4856e-20,2.47726
LO_MVe,2.25e-05,15.0,3.88651,0.921901,1.45303e-11,3.7390399999999995e-20,2.29891
LO_MVe,3.375e-05,15.0,3.62551,0.860639,1.22001e-11,3.1064399999999997e-20,2.13033
LO_MVe,5.0625e-05,15.0,3.38015,0.802488,1.0232e-11,2.5712599999999997e-20,1.97121
LO_MVe,7.59375e-05,15.0,3.14907,0.747722,8.5753e-12,2.12018e-20,1.82126
LO_MVe,0.000113906,15.0,2.93072,0.696007,7.18557e-12,1.7416799999999998e-20,1.68017
LO_MVe,0.000170859,15.0,2.72614,0.647358,6.02416e-12,1.42464e-20,1.54761
LO_MVe,0.000256289,15.0,2.5322,0.601375,5.05735e-12,1.16026e-20,1.42327
LO_MVe,0.000384434,15.0,2.35289,0.558316,4.25587e-12,9.40947e-21,1.30681
LO_MVe,0.00057665,15.0,2.18519,0.517602,3.59437e-12,7.597839999999999e-21,1.19791
LO_MVe,0.000864976,15.0,2.02732,0.479442,3.05093e-12,6.1071099999999996e-21,1.09624
LO_MVe,0.00129746,15.0,1.87891,0.443396,2.60666e-12,4.8871e-21,1.0015
LO_MVe,0.0019462,15.0,1.74231,0.409906,2.24533e-12,3.8937199999999995e-21,0.913362
LO_MVe,0.00291929,15.0,1.6155,0.378294,1.95309e-12,3.08934e-21,0.831535
LO_MVe,0.00437894,15.0,1.49942,0.348696,1.71809e-12,2.44177e-21,0.755733
LO_MVe,0.00656841,15.0,1.39302,0.320526,1.5303e-12,1.9236199999999997e-21,0.685693
LO_MVe,0.00985261,15.0,1.29672,0.294063,1.38121e-12,1.5116599999999999e-21,0.621178
LO_MVe,1e-05,27.0,5.70434,1.35288,3.69296e-11,1.73734e-19,3.35691
LO_MVe,1.5e-05,27.0,5.30199,1.25782,3.11048e-11,1.45333e-19,3.10274
LO_MVe,2.25e-05,27.0,4.92649,1.16883,2.61545e-11,1.21145e-19,2.86339
LO_MVe,3.375e-05,27.0,4.57406,1.08502,2.19602e-11,1.00649e-19,2.63835
LO_MVe,5.0625e-05,27.0,4.23646,1.00601,1.84176e-11,8.330889999999999e-20,2.42706
LO_MVe,7.59375e-05,27.0,3.92491,0.932295,1.54355e-11,6.8694e-20,2.22898
LO_MVe,0.000113906,27.0,3.63396,0.86364,1.2934e-11,5.64303e-20,2.04357
LO_MVe,0.000170859,27.0,3.36419,0.799205,1.08435e-11,4.6158399999999996e-20,1.87028
LO_MVe,0.000256289,27.0,3.10906,0.738499,9.10322e-12,3.7592299999999996e-20,1.70856
LO_MVe,0.000384434,27.0,2.87443,0.682081,7.66056e-12,3.04867e-20,1.55787
LO_MVe,0.00057665,27.0,2.65526,0.629511,6.46987e-12,2.4617e-20,1.41768
LO_MVe,0.000864976,27.0,2.45001,0.58108,5.49168e-12,1.9787e-20,1.28747
LO_MVe,0.00129746,27.0,2.26172,0.535238,4.69198e-12,1.5834199999999998e-20,1.16674
LO_MVe,0.0019462,27.0,2.0905,0.492676,4.0416e-12,1.2615699999999999e-20,1.05499
LO_MVe,0.00291929,27.0,1.92954,0.45339,3.51556e-12,1.00094e-20,0.951764
LO_MVe,0.00437894,27.0,1.7813,0.416206,3.09257e-12,7.91134e-21,0.856604
LO_MVe,0.00656841,27.0,1.64761,0.382107,2.75454e-12,6.232519999999999e-21,0.769102
LO_MVe,0.00985261,27.0,1.52765,0.349859,2.48617e-12,4.89777e-21,0.68888
