LO_MVe,1e-05,4.5,1.54865,0.324984,9.82266e-12,2.92982e-26,1.54865
LO_MVe,1.5e-05,4.5,2.33916,0.557243,5.69699e-12,4.39182e-21,1.45592
LO_MVe,2.25e-05,4.5,2.20517,0.526115,4.82255e-12,3.68248e-21,1.36714
LO_MVe,3.375e-05,4.5,2.07673,0.496024,4.07857e-12,3.07769e-21,1.28229
LO_MVe,5.0625e-05,4.5,1.95424,0.466877,3.44738e-12,2.56389e-21,1.20131
LO_MVe,7.59375e-05,4.5,1.83687,0.439288,2.91348e-12,2.12845e-21,1.12418
LO_MVe,0.000113906,4.5,1.72445,0.412706,2.46327e-12,1.7612699999999998e-21,1.05083
LO_MVe,0.000170859,4.5,1.6194,0.387458,2.08487e-12,1.45219e-21,0.981197
LO_MVe,0.000256289,4.5,1.51885,0.363232,1.76792e-12,1.193e-21,0.915223
LO_MVe,0.000384434,4.5,1.42321,0.340092,1.50339e-12,9.76674e-22,0.852828
LO_MVe,0.00057665,4.5,1.33197,0.317827,1.28343e-12,7.96242e-22,0.793935
LO_MVe,0.000864976,4.5,1.24625,0.296488,1.10127e-12,6.46783e-22,0.738464
LO_MVe,0.00129746,4.5,1.16548,0.276432,9.51008e-13,5.23337e-22,0.686331
LO_MVe,0.0019462,4.5,1.08938,0.257007,8.27603e-13,4.21881e-22,0.637456
LO_MVe,0.00291929,4.5,1.01885,0.238852,7.26705e-13,3.38818e-22,0.591763
LO_MVe,0.00437894,4.5,0.953846,0.221382,6.44596e-13,2.71146e-22,0.549182
LO_MVe,0.00656841,4.5,0.895132,0.204894,5.78104e-13,2.16289e-22,0.509656
LO_MVe,0.00985261,4.5,0.843507,0.18961,5.2453e-13,1.72032e-22,0.473142
LO_MVe,1e-05,45.0,6.90839,1.64599,6.72198e-11,5.22378e-19,4.01616
LO_MVe,1.5e-05,45.0,6.3913,1.52451,5.697e-11,4.39182e-19,3.69554
LO_MVe,2.25e-05,45.0,5.90443,1.4099,4.82255e-11,3.68248e-19,3.39497
LO_MVe,3.375e-05,45.0,5.45712,1.30287,4.07857e-11,3.0776900000000003e-19,3.1136
LO_MVe,5.0625e-05,45.0,5.032,1.20242,3.44738e-11,2.56389e-19,2.85061
LO_MVe,7.59375e-05,45.0,4.64096,1.11078,2.91348e-11,2.12845e-19,2.60516
LO_MVe,0.000113906,45.0,4.27781,1.02366,2.46327e-11,1.76127e-19,2.37641
LO_MVe,0.000170859,45.0,3.9381,0.942595,2.08488e-11,1.45219e-19,2.16357
LO_MVe,0.000256289,45.0,3.62504,0.867226,1.76792e-11,1.193e-19,1.96583
LO_MVe,0.000384434,45.0,3.33403,0.797292,1.50339e-11,9.766739999999999e-20,1.78241
LO_MVe,0.00057665,45.0,3.06567,0.732696,1.28343e-11,7.96242e-20,1.61254
LO_MVe,0.000864976,45.0,2.81665,0.673813,1.10127e-11,6.46783e-20,1.45548
LO_MVe,0.00129746,45.0,2.58971,0.618506,9.51009e-12,5.23337e-20,1.31053
LO_MVe,0.0019462,45.0,2.37937,0.567249,8.27603e-12,4.21881e-20,1.17699
LO_MVe,0.00291929,45.0,2.18863,0.520675,7.26705e-12,3.38818e-20,1.0542
LO_MVe,0.00437894,45.0,2.01417,0.476815,6.44596e-12,2.71146e-20,0.941558
LO_MVe,0.00656841,45.0,1.85915,0.436915,5.78104e-12,2.1628899999999998e-20,0.838473
LO_MVe,0.00985261,45.0,1.71594,0.399283,5.24531e-12,1.72032e-20,0.744413
LO_MVe,1e-05,15.0,2.64202,0.538268,3.27422e-11,3.25535e-25,2.64202
LO_MVe,1.5e-05,15.0,4.10696,0.972075,1.899e-11,4.8798e-20,2.45508
LO_MVe,2.25e-05,15.0,3.83537,0.908234,1.60752e-11,4.09164e-20,2.27812
LO_MVe,3.375e-05,15.0,3.57963,0.848287,1.35952e-11,3.41965e-20,2.11085
LO_MVe,5.0625e-05,15.0,3.3375,0.790607,1.14913e-11,2.84876e-20,1.95298
LO_MVe,7.59375e-05,15.0,3.10837,0.736315,9.71161e-12,2.36494e-20,1.80422
LO_MVe,0.000113906,15.0,2.89394,0.685834,8.2109e-12,1.9569699999999997e-20,1.66425
LO_MVe,0.000170859,15.0,2.69035,0.637526,6.94958e-12,1.6135499999999998e-20,1.53275
LO_MVe,0.000256289,15.0,2.50217,0.592714,5.89308e-12,1.32556e-20,1.40941
LO_MVe,0.000384434,15.0,2.3244,0.55021,5.0113e-12,1.08519e-20,1.2939
LO_MVe,0.00057665,15.0,2.15807,0.50997,4.27811e-12,8.84713e-21,1.1859
LO_MVe,0.000864976,15.0,2.003,0.472762,3.67089e-12,7.18648e-21,1.08509
LO_MVe,0.00129746,15.0,1.85699,0.437406,3.17003e-12,5.81486e-21,0.991138
LO_MVe,0.0019462,15.0,1.72163,0.40443,2.75868e-12,4.68756e-21,0.903748
LO_MVe,0.00291929,15.0,1.59701,0.373115,2.42235e-12,3.7646399999999995e-21,0.822619
LO_MVe,0.00437894,15.0,1.48294,0.343959,2.14865e-12,3.01273e-21,0.747467
LO_MVe,0.00656841,15.0,1.37764,0.316616,1.92701e-12,2.40321e-21,0.678026
LO_MVe,0.00985261,15.0,1.28221,0.290537,1.74844e-12,1.91147e-21,0.614057
LO_MVe,1e-05,27.0,5.63284,1.33399,4.03319e-11,1.88056e-19,3.32981
LO_MVe,1.5e-05,27.0,5.24079,1.2412,3.4182e-11,1.58105e-19,3.07764
LO_MVe,2.25e-05,27.0,4.86814,1.15356,2.89353e-11,1.32569e-19,2.84019
LO_MVe,3.375e-05,27.0,4.51852,1.07146,2.44714e-11,1.10797e-19,2.61693
LO_MVe,5.0625e-05,27.0,4.18768,0.992956,2.06843e-11,9.229989999999999e-20,2.40732
LO_MVe,7.59375e-05,27.0,3.8797,0.920489,1.74809e-11,7.662409999999999e-20,2.21083
LO_MVe,0.000113906,27.0,3.59391,0.852577,1.47796e-11,6.340589999999999e-20,2.02691
LO_MVe,0.000170859,27.0,3.32714,0.788978,1.25093e-11,5.2279e-20,1.85501
LO_MVe,0.000256289,27.0,3.07636,0.729368,1.06075e-11,4.29481e-20,1.6946
LO_MVe,0.000384434,27.0,2.84332,0.673703,9.02034e-12,3.51603e-20,1.54514
LO_MVe,0.00057665,27.0,2.62915,0.622219,7.7006e-12,2.8664699999999995e-20,1.4061
LO_MVe,0.000864976,27.0,2.42703,0.573862,6.60759e-12,2.3284199999999998e-20,1.27697
LO_MVe,0.00129746,27.0,2.24077,0.528959,5.70605e-12,1.88401e-20,1.15724
LO_MVe,0.0019462,27.0,2.07051,0.487066,4.96562e-12,1.5187699999999998e-20,1.04643
LO_MVe,0.00291929,27.0,1.91069,0.447979,4.36023e-12,1.21974e-20,0.944071
LO_MVe,0.00437894,27.0,1.76571,0.412122,3.86758e-12,9.76125e-21,0.849717
LO_MVe,0.00656841,27.0,1.63413,0.377887,3.46862e-12,7.78641e-21,0.762955
LO_MVe,0.00985261,27.0,1.51443,0.346537,3.14718e-12,6.1931499999999994e-21,0.683405
