LO_MVe,1e-05,4.5,1.56168,0.327614,9.90166e-12,2.9532e-26,1.56168
LO_MVe,1.5e-05,4.5,2.34786,0.558815,5.7361e-12,4.41746e-21,1.46834
LO_MVe,2.25e-05,4.5,2.21334,0.527302,4.85926e-12,3.70629e-21,1.37898
LO_MVe,3.375e-05,4.5,2.08492,0.497184,4.11281e-12,3.0996299999999998e-21,1.29357
LO_MVe,5.0625e-05,4.5,1.96218,0.46833,3.47915e-12,2.58393e-21,1.21208
LO_MVe,7.59375e-05,4.5,1.84409,0.44056,2.94282e-12,2.1465999999999997e-21,1.13445
LO_MVe,0.000113906,4.5,1.7336,0.414154,2.49027e-12,1.77759e-21,1.06064
LO_MVe,0.000170859,4.5,1.62718,0.388894,2.10964e-12,1.46675e-21,0.990581
LO_MVe,0.000256289,4.5,1.52604,0.36454,1.79058e-12,1.2059099999999999e-21,0.924199
LO_MVe,0.000384434,4.5,1.43017,0.341138,1.5241e-12,9.87978e-22,0.86142
LO_MVe,0.00057665,4.5,1.33872,0.318957,1.30235e-12,8.06248e-22,0.802166
LO_MVe,0.000864976,4.5,1.25339,0.297717,1.11855e-12,6.55376e-22,0.746352
LO_MVe,0.00129746,4.5,1.17242,0.277661,9.6682e-13,5.30773e-22,0.693896
LO_MVe,0.0019462,4.5,1.09666,0.258352,8.42091e-13,4.2817399999999995e-22,0.644713
LO_MVe,0.00291929,4.5,1.02579,0.239934,7.40017e-13,3.4422299999999997e-22,0.598724
LO_MVe,0.00437894,4.5,0.960582,0.222539,6.5687e-13,2.75709e-22,0.555856
LO_MVe,0.00656841,4.5,0.902133,0.206089,5.8947e-13,2.20112e-22,0.516048
LO_MVe,0.00985261,4.5,0.850287,0.190721,5.35107e-13,1.75211e-22,0.479252
LO_MVe,1e-05,45.0,6.92846,1.64784,6.7633e-11,5.25105e-19,4.04237
LO_MVe,1.5e-05,45.0,6.40659,1.52573,5.7361e-11,4.41746e-19,3.72042
LO_MVe,2.25e-05,45.0,5.92167,1.4114,4.85926e-11,3.70629e-19,3.41859
LO_MVe,3.375e-05,45.0,5.47295,1.30439,4.11281e-11,3.09963e-19,3.13601
LO_MVe,5.0625e-05,45.0,5.04925,1.20406,3.47915e-11,2.58393e-19,2.87185
LO_MVe,7.59375e-05,45.0,4.65622,1.11169,2.94282e-11,2.1466000000000003e-19,2.62528
LO_MVe,0.000113906,45.0,4.2943,1.02544,2.49027e-11,1.7775900000000001e-19,2.39547
LO_MVe,0.000170859,45.0,3.95484,0.944295,2.10964e-11,1.46675e-19,2.1816
LO_MVe,0.000256289,45.0,3.64042,0.868402,1.79059e-11,1.20591e-19,1.98288
LO_MVe,0.000384434,45.0,3.35142,0.800182,1.5241e-11,9.879779999999999e-20,1.79851
LO_MVe,0.00057665,45.0,3.08079,0.735083,1.30235e-11,8.06248e-20,1.62773
LO_MVe,0.000864976,45.0,2.83184,0.675301,1.11855e-11,6.553759999999999e-20,1.4698
LO_MVe,0.00129746,45.0,2.60523,0.620494,9.6682e-12,5.30773e-20,1.32401
LO_MVe,0.0019462,45.0,2.39626,0.569986,8.42091e-12,4.2817399999999993e-20,1.18966
LO_MVe,0.00291929,45.0,2.20291,0.52231,7.40017e-12,3.4422299999999996e-20,1.06611
LO_MVe,0.00437894,45.0,2.03026,0.478714,6.5687e-12,2.75709e-20,0.952712
LO_MVe,0.00656841,45.0,1.8721,0.438858,5.8947e-12,2.2011199999999997e-20,0.848901
LO_MVe,0.00985261,45.0,1.73013,0.401022,5.35107e-12,1.75211e-20,0.754137
LO_MVe,1e-05,15.0,2.6613,0.541866,3.30055e-11,3.28133e-25,2.6613
LO_MVe,1.5e-05,15.0,4.11884,0.973707,1.91203e-11,4.9082799999999996e-20,2.47339
LO_MVe,2.25e-05,15.0,3.84821,0.90976,1.61975e-11,4.1181e-20,2.29551
LO_MVe,3.375e-05,15.0,3.59048,0.849427,1.37094e-11,3.4440299999999995e-20,2.12737
LO_MVe,5.0625e-05,15.0,3.34829,0.7921,1.15972e-11,2.8710299999999995e-20,1.96868
LO_MVe,7.59375e-05,15.0,3.12059,0.738568,9.80942e-12,2.3851099999999998e-20,1.81914
LO_MVe,0.000113906,15.0,2.90585,0.688088,8.30089e-12,1.9751e-20,1.67842
LO_MVe,0.000170859,15.0,2.70359,0.639547,7.03212e-12,1.62973e-20,1.54622
LO_MVe,0.000256289,15.0,2.51322,0.594052,5.96862e-12,1.3399e-20,1.4222
LO_MVe,0.000384434,15.0,2.33496,0.55173,5.08034e-12,1.0977499999999998e-20,1.30605
LO_MVe,0.00057665,15.0,2.16919,0.511763,4.34118e-12,8.95831e-21,1.19744
LO_MVe,0.000864976,15.0,2.0138,0.474025,3.72851e-12,7.28196e-21,1.09604
LO_MVe,0.00129746,15.0,1.86783,0.439087,3.22273e-12,5.8974799999999995e-21,1.00153
LO_MVe,0.0019462,15.0,1.7326,0.406058,2.80697e-12,4.75749e-21,0.91361
LO_MVe,0.00291929,15.0,1.60785,0.37479,2.46672e-12,3.8246999999999994e-21,0.831966
LO_MVe,0.00437894,15.0,1.49329,0.345575,2.18957e-12,3.0634299999999997e-21,0.756316
LO_MVe,0.00656841,15.0,1.38793,0.318111,1.9649e-12,2.44568e-21,0.68639
LO_MVe,0.00985261,15.0,1.2925,0.29197,1.78369e-12,1.9467899999999997e-21,0.621946
LO_MVe,1e-05,27.0,5.64697,1.33575,4.05798e-11,1.89038e-19,3.35263
LO_MVe,1.5e-05,27.0,5.25712,1.24341,3.44166e-11,1.59028e-19,3.09931
LO_MVe,2.25e-05,27.0,4.88049,1.15579,2.91556e-11,1.33426e-19,2.86076
LO_MVe,3.375e-05,27.0,4.52872,1.07228,2.46769e-11,1.1158700000000001e-19,2.63646
LO_MVe,5.0625e-05,27.0,4.20171,0.996122,2.08749e-11,9.302139999999999e-20,2.42585
LO_MVe,7.59375e-05,27.0,3.89705,0.922608,1.76569e-11,7.727739999999999e-20,2.22841
LO_MVe,0.000113906,27.0,3.60977,0.855007,1.49416e-11,6.39931e-20,2.04357
LO_MVe,0.000170859,27.0,3.33975,0.790874,1.26578e-11,5.2803199999999996e-20,1.87081
LO_MVe,0.000256289,27.0,3.08986,0.731504,1.07435e-11,4.34128e-20,1.70956
LO_MVe,0.000384434,27.0,2.8577,0.675817,9.14461e-12,3.55672e-20,1.55931
LO_MVe,0.00057665,27.0,2.64138,0.62409,7.81412e-12,2.9024899999999996e-20,1.41951
LO_MVe,0.000864976,27.0,2.44026,0.575931,6.71131e-12,2.3593499999999997e-20,1.28965
LO_MVe,0.00129746,27.0,2.25391,0.530615,5.80092e-12,1.9107799999999997e-20,1.16922
LO_MVe,0.0019462,27.0,2.08195,0.489083,5.05255e-12,1.54143e-20,1.05774
LO_MVe,0.00291929,27.0,1.92443,0.449734,4.4401e-12,1.2392e-20,0.954733
LO_MVe,0.00437894,27.0,1.77823,0.413647,3.94122e-12,9.92552e-21,0.859754
LO_MVe,0.00656841,27.0,1.64655,0.37985,3.53682e-12,7.924019999999999e-21,0.772385
LO_MVe,0.00985261,27.0,1.52694,0.348184,3.21064e-12,6.3075899999999996e-21,0.692245
