LO_MVe,1e-05,4.5,1.54731,0.325285,9.69565e-12,2.89331e-26,1.54731
LO_MVe,1.5e-05,4.5,2.37679,0.568661,5.62705e-12,4.3643499999999996e-21,1.45524
LO_MVe,2.25e-05,4.5,2.24158,0.536963,4.74405e-12,3.64636e-21,1.36701
LO_MVe,3.375e-05,4.5,2.10998,0.506387,3.99485e-12,3.03604e-21,1.28261
LO_MVe,5.0625e-05,4.5,1.98623,0.47708,3.36111e-12,2.51976e-21,1.20202
LO_MVe,7.59375e-05,4.5,1.8674,0.448855,2.82673e-12,2.08372e-21,1.12519
LO_MVe,0.000113906,4.5,1.75301,0.421701,2.37762e-12,1.71681e-21,1.05207
LO_MVe,0.000170859,4.5,1.64508,0.395952,2.00148e-12,1.4094499999999999e-21,0.982623
LO_MVe,0.000256289,4.5,1.54151,0.371036,1.68761e-12,1.15239e-21,0.916775
LO_MVe,0.000384434,4.5,1.44446,0.347289,1.42672e-12,9.383599999999999e-22,0.854463
LO_MVe,0.00057665,4.5,1.3519,0.324595,1.21074e-12,7.6109e-22,0.795619
LO_MVe,0.000864976,4.5,1.26414,0.302918,1.03269e-12,6.14762e-22,0.74017
LO_MVe,0.00129746,4.5,1.18103,0.282196,8.86567e-13,4.94585e-22,0.688043
LO_MVe,0.0019462,4.5,1.10392,0.262434,7.67212e-13,3.96281e-22,0.639168
LO_MVe,0.00291929,4.5,1.03192,0.243724,6.70198e-13,3.16301e-22,0.593481
LO_MVe,0.00437894,4.5,0.964892,0.225867,5.91749e-13,2.51553e-22,0.550924
LO_MVe,0.00656841,4.5,0.905565,0.209012,5.28655e-13,1.99423e-22,0.511462
LO_MVe,0.00985261,4.5,0.852623,0.193372,4.78199e-13,1.57685e-22,0.475075
LO_MVe,1e-05,45.0,7.08935,1.69654,6.66478e-11,5.20587e-19,4.05218
LO_MVe,1.5e-05,45.0,6.55503,1.56917,5.62706e-11,4.36435e-19,3.72865
LO_MVe,2.25e-05,45.0,6.06116,1.45264,4.74405e-11,3.64636e-19,3.42525
LO_MVe,3.375e-05,45.0,5.59505,1.34186,3.99485e-11,3.03604e-19,3.14116
LO_MVe,5.0625e-05,45.0,5.16313,1.23985,3.36111e-11,2.51976e-19,2.87555
LO_MVe,7.59375e-05,45.0,4.75662,1.14403,2.82673e-11,2.08372e-19,2.62759
LO_MVe,0.000113906,45.0,4.38472,1.05438,2.37762e-11,1.71681e-19,2.39647
LO_MVe,0.000170859,45.0,4.03339,0.971097,2.00148e-11,1.40945e-19,2.18137
LO_MVe,0.000256289,45.0,3.70739,0.892597,1.68761e-11,1.15239e-19,1.98151
LO_MVe,0.000384434,45.0,3.41293,0.82188,1.42672e-11,9.3836e-20,1.79609
LO_MVe,0.00057665,45.0,3.13532,0.754944,1.21074e-11,7.6109e-20,1.62436
LO_MVe,0.000864976,45.0,2.87884,0.693112,1.03269e-11,6.14762e-20,1.46557
LO_MVe,0.00129746,45.0,2.6441,0.636763,8.86567e-12,4.9458499999999996e-20,1.31901
LO_MVe,0.0019462,45.0,2.42962,0.584505,7.67212e-12,3.9628099999999993e-20,1.18399
LO_MVe,0.00291929,45.0,2.23205,0.535624,6.70198e-12,3.16301e-20,1.05986
LO_MVe,0.00437894,45.0,2.05411,0.490742,5.91749e-12,2.5155299999999998e-20,0.945981
LO_MVe,0.00656841,45.0,1.89067,0.448872,5.28655e-12,1.9942299999999997e-20,0.841812
LO_MVe,0.00985261,45.0,1.74592,0.410571,4.78199e-12,1.57685e-20,0.74682
LO_MVe,1e-05,15.0,2.65537,0.542817,3.23188e-11,3.21479e-25,2.65537
LO_MVe,1.5e-05,15.0,4.20031,0.999281,1.87569e-11,4.8492799999999994e-20,2.46798
LO_MVe,2.25e-05,15.0,3.92075,0.93346,1.58135e-11,4.0515099999999996e-20,2.29049
LO_MVe,3.375e-05,15.0,3.66,0.871727,1.33162e-11,3.37338e-20,2.12264
LO_MVe,5.0625e-05,15.0,3.41175,0.813402,1.12037e-11,2.79973e-20,1.96415
LO_MVe,7.59375e-05,15.0,3.17734,0.757746,9.42244e-12,2.3152499999999996e-20,1.81472
LO_MVe,0.000113906,15.0,2.95798,0.705712,7.9254e-12,1.9075699999999997e-20,1.67406
LO_MVe,0.000170859,15.0,2.74984,0.656106,6.6716e-12,1.56606e-20,1.54187
LO_MVe,0.000256289,15.0,2.55525,0.609863,5.62538e-12,1.2804299999999998e-20,1.41782
LO_MVe,0.000384434,15.0,2.37422,0.565898,4.75574e-12,1.0426199999999999e-20,1.30161
LO_MVe,0.00057665,15.0,2.20307,0.524715,4.03578e-12,8.45655e-21,1.19292
LO_MVe,0.000864976,15.0,2.04327,0.486141,3.44229e-12,6.830689999999999e-21,1.09144
LO_MVe,0.00129746,15.0,1.89498,0.449999,2.95522e-12,5.495389999999999e-21,0.996846
LO_MVe,0.0019462,15.0,1.75542,0.415613,2.55737e-12,4.4031199999999994e-21,0.908846
LO_MVe,0.00291929,15.0,1.62706,0.383811,2.23399e-12,3.5144499999999996e-21,0.827148
LO_MVe,0.00437894,15.0,1.50884,0.353458,1.9725e-12,2.7950299999999997e-21,0.751472
LO_MVe,0.00656841,15.0,1.40085,0.324938,1.76218e-12,2.21581e-21,0.681576
LO_MVe,0.00985261,15.0,1.30422,0.298355,1.594e-12,1.7520499999999997e-21,0.617235
LO_MVe,1e-05,27.0,5.77036,1.37272,3.99887e-11,1.87411e-19,3.35418
LO_MVe,1.5e-05,27.0,5.37134,1.27914,3.37623e-11,1.57117e-19,3.10045
LO_MVe,2.25e-05,27.0,4.98951,1.18858,2.84643e-11,1.31269e-19,2.86143
LO_MVe,3.375e-05,27.0,4.62707,1.10291,2.39691e-11,1.09298e-19,2.6366
LO_MVe,5.0625e-05,27.0,4.29134,1.02312,2.01667e-11,9.07112e-20,2.42544
LO_MVe,7.59375e-05,27.0,3.97526,0.948696,1.69604e-11,7.5014e-20,2.22742
LO_MVe,0.000113906,27.0,3.68173,0.878273,1.42657e-11,6.18053e-20,2.04201
LO_MVe,0.000170859,27.0,3.4054,0.812448,1.20089e-11,5.074039999999999e-20,1.86868
LO_MVe,0.000256289,27.0,3.14682,0.751609,1.01257e-11,4.1486099999999995e-20,1.70688
LO_MVe,0.000384434,27.0,2.9091,0.694757,8.56034e-12,3.3781e-20,1.5561
LO_MVe,0.00057665,27.0,2.68669,0.640817,7.26441e-12,2.73992e-20,1.4158
LO_MVe,0.000864976,27.0,2.4797,0.590548,6.19612e-12,2.2131399999999998e-20,1.28547
LO_MVe,0.00129746,27.0,2.29016,0.545007,5.3194e-12,1.78051e-20,1.16463
LO_MVe,0.0019462,27.0,2.11159,0.501823,4.60327e-12,1.42661e-20,1.05277
LO_MVe,0.00291929,27.0,1.94901,0.461279,4.02119e-12,1.1386799999999998e-20,0.949444
LO_MVe,0.00437894,27.0,1.79934,0.423726,3.55049e-12,9.055909999999999e-21,0.854202
LO_MVe,0.00656841,27.0,1.66329,0.38861,3.17193e-12,7.17922e-21,0.766656
LO_MVe,0.00985261,27.0,1.54183,0.356056,2.8692e-12,5.6766499999999995e-21,0.686436
