LO_MVe,1e-05,4.5,1.56194,0.328296,1.0119e-11,3.01872e-26,1.56194
LO_MVe,1.5e-05,4.5,2.40305,0.575012,5.89836e-12,4.56169e-21,1.46874
LO_MVe,2.25e-05,4.5,2.26609,0.542768,4.98159e-12,3.81783e-21,1.37943
LO_MVe,3.375e-05,4.5,2.13351,0.512027,4.20293e-12,3.18431e-21,1.29399
LO_MVe,5.0625e-05,4.5,2.00829,0.482138,3.54351e-12,2.64681e-21,1.21239
LO_MVe,7.59375e-05,4.5,1.88731,0.453518,2.98678e-12,2.1930099999999997e-21,1.1346
LO_MVe,0.000113906,4.5,1.77158,0.426226,2.51824e-12,1.8105e-21,1.06057
LO_MVe,0.000170859,4.5,1.66218,0.399939,2.12525e-12,1.4892999999999998e-21,0.990246
LO_MVe,0.000256289,4.5,1.55797,0.374767,1.79678e-12,1.22074e-21,0.923568
LO_MVe,0.000384434,4.5,1.45921,0.350709,1.52325e-12,9.96625e-22,0.860469
LO_MVe,0.00057665,4.5,1.36495,0.327892,1.29635e-12,8.10413e-22,0.800879
LO_MVe,0.000864976,4.5,1.27617,0.30587,1.10889e-12,6.56502e-22,0.744726
LO_MVe,0.00129746,4.5,1.19215,0.284846,9.54676e-13,5.29671e-22,0.691936
LO_MVe,0.0019462,4.5,1.11351,0.264872,8.28369e-13,4.2581099999999995e-22,0.642439
LO_MVe,0.00291929,4.5,1.04042,0.245768,7.25399e-13,3.4098299999999998e-22,0.596171
LO_MVe,0.00437894,4.5,0.97276,0.227806,6.41859e-13,2.72097e-22,0.553073
LO_MVe,0.00656841,4.5,0.912183,0.21066,5.74424e-13,2.16428e-22,0.513111
LO_MVe,0.00985261,4.5,0.858606,0.194803,5.20276e-13,1.71676e-22,0.476267
LO_MVe,1e-05,45.0,7.18037,1.71892,6.97473e-11,5.436500000000001e-19,4.09946
LO_MVe,1.5e-05,45.0,6.64465,1.5921,5.89836e-11,4.56169e-19,3.77162
LO_MVe,2.25e-05,45.0,6.14252,1.473,4.98159e-11,3.8178300000000003e-19,3.4642
LO_MVe,3.375e-05,45.0,5.66567,1.36128,4.20293e-11,3.18431e-19,3.17636
LO_MVe,5.0625e-05,45.0,5.23001,1.25577,3.54351e-11,2.64681e-19,2.90726
LO_MVe,7.59375e-05,45.0,4.81622,1.15839,2.98679e-11,2.19301e-19,2.65607
LO_MVe,0.000113906,45.0,4.43945,1.06807,2.51824e-11,1.8105000000000002e-19,2.42196
LO_MVe,0.000170859,45.0,4.08404,0.984061,2.12525e-11,1.4893000000000002e-19,2.20411
LO_MVe,0.000256289,45.0,3.75399,0.905205,1.79678e-11,1.22074e-19,2.0017
LO_MVe,0.000384434,45.0,3.45194,0.831858,1.52325e-11,9.966249999999999e-20,1.81395
LO_MVe,0.00057665,45.0,3.17255,0.764716,1.29635e-11,8.10413e-20,1.64009
LO_MVe,0.000864976,45.0,2.91217,0.702981,1.10889e-11,6.56502e-20,1.47935
LO_MVe,0.00129746,45.0,2.67394,0.644596,9.54676e-12,5.296709999999999e-20,1.33102
LO_MVe,0.0019462,45.0,2.45768,0.591945,8.28369e-12,4.25811e-20,1.1944
LO_MVe,0.00291929,45.0,2.25675,0.542109,7.25399e-12,3.4098299999999996e-20,1.06882
LO_MVe,0.00437894,45.0,2.07596,0.496816,6.41859e-12,2.72097e-20,0.953644
LO_MVe,0.00656841,45.0,1.91035,0.454127,5.74424e-12,2.16428e-20,0.848312
LO_MVe,0.00985261,45.0,1.76276,0.415129,5.20276e-12,1.71676e-20,0.752289
LO_MVe,1e-05,15.0,2.68334,0.548563,3.373e-11,3.35414e-25,2.68334
LO_MVe,1.5e-05,15.0,4.24987,1.01075,1.96612e-11,5.0685399999999995e-20,2.49356
LO_MVe,2.25e-05,15.0,3.9695,0.944877,1.66053e-11,4.2420399999999996e-20,2.31381
LO_MVe,3.375e-05,15.0,3.70298,0.881867,1.40098e-11,3.53812e-20,2.14382
LO_MVe,5.0625e-05,15.0,3.4505,0.822644,1.18117e-11,2.9409e-20,1.98331
LO_MVe,7.59375e-05,15.0,3.21391,0.766408,9.95595e-12,2.4366799999999997e-20,1.83199
LO_MVe,0.000113906,15.0,2.99175,0.713773,8.39415e-12,2.01167e-20,1.68956
LO_MVe,0.000170859,15.0,2.77999,0.663307,7.08416e-12,1.65477e-20,1.55571
LO_MVe,0.000256289,15.0,2.58436,0.616585,5.98926e-12,1.3563699999999997e-20,1.43012
LO_MVe,0.000384434,15.0,2.39859,0.572178,5.0775e-12,1.10736e-20,1.31247
LO_MVe,0.00057665,15.0,2.22604,0.530077,4.32117e-12,9.00459e-21,1.20244
LO_MVe,0.000864976,15.0,2.06414,0.491391,3.69631e-12,7.294459999999999e-21,1.09972
LO_MVe,0.00129746,15.0,1.91186,0.454409,3.18225e-12,5.88523e-21,1.00399
LO_MVe,0.0019462,15.0,1.77182,0.419693,2.76123e-12,4.7312299999999996e-21,0.914945
LO_MVe,0.00291929,15.0,1.64238,0.387463,2.418e-12,3.7886999999999994e-21,0.832289
LO_MVe,0.00437894,15.0,1.52316,0.357212,2.13953e-12,3.0233e-21,0.75574
LO_MVe,0.00656841,15.0,1.41376,0.328182,1.91475e-12,2.40475e-21,0.685053
LO_MVe,0.00985261,15.0,1.31514,0.30122,1.73425e-12,1.90751e-21,0.620001
LO_MVe,1e-05,27.0,5.84868,1.39105,4.18484e-11,1.95714e-19,3.39149
LO_MVe,1.5e-05,27.0,5.43392,1.29465,3.53902e-11,1.6422100000000001e-19,3.13445
LO_MVe,2.25e-05,27.0,5.04818,1.20283,2.98895e-11,1.37442e-19,2.89231
LO_MVe,3.375e-05,27.0,4.68642,1.11637,2.52176e-11,1.14635e-19,2.66457
LO_MVe,5.0625e-05,27.0,4.34269,1.03526,2.12611e-11,9.528529999999999e-20,2.45068
LO_MVe,7.59375e-05,27.0,4.02086,0.960297,1.79207e-11,7.89485e-20,2.25013
LO_MVe,0.000113906,27.0,3.72336,0.888606,1.51095e-11,6.517809999999999e-20,2.06235
LO_MVe,0.000170859,27.0,3.44281,0.822787,1.27515e-11,5.3614599999999995e-20,1.88683
LO_MVe,0.000256289,27.0,3.18239,0.75972,1.07807e-11,4.3946499999999996e-20,1.723
LO_MVe,0.000384434,27.0,2.9406,0.702311,9.13951e-12,3.5878499999999994e-20,1.57034
LO_MVe,0.00057665,27.0,2.71506,0.648101,7.7781e-12,2.9174899999999995e-20,1.42831
LO_MVe,0.000864976,27.0,2.50552,0.597686,6.65335e-12,2.3634099999999997e-20,1.29641
LO_MVe,0.00129746,27.0,2.31176,0.550703,5.72805e-12,1.90682e-20,1.17411
LO_MVe,0.0019462,27.0,2.13248,0.507395,4.97021e-12,1.53292e-20,1.06093
LO_MVe,0.00291929,27.0,1.96865,0.466554,4.35239e-12,1.2275399999999998e-20,0.956405
LO_MVe,0.00437894,27.0,1.8166,0.428242,3.85115e-12,9.795499999999999e-21,0.86008
LO_MVe,0.00656841,27.0,1.68086,0.393147,3.44654e-12,7.791399999999999e-21,0.77156
LO_MVe,0.00985261,27.0,1.55498,0.359766,3.12166e-12,6.18034e-21,0.690471
