LO_MVe,1e-05,4.5,1.58105,0.332573,9.36878e-12,2.79758e-26,1.58105
LO_MVe,1.5e-05,4.5,2.44971,0.587193,5.41526e-12,4.2280399999999995e-21,1.48625
LO_MVe,2.25e-05,4.5,2.30865,0.554301,4.54361e-12,3.51781e-21,1.39543
LO_MVe,3.375e-05,4.5,2.17296,0.522648,3.80639e-12,2.91707e-21,1.30856
LO_MVe,5.0625e-05,4.5,2.04414,0.492124,3.18489e-12,2.40979e-21,1.22558
LO_MVe,7.59375e-05,4.5,1.91997,0.462514,2.66273e-12,1.9835e-21,1.14647
LO_MVe,0.000113906,4.5,1.80125,0.434229,2.22559e-12,1.62571e-21,1.07119
LO_MVe,0.000170859,4.5,1.68876,0.407437,1.86101e-12,1.32672e-21,0.999681
LO_MVe,0.000256289,4.5,1.58216,0.381654,1.55816e-12,1.07842e-21,0.931876
LO_MVe,0.000384434,4.5,1.4809,0.356956,1.30765e-12,8.72561e-22,0.867711
LO_MVe,0.00057665,4.5,1.38396,0.333289,1.10134e-12,7.03033e-22,0.807113
LO_MVe,0.000864976,4.5,1.29332,0.310802,9.32231e-13,5.63794e-22,0.75001
LO_MVe,0.00129746,4.5,1.20718,0.289242,7.94307e-13,4.50121e-22,0.696468
LO_MVe,0.0019462,4.5,1.12678,0.268685,6.8241e-13,3.57785e-22,0.646161
LO_MVe,0.00291929,4.5,1.05173,0.249244,5.92138e-13,2.8321199999999998e-22,0.599127
LO_MVe,0.00437894,4.5,0.982497,0.230672,5.19744e-13,2.23341e-22,0.555327
LO_MVe,0.00656841,4.5,0.920278,0.213137,4.62046e-13,1.7556799999999999e-22,0.514731
LO_MVe,0.00985261,4.5,0.865463,0.196803,4.16361e-13,1.37692e-22,0.477331
LO_MVe,1e-05,45.0,7.27912,1.74494,6.44269e-11,5.06366e-19,4.13409
LO_MVe,1.5e-05,45.0,6.72347,1.61482,5.41526e-11,4.22804e-19,3.80124
LO_MVe,2.25e-05,45.0,6.21247,1.49286,4.54361e-11,3.51781e-19,3.48925
LO_MVe,3.375e-05,45.0,5.73303,1.37992,3.80639e-11,2.91707e-19,3.19723
LO_MVe,5.0625e-05,45.0,5.28028,1.27249,3.18489e-11,2.40979e-19,2.92433
LO_MVe,7.59375e-05,45.0,4.86038,1.1715,2.66273e-11,1.9835000000000001e-19,2.66969
LO_MVe,0.000113906,45.0,4.47374,1.08001,2.22559e-11,1.62571e-19,2.43245
LO_MVe,0.000170859,45.0,4.1097,0.993213,1.86101e-11,1.32672e-19,2.21178
LO_MVe,0.000256289,45.0,3.77598,0.913273,1.55816e-11,1.07842e-19,2.00684
LO_MVe,0.000384434,45.0,3.47,0.838859,1.30765e-11,8.72561e-20,1.81683
LO_MVe,0.00057665,45.0,3.18245,0.770694,1.10134e-11,7.030329999999999e-20,1.64095
LO_MVe,0.000864976,45.0,2.91791,0.705966,9.32231e-12,5.63794e-20,1.47843
LO_MVe,0.00129746,45.0,2.67757,0.648144,7.94307e-12,4.50121e-20,1.32864
LO_MVe,0.0019462,45.0,2.45547,0.594036,6.8241e-12,3.5778499999999997e-20,1.19066
LO_MVe,0.00291929,45.0,2.25233,0.543683,5.92138e-12,2.83212e-20,1.0639
LO_MVe,0.00437894,45.0,2.06969,0.497244,5.19744e-12,2.23341e-20,0.947713
LO_MVe,0.00656841,45.0,1.90089,0.454633,4.62046e-12,1.7556799999999998e-20,0.841545
LO_MVe,0.00985261,45.0,1.75232,0.415044,4.16361e-12,1.3769199999999997e-20,0.744847
LO_MVe,1e-05,15.0,2.71165,0.554559,3.12293e-11,3.1084299999999997e-25,2.71165
LO_MVe,1.5e-05,15.0,4.31751,1.0294,1.80509e-11,4.6978199999999995e-20,2.51876
LO_MVe,2.25e-05,15.0,4.02985,0.961808,1.51454e-11,3.90868e-20,2.33611
LO_MVe,3.375e-05,15.0,3.75894,0.896732,1.2688e-11,3.24119e-20,2.16342
LO_MVe,5.0625e-05,15.0,3.50096,0.835923,1.06163e-11,2.6775499999999998e-20,2.00039
LO_MVe,7.59375e-05,15.0,3.25793,0.778774,8.87578e-12,2.2038899999999998e-20,1.84673
LO_MVe,0.000113906,15.0,3.02931,0.724094,7.41865e-12,1.8063499999999997e-20,1.70213
LO_MVe,0.000170859,15.0,2.81591,0.673281,6.20338e-12,1.4741399999999998e-20,1.56627
LO_MVe,0.000256289,15.0,2.61253,0.625004,5.19387e-12,1.1982399999999999e-20,1.43883
LO_MVe,0.000384434,15.0,2.42344,0.579573,4.35883e-12,9.695119999999999e-21,1.31947
LO_MVe,0.00057665,15.0,2.24824,0.53701,3.67113e-12,7.81148e-21,1.20788
LO_MVe,0.000864976,15.0,2.08262,0.496924,3.10744e-12,6.26437e-21,1.10372
LO_MVe,0.00129746,15.0,1.92764,0.459232,2.64769e-12,5.00134e-21,1.00681
LO_MVe,0.0019462,15.0,1.78466,0.424223,2.2747e-12,3.9753899999999995e-21,0.916586
LO_MVe,0.00291929,15.0,1.65202,0.391028,1.97379e-12,3.1467999999999998e-21,0.83286
LO_MVe,0.00437894,15.0,1.5301,0.359829,1.73248e-12,2.48157e-21,0.755356
LO_MVe,0.00656841,15.0,1.41807,0.330504,1.54015e-12,1.95076e-21,0.683827
LO_MVe,0.00985261,15.0,1.31885,0.303023,1.38787e-12,1.5299099999999999e-21,0.618049
LO_MVe,1e-05,27.0,5.93356,1.41496,3.86561e-11,1.8229200000000001e-19,3.42367
LO_MVe,1.5e-05,27.0,5.5113,1.31534,3.24916e-11,1.5221e-19,3.16256
LO_MVe,2.25e-05,27.0,5.11687,1.22141,2.72616e-11,1.26641e-19,2.91667
LO_MVe,3.375e-05,27.0,4.74392,1.13406,2.28383e-11,1.05015e-19,2.68546
LO_MVe,5.0625e-05,27.0,4.39512,1.05086,1.91094e-11,8.675259999999999e-20,2.46838
LO_MVe,7.59375e-05,27.0,4.06791,0.973231,1.59764e-11,7.140600000000001e-20,2.2649
LO_MVe,0.000113906,27.0,3.76498,0.89997,1.33536e-11,5.85257e-20,2.07445
LO_MVe,0.000170859,27.0,3.47835,0.832218,1.11661e-11,4.7762e-20,1.89647
LO_MVe,0.000256289,27.0,3.20884,0.768571,9.34897e-12,3.8823e-20,1.73042
LO_MVe,0.000384434,27.0,2.96369,0.709647,7.84589e-12,3.1412199999999995e-20,1.57574
LO_MVe,0.00057665,27.0,2.73253,0.654395,6.60803e-12,2.5309199999999996e-20,1.43189
LO_MVe,0.000864976,27.0,2.5198,0.603106,5.59339e-12,2.0296599999999997e-20,1.29834
LO_MVe,0.00129746,27.0,2.32227,0.555295,4.76584e-12,1.62043e-20,1.17468
LO_MVe,0.0019462,27.0,2.13978,0.511024,4.09446e-12,1.2880299999999999e-20,1.0602
LO_MVe,0.00291929,27.0,1.97354,0.469458,3.55283e-12,1.01956e-20,0.954518
LO_MVe,0.00437894,27.0,1.8185,0.430399,3.11846e-12,8.040289999999999e-21,0.857179
LO_MVe,0.00656841,27.0,1.67952,0.394431,2.77227e-12,6.3204499999999996e-21,0.767788
LO_MVe,0.00985261,27.0,1.55386,0.360637,2.49816e-12,4.95692e-21,0.685968
