LO_MVe,1e-05,4.5,1.57417,0.330934,9.74013e-12,2.90689e-26,1.57417
LO_MVe,1.5e-05,4.5,2.4237,0.580033,5.65265e-12,4.38922e-21,1.48
LO_MVe,2.25e-05,4.5,2.28497,0.547797,4.76133e-12,3.66425e-21,1.38978
LO_MVe,3.375e-05,4.5,2.15164,0.516548,4.00562e-12,3.0484799999999997e-21,1.30348
LO_MVe,5.0625e-05,4.5,2.02427,0.486311,3.36683e-12,2.52792e-21,1.22107
LO_MVe,7.59375e-05,4.5,1.90239,0.457327,2.8286e-12,2.08862e-21,1.14252
LO_MVe,0.000113906,4.5,1.78526,0.42979,2.37661e-12,1.7192699999999998e-21,1.06778
LO_MVe,0.000170859,4.5,1.67383,0.403033,1.99838e-12,1.41009e-21,0.996794
LO_MVe,0.000256289,4.5,1.56899,0.377604,1.68305e-12,1.15176e-21,0.929494
LO_MVe,0.000384434,4.5,1.46926,0.353461,1.42119e-12,9.36881e-22,0.865814
LO_MVe,0.00057665,4.5,1.37351,0.330123,1.20461e-12,7.590479999999999e-22,0.805682
LO_MVe,0.000864976,4.5,1.28416,0.307822,1.02625e-12,6.12477e-22,0.749024
LO_MVe,0.00129746,4.5,1.199,0.286687,8.80043e-13,4.92157e-22,0.695765
LO_MVe,0.0019462,4.5,1.12008,0.266415,7.60753e-13,3.93879e-22,0.645833
LO_MVe,0.00291929,4.5,1.04626,0.247329,6.6391e-13,3.14019e-22,0.599163
LO_MVe,0.00437894,4.5,0.978113,0.229029,5.85702e-13,2.49451e-22,0.555698
LO_MVe,0.00656841,4.5,0.91723,0.211843,5.2289e-13,1.9753599999999999e-22,0.5154
LO_MVe,0.00985261,4.5,0.863134,0.195775,4.72732e-13,1.56031e-22,0.478255
LO_MVe,1e-05,45.0,7.21029,1.7267,6.70083e-11,5.23936e-19,4.11653
LO_MVe,1.5e-05,45.0,6.66906,1.59787,5.65265e-11,4.38922e-19,3.78634
LO_MVe,2.25e-05,45.0,6.16128,1.47841,4.76133e-11,3.66425e-19,3.47678
LO_MVe,3.375e-05,45.0,5.68591,1.3646,4.00562e-11,3.04848e-19,3.187
LO_MVe,5.0625e-05,45.0,5.24039,1.26019,3.36683e-11,2.52792e-19,2.91614
LO_MVe,7.59375e-05,45.0,4.82808,1.16069,2.8286e-11,2.08862e-19,2.66337
LO_MVe,0.000113906,45.0,4.44845,1.07024,2.37661e-11,1.7192700000000001e-19,2.42783
LO_MVe,0.000170859,45.0,4.0894,0.986179,1.99838e-11,1.41009e-19,2.2087
LO_MVe,0.000256289,45.0,3.75805,0.906744,1.68305e-11,1.1517600000000001e-19,2.00515
LO_MVe,0.000384434,45.0,3.45368,0.832929,1.42119e-11,9.368809999999999e-20,1.81637
LO_MVe,0.00057665,45.0,3.17078,0.765224,1.20461e-11,7.59048e-20,1.6416
LO_MVe,0.000864976,45.0,2.91071,0.702138,1.02625e-11,6.12477e-20,1.48006
LO_MVe,0.00129746,45.0,2.6706,0.644481,8.80043e-12,4.9215699999999997e-20,1.33102
LO_MVe,0.0019462,45.0,2.45307,0.591068,7.60753e-12,3.9387899999999994e-20,1.19377
LO_MVe,0.00291929,45.0,2.25053,0.541337,6.63911e-12,3.1401899999999996e-20,1.06766
LO_MVe,0.00437894,45.0,2.07038,0.495945,5.85702e-12,2.4945099999999996e-20,0.95202
LO_MVe,0.00656841,45.0,1.90495,0.453164,5.2289e-12,1.9753599999999998e-20,0.846299
LO_MVe,0.00985261,45.0,1.75762,0.414106,4.72732e-12,1.56031e-20,0.749955
LO_MVe,1e-05,15.0,2.69936,0.551691,3.24671e-11,3.22987e-25,2.69936
LO_MVe,1.5e-05,15.0,4.27289,1.01773,1.88422e-11,4.8769099999999996e-20,2.50793
LO_MVe,2.25e-05,15.0,3.99057,0.950536,1.58711e-11,4.0713899999999995e-20,2.32665
LO_MVe,3.375e-05,15.0,3.72506,0.887334,1.33521e-11,3.3872e-20,2.15524
LO_MVe,5.0625e-05,15.0,3.46817,0.826998,1.12228e-11,2.8088e-20,1.99343
LO_MVe,7.59375e-05,15.0,3.23081,0.770544,9.42868e-12,2.3206899999999997e-20,1.84091
LO_MVe,0.000113906,15.0,3.00662,0.717564,7.92204e-12,1.9103e-20,1.69737
LO_MVe,0.000170859,15.0,2.79388,0.666483,6.66128e-12,1.5667699999999998e-20,1.5625
LO_MVe,0.000256289,15.0,2.59681,0.618938,5.61018e-12,1.2797399999999998e-20,1.43598
LO_MVe,0.000384434,15.0,2.4089,0.574601,4.7373e-12,1.0409799999999999e-20,1.31747
LO_MVe,0.00057665,15.0,2.23452,0.532487,4.01536e-12,8.43387e-21,1.20667
LO_MVe,0.000864976,15.0,2.0707,0.492768,3.42085e-12,6.8053e-21,1.10324
LO_MVe,0.00129746,15.0,1.91831,0.455738,2.93348e-12,5.4684099999999994e-21,1.00686
LO_MVe,0.0019462,15.0,1.77655,0.421183,2.53584e-12,4.37643e-21,0.917225
LO_MVe,0.00291929,15.0,1.64579,0.388434,2.21304e-12,3.4891e-21,0.83404
LO_MVe,0.00437894,15.0,1.52601,0.357681,1.95234e-12,2.7716699999999998e-21,0.757017
LO_MVe,0.00656841,15.0,1.4156,0.328849,1.74297e-12,2.19485e-21,0.685907
LO_MVe,0.00985261,15.0,1.31631,0.301425,1.57577e-12,1.73368e-21,0.620485
LO_MVe,1e-05,27.0,5.87348,1.39837,4.0205e-11,1.88617e-19,3.40851
LO_MVe,1.5e-05,27.0,5.46124,1.30066,3.39159e-11,1.5801200000000001e-19,3.14944
LO_MVe,2.25e-05,27.0,5.07171,1.20861,2.8568e-11,1.31913e-19,2.90544
LO_MVe,3.375e-05,27.0,4.70404,1.12195,2.40337e-11,1.09745e-19,2.67599
LO_MVe,5.0625e-05,27.0,4.3612,1.04014,2.0201e-11,9.1005e-20,2.46055
LO_MVe,7.59375e-05,27.0,4.03604,0.964366,1.69716e-11,7.519039999999999e-20,2.25857
LO_MVe,0.000113906,27.0,3.73537,0.891735,1.42597e-11,6.18937e-20,2.06951
LO_MVe,0.000170859,27.0,3.45381,0.824569,1.19903e-11,5.076319999999999e-20,1.89281
LO_MVe,0.000256289,27.0,3.19276,0.762228,1.00983e-11,4.14635e-20,1.72792
LO_MVe,0.000384434,27.0,2.94825,0.704724,8.52713e-12,3.37277e-20,1.5743
LO_MVe,0.00057665,27.0,2.7202,0.649644,7.22764e-12,2.73257e-20,1.43141
LO_MVe,0.000864976,27.0,2.50922,0.598621,6.15752e-12,2.2049199999999998e-20,1.29872
LO_MVe,0.00129746,27.0,2.31459,0.551561,5.28026e-12,1.7717699999999997e-20,1.17573
LO_MVe,0.0019462,27.0,2.13574,0.507856,4.56452e-12,1.41796e-20,1.06193
LO_MVe,0.00291929,27.0,1.96863,0.466725,3.98346e-12,1.13047e-20,0.95685
LO_MVe,0.00437894,27.0,1.8164,0.428492,3.51421e-12,8.980219999999999e-21,0.86004
LO_MVe,0.00656841,27.0,1.67841,0.392758,3.13734e-12,7.11131e-21,0.771098
LO_MVe,0.00985261,27.0,1.5539,0.35973,2.83639e-12,5.6171099999999994e-21,0.689648
