LO_MVe,1e-05,4.5,1.55187,0.32635,9.11775e-12,2.7227e-26,1.55187
LO_MVe,1.5e-05,4.5,2.38817,0.571868,5.25379e-12,4.1012199999999995e-21,1.45926
LO_MVe,2.25e-05,4.5,2.25173,0.539902,4.40954e-12,3.41336e-21,1.37052
LO_MVe,3.375e-05,4.5,2.12053,0.509204,3.69519e-12,2.83129e-21,1.28565
LO_MVe,5.0625e-05,4.5,1.9945,0.479476,3.09272e-12,2.3395599999999998e-21,1.20462
LO_MVe,7.59375e-05,4.5,1.87465,0.451103,2.58633e-12,1.92617e-21,1.12737
LO_MVe,0.000113906,4.5,1.75947,0.423676,2.16221e-12,1.5790499999999999e-21,1.05387
LO_MVe,0.000170859,4.5,1.65052,0.397602,1.80836e-12,1.2888599999999999e-21,0.984061
LO_MVe,0.000256289,4.5,1.54729,0.372564,1.51431e-12,1.04777e-21,0.917879
LO_MVe,0.000384434,4.5,1.44832,0.348409,1.27098e-12,8.47825e-22,0.855257
LO_MVe,0.00057665,4.5,1.35522,0.325713,1.07054e-12,6.83116e-22,0.796124
LO_MVe,0.000864976,4.5,1.26651,0.30386,9.06201e-13,5.478e-22,0.740408
LO_MVe,0.00129746,4.5,1.1834,0.283076,7.7214e-13,4.37308e-22,0.688034
LO_MVe,0.0019462,4.5,1.10529,0.263113,6.63361e-13,3.4753999999999997e-22,0.638932
LO_MVe,0.00291929,4.5,1.03242,0.244154,5.75593e-13,2.75028e-22,0.593037
LO_MVe,0.00437894,4.5,0.96559,0.226221,5.052e-13,2.1680599999999997e-22,0.550292
LO_MVe,0.00656841,4.5,0.905537,0.209256,4.49102e-13,1.7035099999999999e-22,0.510664
LO_MVe,0.00985261,4.5,0.852506,0.193352,4.04699e-13,1.33531e-22,0.474137
LO_MVe,1e-05,45.0,7.08689,1.69717,6.2485e-11,4.91016e-19,4.04953
LO_MVe,1.5e-05,45.0,6.55071,1.57136,5.25379e-11,4.10122e-19,3.72503
LO_MVe,2.25e-05,45.0,6.05695,1.45349,4.40954e-11,3.41336e-19,3.4208
LO_MVe,3.375e-05,45.0,5.58758,1.34246,3.69519e-11,2.83129e-19,3.136
LO_MVe,5.0625e-05,45.0,5.15649,1.23952,3.09272e-11,2.33956e-19,2.86979
LO_MVe,7.59375e-05,45.0,4.74838,1.14152,2.58633e-11,1.92617e-19,2.62133
LO_MVe,0.000113906,45.0,4.37332,1.05301,2.16221e-11,1.57905e-19,2.3898
LO_MVe,0.000170859,45.0,4.0191,0.96973,1.80836e-11,1.28886e-19,2.17438
LO_MVe,0.000256289,45.0,3.69699,0.891529,1.51431e-11,1.04777e-19,1.97426
LO_MVe,0.000384434,45.0,3.39634,0.819218,1.27098e-11,8.47825e-20,1.78865
LO_MVe,0.00057665,45.0,3.11997,0.753115,1.07054e-11,6.831159999999999e-20,1.61679
LO_MVe,0.000864976,45.0,2.86521,0.691407,9.06202e-12,5.478e-20,1.45792
LO_MVe,0.00129746,45.0,2.62778,0.633897,7.72141e-12,4.3730799999999995e-20,1.31134
LO_MVe,0.0019462,45.0,2.41375,0.581415,6.63361e-12,3.4754e-20,1.17633
LO_MVe,0.00291929,45.0,2.21668,0.532062,5.75593e-12,2.75028e-20,1.05226
LO_MVe,0.00437894,45.0,2.03591,0.487282,5.052e-12,2.1680599999999998e-20,0.938463
LO_MVe,0.00656841,45.0,1.87458,0.445818,4.49102e-12,1.70351e-20,0.834419
LO_MVe,0.00985261,45.0,1.72972,0.406733,4.04699e-12,1.3353099999999998e-20,0.739585
LO_MVe,1e-05,15.0,2.65849,0.543394,3.03925e-11,3.02522e-25,2.65849
LO_MVe,1.5e-05,15.0,4.20943,1.00189,1.75126e-11,4.5569199999999997e-20,2.47028
LO_MVe,2.25e-05,15.0,3.92982,0.935845,1.46985e-11,3.7926199999999997e-20,2.29204
LO_MVe,3.375e-05,15.0,3.66736,0.873877,1.23173e-11,3.1458799999999994e-20,2.12351
LO_MVe,5.0625e-05,15.0,3.41852,0.815101,1.03091e-11,2.5995199999999996e-20,1.9644
LO_MVe,7.59375e-05,15.0,3.18344,0.759483,8.6211e-12,2.1401799999999997e-20,1.81443
LO_MVe,0.000113906,15.0,2.9605,0.70671,7.20738e-12,1.7545e-20,1.67328
LO_MVe,0.000170859,15.0,2.7514,0.65658,6.02786e-12,1.43207e-20,1.54065
LO_MVe,0.000256289,15.0,2.5564,0.610055,5.04769e-12,1.1641899999999998e-20,1.41622
LO_MVe,0.000384434,15.0,2.37338,0.565903,4.23661e-12,9.420279999999999e-21,1.29967
LO_MVe,0.00057665,15.0,2.20126,0.524572,3.56847e-12,7.59018e-21,1.19068
LO_MVe,0.000864976,15.0,2.04082,0.485891,3.02067e-12,6.08667e-21,1.08893
LO_MVe,0.00129746,15.0,1.89219,0.449364,2.5738e-12,4.8589699999999995e-21,0.994113
LO_MVe,0.0019462,15.0,1.75197,0.415231,2.2112e-12,3.86155e-21,0.905922
LO_MVe,0.00291929,15.0,1.62363,0.383126,1.91864e-12,3.05586e-21,0.824064
LO_MVe,0.00437894,15.0,1.50461,0.352885,1.684e-12,2.40895e-21,0.748255
LO_MVe,0.00656841,15.0,1.39632,0.324117,1.49701e-12,1.89279e-21,0.67826
LO_MVe,0.00985261,15.0,1.29884,0.297261,1.349e-12,1.4836699999999999e-21,0.613851
LO_MVe,1e-05,27.0,5.7798,1.37685,3.7491e-11,1.76766e-19,3.35493
LO_MVe,1.5e-05,27.0,5.37515,1.28038,3.15228e-11,1.47644e-19,3.10027
LO_MVe,2.25e-05,27.0,4.9881,1.18942,2.64572e-11,1.22881e-19,2.86042
LO_MVe,3.375e-05,27.0,4.62885,1.1036,2.21712e-11,1.01927e-19,2.63486
LO_MVe,5.0625e-05,27.0,4.29103,1.02404,1.85563e-11,8.422429999999999e-20,2.42307
LO_MVe,7.59375e-05,27.0,3.97606,0.948612,1.5518e-11,6.934189999999999e-20,2.2245
LO_MVe,0.000113906,27.0,3.67934,0.878496,1.29733e-11,5.684579999999999e-20,2.03861
LO_MVe,0.000170859,27.0,3.40135,0.811947,1.08502e-11,4.6399e-20,1.86487
LO_MVe,0.000256289,27.0,3.14132,0.751262,9.08584e-12,3.7719899999999994e-20,1.70273
LO_MVe,0.000384434,27.0,2.90181,0.69335,7.62591e-12,3.05217e-20,1.55165
LO_MVe,0.00057665,27.0,2.67882,0.639297,6.42324e-12,2.4592199999999997e-20,1.41112
LO_MVe,0.000864976,27.0,2.47034,0.58956,5.43721e-12,1.97208e-20,1.2806
LO_MVe,0.00129746,27.0,2.27962,0.54345,4.63284e-12,1.57431e-20,1.15961
LO_MVe,0.0019462,27.0,2.10274,0.500065,3.98017e-12,1.2511399999999998e-20,1.04764
LO_MVe,0.00291929,27.0,1.93971,0.459559,3.45356e-12,9.901e-21,0.944247
LO_MVe,0.00437894,27.0,1.78909,0.421939,3.0312e-12,7.805e-21,0.848963
LO_MVe,0.00656841,27.0,1.65432,0.387102,2.69461e-12,6.13264e-21,0.761414
LO_MVe,0.00985261,27.0,1.53121,0.353978,2.42819e-12,4.8071e-21,0.681223
