LO_MVe,1e-05,4.5,1.57288,0.330398,9.14798e-12,2.73118e-26,1.57288
LO_MVe,1.5e-05,4.5,2.3891,0.570482,5.25668e-12,4.09127e-21,1.47884
LO_MVe,2.25e-05,4.5,2.25158,0.538159,4.42151e-12,3.41118e-21,1.3888
LO_MVe,3.375e-05,4.5,2.12151,0.507451,3.71379e-12,2.8348799999999998e-21,1.30274
LO_MVe,5.0625e-05,4.5,1.99583,0.478068,3.11596e-12,2.3472e-21,1.22061
LO_MVe,7.59375e-05,4.5,1.87577,0.449673,2.61263e-12,1.9361199999999998e-21,1.14236
LO_MVe,0.000113906,4.5,1.76087,0.42241,2.19032e-12,1.5911299999999999e-21,1.06795
LO_MVe,0.000170859,4.5,1.6529,0.396461,1.83732e-12,1.3020699999999999e-21,0.997312
LO_MVe,0.000256289,4.5,1.5494,0.371523,1.54339e-12,1.06097e-21,0.930377
LO_MVe,0.000384434,4.5,1.45139,0.347872,1.29964e-12,8.6094e-22,0.86707
LO_MVe,0.00057665,4.5,1.35883,0.325138,1.09839e-12,6.95586e-22,0.807315
LO_MVe,0.000864976,4.5,1.2706,0.303403,9.32994e-13,5.59508e-22,0.751049
LO_MVe,0.00129746,4.5,1.18808,0.282495,7.97709e-13,4.48075e-22,0.698154
LO_MVe,0.0019462,4.5,1.11042,0.262803,6.87621e-13,3.5729899999999998e-22,0.64857
LO_MVe,0.00291929,4.5,1.03767,0.243975,5.98522e-13,2.83742e-22,0.602222
LO_MVe,0.00437894,4.5,0.971756,0.226176,5.26823e-13,2.24482e-22,0.559042
LO_MVe,0.00656841,4.5,0.911785,0.20943,4.69472e-13,1.77023e-22,0.518979
LO_MVe,0.00985261,4.5,0.859174,0.193679,4.23894e-13,1.39252e-22,0.481997
LO_MVe,1e-05,45.0,7.02837,1.67894,6.23929e-11,4.88969e-19,4.0702
LO_MVe,1.5e-05,45.0,6.50459,1.55442,5.25668e-11,4.09127e-19,3.7446
LO_MVe,2.25e-05,45.0,6.01249,1.43652,4.42151e-11,3.41118e-19,3.43938
LO_MVe,3.375e-05,45.0,5.54914,1.3285,3.71379e-11,2.83488e-19,3.15369
LO_MVe,5.0625e-05,45.0,5.11908,1.22448,3.11596e-11,2.3472e-19,2.88667
LO_MVe,7.59375e-05,45.0,4.71692,1.13015,2.61263e-11,1.9361200000000002e-19,2.63748
LO_MVe,0.000113906,45.0,4.3426,1.04114,2.19032e-11,1.59113e-19,2.40528
LO_MVe,0.000170859,45.0,3.99903,0.959121,1.83732e-11,1.30207e-19,2.18923
LO_MVe,0.000256289,45.0,3.67961,0.882317,1.54339e-11,1.06097e-19,1.98853
LO_MVe,0.000384434,45.0,3.38322,0.810747,1.29964e-11,8.6094e-20,1.80239
LO_MVe,0.00057665,45.0,3.10825,0.745109,1.09839e-11,6.955859999999999e-20,1.63001
LO_MVe,0.000864976,45.0,2.85401,0.684409,9.32994e-12,5.59508e-20,1.47067
LO_MVe,0.00129746,45.0,2.62157,0.627512,7.97709e-12,4.48075e-20,1.32361
LO_MVe,0.0019462,45.0,2.40955,0.576259,6.87621e-12,3.57299e-20,1.18815
LO_MVe,0.00291929,45.0,2.21438,0.528017,5.98522e-12,2.83742e-20,1.06362
LO_MVe,0.00437894,45.0,2.03757,0.483501,5.26823e-12,2.2448199999999997e-20,0.949394
LO_MVe,0.00656841,45.0,1.87578,0.441851,4.69472e-12,1.77023e-20,0.844887
LO_MVe,0.00985261,45.0,1.73098,0.403798,4.23894e-12,1.3925199999999998e-20,0.749562
LO_MVe,1e-05,15.0,2.68142,0.546763,3.04933e-11,3.03464e-25,2.68142
LO_MVe,1.5e-05,15.0,4.19,0.994075,1.75223e-11,4.5458599999999993e-20,2.49163
LO_MVe,2.25e-05,15.0,3.91286,0.928638,1.47384e-11,3.7902e-20,2.31197
LO_MVe,3.375e-05,15.0,3.64989,0.866178,1.23793e-11,3.14987e-20,2.14214
LO_MVe,5.0625e-05,15.0,3.4051,0.808483,1.03865e-11,2.6080000000000002e-20,1.98186
LO_MVe,7.59375e-05,15.0,3.17079,0.752984,8.70875e-12,2.1512499999999998e-20,1.83083
LO_MVe,0.000113906,15.0,2.94989,0.700412,7.30108e-12,1.76792e-20,1.68872
LO_MVe,0.000170859,15.0,2.74348,0.651331,6.1244e-12,1.4467499999999998e-20,1.55522
LO_MVe,0.000256289,15.0,2.54915,0.605347,5.14462e-12,1.1788599999999999e-20,1.42999
LO_MVe,0.000384434,15.0,2.36837,0.56169,4.33214e-12,9.565989999999999e-21,1.31272
LO_MVe,0.00057665,15.0,2.1973,0.520805,3.66132e-12,7.72873e-21,1.20307
LO_MVe,0.000864976,15.0,2.03889,0.482374,3.10998e-12,6.2167599999999995e-21,1.10073
LO_MVe,0.00129746,15.0,1.88962,0.446344,2.65903e-12,4.97861e-21,1.00535
LO_MVe,0.0019462,15.0,1.75125,0.412299,2.29207e-12,3.96998e-21,0.916629
LO_MVe,0.00291929,15.0,1.62387,0.380683,1.99507e-12,3.1526899999999997e-21,0.834274
LO_MVe,0.00437894,15.0,1.50678,0.350641,1.75608e-12,2.49424e-21,0.757993
LO_MVe,0.00656841,15.0,1.39954,0.322197,1.56491e-12,1.96692e-21,0.687523
LO_MVe,0.00985261,15.0,1.30248,0.295739,1.41298e-12,1.54724e-21,0.622626
LO_MVe,1e-05,27.0,5.7489,1.36288,3.74357e-11,1.7602900000000001e-19,3.37717
LO_MVe,1.5e-05,27.0,5.33875,1.26637,3.15401e-11,1.47286e-19,3.1211
LO_MVe,2.25e-05,27.0,4.96067,1.17732,2.65291e-11,1.22802e-19,2.87998
LO_MVe,3.375e-05,27.0,4.60129,1.09275,2.22827e-11,1.02056e-19,2.65327
LO_MVe,5.0625e-05,27.0,4.26487,1.01268,1.86958e-11,8.449919999999999e-20,2.44044
LO_MVe,7.59375e-05,27.0,3.95276,0.939411,1.56758e-11,6.97004e-20,2.24093
LO_MVe,0.000113906,27.0,3.65694,0.869327,1.31419e-11,5.72807e-20,2.05419
LO_MVe,0.000170859,27.0,3.38388,0.804567,1.10239e-11,4.687459999999999e-20,1.87967
LO_MVe,0.000256289,27.0,3.1279,0.743826,9.26032e-12,3.8195e-20,1.71682
LO_MVe,0.000384434,27.0,2.89066,0.686415,7.79785e-12,3.0993799999999996e-20,1.56509
LO_MVe,0.00057665,27.0,2.66965,0.633519,6.59037e-12,2.5041099999999996e-20,1.42395
LO_MVe,0.000864976,27.0,2.46433,0.584519,5.59797e-12,2.0142299999999998e-20,1.29289
LO_MVe,0.00129746,27.0,2.27508,0.538509,4.78625e-12,1.6130699999999998e-20,1.17137
LO_MVe,0.0019462,27.0,2.1016,0.49579,4.12573e-12,1.2862699999999999e-20,1.0589
LO_MVe,0.00291929,27.0,1.93871,0.455932,3.59113e-12,1.0214699999999998e-20,0.955025
LO_MVe,0.00437894,27.0,1.78983,0.418613,3.16094e-12,8.08135e-21,0.859284
LO_MVe,0.00656841,27.0,1.65522,0.384163,2.81683e-12,6.3728199999999996e-21,0.771264
LO_MVe,0.00985261,27.0,1.53312,0.35135,2.54336e-12,5.01306e-21,0.690585
