LO_MVe,1e-05,4.5,1.56914,0.329762,9.04717e-12,2.70166e-26,1.56914
LO_MVe,1.5e-05,4.5,2.38852,0.570673,5.18925e-12,4.0480599999999996e-21,1.47571
LO_MVe,2.25e-05,4.5,2.25212,0.538792,4.35835e-12,3.3711999999999997e-21,1.38624
LO_MVe,3.375e-05,4.5,2.12175,0.50816,3.65482e-12,2.7979899999999998e-21,1.30068
LO_MVe,5.0625e-05,4.5,1.99659,0.478621,3.06105e-12,2.3134399999999998e-21,1.21902
LO_MVe,7.59375e-05,4.5,1.87712,0.450202,2.56162e-12,1.90537e-21,1.14121
LO_MVe,0.000113906,4.5,1.76238,0.423327,2.14304e-12,1.56328e-21,1.06719
LO_MVe,0.000170859,4.5,1.65443,0.39742,1.79356e-12,1.27667e-21,0.996914
LO_MVe,0.000256289,4.5,1.55138,0.372511,1.50293e-12,1.0383999999999999e-21,0.930305
LO_MVe,0.000384434,4.5,1.4536,0.348653,1.26227e-12,8.40743e-22,0.867296
LO_MVe,0.00057665,4.5,1.36053,0.325888,1.06389e-12,6.77667e-22,0.807825
LO_MVe,0.000864976,4.5,1.27264,0.304284,9.0114e-13,5.43674e-22,0.751866
LO_MVe,0.00129746,4.5,1.18988,0.283455,7.68281e-13,4.34172e-22,0.6992
LO_MVe,0.0019462,4.5,1.11267,0.263656,6.60409e-13,3.45154e-22,0.649825
LO_MVe,0.00291929,4.5,1.03992,0.244897,5.73323e-13,2.73207e-22,0.603669
LO_MVe,0.00437894,4.5,0.973615,0.226992,5.03444e-13,2.15407e-22,0.560669
LO_MVe,0.00656841,4.5,0.913974,0.210099,4.47732e-13,1.69267e-22,0.520774
LO_MVe,0.00985261,4.5,0.861675,0.194523,4.0362e-13,1.3268099999999999e-22,0.483955
LO_MVe,1e-05,45.0,7.05229,1.68428,6.16756e-11,4.84354e-19,4.07093
LO_MVe,1.5e-05,45.0,6.52748,1.5599,5.18925e-11,4.04806e-19,3.74601
LO_MVe,2.25e-05,45.0,6.03051,1.44242,4.35835e-11,3.3712000000000003e-19,3.44137
LO_MVe,3.375e-05,45.0,5.56584,1.33288,3.65482e-11,2.79799e-19,3.15616
LO_MVe,5.0625e-05,45.0,5.13895,1.23062,3.06105e-11,2.31344e-19,2.88953
LO_MVe,7.59375e-05,45.0,4.73897,1.135,2.56162e-11,1.90537e-19,2.64066
LO_MVe,0.000113906,45.0,4.36413,1.04734,2.14304e-11,1.56328e-19,2.40871
LO_MVe,0.000170859,45.0,4.01768,0.963898,1.79356e-11,1.27667e-19,2.19286
LO_MVe,0.000256289,45.0,3.6975,0.887036,1.50293e-11,1.0384000000000001e-19,1.99229
LO_MVe,0.000384434,45.0,3.39903,0.815302,1.26227e-11,8.407429999999999e-20,1.80623
LO_MVe,0.00057665,45.0,3.1245,0.749177,1.06389e-11,6.776669999999999e-20,1.63392
LO_MVe,0.000864976,45.0,2.87162,0.688932,9.0114e-12,5.43674e-20,1.47464
LO_MVe,0.00129746,45.0,2.63511,0.632258,7.68282e-12,4.34172e-20,1.32755
LO_MVe,0.0019462,45.0,2.42332,0.579648,6.60409e-12,3.4515399999999996e-20,1.19204
LO_MVe,0.00291929,45.0,2.22699,0.531648,5.73323e-12,2.7320699999999995e-20,1.06743
LO_MVe,0.00437894,45.0,2.04833,0.486919,5.03444e-12,2.15407e-20,0.953105
LO_MVe,0.00656841,45.0,1.88717,0.445253,4.47732e-12,1.6926699999999997e-20,0.848486
LO_MVe,0.00985261,45.0,1.74171,0.406771,4.0362e-12,1.3268099999999998e-20,0.753037
LO_MVe,1e-05,15.0,2.67917,0.546785,3.01572e-11,3.00184e-25,2.67917
LO_MVe,1.5e-05,15.0,4.19794,0.996961,1.72975e-11,4.4978399999999997e-20,2.49012
LO_MVe,2.25e-05,15.0,3.92209,0.931417,1.45278e-11,3.7457799999999996e-20,2.31112
LO_MVe,3.375e-05,15.0,3.65962,0.869668,1.21827e-11,3.10887e-20,2.14188
LO_MVe,5.0625e-05,15.0,3.4122,0.811324,1.02035e-11,2.5704899999999997e-20,1.98213
LO_MVe,7.59375e-05,15.0,3.17926,0.755859,8.53873e-12,2.11708e-20,1.83155
LO_MVe,0.000113906,15.0,2.95973,0.703822,7.14346e-12,1.73697e-20,1.68984
LO_MVe,0.000170859,15.0,2.75101,0.654065,5.97852e-12,1.41852e-20,1.55668
LO_MVe,0.000256289,15.0,2.55726,0.608056,5.00976e-12,1.1537799999999998e-20,1.43175
LO_MVe,0.000384434,15.0,2.37603,0.56446,4.20758e-12,9.34158e-21,1.31473
LO_MVe,0.00057665,15.0,2.20602,0.523761,3.54631e-12,7.52963e-21,1.20531
LO_MVe,0.000864976,15.0,2.04562,0.484871,3.0038e-12,6.04083e-21,1.1032
LO_MVe,0.00129746,15.0,1.89759,0.448704,2.56094e-12,4.82413e-21,1.00797
LO_MVe,0.0019462,15.0,1.7581,0.414706,2.20136e-12,3.8350499999999995e-21,0.919372
LO_MVe,0.00291929,15.0,1.63118,0.38264,1.91108e-12,3.03563e-21,0.83711
LO_MVe,0.00437894,15.0,1.5137,0.352723,1.67815e-12,2.39341e-21,0.760903
LO_MVe,0.00656841,15.0,1.40602,0.324345,1.49244e-12,1.88075e-21,0.690489
LO_MVe,0.00985261,15.0,1.30858,0.297583,1.3454e-12,1.47423e-21,0.625633
LO_MVe,1e-05,27.0,5.75679,1.36665,3.70054e-11,1.74367e-19,3.37633
LO_MVe,1.5e-05,27.0,5.35473,1.27207,3.11355e-11,1.4573000000000001e-19,3.12099
LO_MVe,2.25e-05,27.0,4.97332,1.18351,2.61501e-11,1.21363e-19,2.88051
LO_MVe,3.375e-05,27.0,4.61742,1.09851,2.19289e-11,1.00727e-19,2.65436
LO_MVe,5.0625e-05,27.0,4.28123,1.01852,1.83663e-11,8.328379999999999e-20,2.44201
LO_MVe,7.59375e-05,27.0,3.96645,0.943312,1.53697e-11,6.859339999999999e-20,2.24291
LO_MVe,0.000113906,27.0,3.67367,0.873983,1.28582e-11,5.627800000000001e-20,2.05651
LO_MVe,0.000170859,27.0,3.39949,0.808591,1.07613e-11,4.596e-20,1.88227
LO_MVe,0.000256289,27.0,3.14242,0.747508,9.01757e-12,3.7382399999999995e-20,1.71964
LO_MVe,0.000384434,27.0,2.90393,0.690245,7.57364e-12,3.02667e-20,1.5681
LO_MVe,0.00057665,27.0,2.68257,0.63721,6.38336e-12,2.4396e-20,1.42711
LO_MVe,0.000864976,27.0,2.47705,0.588154,5.40684e-12,1.95723e-20,1.29619
LO_MVe,0.00129746,27.0,2.28649,0.54212,4.60969e-12,1.56302e-20,1.17474
LO_MVe,0.0019462,27.0,2.11114,0.498717,3.96245e-12,1.2425499999999998e-20,1.06231
LO_MVe,0.00291929,27.0,1.9478,0.458645,3.43994e-12,9.83544e-21,0.958438
LO_MVe,0.00437894,27.0,1.80005,0.421625,3.02066e-12,7.75464e-21,0.862686
LO_MVe,0.00656841,27.0,1.66427,0.386554,2.68639e-12,6.09362e-21,0.774637
LO_MVe,0.00985261,27.0,1.54297,0.354113,2.42172e-12,4.7765099999999996e-21,0.693914
