LO_MVe,1e-05,4.5,1.54832,0.325271,9.15469e-12,2.7328100000000003e-26,1.54832
LO_MVe,1.5e-05,4.5,2.34168,0.558836,5.2604e-12,4.0879599999999995e-21,1.45652
LO_MVe,2.25e-05,4.5,2.20986,0.527997,4.42998e-12,3.41243e-21,1.36861
LO_MVe,3.375e-05,4.5,2.08124,0.497971,3.72562e-12,2.83838e-21,1.28456
LO_MVe,5.0625e-05,4.5,1.95997,0.469114,3.13006e-12,2.35294e-21,1.20434
LO_MVe,7.59375e-05,4.5,1.84373,0.441571,2.62813e-12,1.94317e-21,1.12789
LO_MVe,0.000113906,4.5,1.73196,0.415122,2.20656e-12,1.5989199999999999e-21,1.05518
LO_MVe,0.000170859,4.5,1.62564,0.389978,1.85377e-12,1.31012e-21,0.986135
LO_MVe,0.000256289,4.5,1.52576,0.365637,1.55967e-12,1.0689099999999999e-21,0.920698
LO_MVe,0.000384434,4.5,1.43008,0.342498,1.31549e-12,8.68661e-22,0.858795
LO_MVe,0.00057665,4.5,1.33922,0.320363,1.11362e-12,7.02824e-22,0.800352
LO_MVe,0.000864976,4.5,1.25386,0.299117,9.47475e-13,5.66228e-22,0.745309
LO_MVe,0.00129746,4.5,1.17304,0.278925,8.11383e-13,4.54172e-22,0.693552
LO_MVe,0.0019462,4.5,1.09746,0.25959,7.00466e-13,3.6274999999999997e-22,0.645022
LO_MVe,0.00291929,4.5,1.02666,0.241128,6.10547e-13,2.88546e-22,0.599645
LO_MVe,0.00437894,4.5,0.962188,0.223806,5.38058e-13,2.28658e-22,0.557356
LO_MVe,0.00656841,4.5,0.903774,0.207298,4.79966e-13,1.80608e-22,0.518101
LO_MVe,0.00985261,4.5,0.852353,0.191947,4.33702e-13,1.42289e-22,0.481842
LO_MVe,1e-05,45.0,6.92706,1.6515,6.23656e-11,4.88056e-19,4.01539
LO_MVe,1.5e-05,45.0,6.41024,1.52991,5.2604e-11,4.08796e-19,3.69641
LO_MVe,2.25e-05,45.0,5.92793,1.41629,4.42998e-11,3.41243e-19,3.39726
LO_MVe,3.375e-05,45.0,5.47998,1.30864,3.72562e-11,2.83838e-19,3.11712
LO_MVe,5.0625e-05,45.0,5.05502,1.20828,3.13006e-11,2.35294e-19,2.85518
LO_MVe,7.59375e-05,45.0,4.66121,1.1151,2.62813e-11,1.94317e-19,2.61062
LO_MVe,0.000113906,45.0,4.29843,1.02822,2.20656e-11,1.59892e-19,2.38261
LO_MVe,0.000170859,45.0,3.95659,0.946831,1.85377e-11,1.31012e-19,2.17036
LO_MVe,0.000256289,45.0,3.64772,0.873139,1.55967e-11,1.06891e-19,1.97309
LO_MVe,0.000384434,45.0,3.3553,0.802671,1.31549e-11,8.686609999999999e-20,1.79002
LO_MVe,0.00057665,45.0,3.08543,0.738571,1.11362e-11,7.028239999999999e-20,1.62039
LO_MVe,0.000864976,45.0,2.83545,0.678055,9.47475e-12,5.66228e-20,1.46349
LO_MVe,0.00129746,45.0,2.60739,0.6231,8.11383e-12,4.5417199999999993e-20,1.3186
LO_MVe,0.0019462,45.0,2.40027,0.572151,7.00466e-12,3.6275e-20,1.18503
LO_MVe,0.00291929,45.0,2.20776,0.524796,6.10547e-12,2.88546e-20,1.06216
LO_MVe,0.00437894,45.0,2.03158,0.480483,5.38058e-12,2.28658e-20,0.949365
LO_MVe,0.00656841,45.0,1.87254,0.439637,4.79966e-12,1.80608e-20,0.846074
LO_MVe,0.00985261,45.0,1.73024,0.402323,4.33702e-12,1.42289e-20,0.751765
LO_MVe,1e-05,15.0,2.64272,0.539101,3.05156e-11,3.03645e-25,2.64272
LO_MVe,1.5e-05,15.0,4.11981,0.976569,1.75347e-11,4.542169999999999e-20,2.45708
LO_MVe,2.25e-05,15.0,3.85171,0.913521,1.47666e-11,3.79159e-20,2.28128
LO_MVe,3.375e-05,15.0,3.5923,0.85275,1.24187e-11,3.15375e-20,2.11506
LO_MVe,5.0625e-05,15.0,3.35358,0.796289,1.04335e-11,2.6143799999999997e-20,1.95812
LO_MVe,7.59375e-05,15.0,3.12483,0.741825,8.76044e-12,2.15908e-20,1.81018
LO_MVe,0.000113906,15.0,2.90938,0.690668,7.3552e-12,1.7765799999999998e-20,1.67092
LO_MVe,0.000170859,15.0,2.70652,0.642806,6.17924e-12,1.45569e-20,1.54005
LO_MVe,0.000256289,15.0,2.51833,0.597835,5.19891e-12,1.1876699999999998e-20,1.41724
LO_MVe,0.000384434,15.0,2.33977,0.555158,4.38496e-12,9.651789999999999e-21,1.30218
LO_MVe,0.00057665,15.0,2.1744,0.515029,3.71206e-12,7.80915e-21,1.19455
LO_MVe,0.000864976,15.0,2.01832,0.477453,3.15825e-12,6.29142e-21,1.09405
LO_MVe,0.00129746,15.0,1.87288,0.442097,2.70461e-12,5.04635e-21,1.00034
LO_MVe,0.0019462,15.0,1.73683,0.408528,2.33489e-12,4.0305599999999996e-21,0.913123
LO_MVe,0.00291929,15.0,1.61253,0.377247,2.03516e-12,3.2060599999999997e-21,0.832114
LO_MVe,0.00437894,15.0,1.49768,0.347779,1.79353e-12,2.54065e-21,0.757032
LO_MVe,0.00656841,15.0,1.39084,0.319917,1.59989e-12,2.00675e-21,0.687618
LO_MVe,0.00985261,15.0,1.29584,0.29386,1.44567e-12,1.5809899999999999e-21,0.623638
LO_MVe,1e-05,27.0,5.65334,1.33953,3.74194e-11,1.757e-19,3.33022
LO_MVe,1.5e-05,27.0,5.2596,1.24712,3.15624e-11,1.47166e-19,3.07952
LO_MVe,2.25e-05,27.0,4.88752,1.15972,2.65799e-11,1.22848e-19,2.84337
LO_MVe,3.375e-05,27.0,4.53779,1.07725,2.23537e-11,1.02182e-19,2.62126
LO_MVe,5.0625e-05,27.0,4.20778,0.999228,1.87804e-11,8.4706e-20,2.41264
LO_MVe,7.59375e-05,27.0,3.90242,0.926449,1.57688e-11,6.995409999999999e-20,2.21701
LO_MVe,0.000113906,27.0,3.61544,0.858939,1.32394e-11,5.75613e-20,2.03381
LO_MVe,0.000170859,27.0,3.34621,0.794852,1.11226e-11,4.7164399999999995e-20,1.86252
LO_MVe,0.000256289,27.0,3.09556,0.735103,9.35804e-12,3.84806e-20,1.70261
LO_MVe,0.000384434,27.0,2.86386,0.679525,7.89293e-12,3.1271799999999997e-20,1.55354
LO_MVe,0.00057665,27.0,2.64701,0.627599,6.6817e-12,2.53017e-20,1.4148
LO_MVe,0.000864976,27.0,2.44601,0.579358,5.68485e-12,2.0384199999999998e-20,1.2859
LO_MVe,0.00129746,27.0,2.26009,0.534298,4.8683e-12,1.6350199999999997e-20,1.16631
LO_MVe,0.0019462,27.0,2.08762,0.492091,4.2028e-12,1.3059e-20,1.05556
LO_MVe,0.00291929,27.0,1.92896,0.452699,3.66328e-12,1.0387599999999998e-20,0.953199
LO_MVe,0.00437894,27.0,1.78355,0.416012,3.22835e-12,8.231699999999999e-21,0.858787
LO_MVe,0.00656841,27.0,1.64935,0.381393,2.8798e-12,6.50187e-21,0.771917
LO_MVe,0.00985261,27.0,1.52981,0.349888,2.60221e-12,5.122399999999999e-21,0.692217
