# NLO BK equation solver 0.0-dev build  (build Feb 16 2026 17:52:53)
# Initial condition: MV model, Q_s0^2 = 0.00705358 GeV^2, \gamma = 1, coefficient of E inside Log is 1, x0=0.01, \Lambda_QCD = 0.241 GeV
# # LO Kernel RC:  Balitsky. NLO Kernel RC:  smallest dipole
# Nc=3, Nf=4
# Using RungeKutta method in K1
# Resumming double log
# Resumming single log, K_sub=0.65 resum rc: smallest
# BK K1 integration relative accuracy: 0.02# NLO BK as^2 terms: MC integration method: Vegas, points=1000000
# Kinematical constraint: none
# Target kinematical constraint: disabled

###1.000000000000000e-05
###1.160836920850890e+00
###100
###1.000000000000000e+00
###0.000000000000000e+00
2.281107305805643e-12
3.038449306696006e-12
4.046683090264254e-12
5.388723654067599e-12
7.174814823242746e-12
9.551510165374053e-12
1.271359547621209e-11
1.691991271428165e-11
2.251435716105751e-11
2.995373233945890e-11
3.984469326904560e-11
5.299273076486985e-11
7.046710413787492e-11
9.368689123010993e-11
1.245349912515085e-10
1.655091164817044e-10
2.199217134943049e-10
2.921645867020997e-10
3.880590506202535e-10
5.153190984805132e-10
6.841638507935280e-10
9.081271035581268e-10
1.205127004595686e-09
1.598878891240098e-09
2.120760620236226e-09
2.812274269439190e-09
3.728293450326799e-09
4.941344982900859e-09
6.547251710871377e-09
8.672565458183631e-09
1.148435294662573e-08
1.520307252957557e-08
2.011950834501090e-08
2.661702716114395e-08
3.520081277822704e-08
4.653624052190480e-08
6.149921519879953e-08
8.124215512269603e-08
1.072804206977445e-07
1.416054334021878e-07
1.868326058432004e-07
2.463946287301347e-07
3.247937931172919e-07
4.279310662086422e-07
5.635348409321008e-07
7.417189664245183e-07
9.757082475983993e-07
1.282780593982099e-06
1.685489052817417e-06
2.213244899306901e-06
2.904365808868630e-06
3.808722196566011e-06
4.991151701934009e-06
6.535858563240179e-06
8.552073830591806e-06
1.118126474208836e-05
1.460666967367796e-05
1.906497618953118e-05
2.486176974580978e-05
3.239103027097290e-05
4.216006338397804e-05
5.482129349032583e-05
7.121278289290434e-05
9.240985875724750e-05
1.197909045480561e-04
1.551212594969043e-04
2.006603454649536e-04
2.592987117882029e-04
3.347338026654656e-04
4.316961104247063e-04
5.562412557182927e-04
7.161287995269827e-04
9.213157266440009e-04
1.184602176693805e-03
1.522479944345068e-03
1.956251543146159e-03
2.513510488023174e-03
3.230103426987041e-03
4.152733631652361e-03
5.342415112759347e-03
6.879049184600694e-03
8.867471972068608e-03
1.144541164275803e-02
1.479389340668003e-02
1.915072534927909e-02
2.482775924496650e-02
3.223258767029868e-02
4.189509885266818e-02
5.449866133315340e-02
7.091430784748176e-02
9.223358275646298e-02
1.197909077695927e-01
1.551584068890881e-01
2.000842920888999e-01
2.563306532677956e-01
3.253523362423938e-01
4.077590262427757e-01
5.025465537971346e-01
6.062158021792704e-01
7.121534291301994e-01
###4.000000000000000e-01
-8.911028451002539e-09
-4.352127782843742e-11
3.245290801577825e-11
-2.218080130515626e-11
1.675402029355691e-10
3.246592778326059e-11
3.306870846881186e-10
6.564355911218076e-11
8.464711957936742e-11
1.583527265174474e-08
1.396417727791067e-10
1.911307529730750e-10
-2.146238747717664e-10
1.945046597560160e-10
2.331253818547976e-10
2.557084350764889e-10
3.034297160580281e-10
3.746722513590854e-10
4.783251784226129e-10
6.123421661438959e-10
7.896526381494904e-10
1.029560030278106e-09
1.348028425003802e-09
1.771656881858953e-09
2.334734774389945e-09
3.077447291173827e-09
4.065266911520696e-09
5.373408304977139e-09
7.107685387479511e-09
9.403139104944190e-09
1.244179675715829e-08
1.645867625510506e-08
2.177382379582740e-08
2.880391594615333e-08
3.808931845171045e-08
5.035089806085907e-08
6.654334328243452e-08
8.792990104449495e-08
1.161942108032480e-07
1.534135050987300e-07
2.024219197181762e-07
2.669801881631449e-07
3.520151245765913e-07
4.638994921291631e-07
6.110395341070995e-07
8.045400079475389e-07
1.058532668335444e-06
1.392105370187378e-06
1.829473425151123e-06
2.403607356786774e-06
3.155017131235890e-06
4.139368676263944e-06
5.426356537362549e-06
7.110779814441875e-06
9.305783113408106e-06
1.217144240632398e-05
1.590739249032243e-05
2.077378698384125e-05
2.710620104761393e-05
3.532987471593850e-05
4.602535401073494e-05
5.988662526063151e-05
7.786083946423546e-05
1.011186712329948e-04
1.312108613212179e-04
1.701069815807529e-04
2.202693023109237e-04
2.849809405507540e-04
3.683218091850984e-04
4.759448468986545e-04
6.143468617494918e-04
7.925403003090614e-04
1.021708379320495e-03
1.316846578205194e-03
1.696657744684295e-03
2.185871222328907e-03
2.815909755465031e-03
3.629804583817427e-03
4.680684549611184e-03
6.040586312839080e-03
7.805021143428133e-03
1.009388251932020e-02
1.307940357536907e-02
1.696786983572693e-02
2.204108165474837e-02
2.867279890084395e-02
3.733272094123954e-02
4.861681595756483e-02
6.335374703685132e-02
8.255333991293465e-02
1.075043319993474e-01
1.396648839216388e-01
1.807706742213632e-01
2.325772528092894e-01
2.968533469469601e-01
3.748127632556756e-01
4.673745204908688e-01
5.748770063680606e-01
7.048226000423089e-01
9.548288042945158e-01
###8.000000000000000e-01
-8.896911922506084e-09
-1.372889279367372e-13
3.128062305185378e-11
-1.079082153393528e-11
1.571090811666289e-10
4.243639345344198e-11
3.972652850614881e-10
1.157458779378737e-10
1.629587585824834e-10
1.505562489587728e-08
2.567908215211324e-10
3.240494264494772e-10
-5.939533485555353e-11
3.174432229709675e-10
3.474822748704892e-10
3.687520300751496e-10
4.097254295046286e-10
4.878300332186962e-10
5.832742271941954e-10
7.312072426110287e-10
9.200559031926305e-10
1.176273103885697e-09
1.517909004748917e-09
1.972838349798134e-09
2.579997570931145e-09
3.382145316119628e-09
4.449984921829221e-09
5.860510997752872e-09
7.737476363305755e-09
1.021249734465050e-08
1.349704726377807e-08
1.783702708763505e-08
2.358832814817553e-08
3.119561683333496e-08
4.124078017412489e-08
5.451301053803046e-08
7.204201121302212e-08
9.522297621062232e-08
1.259045427559362e-07
1.662613222489103e-07
2.193869411343077e-07
2.893901263402853e-07
3.816480129418587e-07
5.030909291649362e-07
6.628248330816573e-07
8.730793976622170e-07
1.148907576657339e-06
1.511411458575929e-06
1.986506869100611e-06
2.611507145766997e-06
3.429106565313221e-06
4.500803517476728e-06
5.902807808826084e-06
7.739918199382414e-06
1.013250162761055e-05
1.325829967323168e-05
1.733577888862927e-05
2.265274619101075e-05
2.957705321275031e-05
3.857553123955724e-05
5.029199968409012e-05
6.548698967709873e-05
8.521850981583230e-05
1.107785716050470e-04
1.439007942885068e-04
1.867833964826574e-04
2.421426520212535e-04
3.136907849208781e-04
4.059828067025268e-04
5.256310278122373e-04
6.797720588932306e-04
8.787751810495589e-04
1.135310632353365e-03
1.466757689447535e-03
1.894640247005335e-03
2.447491142603572e-03
3.161345304792540e-03
4.087093600657456e-03
5.285861500069043e-03
6.842274776164605e-03
8.867549435899994e-03
1.150424648244967e-02
1.495440391143845e-02
1.946214374330250e-02
2.535071466986239e-02
3.306188321590139e-02
4.312748206045152e-02
5.622380118778340e-02
7.330832760529461e-02
9.552018364213538e-02
1.242719757287812e-01
1.611170211076255e-01
2.077835131287858e-01
2.658905272825781e-01
3.368363376514973e-01
4.211840663830337e-01
5.187379185315288e-01
6.278865705175879e-01
7.510487352279530e-01
9.623092416138309e-01
###1.200000000000000e+00
-8.803070803100962e-09
4.042674661592030e-11
2.657093010514758e-11
2.620661442223689e-11
1.783572879461534e-10
2.036207859062654e-11
4.223958149818518e-10
1.879717372541938e-10
2.263009144158688e-10
1.435115171721992e-08
3.709161505990285e-10
4.682374105209805e-10
9.520662247809091e-11
4.165894467150523e-10
4.589328632646207e-10
4.885978960903763e-10
5.154336400277952e-10
5.938384691901420e-10
7.013449045438609e-10
8.542187102166798e-10
1.055532918485189e-09
1.329835061439329e-09
1.716105313631251e-09
2.190773777263888e-09
2.847486722774786e-09
3.711680494833567e-09
4.863508475869233e-09
6.387140422413316e-09
8.415075852046883e-09
1.109231081079740e-08
1.464358218955267e-08
1.933831252007095e-08
2.556043046948824e-08
3.379331638658767e-08
4.466707968156711e-08
5.905339466942581e-08
7.801727005876428e-08
1.031577805165579e-07
1.364455467105100e-07
1.802062916862940e-07
2.378371275052338e-07
3.137690912750511e-07
4.139053859192704e-07
5.457570037409044e-07
7.192254726263911e-07
9.477515447849604e-07
1.247420162141090e-06
1.641518659780860e-06
2.157980176466455e-06
2.838617144729933e-06
3.728657884655435e-06
4.896217607970808e-06
6.424446378787592e-06
8.429417161931057e-06
1.103920706755644e-05
1.445104855639046e-05
1.890508562067784e-05
2.471955234242722e-05
3.229859633868822e-05
4.215347715523966e-05
5.500256452634600e-05
7.168170938725542e-05
9.336953200365037e-05
1.214987582605100e-04
1.580039933070896e-04
2.053335361022595e-04
2.665483826029660e-04
3.457955474274549e-04
4.482060965376742e-04
5.814194968172858e-04
7.535715504399775e-04
9.759987243928670e-04
1.263680740646792e-03
1.636492123638206e-03
2.119125871899789e-03
2.743569878093588e-03
3.554338336058984e-03
4.607970131122123e-03
5.976013253517875e-03
7.756388957753903e-03
1.007945093697103e-02
1.311258632339653e-02
1.709161859803664e-02
2.229475101715021e-02
2.909754376964024e-02
3.800710904660139e-02
4.962036330666115e-02
6.469284222002741e-02
8.429328067347566e-02
1.096654975974902e-01
1.422933992176704e-01
1.837381311463710e-01
2.355811804238026e-01
2.992060734130881e-01
3.753579544611495e-01
4.637189397391557e-01
5.627521932439834e-01
6.690953895704123e-01
7.830462677901536e-01
9.676513092793694e-01
###1.600000000000000e+00
-8.844177679148570e-09
4.635642034613379e-11
8.179431230791150e-11
2.608940648990565e-11
2.150777315957839e-10
3.662697026808577e-11
4.607239597094283e-10
2.596591642899214e-10
2.825377792261295e-10
1.368220090581430e-08
4.697784796574255e-10
6.092005967107732e-10
2.314272805173464e-10
5.223674814985573e-10
5.535477292303246e-10
5.897120615469419e-10
6.209003588740042e-10
7.024447828452251e-10
8.175886928609960e-10
9.823658845940696e-10
1.197680120928385e-09
1.496303275686760e-09
1.911452947143788e-09
2.431384716661861e-09
3.133548584056807e-09
4.065527145960657e-09
5.312282061231786e-09
6.958365284925863e-09
9.150081186596318e-09
1.204574369366834e-08
1.588744750421467e-08
2.096811704931105e-08
2.770468152293075e-08
3.662090397365209e-08
4.839151681393588e-08
6.397492537050814e-08
8.452235840163110e-08
1.118297475001906e-07
1.479010707523618e-07
1.953728321933103e-07
2.579053168846507e-07
3.402992684120292e-07
4.490274152234826e-07
5.922551482307555e-07
7.807040739006948e-07
1.029148337868732e-06
1.354937280596598e-06
1.783627072668850e-06
2.345355550418382e-06
3.086878868801192e-06
4.056316508492381e-06
5.329666522428788e-06
6.995916700081834e-06
9.185060168325337e-06
1.203310046458417e-05
1.576103232852973e-05
2.063158404230080e-05
2.699489054486931e-05
3.529736059503651e-05
4.609592856511868e-05
6.020706571205950e-05
7.853600501672619e-05
1.024162017216476e-04
1.334294406450883e-04
1.736870013508222e-04
2.260202919531861e-04
2.937924405054390e-04
3.816981443892388e-04
4.955257615446661e-04
6.440590192295583e-04
8.365371901501936e-04
1.085537833554308e-03
1.408557281893906e-03
1.828373014240813e-03
2.373220728873659e-03
3.078710530066434e-03
4.000106024786856e-03
5.199197430519381e-03
6.759500603296945e-03
8.793971398203922e-03
1.145538767728420e-02
1.493476081042517e-02
1.950502261012840e-02
2.548615107962684e-02
3.330018200986262e-02
4.352485458609814e-02
5.680976065381514e-02
7.401027658742343e-02
9.626384782160528e-02
1.248901482993019e-01
1.613966992436967e-01
2.072772773775072e-01
2.639175696471029e-01
3.322213613975838e-01
4.123366225508531e-01
5.030160985019643e-01
6.016321166660916e-01
7.038716360525686e-01
8.091781265148302e-01
9.720148050363415e-01
###2.000000000000000e+00
-8.870401412981374e-09
4.843315730149301e-11
1.060015659846300e-10
5.219717418089088e-11
2.364105913930694e-10
8.532275904892721e-11
4.835727953606666e-10
2.440821840351784e-10
3.596550487419356e-10
1.303547524749536e-08
5.737647416662541e-10
7.539482530092507e-10
3.754561561422941e-10
6.254281664658783e-10
6.531211325037288e-10
6.971323007469834e-10
7.466545877165653e-10
8.202357418254375e-10
9.452719849193350e-10
1.122753820552936e-09
1.350019778127018e-09
1.675098098521086e-09
2.121407560042191e-09
2.685842614858707e-09
3.446895075794578e-09
4.457539794220787e-09
5.800993222188038e-09
7.584700571267278e-09
9.952212652313637e-09
1.308508345882605e-08
1.724242201170526e-08
2.274348881568234e-08
3.003810691829847e-08
3.969464942859081e-08
5.244763806405885e-08
6.932745627009662e-08
9.160910470035208e-08
1.212559329187472e-07
1.603554637991117e-07
2.118685485443346e-07
2.797412542709022e-07
3.691904230094822e-07
4.872861210445307e-07
6.429062582313429e-07
8.477535484076272e-07
1.117874612888328e-06
1.472269182341564e-06
1.938842636558426e-06
2.550163266869405e-06
3.358297281460194e-06
4.414918920496423e-06
5.804377334122123e-06
7.622119184917097e-06
1.001391716605194e-05
1.312394942842622e-05
1.720104551605002e-05
2.253178920878137e-05
2.950183414781289e-05
3.860379699616603e-05
5.045181928788824e-05
6.596190715671262e-05
8.612722667888637e-05
1.124552465192113e-04
1.467109569308134e-04
1.911420696310853e-04
2.490730182194725e-04
3.242165020991521e-04
4.218608295711014e-04
5.485538889661079e-04
7.143674968450755e-04
9.294950197555383e-04
1.208871127743177e-03
1.571874959724738e-03
2.044940842472896e-03
2.660239795648904e-03
3.457982217745632e-03
4.504143992583239e-03
5.867843436804773e-03
7.645333669594631e-03
9.966212002313188e-03
1.300622412039990e-02
1.698639089384095e-02
2.221077203237368e-02
2.905371730380709e-02
3.797850712806337e-02
4.962963551276132e-02
6.471333613158127e-02
8.416761949367858e-02
1.091804664534309e-01
1.411178295695102e-01
1.814619090953804e-01
2.315745344928419e-01
2.925841697241626e-01
3.648515813690041e-01
4.479199138999134e-01
5.397427055713293e-01
6.368966182788720e-01
7.346048416564879e-01
8.318478281143488e-01
9.757642493343432e-01
###2.400000000000000e+00
-8.931940070196189e-09
2.301342427653029e-11
1.124899921747795e-10
5.688936350206035e-11
2.698083659181258e-10
1.164786936544652e-10
5.039037826089285e-10
3.032156936080532e-10
4.279156157043832e-10
1.243496041957256e-08
6.848524161740386e-10
8.705064387587674e-10
5.157227300701625e-10
7.305928460803786e-10
7.592369515414159e-10
8.049271916269342e-10
8.539918509670466e-10
9.499412809303783e-10
1.084077821866354e-09
1.270235599938295e-09
1.522966240023109e-09
1.872274063471571e-09
2.351178637776548e-09
2.964615102466124e-09
3.789023391022748e-09
4.880809818842894e-09
6.335067068120413e-09
8.267324138001977e-09
1.082666907012464e-08
1.421879449012070e-08
1.871922272675865e-08
2.467708806795960e-08
3.257453890174767e-08
4.303487191873697e-08
5.685859904056356e-08
7.515401664825123e-08
9.931422126795537e-08
1.315021757318417e-07
1.739046553311663e-07
2.298197120547388e-07
3.034961581800195e-07
4.006571640395964e-07
5.289699885291420e-07
6.980980038791008e-07
9.208668620654208e-07
1.214634850566142e-06
1.600353780338550e-06
2.108341201270201e-06
2.774093767866406e-06
3.655406140935947e-06
4.807566428339165e-06
6.323778008008716e-06
8.308928457512489e-06
1.092309943710651e-05
1.432256293426891e-05
1.878433913699026e-05
2.461890417701382e-05
3.226483351933571e-05
4.225356299791595e-05
5.526584195148256e-05
7.233840051876598e-05
9.454268568084501e-05
1.235835309893854e-04
1.614684489713524e-04
2.105753956035390e-04
2.747816937679190e-04
3.581898710209328e-04
4.667953430508690e-04
6.079875654737026e-04
7.932413277763791e-04
1.034014494644241e-03
1.347604213536183e-03
1.755774573456779e-03
2.288969035346192e-03
2.983914551423387e-03
3.886037106463949e-03
5.072816852953132e-03
6.622004821946383e-03
8.643497465423386e-03
1.128707480773944e-02
1.474897893542931e-02
1.928461524552541e-02
2.523477139079808e-02
3.301849625063362e-02
4.315010147942612e-02
5.633807882220603e-02
7.333754927368287e-02
9.515206405907797e-02
1.230095062247158e-01
1.582855467746480e-01
2.023888029597422e-01
2.565143843586987e-01
3.214594979218512e-01
3.970694818155874e-01
4.822775468877512e-01
5.743930603346719e-01
6.694335969298131e-01
7.624013267002779e-01
8.520099558112579e-01
9.790500679808746e-01
###2.800000000000000e+00
-8.927134059683909e-09
5.890472269012530e-11
8.329627200375194e-11
7.929009231571952e-11
2.573860906372402e-10
1.458136747299501e-10
5.729074594207960e-10
3.659589242044345e-10
4.889627903065746e-10
1.187742888316278e-08
8.131941424300354e-10
9.992292098788495e-10
6.785150179246799e-10
8.359733126980336e-10
8.667214331688618e-10
9.118972902646532e-10
9.787363857464281e-10
1.080461621817236e-09
1.222221426289407e-09
1.422561810106560e-09
1.706884658351080e-09
2.085525979616253e-09
2.601716962896623e-09
3.268555946082192e-09
4.160725494321974e-09
5.341177941151973e-09
6.915824562681269e-09
9.007789735648804e-09
1.177880596059148e-08
1.545287177519503e-08
2.032795995472558e-08
2.678062686492036e-08
3.533401103613797e-08
4.667177054361038e-08
6.165938564800096e-08
8.149692072010082e-08
1.077013641718219e-07
1.426565233545374e-07
1.886499500673387e-07
2.493518078119791e-07
3.293764187876259e-07
4.349308993332545e-07
5.744024825826768e-07
7.582864899066981e-07
1.000629949779881e-06
1.320314235569453e-06
1.740289009188375e-06
2.293603013408924e-06
3.019078469562625e-06
3.980387648627524e-06
5.237649056292266e-06
6.893206442709288e-06
9.062416396376615e-06
1.192130971641027e-05
1.564025683320366e-05
2.052541426032904e-05
2.691393829747965e-05
3.531115578584531e-05
4.628400115219177e-05
6.059109266827935e-05
7.940226140254331e-05
1.038735953295864e-04
1.359319413083255e-04
1.778674134930650e-04
2.322179932481178e-04
3.034517983906280e-04
3.961438580011039e-04
5.170877373367467e-04
6.745660571498555e-04
8.817011655206233e-04
1.151370613493026e-03
1.503455597843246e-03
1.962580465856198e-03
2.563537655457991e-03
3.348192952793376e-03
4.368023702015777e-03
5.712532911412337e-03
7.469455288774223e-03
9.764062023151008e-03
1.276685916513275e-02
1.669717727756908e-02
2.184602675455526e-02
2.859285807337696e-02
3.740221106356596e-02
4.883588336684795e-02
6.366489220313541e-02
8.268757689807824e-02
1.069584998957315e-01
1.377251031323657e-01
1.763402806668898e-01
2.241068685653672e-01
2.820046816046362e-01
3.504400084207445e-01
4.288580159486609e-01
5.155425045244045e-01
6.072792797229007e-01
6.997277558969343e-01
7.878265145684058e-01
8.701463463123221e-01
9.819601365095662e-01
###3.200000000000000e+00
-8.847951283164378e-09
1.013800451981530e-10
1.655688989488919e-10
8.115780805834611e-11
2.031194832830572e-10
1.795215422550573e-10
5.865016932264560e-10
4.308675431284393e-10
5.566843820112325e-10
1.136162778222619e-08
9.206036320335622e-10
1.124839373154118e-09
8.083138230714504e-10
9.450796576851753e-10
9.804513473983194e-10
1.031871371676492e-09
1.110317366987896e-09
1.224585054846167e-09
1.376510373629559e-09
1.591383357337714e-09
1.901834052969935e-09
2.313665508452458e-09
2.871471418584707e-09
3.593337252224845e-09
4.563277672706095e-09
5.843736420826916e-09
7.548417333353626e-09
9.815266877696583e-09
1.281460579613820e-08
1.679484195956406e-08
2.207757884950159e-08
2.906934315673434e-08
3.833873795670768e-08
5.062907785074398e-08
6.689542367245942e-08
8.844175379599455e-08
1.168554053091791e-07
1.547837487999847e-07
2.046988170368597e-07
2.706136243612917e-07
3.575587535127979e-07
4.722874707064601e-07
6.239450503934015e-07
8.239643375830401e-07
1.087680333844696e-06
1.435754318587425e-06
1.893235585248252e-06
2.496210512918639e-06
3.287272325176605e-06
4.336119205236280e-06
5.708843474800965e-06
7.518486435035637e-06
9.889684939002711e-06
1.301809518080995e-05
1.709008852699392e-05
2.244307020582566e-05
2.944470567667647e-05
3.867439980385878e-05
5.073891826656991e-05
6.648592247374603e-05
8.722764253754662e-05
1.142276395209923e-04
1.496517650655177e-04
1.961085545247922e-04
2.563396098497770e-04
3.354431103196338e-04
4.385443188531656e-04
5.733487699342610e-04
7.491176703008751e-04
9.808317731367943e-04
1.283034921630107e-03
1.678404638553963e-03
2.194802469864998e-03
2.871922725284250e-03
3.757248159266107e-03
4.909222791803475e-03
6.430351252385870e-03
8.419216602070694e-03
1.101762154630914e-02
1.441822818799153e-02
1.886622408056694e-02
2.468878823760978e-02
3.230351500908932e-02
4.222397793455892e-02
5.505425547586099e-02
7.162466803421433e-02
9.276903492979152e-02
1.195782655583847e-01
1.532953108015263e-01
1.952308868059491e-01
2.465460796274900e-01
3.079658907893376e-01
3.795035975032484e-01
4.602020747996311e-01
5.477720664798119e-01
6.385891758799458e-01
7.280582668998913e-01
8.111866536568484e-01
8.865235910368974e-01
9.845282425782839e-01
###3.600000000000000e+00
-9.076367024551593e-09
1.108059670466292e-10
1.774836962262949e-10
9.856921569100120e-11
2.182992573550087e-10
2.191238782722738e-10
5.862738103550091e-10
5.437890793971325e-10
6.341097026742398e-10
1.083783115496306e-08
1.015378695214082e-09
1.237237790083177e-09
9.366660345077465e-10
1.064973739753004e-09
1.106157758515235e-09
1.156646559473302e-09
1.246349038143689e-09
1.383808683504316e-09
1.545582669211127e-09
1.775599178433817e-09
2.112811055829507e-09
2.558598718771430e-09
3.163520069275563e-09
3.948371538687687e-09
5.000048894101407e-09
6.389774743801978e-09
8.237535293523061e-09
1.069243050625850e-08
1.394281965656664e-08
1.825538510694853e-08
2.398013156495459e-08
3.155823446887914e-08
4.160625289149394e-08
5.497040659445257e-08
7.261944631261336e-08
9.599252595519145e-08
1.268396567445384e-07
1.679863557788899e-07
2.221724505009704e-07
2.937823504280012e-07
3.882708023463441e-07
5.130296082111075e-07
6.779654129278463e-07
8.956582366228037e-07
1.182748282121138e-06
1.561879650143308e-06
2.060425764665420e-06
2.717925843370629e-06
3.580841102433303e-06
4.726044287083082e-06
6.225796712489255e-06
8.204834424183179e-06
1.079857453805057e-05
1.422437319469011e-05
1.868577929275599e-05
2.455643226647981e-05
3.223826908493695e-05
4.238857185461069e-05
5.566556972306137e-05
7.301417711016856e-05
9.590489020405356e-05
1.257214877753225e-04
1.649070540470648e-04
2.164030656278563e-04
2.832118542554679e-04
3.711289685702295e-04
4.859000889615821e-04
6.362592108959226e-04
8.325691961413201e-04
1.091880940917824e-03
1.430599012437509e-03
1.874558115216481e-03
2.455268845618159e-03
3.217710812937933e-03
4.215726629692450e-03
5.515521410261027e-03
7.233442812722368e-03
9.480094716293330e-03
1.241531141755946e-02
1.625536846787736e-02
2.127176437679641e-02
2.782970728284161e-02
3.638634910197624e-02
4.750075631784321e-02
6.182126609350731e-02
8.023061312195284e-02
1.035868917123082e-01
1.330021063232812e-01
1.697018878801317e-01
2.149214608746690e-01
2.696458815180536e-01
3.343314788039510e-01
4.086101982659274e-01
4.910872109297423e-01
5.790149333001177e-01
6.684257751672151e-01
7.545874391425351e-01
8.326782323567601e-01
9.013214682325035e-01
9.868079894006988e-01
###4.000000000000000e+00
-9.036243435823090e-09
9.384453498604766e-11
1.898263332786735e-10
1.068730731592212e-10
2.439544671510538e-10
2.812289157370224e-10
6.252472928358314e-10
6.086475800685969e-10
7.059582886166344e-10
1.036360556500089e-08
1.103783394747328e-09
1.357170826626268e-09
1.066900953647994e-09
1.180820111611624e-09
1.225774635301659e-09
1.283967772113586e-09
1.387801589752141e-09
1.541535004231656e-09
1.718726350528572e-09
1.973460158603427e-09
2.341070543895758e-09
2.825117594990353e-09
3.481011586122855e-09
4.332599050044802e-09
5.474514260619864e-09
6.981546145074222e-09
8.987582303760947e-09
1.164417805213999e-08
1.516842028783551e-08
1.984397541682839e-08
2.604819034980315e-08
3.426415662094704e-08
4.516432071238497e-08
5.969207378549734e-08
7.884218367500545e-08
1.042063689137449e-07
1.377015837871646e-07
1.823609260639539e-07
2.412096987386851e-07
3.190263241745956e-07
4.217633826143793e-07
5.574557366485520e-07
7.369347333067974e-07
9.738538028386022e-07
1.286595838054317e-06
1.699738608990666e-06
2.243327360159787e-06
2.960598705962885e-06
3.902507455289080e-06
5.153362419821229e-06
6.793031334820575e-06
8.958449640222707e-06
1.179757953718016e-05
1.555141856690231e-05
2.044295853951747e-05
2.688642880665841e-05
3.532266385173651e-05
4.649321778000623e-05
6.111507439947870e-05
8.024197589616212e-05
1.055128395974364e-04
1.384827544324258e-04
1.818639373053006e-04
2.389860294038639e-04
3.131691392490559e-04
4.109424488651719e-04
5.387800453355400e-04
7.065447748570027e-04
9.259028097643188e-04
1.216152000693847e-03
1.595735218195231e-03
2.094118276682854e-03
2.746840353556752e-03
3.604692649174128e-03
4.728499395674437e-03
6.195710200187303e-03
8.129410358608221e-03
1.066155393824034e-02
1.396855122505072e-02
1.829102227849832e-02
2.392980669855071e-02
3.128624111680395e-02
4.085903522794887e-02
5.325220687985212e-02
6.915252842328995e-02
8.949253218681112e-02
1.151436441182860e-01
1.472236123189939e-01
1.869212786548749e-01
2.353646865379510e-01
2.933469563056579e-01
3.610372260027985e-01
4.376821568129349e-01
5.214852221387088e-01
6.092773980993115e-01
6.968425307187899e-01
7.794133283475022e-01
8.524162201695683e-01
9.146612028277258e-01
9.888265775679542e-01
###4.399999999999999e+00
-9.003594683903412e-09
1.233231572047557e-10
1.891467747248073e-10
1.317743928818668e-10
2.765431367603120e-10
3.169375729097159e-10
6.654619814143733e-10
6.404145933518787e-10
7.789437968463349e-10
9.938455851929450e-09
1.203899115323223e-09
1.474892553873144e-09
1.194355853479090e-09
1.304748782920071e-09
1.356228310548782e-09
1.417814305821911e-09
1.534936651188108e-09
1.703808415052311e-09
1.906095741510256e-09
2.182804179194388e-09
2.576630859107478e-09
3.112399975218180e-09
3.823111158275378e-09
4.748483624317585e-09
5.987551339368977e-09
7.623351027901073e-09
9.797642802543894e-09
1.267808423293688e-08
1.650068345284037e-08
2.157015516582708e-08
2.829807490042454e-08
3.721240158457600e-08
4.904052588691011e-08
6.482302566907571e-08
8.561043307311806e-08
1.131412052151768e-07
1.495252506117674e-07
1.980058082936748e-07
2.619961564755660e-07
3.465397193596326e-07
4.582793205445133e-07
6.059264820347788e-07
8.013032203332363e-07
1.059175592589368e-06
1.400112038803908e-06
1.850497257921860e-06
2.443476823240060e-06
3.226344880045254e-06
4.255035886253588e-06
5.622306861678739e-06
7.415856514474250e-06
9.786428029840307e-06
1.289646149823617e-05
1.701245014595013e-05
2.238054036157128e-05
2.945782757068276e-05
3.873149433630241e-05
5.103249376176710e-05
6.714934766237605e-05
8.825392523504633e-05
1.161690302554895e-04
1.526591691089746e-04
2.007254154800832e-04
2.641256138956807e-04
3.465433139110532e-04
4.553453410046192e-04
5.978051834863021e-04
7.850525588497851e-04
1.030191553659205e-03
1.355046662883768e-03
1.780464816513601e-03
2.339622379529816e-03
3.072710282633790e-03
4.036922471509221e-03
5.300801722352480e-03
6.954088729975908e-03
9.126619292479144e-03
1.197387451558365e-02
1.568950844880095e-02
2.053973646207284e-02
2.685614645111893e-02
3.507627126117733e-02
4.574140833664776e-02
5.949810615677188e-02
7.706750219242305e-02
9.942403158130546e-02
1.274431635122832e-01
1.622326498513771e-01
2.049257514062614e-01
2.565175980900664e-01
3.175930506370139e-01
3.880219199855687e-01
4.666568736381588e-01
5.513328226421038e-01
6.385327151490869e-01
7.238571835627424e-01
8.025850432545072e-01
8.704899450012662e-01
9.266350779871534e-01
9.905974380718389e-01
###4.800000000000000e+00
-9.007271136343985e-09
1.320656650472874e-10
2.065552767881152e-10
1.536245235476105e-10
2.951315913510013e-10
3.553327996268964e-10
7.228858816262700e-10
7.011748387316150e-10
8.450848040125096e-10
9.537321430952191e-09
1.299425583358322e-09
1.591146310148751e-09
1.324140774142121e-09
1.428564644041526e-09
1.482742703498221e-09
1.565265891490133e-09
1.694218526396092e-09
1.875229905518842e-09
2.105915095028201e-09
2.407678690722523e-09
2.840058010366259e-09
3.421439177285044e-09
4.192423655409573e-09
5.198073593650453e-09
6.543053487595038e-09
8.318718847545984e-09
1.067584235920838e-08
1.379761886087351e-08
1.794805432464070e-08
2.344675677957188e-08
3.074364426775660e-08
4.041824061607131e-08
5.329224985283568e-08
7.040158774620368e-08
9.296946116995840e-08
1.228665230304012e-07
1.623961839082908e-07
2.150576132736941e-07
2.846430315551502e-07
3.765437238292170e-07
4.981248736525029e-07
6.588302664555473e-07
8.715825814578782e-07
1.152542568575039e-06
1.524264401091414e-06
2.015445807050833e-06
2.662649544309002e-06
3.517659598631510e-06
4.641887774087980e-06
6.137096129928477e-06
8.100174830241645e-06
1.069713443982494e-05
1.410596305925145e-05
1.862240003489308e-05
2.451734248947397e-05
3.229560009617958e-05
4.249849630422799e-05
5.605229310587219e-05
7.383161138390439e-05
9.713667953252790e-05
1.279963394852435e-04
1.684111570088932e-04
2.216984729608503e-04
2.920992392902009e-04
3.837187541932056e-04
5.048489127857208e-04
6.636604213899906e-04
8.726676851166936e-04
1.146625920408574e-03
1.510124434371803e-03
1.986661426044072e-03
2.613659900228281e-03
3.436276933931796e-03
4.518791515967104e-03
5.938335803031915e-03
7.796583647554002e-03
1.023340517825480e-02
1.342736300847435e-02
1.759028426290730e-02
2.301656670575476e-02
3.006705064215793e-02
3.921739107068033e-02
5.105142937930129e-02
6.625513467665721e-02
8.557934410479796e-02
1.100333182798479e-01
1.404867673556467e-01
1.780156484377456e-01
2.236883067163410e-01
2.783176440092415e-01
3.423273050455968e-01
4.152029595265308e-01
4.954609778449194e-01
5.805828994666471e-01
6.667441985434346e-01
7.494566332330199e-01
8.241408606512225e-01
8.869726921091264e-01
9.373336651787774e-01
9.921384605594920e-01
###5.200000000000000e+00
-9.028940952214731e-09
2.510130646956860e-11
2.179359846788036e-10
1.687661131130937e-10
3.149129620347534e-10
4.075364008001025e-10
7.576879475856387e-10
7.608296158243294e-10
9.133948259869256e-10
9.158622043515280e-09
1.393645013611887e-09
1.710797189206407e-09
1.452055771431644e-09
1.553016703326244e-09
1.615086091788151e-09
1.712111155006102e-09
1.857049931653156e-09
2.062572094286798e-09
2.312834028524652e-09
2.646538308127516e-09
3.119085249227520e-09
3.752271075460884e-09
4.588747339560021e-09
5.683374843880777e-09
7.143705850953912e-09
9.070268514352714e-09
1.162916254728595e-08
1.501215405637116e-08
1.951863582319518e-08
2.548658875231335e-08
3.340349254917332e-08
4.390637813554161e-08
5.790913625141590e-08
7.646442356531397e-08
1.009732498605131e-07
1.334481817336283e-07
1.764132555141800e-07
2.336311726791170e-07
3.092712422144176e-07
4.092709715132681e-07
5.416002917772745e-07
7.166164093639331e-07
9.483970177973882e-07
1.254735366665741e-06
1.660060286612760e-06
2.196056318879682e-06
2.902758644689271e-06
3.837032534700227e-06
5.066794926905780e-06
6.703024783207555e-06
8.852446225481232e-06
1.169879434723859e-05
1.543768541784171e-05
2.039613813859709e-05
2.687436322209626e-05
3.543042664614640e-05
4.666385485400321e-05
6.160920262530355e-05
8.123314084394424e-05
1.069884629115534e-04
1.411274628817145e-04
1.859073944003860e-04
2.450227047582965e-04
3.232294696697253e-04
4.251215986345355e-04
5.599965093780680e-04
7.370727033155821e-04
9.703568248579115e-04
1.276530450901762e-03
1.683100322263848e-03
2.216604434662244e-03
2.919052914217720e-03
3.841153036689765e-03
5.054840292521426e-03
6.646533906117862e-03
8.730630307598469e-03
1.145872737002101e-02
1.503234498540630e-02
1.968356706727091e-02
2.573511781815470e-02
3.357909365558200e-02
4.372841303554944e-02
5.680817124929934e-02
7.353932856999178e-02
9.470123965437456e-02
1.213291063379272e-01
1.542691693249642e-01
1.945665729342242e-01
2.431673979502039e-01
3.007321430612203e-01
3.674676021203105e-01
4.425068543233171e-01
5.240114281181284e-01
6.091487362984418e-01
6.938619973242559e-01
7.736412305907195e-01
8.441119777290949e-01
9.019255798319601e-01
9.468347373989725e-01
9.934809341165941e-01
###5.600000000000001e+00
-9.014592457179446e-09
7.761321172684458e-11
2.285174559176981e-10
2.010898652912366e-10
3.340221724754461e-10
4.402026959097678e-10
8.082918651454851e-10
8.188239108366877e-10
9.805998066999686e-10
8.820031509281948e-09
1.484483910824647e-09
1.821475067923972e-09
1.583160245884623e-09
1.688173839620587e-09
1.755384274409284e-09
1.868389026700966e-09
2.030709723167229e-09
2.256228969168831e-09
2.532356123325212e-09
2.907334828961680e-09
3.417232154822947e-09
4.105524485395425e-09
5.013257605655795e-09
6.206115161656937e-09
7.792137465482397e-09
9.884816423877695e-09
1.266135516951010e-08
1.633476376994559e-08
2.122437254764873e-08
2.770185715245035e-08
3.629397409016901e-08
4.770172970738804e-08
6.291885183021020e-08
8.305701701676361e-08
1.096855654901207e-07
1.449682838534651e-07
1.916810760443302e-07
2.538791565573490e-07
3.361400315324537e-07
4.449803298899053e-07
5.890630015552194e-07
7.797346550049410e-07
1.032364105339815e-06
1.366459982252113e-06
1.808667149702207e-06
2.393822238292767e-06
3.165948207555653e-06
4.187256056555521e-06
5.533239571267917e-06
7.324964362630957e-06
9.679492804453825e-06
1.280122670669674e-05
1.690492358351054e-05
2.235287608497586e-05
2.947597694266436e-05
3.889379484060895e-05
5.127107016080538e-05
6.776264976088704e-05
8.943588803430354e-05
1.179138426944144e-04
1.557065914064464e-04
2.053507444616141e-04
2.709581251592181e-04
3.578559369065656e-04
4.712025216569951e-04
6.214103374756374e-04
8.188477032959959e-04
1.079229735319458e-03
1.421250114826315e-03
1.875764860147474e-03
2.472650114864664e-03
3.258876469046850e-03
4.291144382642325e-03
5.650141826480707e-03
7.431622952109157e-03
9.763930153810486e-03
1.281173943808360e-02
1.680018429492653e-02
2.198224519051290e-02
2.871060321682670e-02
3.740898687570538e-02
4.862692445173961e-02
6.302852777797996e-02
8.136934024663453e-02
1.044484518806467e-01
1.333172501268174e-01
1.687871660258471e-01
2.118587678510357e-01
2.633386773247616e-01
3.237127994452046e-01
3.929517514461252e-01
4.698463592727358e-01
5.522224695635464e-01
6.369648839518866e-01
7.198397102210847e-01
7.963874378808645e-01
8.625209235798973e-01
9.154153610091786e-01
9.552124015336625e-01
9.946394087645973e-01
###6.000000000000001e+00
-8.981834245478024e-09
7.341697751224412e-11
2.464017445875697e-10
2.277456202264787e-10
3.514293816749801e-10
4.864533350071830e-10
8.475980365806622e-10
8.698963541690042e-10
1.048808390249138e-09
8.483077618048931e-09
1.578648737723489e-09
1.932985385759115e-09
1.695473607468323e-09
1.818728868267227e-09
1.901777008982164e-09
2.019789722045427e-09
2.208057626428289e-09
2.448750270229318e-09
2.762054851726768e-09
3.173571516409508e-09
3.734656893640874e-09
4.484824006787614e-09
5.472406209334678e-09
6.771297134739716e-09
8.492916664408639e-09
1.076525166398796e-08
1.378125520149441e-08
1.776989194166947e-08
2.307573492956280e-08
3.010731989501635e-08
3.943689019220231e-08
5.182603786622107e-08
6.836504821737277e-08
9.023145491675277e-08
1.191658819687890e-07
1.575176873718010e-07
2.083191347573344e-07
2.759589731926555e-07
3.654508761204804e-07
4.839610093099757e-07
6.409139259335568e-07
8.487012827129501e-07
1.124167858301533e-06
1.488710601495681e-06
1.971428102610193e-06
2.610633760703327e-06
3.454559446228650e-06
4.571781201348386e-06
6.046455475240761e-06
8.008636990555718e-06
1.058983739382530e-05
1.401534860614964e-05
1.852256747396684e-05
2.451180345214643e-05
3.234991270251719e-05
4.272278922410594e-05
5.636934279822371e-05
7.457554019684756e-05
9.852477917336174e-05
1.300366976023774e-04
1.718913647082022e-04
2.269467934439192e-04
2.997817369248352e-04
3.963742082043072e-04
5.224790979784309e-04
6.897768473197163e-04
9.098600563384827e-04
1.200406838012893e-03
1.582272424824572e-03
2.090117871632940e-03
2.757319809414658e-03
3.636296627382852e-03
4.790522050466998e-03
6.309583464123207e-03
8.300154221354229e-03
1.090442981825772e-02
1.430227899796950e-02
1.874240948928154e-02
2.450067769782728e-02
3.195931080261345e-02
4.157345803101748e-02
5.392999936003985e-02
6.972967698920514e-02
8.975934254001877e-02
1.148296194463284e-01
1.459974891590319e-01
1.840338237238965e-01
2.298631075854886e-01
2.841558797464772e-01
3.471986307442007e-01
4.187080909759170e-01
4.971447600078887e-01
5.800169615906782e-01
6.639492031340717e-01
7.446196981179047e-01
8.176852762768888e-01
8.794076251861140e-01
9.275079400676852e-01
9.625479991557050e-01
9.956312445939894e-01
###6.400000000000001e+00
-8.985757905219893e-09
9.083252018839849e-11
2.567348600987181e-10
2.829438418646502e-10
3.787385882979430e-10
5.220749830170067e-10
8.837132769265178e-10
9.294646715443532e-10
1.120844422335960e-09
8.174906696945024e-09
1.670618573799558e-09
2.044149520120659e-09
1.820502254988110e-09
1.939441356988462e-09
2.041256515214887e-09
2.190733413144013e-09
2.393341672702458e-09
2.664697778950612e-09
3.010119732688614e-09
3.460726626757532e-09
4.063794185436148e-09
4.890479060532310e-09
5.967562564921543e-09
7.378652629417321e-09
9.248785951128213e-09
1.171889045875577e-08
1.499423890358922e-08
1.932620653038519e-08
2.508514332692689e-08
3.272136016628468e-08
4.285356655888780e-08
5.631377488456861e-08
7.429478943296757e-08
9.804080849844232e-08
1.294894193357298e-07
1.711907673579688e-07
2.264640002418985e-07
3.000445630811451e-07
3.974439908171609e-07
5.265320015327008e-07
6.975651655762897e-07
9.241237096358258e-07
1.224654180482718e-06
1.622543497462437e-06
2.149728173456699e-06
2.848248452868841e-06
3.771243303680168e-06
4.994141124881148e-06
6.610223295498663e-06
8.760719473857250e-06
1.159164601753246e-05
1.535345832460147e-05
2.030626554203551e-05
2.689447926308275e-05
3.552480647217734e-05
4.695663343972897e-05
6.201104921546622e-05
8.212090780378771e-05
1.086011776480979e-04
1.434814097993838e-04
1.898591429000996e-04
2.509343800340762e-04
3.318093561363237e-04
4.391960830204770e-04
5.795203370492355e-04
7.658144126074797e-04
1.011103210499174e-03
1.335147931915951e-03
1.761198411650943e-03
2.328250857285588e-03
3.073310622256565e-03
4.055013475836641e-03
5.343620701245427e-03
7.038907948777486e-03
9.258904074137125e-03
1.216064839738583e-02
1.594014881249916e-02
2.087045049361708e-02
2.725122733325564e-02
3.549479109130742e-02
4.608812916210300e-02
5.965509106003557e-02
7.692780485414483e-02
9.872230994742778e-02
1.258515567779846e-01
1.593733499495958e-01
1.999973083737593e-01
2.485587386764262e-01
3.055806761529470e-01
3.711269585211336e-01
4.446567956848133e-01
5.243073894737329e-01
6.073014358046008e-01
6.900295356269482e-01
7.681653080683440e-01
8.375319544396631e-01
8.948109384126344e-01
9.382781531352193e-01
9.689228995027150e-01
9.964652994227742e-01
###6.800000000000002e+00
-8.965886240208152e-09
1.059076979398684e-10
2.635324155406260e-10
3.078047595986848e-10
4.096209760435541e-10
5.555022674941108e-10
8.919066661641667e-10
9.944605764580161e-10
1.194568925305778e-09
7.882405425866867e-09
1.769577902564275e-09
2.156081447721118e-09
1.953950166878056e-09
2.080276275831724e-09
2.178958628100597e-09
2.364674498769743e-09
2.590220520518808e-09
2.889721202630921e-09
3.270895137099899e-09
3.762703439776260e-09
4.424415351708953e-09
5.325199471437089e-09
6.497950901101192e-09
8.033187734148287e-09
1.006585176974118e-08
1.275066987456747e-08
1.630675306606890e-08
2.101398016872557e-08
2.726852515613687e-08
3.556256229390565e-08
4.656759957666970e-08
6.120337135770091e-08
8.073431556703386e-08
1.065375007362893e-07
1.407309127050355e-07
1.860943516971319e-07
2.462371488111364e-07
3.263219961508951e-07
4.323782800778369e-07
5.730264374683636e-07
7.595272464188084e-07
1.006635614617063e-06
1.334611408858146e-06
1.769122938807084e-06
2.345209188675343e-06
3.108770681344982e-06
4.118922125541801e-06
5.458173430461375e-06
7.229936624467642e-06
9.588178260400714e-06
1.269525870136347e-05
1.682815484589582e-05
2.227439846324000e-05
2.952490749636703e-05
3.903224411696548e-05
5.163783634987648e-05
6.825728935652106e-05
9.047762710465253e-05
1.197696841369216e-04
1.583917441966345e-04
2.097986041853082e-04
2.775634194233748e-04
3.673873524142553e-04
4.867535013894174e-04
6.428691525632291e-04
8.502912363068124e-04
1.123552109507680e-03
1.484753955645135e-03
1.959885164420905e-03
2.592428605990798e-03
3.423466420863965e-03
4.518433795132733e-03
5.955032187343000e-03
7.843856362969141e-03
1.031509566503504e-02
1.354120614753985e-02
1.773624826166903e-02
2.319789046538710e-02
3.024958104391836e-02
3.933462568216109e-02
5.097129692167726e-02
6.581833624767387e-02
8.463969350961785e-02
1.082707693390624e-01
1.375226585237455e-01
1.734397881735395e-01
2.166588678401516e-01
2.679153747434773e-01
3.275603191607168e-01
3.954279765182175e-01
4.707140026803277e-01
5.512413342975282e-01
6.339726303080243e-01
7.151420817534260e-01
7.904345172015576e-01
8.559352766249926e-01
9.087790605123587e-01
9.478059300963524e-01
9.744181576627423e-01
9.971633887316477e-01
###7.200000000000002e+00
-8.955760162886742e-09
1.123352666678421e-10
2.682018891839298e-10
3.162505738689549e-10
4.507177439345776e-10
5.854391772255344e-10
9.350300285559767e-10
1.054767151797816e-09
1.271033844182021e-09
7.611346563497702e-09
1.860373241186523e-09
2.265605395252566e-09
2.083408301920384e-09
2.222438762663872e-09
2.341421248889972e-09
2.544086795115830e-09
2.793064676851514e-09
3.124639738226601e-09
3.546417269825997e-09
4.090689132021091e-09
4.811393914103824e-09
5.796429467441487e-09
7.066110038728086e-09
8.737207117134446e-09
1.094771036318184e-08
1.386578326719055e-08
1.772986089786768e-08
2.285186963812730e-08
2.963740471590063e-08
3.865037335876040e-08
5.060899473791817e-08
6.654043005941687e-08
8.774181563128813e-08
1.157912159176220e-07
1.529809156954612e-07
2.023428439493482e-07
2.678099953310421e-07
3.549933654567163e-07
4.705395392549025e-07
6.238424966187283e-07
8.272334521274437e-07
1.096894356185834e-06
1.454982594202428e-06
1.929743675482858e-06
2.559512825930943e-06
3.394748794924207e-06
4.500718342745355e-06
5.968198824852391e-06
7.911490218839606e-06
1.049912194750294e-05
1.391109376111266e-05
1.845392249650755e-05
2.444585958307087e-05
3.243000430775244e-05
4.290962776434628e-05
5.681643174886359e-05
7.516972443407883e-05
9.973328118719811e-05
1.321493434397426e-04
1.749241294281243e-04
2.319168128681411e-04
3.071232202798442e-04
4.068814000082331e-04
5.395646790463363e-04
7.132211735249629e-04
9.440728408331174e-04
1.248371886011553e-03
1.650758017892594e-03
2.180153179679256e-03
2.885004685810956e-03
3.810961172177434e-03
5.030567358829736e-03
6.629835895674768e-03
8.730537209887082e-03
1.147631895839712e-02
1.505540944283111e-02
1.970082063018999e-02
2.573616670944066e-02
3.350954879764233e-02
4.349380880855776e-02
5.624036327359196e-02
7.243778057767895e-02
9.287952217139082e-02
1.184150267366877e-01
1.498460862678244e-01
1.881910154974102e-01
2.340029208332869e-01
2.878946920846595e-01
3.500389784373839e-01
4.200330909281244e-01
4.967904608315826e-01
5.778554959852908e-01
6.599567512753960e-01
7.392073333667823e-01
8.113990958216251e-01
8.729078896913468e-01
9.213560978407617e-01
9.561671588361196e-01
9.791097331090398e-01
9.977539060395477e-01
###7.600000000000002e+00
-8.948441889859780e-09
9.771872528112118e-11
2.855845051412682e-10
3.431852038551908e-10
4.764300948749497e-10
6.130291138499258e-10
9.891212434917646e-10
1.121368083822368e-09
1.331126121889886e-09
7.362449592942055e-09
1.956486512658417e-09
2.379285789099834e-09
2.220001070902779e-09
2.366579090512104e-09
2.507041686515335e-09
2.734291734407133e-09
3.004542359562820e-09
3.370256429506822e-09
3.834467332654241e-09
4.434468062579416e-09
5.228179076201214e-09
6.296674513822755e-09
7.679302037438296e-09
9.497004910933530e-09
1.189986292539815e-08
1.507343125496044e-08
1.927134318985376e-08
2.483690849083401e-08
3.221072396558865e-08
4.200461657327943e-08
5.502095788314694e-08
7.234005974451876e-08
9.536690163005576e-08
1.258694716973855e-07
1.663347956588539e-07
2.200605698617157e-07
2.913505799053252e-07
3.863005704439735e-07
5.122304396404069e-07
6.794018193188883e-07
9.013057813869316e-07
1.195721385703264e-06
1.586885923982380e-06
2.105820410773271e-06
2.794672735144258e-06
3.708710347094479e-06
4.920208455598342e-06
6.528935837439444e-06
8.661309962100724e-06
1.150208616106018e-05
1.525102955683947e-05
2.024827330614699e-05
2.684250998028424e-05
3.563885732992586e-05
4.719488270336612e-05
6.254548713179578e-05
8.282040369047286e-05
1.099879383076323e-04
1.458650915885433e-04
1.932568119320292e-04
2.564435779955656e-04
3.399027632738852e-04
4.506978063414166e-04
5.981479625144141e-04
7.912611713437731e-04
1.048086017423982e-03
1.386759156816160e-03
1.834709341333326e-03
2.424100803695442e-03
3.208680117640548e-03
4.239234769584970e-03
5.595605388664393e-03
7.373155629157227e-03
9.705616883915955e-03
1.275016990607948e-02
1.671257393398634e-02
2.184516459259406e-02
2.849842245105292e-02
3.704516159938839e-02
4.798809013445123e-02
6.190943543513722e-02
7.952742511263952e-02
1.016611131974913e-01
1.291651528123370e-01
1.628214501910104e-01
2.036176201823734e-01
2.520047167718273e-01
3.084592260920027e-01
3.729585620731211e-01
4.448645930388027e-01
5.228060678461357e-01
6.040627086131291e-01
6.851648049001536e-01
7.621780459713396e-01
8.310346418963561e-01
8.884677169005969e-01
9.326149671282722e-01
9.634521414088588e-01
9.830842805144060e-01
9.982321280249166e-01
###8.000000000000002e+00
-8.941232848697623e-09
1.297038935994279e-10
3.067271260805503e-10
3.721909387794311e-10
4.788234894784341e-10
6.543582776604780e-10
1.023168393083691e-09
1.177185722702613e-09
1.392985730710844e-09
7.137486812194335e-09
2.048680016008346e-09
2.489766400789913e-09
2.351827514762960e-09
2.514690519068595e-09
2.675729354213134e-09
2.922525318868468e-09
3.228296005639214e-09
3.631150761420330e-09
4.140516297438530e-09
4.799142459135328e-09
5.668574220301945e-09
6.827328878491960e-09
8.337013988810930e-09
1.031943196818960e-08
1.292917270120493e-08
1.637616893108757e-08
2.093919532581727e-08
2.699071400275915e-08
3.500389075095937e-08
4.565175405284281e-08
5.982113109828830e-08
7.864800791577706e-08
1.036716901368178e-07
1.368507651098486e-07
1.808867460444240e-07
2.393893798000675e-07
3.170477154163131e-07
4.205073811979449e-07
5.577919043149638e-07
7.401674829019358e-07
9.824030352495992e-07
1.303963178221762e-06
1.731424994787691e-06
2.298965778858177e-06
3.052768231932140e-06
4.053723825468617e-06
5.381390708362802e-06
7.145929371720078e-06
9.487015965810009e-06
1.260726952481614e-05
1.672837818700275e-05
2.222973408778127e-05
2.948895228844690e-05
3.918460593811182e-05
5.193286581891930e-05
6.888257637542934e-05
9.128954306239357e-05
1.213428803491018e-04
1.610628846834990e-04
2.135763041842142e-04
2.836429933718046e-04
3.762597731222744e-04
4.992869482943685e-04
6.631122841254951e-04
8.777741060819081e-04
1.163336267270635e-03
1.540002101213217e-03
2.038254431300771e-03
2.693782650178754e-03
3.566165373090455e-03
4.711643565100475e-03
6.217942138155139e-03
8.190415305124495e-03
1.077537644015001e-02
1.414514336901296e-02
1.852286821126609e-02
2.418124970105841e-02
3.149776384131994e-02
4.087039451391341e-02
5.283310010243926e-02
6.799424702371368e-02
8.710242897518147e-02
1.109950318329376e-01
1.405271768354014e-01
1.764511808158634e-01
2.197127270449215e-01
2.706339243340065e-01
3.295609352032037e-01
3.962597875503033e-01
4.698393971456740e-01
5.486664278183692e-01
6.297771288676440e-01
7.095364171461938e-01
7.840053682771797e-01
8.493350259393750e-01
9.026527868927716e-01
9.426248057150288e-01
9.697504858964884e-01
9.864205655475838e-01
9.986180286407595e-01
###8.400000000000002e+00
-8.920247116144821e-09
1.441899751078228e-10
3.371173451318531e-10
3.963004389297843e-10
5.024815177292658e-10
6.954792748579385e-10
1.068181396315337e-09
1.241433379514972e-09
1.463500173646381e-09
6.920781345430179e-09
2.142032655842777e-09
2.599932176663201e-09
2.489621756714964e-09
2.666736072659850e-09
2.857146531630826e-09
3.123655942963330e-09
3.464849893078822e-09
3.905821919744329e-09
4.467121953966652e-09
5.189222801738428e-09
6.138864619152936e-09
7.401284886647626e-09
9.043640013901793e-09
1.119963615647182e-08
1.403864528863044e-08
1.778546854043852e-08
2.274741945654305e-08
2.932681361502136e-08
3.803691984249941e-08
4.961516262519098e-08
6.503945728184462e-08
8.550794444294778e-08
1.127161462360871e-07
1.488183011364836e-07
1.967604773410629e-07
2.604771210019306e-07
3.451133033026562e-07
4.578892190528250e-07
6.076254961366477e-07
8.067090016994357e-07
1.071169681301988e-06
1.422509936847431e-06
1.889869650508599e-06
2.510827665852470e-06
3.336148566200810e-06
4.432705311026626e-06
5.888500379367601e-06
7.824549735205667e-06
1.039570552155117e-05
1.382466538168393e-05
1.835760313556783e-05
2.441555188675331e-05
3.241122811036119e-05
4.310291383761755e-05
5.717113391669757e-05
7.589314042565014e-05
1.006630620616573e-04
1.339167979795043e-04
1.778974372222146e-04
2.360822545817926e-04
3.137714784219642e-04
4.165373933630980e-04
5.531128800091648e-04
7.350635408502599e-04
9.735686984440044e-04
1.290925427961239e-03
1.709575622268070e-03
2.263295613637660e-03
2.991587219615073e-03
3.960449213716083e-03
5.232027666068853e-03
6.902471473811875e-03
9.087407108739303e-03
1.194730204338496e-02
1.566940577487892e-02
2.049678520461829e-02
2.672195224992106e-02
3.474764375387665e-02
4.500064388999295e-02
5.804436580570549e-02
7.451214673995757e-02
9.517741118981174e-02
1.208916005610437e-01
1.525047353366150e-01
1.907298150259796e-01
2.364349601107241e-01
2.898671592595897e-01
3.511558327851844e-01
4.198796198573539e-01
4.948877659066524e-01
5.742921424172882e-01
6.549080335304576e-01
7.329831691611473e-01
8.046529332632716e-01
8.663021860906673e-01
9.155076497147251e-01
9.514637282177706e-01
9.751514363081922e-01
9.891933929868110e-01
9.989383714671883e-01
###8.800000000000002e+00
-8.861352425766536e-09
1.323130991432712e-10
3.704115570335162e-10
4.202336737520889e-10
5.312248871375471e-10
7.362976133251873e-10
1.112077144316932e-09
1.302967633437320e-09
1.532799479528217e-09
6.722854451911671e-09
2.245923924487792e-09
2.718056122474530e-09
2.631984636253315e-09
2.821349787106410e-09
3.035848156084173e-09
3.334648476432111e-09
3.711152487968911e-09
4.195950294287503e-09
4.809155360633931e-09
5.602429568367086e-09
6.640220575850958e-09
8.013693276875037e-09
9.802298913478787e-09
1.214808727138478e-08
1.523879588156118e-08
1.931132654117391e-08
2.470572212456622e-08
3.185886816049795e-08
4.133257084571403e-08
5.392469601585233e-08
7.070690858151321e-08
9.297250551544207e-08
1.225677714115843e-07
1.618706802568915e-07
2.140808424294540e-07
2.835037837939606e-07
3.757679424648618e-07
4.987470204565360e-07
6.621241058191294e-07
8.794548020919591e-07
1.168401091937568e-06
1.552441330365976e-06
2.063690987277229e-06
2.743375159848323e-06
3.647314577903882e-06
4.849190025986876e-06
6.446250868218863e-06
8.571276789650243e-06
1.139675652374977e-05
1.516664435225644e-05
2.015435320041050e-05
2.682789383623815e-05
3.563874640956906e-05
4.743133164118583e-05
6.296325118863161e-05
8.364830437663681e-05
1.110618085564607e-04
1.478345016683294e-04
1.965358682230083e-04
2.610047170087007e-04
3.471417917701501e-04
4.611447465797826e-04
6.127290061665710e-04
8.147188029948540e-04
1.079527247084949e-03
1.431983452260390e-03
1.896914444732599e-03
2.511650672192856e-03
3.319961047646701e-03
4.394647706273746e-03
5.804215958585565e-03
7.653854303889708e-03
1.007051814706014e-02
1.322858045090350e-02
1.733250439956405e-02
2.264676016409426e-02
2.947792983172528e-02
3.826325979896208e-02
4.945141964304375e-02
6.363634508108029e-02
8.147204727469837e-02
1.037644052436298e-01
1.313612195704934e-01
1.651006057906472e-01
2.056467454189924e-01
2.537876204851534e-01
3.096594092825992e-01
3.731897234221636e-01
4.437460460368204e-01
5.199190103024708e-01
5.995907979782873e-01
6.793712863249539e-01
7.554585581338077e-01
8.240814138321556e-01
8.819448286649708e-01
9.270862463536967e-01
9.592148991209923e-01
9.797461773830527e-01
9.914781882070290e-01
9.991908710553155e-01
###9.200000000000003e+00
-8.776493888410892e-09
1.500379525933336e-10
3.944901748771445e-10
4.465816875873348e-10
5.507921469864562e-10
7.835103777347507e-10
1.156450611034541e-09
1.361206830748519e-09
1.601353486095861e-09
6.540952129943098e-09
2.342585261976203e-09
2.838403043530275e-09
2.772820958000778e-09
2.983624604099325e-09
3.224401393748116e-09
3.553585235593637e-09
3.972279901012270e-09
4.503937024422934e-09
5.171377566783821e-09
6.040314916402592e-09
7.175412218075706e-09
8.676070995656464e-09
1.061691259646382e-08
1.316956649934370e-08
1.653081453035523e-08
2.096167723365467e-08
2.682697361631932e-08
3.460569733755219e-08
4.490966614619655e-08
5.860981032572494e-08
7.687381702272182e-08
1.010997342163703e-07
1.332997515292694e-07
1.760998251728364e-07
2.329625007824264e-07
3.086537119367747e-07
4.092549797706415e-07
5.434222607939800e-07
7.217550415758219e-07
9.591383883297073e-07
1.274928476777566e-06
1.694938741128967e-06
2.254424379286109e-06
2.998797565678156e-06
3.989227765835759e-06
5.307158405293521e-06
7.059843839242985e-06
9.393882215094609e-06
1.249975957375291e-05
1.664615643760549e-05
2.213701798530118e-05
2.949066429536283e-05
3.920375452336872e-05
5.221556932425298e-05
6.936667993793275e-05
9.222765107258605e-05
1.225908704566092e-04
1.632387323320860e-04
2.171653191258859e-04
2.885971359555555e-04
3.840813936442708e-04
5.105164989855804e-04
6.786751922115976e-04
9.028125918519778e-04
1.196668572776054e-03
1.587808668754044e-03
2.103604765020868e-03
2.785476750024822e-03
3.681587661423332e-03
4.872101843726568e-03
6.432352157692687e-03
8.477360303546571e-03
1.114588673391249e-02
1.462691007041450e-02
1.914327324357242e-02
2.498042472732346e-02
3.246130753324157e-02
4.205543810318303e-02
5.423643400561864e-02
6.962371874443181e-02
8.888885083309905e-02
1.128744282583220e-01
1.424093496393854e-01
1.783142824757741e-01
2.211949421022176e-01
2.717474203242931e-01
3.299755987132996e-01
3.956088568550245e-01
4.677889029923824e-01
5.448605615975537e-01
6.244722273818831e-01
7.030944001518106e-01
7.768992445714361e-01
8.422790311666656e-01
8.962884451665789e-01
9.374466571497160e-01
9.659608958133303e-01
9.836222433430687e-01
9.933421213701820e-01
9.993925134343803e-01
###9.600000000000003e+00
-8.767965042008551e-09
1.427463703218791e-10
4.094322659874141e-10
4.738252065513586e-10
5.861700476749874e-10
8.162979735653009e-10
1.194955407813943e-09
1.414492094473251e-09
1.672450755934211e-09
6.377762779838700e-09
2.443985278315982e-09
2.953471080625835e-09
2.918633414339684e-09
3.155823349945608e-09
3.421548212247675e-09
3.785198571208457e-09
4.243828182496622e-09
4.828810751471050e-09
5.558646555131150e-09
6.507485820421870e-09
7.747895744538078e-09
9.379415512033512e-09
1.149274729437226e-08
1.426883358559317e-08
1.792589909018688e-08
2.274521291396269e-08
2.912471199491218e-08
3.758468775354411e-08
4.879664490689401e-08
6.370316712599960e-08
8.357950714616180e-08
1.099513504988669e-07
1.449984685684460e-07
1.916203576920674e-07
2.535990925253320e-07
3.361186886068254e-07
4.458711428230561e-07
5.922913263979304e-07
7.870307549301699e-07
1.046410439058799e-06
1.391709923461283e-06
1.851242806580525e-06
2.463788106966213e-06
3.279303856914859e-06
4.365125855300679e-06
5.811002456441350e-06
7.735436568363991e-06
1.029958591702307e-05
1.371489686399730e-05
1.827783982793796e-05
2.432437681736447e-05
3.242680867576975e-05
4.314134751701064e-05
5.750143374913401e-05
7.644487986759050e-05
1.017181620098539e-04
1.353309590815565e-04
1.802786780059164e-04
2.399834581380281e-04
3.191173362888809e-04
4.249275347918022e-04
5.651018232160158e-04
7.515509636711124e-04
1.000145154245430e-03
1.326008335523984e-03
1.759718413456499e-03
2.331465480116994e-03
3.086962108776890e-03
4.079196005558995e-03
5.396504344945792e-03
7.121055476562952e-03
9.378806882408589e-03
1.232022034892325e-02
1.615091873151692e-02
2.111145261897984e-02
2.750905309565790e-02
3.568654117968319e-02
4.613893541364587e-02
5.937073029250539e-02
7.601951919835942e-02
9.679049544637706e-02
1.225186749689661e-01
1.540410381394798e-01
1.921446450673668e-01
2.373594215517150e-01
2.902838354746395e-01
3.507752633533812e-01
4.183516953012992e-01
4.919272484406790e-01
5.696147340642471e-01
6.488590879210120e-01
7.260116723577179e-01
7.972706876015612e-01
8.592423882203992e-01
9.093717888659125e-01
9.466612558662728e-01
9.717882421560715e-01
9.868630283414005e-01
9.948469175308221e-01
9.995408273708686e-01
###1.000000000000000e+01
-8.775450965311732e-09
1.643516926461162e-10
4.223746299952643e-10
4.855570433535115e-10
6.585135457228587e-10
8.498564760312471e-10
1.237735111819587e-09
1.477704159101174e-09
1.741510943035552e-09
6.226656011587262e-09
2.546264305408021e-09
3.067842634329071e-09
3.068756049607638e-09
3.325278046785038e-09
3.629414163416862e-09
4.029328744642706e-09
4.518786891159212e-09
5.170323999449456e-09
5.972169364263251e-09
7.008184358092645e-09
8.353747721177540e-09
1.013571041416316e-08
1.243441977571977e-08
1.543538720213596e-08
1.943375066780616e-08
2.467537990308316e-08
3.161535144141790e-08
4.082852599251505e-08
5.301852594729958e-08
6.924155451119290e-08
9.087762839317303e-08
1.195912612054808e-07
1.577544931180038e-07
2.085577452769974e-07
2.761270242701274e-07
3.661314152662220e-07
4.859338798120243e-07
6.457763314388131e-07
8.585158606826508e-07
1.142022526725074e-06
1.519750910164398e-06
2.022735479040963e-06
2.693734081604739e-06
3.587493057885544e-06
4.778303410668090e-06
6.365161589164146e-06
8.479041400111612e-06
1.129724757875652e-05
1.505238662620111e-05
2.007702927249974e-05
2.673771126926903e-05
3.566659784003515e-05
4.748886464576173e-05
6.334070835389153e-05
8.426712466634025e-05
1.122117043986707e-04
1.494106576386412e-04
1.991219321615867e-04
2.652212929965595e-04
3.528518229322809e-04
4.700937436220084e-04
6.254161683372050e-04
8.320268596580514e-04
1.107557888026947e-03
1.468693759696490e-03
1.949167853228152e-03
2.582308695291146e-03
3.418497384142747e-03
4.515914183434751e-03
5.971507320159108e-03
7.874976719752345e-03
1.036341023197032e-02
1.360066669243289e-02
1.780843073702965e-02
2.324697972678628e-02
3.024485774840115e-02
3.916449956813675e-02
5.052895081593139e-02
6.486867115382326e-02
8.284109657511386e-02
1.051756640026511e-01
1.327075686145026e-01
1.662605272355613e-01
2.065849397743670e-01
2.541495915061794e-01
3.093704385789161e-01
3.720126321633169e-01
4.413514703651394e-01
5.160925648453399e-01
5.941141317954852e-01
6.726741803916307e-01
7.480513198805779e-01
8.165287898740419e-01
8.749697114002805e-01
9.212307648196344e-01
9.548015279956312e-01
9.767870740613366e-01
9.895496955805179e-01
9.960502900505394e-01
9.996588318021044e-01
###1.040000000000000e+01
-8.745193159513862e-09
1.791480347970844e-10
4.529081434375348e-10
5.120881382409263e-10
7.003424436700634e-10
8.918835114992468e-10
1.286904617719287e-09
1.536556922037692e-09
1.816465879274677e-09
6.091192289126602e-09
2.648257569370632e-09
3.192272435918056e-09
3.220947278428783e-09
3.508267447592159e-09
3.844538773016058e-09
4.281338950108659e-09
4.819892710116912e-09
5.530916219967421e-09
6.408277168181738e-09
7.543786758555189e-09
9.006832399042580e-09
1.094586541830639e-08
1.344660902226712e-08
1.671374406341732e-08
2.106170972427683e-08
2.676407240554501e-08
3.431426787775990e-08
4.434909399043719e-08
5.760839634821331e-08
7.526275713206961e-08
9.882536058805865e-08
1.300940886875581e-07
1.716675938186178e-07
2.270407462029728e-07
3.007341294180982e-07
3.989489912662717e-07
5.297663260390012e-07
7.042988077476262e-07
9.369648455065827e-07
1.246814264397584e-06
1.660178740590768e-06
2.210971065858380e-06
2.946232971269172e-06
3.926211241296906e-06
5.232717103666265e-06
6.975002128511058e-06
9.297499749541848e-06
1.239629776909470e-05
1.652636647175678e-05
2.206110333358957e-05
2.939989785469527e-05
3.924134827351658e-05
5.229058868648299e-05
6.979199214388930e-05
9.291232428308938e-05
1.238070928082955e-04
1.649683969661114e-04
2.199477783424531e-04
2.931009281403160e-04
3.901368757018199e-04
5.199752958230748e-04
6.919999589634602e-04
9.208314371452695e-04
1.226018231472037e-03
1.625875685232174e-03
2.157703656514881e-03
2.858226116812043e-03
3.782667202198047e-03
4.994864552511178e-03
6.601074903466929e-03
8.699034844022423e-03
1.143735516205248e-02
1.499420027275966e-02
1.960851702006986e-02
2.555972402299073e-02
3.319858911235243e-02
4.290758554328558e-02
5.523778159117091e-02
7.074518307961472e-02
9.010129719698737e-02
1.140542664249621e-01
1.434465329590737e-01
1.790672758581342e-01
2.216298586976969e-01
2.715105100236810e-01
3.289741697260922e-01
3.936290344489072e-01
4.645514404722588e-01
5.402117733672409e-01
6.182734839916618e-01
6.958445826750218e-01
7.691664481422803e-01
8.346574314713299e-01
8.894797939016570e-01
9.319199252975224e-01
9.619450926867946e-01
9.810421716058648e-01
9.917596584831083e-01
9.970032414520271e-01
9.997512119741574e-01
###1.080000000000000e+01
-8.740534676532480e-09
1.907632522926204e-10
4.607879394027951e-10
5.457946172474635e-10
7.336486181141976e-10
9.380176400905565e-10
1.337927015314458e-09
1.607257126659754e-09
1.895484924176764e-09
5.965755442346749e-09
2.751342640656067e-09
3.317347552066681e-09
3.381634914615115e-09
3.693242122062857e-09
4.066804391150257e-09
4.544898605855149e-09
5.138208664628143e-09
5.910195421145390e-09
6.869118814837771e-09
8.110009660247937e-09
9.704957019996034e-09
1.181243456786411e-08
1.453489150110011e-08
1.809418815572024e-08
2.281949352034688e-08
2.902416426398222e-08
3.723998073187008e-08
4.815621505074900e-08
6.259493137725193e-08
8.181447521404579e-08
1.074726931790135e-07
1.415387744284764e-07
1.868440339892168e-07
2.472226056639559e-07
3.276172453786712e-07
4.348173623190130e-07
5.777170719706232e-07
7.684084452819540e-07
1.022922915498636e-06
1.361760433647141e-06
1.814278851485293e-06
2.417608565335865e-06
3.223509241303219e-06
4.298438358441413e-06
5.732515247732813e-06
7.646208148349089e-06
1.019894296481713e-05
1.360767969733407e-05
1.815201742600261e-05
2.424888997819912e-05
3.233783057103435e-05
4.318923538034201e-05
5.758989350479621e-05
7.691703348517700e-05
1.024595892004788e-04
1.366146780065774e-04
1.821481536386136e-04
2.429479188534625e-04
3.238940483823288e-04
4.313009616509603e-04
5.750303686934389e-04
7.654461128148442e-04
1.018769463246404e-03
1.356558385013041e-03
1.798916401387338e-03
2.387049335345828e-03
3.161180868195143e-03
4.182095352896147e-03
5.519317703157592e-03
7.289497373745084e-03
9.598214650624522e-03
1.260721301559776e-02
1.650857527701717e-02
2.155973963299057e-02
2.806013614625345e-02
3.638240778638834e-02
4.693029807705232e-02
6.028037637142805e-02
7.701757680577442e-02
9.781436018045167e-02
1.234413338700816e-01
1.547390313990305e-01
1.924622490847071e-01
2.372644023182104e-01
2.894279737729679e-01
3.490447156295301e-01
4.155768887047916e-01
4.878780823148034e-01
5.641987245367545e-01
6.420142632841854e-01
7.182920301290900e-01
7.892996735676807e-01
8.516393270685063e-01
9.027900258117455e-01
9.414952552998219e-01
9.681708890419326e-01
9.846329369942366e-01
9.935576089719702e-01
9.977480473223321e-01
9.998184018394646e-01
###1.120000000000000e+01
-8.728609229013068e-09
2.166345274237509e-10
4.797030071833947e-10
5.708848878477396e-10
7.608715955147372e-10
9.928204808324390e-10
1.393695135590357e-09
1.671200798722696e-09
1.979728345192855e-09
5.860324836072777e-09
2.860959461440898e-09
3.445669975111792e-09
3.545783575943354e-09
3.889896307180213e-09
4.300850726014548e-09
4.825935035629670e-09
5.471789366212604e-09
6.313248671618509e-09
7.360925604684694e-09
8.701885307358803e-09
1.045790685852368e-08
1.274403499336831e-08
1.570612470722853e-08
1.958315951568334e-08
2.471781180656354e-08
3.147242338743177e-08
4.042565253373742e-08
5.229113321118623e-08
6.801746852095903e-08
8.894677624367697e-08
1.168965976989099e-07
1.540183368270176e-07
2.033126409058958e-07
2.692690723242959e-07
3.570100537821119e-07
4.740627681386057e-07
6.302078357353473e-07
8.386144996027122e-07
1.117141783014061e-06
1.487847116559755e-06
1.983396774676894e-06
2.644589546788507e-06
3.528305466323371e-06
4.707747701097298e-06
6.282441215497963e-06
8.385021999551369e-06
1.119173738668004e-05
1.494195450052252e-05
1.994371407081156e-05
2.666159687333399e-05
3.557823480864835e-05
4.754634589915174e-05
6.344069870940849e-05
8.478284956454732e-05
1.130000948755546e-04
1.507579230348259e-04
2.010947454806233e-04
2.683404860626523e-04
3.578868581854756e-04
4.767195897159670e-04
6.357376031442199e-04
8.464220647728816e-04
1.126620929085240e-03
1.500171571144323e-03
1.989125285484616e-03
2.638914962282734e-03
3.493486387354122e-03
4.619602303279379e-03
6.092954022472555e-03
8.041236620941415e-03
1.057836638298447e-02
1.387970968431995e-02
1.815218524752592e-02
2.367200156320750e-02
3.075926862790074e-02
3.980943556721159e-02
5.124447067267165e-02
6.567035358834965e-02
8.369366726890679e-02
1.059894708594766e-01
1.333479449961396e-01
1.665911963369859e-01
2.064380443194924e-01
2.534746179401750e-01
3.078689503247293e-01
3.695417792110286e-01
4.377992096229989e-01
5.112649826033251e-01
5.879825372603587e-01
6.652524857345445e-01
7.399638190685009e-01
8.084225518229691e-01
8.674679058473460e-01
9.149304935696025e-01
9.500187740459090e-01
9.735576416174241e-01
9.876392520996979e-01
9.950069311864538e-01
9.983244629142662e-01
9.998702297557106e-01
###1.160000000000000e+01
-8.701221230881070e-09
2.341202419327420e-10
4.942354710873898e-10
5.958136730432463e-10
7.869909868867425e-10
1.036907653346963e-09
1.441471350017505e-09
1.726986171526281e-09
2.059643151367035e-09
5.765153626309690e-09
2.977709227191693e-09
3.580760491127235e-09
3.713850015555194e-09
4.093997813450042e-09
4.542924401450824e-09
5.118242471295577e-09
5.825588596036147e-09
6.745366811180424e-09
7.884986066341385e-09
9.346065788636546e-09
1.125979929353852e-08
1.374259379965764e-08
1.696766314457953e-08
2.118787458028925e-08
2.677060872637172e-08
3.412226096986743e-08
4.386589246807348e-08
5.678349931154116e-08
7.391246905001937e-08
9.671687304274198e-08
1.271591686853146e-07
1.676306096873999e-07
2.214097761305050e-07
2.933489882357460e-07
3.891411627809082e-07
5.169887493879849e-07
6.876798386246847e-07
9.155564740115520e-07
1.220362675499964e-06
1.626164916235653e-06
2.169034975958074e-06
2.893882544017785e-06
3.863117307649952e-06
5.157903109323737e-06
6.887479484397905e-06
9.198146633866093e-06
1.228523117084975e-05
1.641251323689964e-05
2.191942711579806e-05
2.932215331200795e-05
3.915377753652957e-05
5.235375578390527e-05
6.989772677819223e-05
9.346396360846986e-05
1.246377856050108e-04
1.663689821260535e-04
2.220036960025650e-04
2.963524037341405e-04
3.953742832293825e-04
5.267787249879320e-04
7.026312745567432e-04
9.355858221601977e-04
1.245297850292119e-03
1.658058152991903e-03
2.198062207775112e-03
2.915197486914017e-03
3.857598054975805e-03
5.098201951636519e-03
6.719513752364673e-03
8.860724467567029e-03
1.164492842568220e-02
1.526125535619246e-02
1.993246719444203e-02
2.595440503058588e-02
3.366740813537394e-02
4.348786145433393e-02
5.586382015665926e-02
7.141982259129537e-02
9.078628019802587e-02
1.146390509092992e-01
1.437799432969132e-01
1.790064641062509e-01
2.209904204318709e-01
2.702409863633843e-01
3.267994994784659e-01
3.904243121222322e-01
4.602341575830540e-01
5.346396705189522e-01
6.114868662377358e-01
6.879289198499922e-01
7.607982066371636e-01
8.265060914330247e-01
8.821485566492941e-01
9.259475224879981e-01
9.575583076188997e-01
9.781846652474873e-01
9.901369141042948e-01
9.961656119701033e-01
9.987663717780907e-01
9.999079565643545e-01
###1.200000000000001e+01
-8.709753485599575e-09
2.482623181574198e-10
5.184467205639341e-10
6.216148795014116e-10
8.139612166066371e-10
1.083762684709809e-09
1.492923404246058e-09
1.789616749042060e-09
2.137362848852310e-09
5.682113946164067e-09
3.096415240647549e-09
3.703799455689040e-09
3.891410055379296e-09
4.304040884479777e-09
4.802012831304232e-09
5.421423594778105e-09
6.199581896173492e-09
7.198267572077816e-09
8.444827805810884e-09
1.003526644644357e-08
1.210972742191452e-08
1.481450957616081e-08
1.832380301598704e-08
2.291948092790479e-08
2.899146620948810e-08
3.699179855284792e-08
4.760114923947909e-08
6.166546727399891e-08
8.032618272787465e-08
1.051856520025226e-07
1.383498323955812e-07
1.824873066457067e-07
2.411700697528201e-07
3.196647111720276e-07
4.242891822029847e-07
5.639977794826059e-07
7.506231655503638e-07
9.999096064151288e-07
1.333376080013187e-06
1.777994374986702e-06
2.372921897381963e-06
3.167769630172113e-06
4.231337586485419e-06
5.653176511667873e-06
7.553334490157480e-06
1.009354938830544e-05
1.348964154561496e-05
1.803240277540005e-05
2.409736261552796e-05
3.225599673177942e-05
4.309649562887009e-05
5.765757111285160e-05
7.702127988902336e-05
1.030424945430894e-04
1.374733095605759e-04
1.835898799832883e-04
2.450690705032748e-04
3.272401299665528e-04
4.366972087521566e-04
5.819606032455460e-04
7.762747076063183e-04
1.033661044268658e-03
1.375781419128241e-03
1.831434544063337e-03
2.427272993804080e-03
3.217902955853686e-03
4.256026079218415e-03
5.621089542301442e-03
7.402960727373467e-03
9.753001827018203e-03
1.280390156296067e-02
1.675928149290572e-02
2.185810652611090e-02
2.841658977427137e-02
3.679559167354407e-02
4.742967599166754e-02
6.080006915624834e-02
7.754293876266009e-02
9.830831555547365e-02
1.237730489162762e-01
1.547378254359448e-01
1.919778417123061e-01
2.361066810661524e-01
2.875402445947464e-01
3.461934660507662e-01
4.116436564049243e-01
4.828183752380320e-01
5.579314518990622e-01
6.346375945026762e-01
7.099684306928661e-01
7.807441770076888e-01
8.435254498724081e-01
8.956981731324822e-01
9.358878875588528e-01
9.641847094472361e-01
9.821305745126323e-01
9.921938102100589e-01
9.970825641307517e-01
9.991011768053241e-01
9.999318370555628e-01
###1.240000000000001e+01
-8.687075571795991e-09
2.671916973055860e-10
5.482031039853604e-10
6.544109776404503e-10
8.469253365638160e-10
1.126691065562701e-09
1.543237583452130e-09
1.863285239654825e-09
2.214657828196160e-09
5.613078011917694e-09
3.218812760634511e-09
3.845564720362482e-09
4.071016952648464e-09
4.523698425987774e-09
5.069999186137794e-09
5.745165223264309e-09
6.594811196054099e-09
7.677467474938128e-09
9.034819023996766e-09
1.076974458804294e-08
1.301217338241079e-08
1.596543284555226e-08
1.978505912240073e-08
2.478829200607764e-08
3.139254236837353e-08
4.010316905687731e-08
5.165401910124893e-08
6.697028290526932e-08
8.731855088374988e-08
1.144090350126478e-07
1.505522702775836e-07
1.986971152391320e-07
2.627443772527958e-07
3.484382801148276e-07
4.627468664941268e-07
6.154392985634139e-07
8.195812573845835e-07
1.092321633885085e-06
1.457351709754187e-06
1.944641668152329e-06
2.596803564308851e-06
3.468729281289344e-06
4.636186913115100e-06
6.197727237977599e-06
8.286169442797829e-06
1.107933791757528e-05
1.481584650066523e-05
1.981726991398809e-05
2.650133682873362e-05
3.548977231432325e-05
4.744450473024852e-05
6.350457518821881e-05
8.487635961542395e-05
1.136056890534302e-04
1.516328895329656e-04
2.025696498416467e-04
2.704928930787725e-04
3.612867854903664e-04
4.822182572707260e-04
6.427982862684839e-04
8.572966789658083e-04
1.141493869862764e-03
1.519061686893154e-03
2.021680833770023e-03
2.678418324319295e-03
3.549221110617695e-03
4.691417619076330e-03
6.191674775973491e-03
8.147411157879744e-03
1.072307510493461e-02
1.406130586469146e-02
1.838135672491147e-02
2.393812173169412e-02
3.106885893112529e-02
4.015548070308811e-02
5.165096323109602e-02
6.606665912827789e-02
8.405117330981096e-02
1.062689223700461e-01
1.333967039830262e-01
1.662263833621450e-01
2.055061766091998e-01
2.517752929585694e-01
3.053540131538492e-01
3.660073596181795e-01
4.331451318747684e-01
5.054890495704748e-01
5.810650130552131e-01
6.573559166025830e-01
7.313102024113691e-01
7.997664052324494e-01
8.594683821455796e-01
9.081338189621866e-01
9.448022116130211e-01
9.699676796415829e-01
9.854687378404997e-01
9.938739344308588e-01
9.978013862389467e-01
9.993520548097723e-01
9.999627766506308e-01
###1.280000000000001e+01
-8.662185421837030e-09
2.986258468184443e-10
5.575593098195775e-10
6.828501354971152e-10
8.852350308984951e-10
1.169620894677032e-09
1.601018367080528e-09
1.927779232622895e-09
2.304007724179595e-09
5.560895968970683e-09
3.343825430275787e-09
3.992837423180503e-09
4.258328111087671e-09
4.755350953614587e-09
5.321827598299458e-09
6.086242235553732e-09
7.011199361960772e-09
8.188186550401607e-09
9.666097505477970e-09
1.155532643122329e-08
1.399559891197267e-08
1.720322463410254e-08
2.135999611047227e-08
2.680584780458257e-08
3.399135514218301e-08
4.347482357227083e-08
5.605262223677652e-08
7.273916377773587e-08
9.492587117311594e-08
1.244572106315394e-07
1.638591221144908e-07
2.163864280788828e-07
2.863186777872796e-07
3.798962851726783e-07
5.048261252415940e-07
6.717672529966680e-07
8.951523072671034e-07
1.193687440365727e-06
1.593407506107881e-06
2.127493263917078e-06
2.842758122541892e-06
3.799524154284064e-06
5.081224602903703e-06
6.796861612395374e-06
9.092452031208245e-06
1.216472374020254e-05
1.627696675009116e-05
2.178432081000020e-05
2.915056091172084e-05
3.905450238237335e-05
5.223777171576393e-05
6.994324959799682e-05
9.353759827962035e-05
1.252494553503447e-04
1.672345802905687e-04
2.234867800853802e-04
2.984966735752323e-04
3.987618362650424e-04
5.323127898411361e-04
7.096901040116124e-04
9.463489988153105e-04
1.259919147583448e-03
1.676256092949398e-03
2.230216402803929e-03
2.953420081045015e-03
3.911414463837082e-03
5.166762000953746e-03
6.813602245303705e-03
8.957433534232671e-03
1.177659270049838e-02
1.542379664473475e-02
2.013446112467098e-02
2.618059029272926e-02
3.392100367523489e-02
4.375802667734292e-02
5.616433074812402e-02
7.167605387492677e-02
9.095747425515835e-02
1.146813424343019e-01
1.435202099652665e-01
1.782538449774524e-01
2.195848174211825e-01
2.679807727376579e-01
3.236503677936707e-01
3.862018401897203e-01
4.548702298433012e-01
5.281837337569684e-01
6.039729216988157e-01
6.795800278350789e-01
7.518965152243147e-01
8.178261038905962e-01
8.743347469701084e-01
9.194883160418047e-01
9.527456485157422e-01
9.749817356629461e-01
9.882706231465147e-01
9.952314727328679e-01
9.983561775862371e-01
9.995362828463009e-01
9.999926904451187e-01
###1.320000000000001e+01
-8.664621488148530e-09
3.230403218915345e-10
5.821345674738722e-10
7.179750147299320e-10
9.229699433956659e-10
1.220132849108344e-09
1.658693893131807e-09
1.984214740313214e-09
2.388826280136006e-09
5.518962848415121e-09
3.471286451254744e-09
4.148377627527848e-09
4.456648170122290e-09
4.995467483925300e-09
5.619105606515792e-09
6.444093591823127e-09
7.451806314191541e-09
8.730105112110271e-09
1.033767863757267e-08
1.239384372367722e-08
1.504976039473067e-08
1.853470757244546e-08
2.305455526499704e-08
2.898436970129036e-08
3.680226398982282e-08
4.713284765553252e-08
6.082946994900259e-08
7.900918396964226e-08
1.032048167279704e-07
1.354069540125826e-07
1.783763568917119e-07
2.357062302753119e-07
3.120815872640422e-07
4.143039503024081e-07
5.508801102388222e-07
7.335068746176184e-07
9.779637766313666e-07
1.304831072609065e-06
1.742732867930606e-06
2.328360891273078e-06
3.112941383448815e-06
4.163138895581049e-06
5.570960806464456e-06
7.455955846787142e-06
9.979887906353538e-06
1.336003003475777e-05
1.788612338132252e-05
2.395138756986590e-05
3.206903070752216e-05
4.298244564079309e-05
5.751890686892682e-05
7.704098997636681e-05
1.030852615187963e-04
1.380805327056061e-04
1.844227635607661e-04
2.465228858681281e-04
3.293191112129845e-04
4.400086451899380e-04
5.873966244223179e-04
7.831728665311347e-04
1.044151869684056e-03
1.389805871725943e-03
1.848553481570727e-03
2.458537949325447e-03
3.253975120445441e-03
4.306903388800857e-03
5.684962175879003e-03
7.490487946529671e-03
9.837442717739038e-03
1.291865234292051e-02
1.689824343378480e-02
2.202718890654158e-02
2.859547458753169e-02
3.698488825562418e-02
4.761647156363716e-02
6.098286668367317e-02
7.764229831116992e-02
9.827422694278105e-02
1.235544245505253e-01
1.541492514312718e-01
1.908133532394631e-01
2.342063343039283e-01
2.847034570895801e-01
3.423987325702196e-01
4.067349023055812e-01
4.767675764976800e-01
5.508316580719581e-01
6.265816090653590e-01
7.012398359203748e-01
7.716798334936265e-01
8.348961095217317e-01
8.881283792413006e-01
9.298019646508131e-01
9.597849652057918e-01
9.793006900891421e-01
9.906073703868354e-01
9.963228062801740e-01
9.987867493798028e-01
9.996745044946187e-01
9.999926904451187e-01
###1.360000000000001e+01
-8.641326890344305e-09
3.406315647382120e-10
6.052681609725702e-10
7.624807501273736e-10
9.606964241478093e-10
1.271882274783088e-09
1.720502547950883e-09
2.061700249061873e-09
2.478002138098690e-09
5.488218004446677e-09
3.606103480470493e-09
4.308040240913693e-09
4.660043908058754e-09
5.254671102597791e-09
5.929319744865283e-09
6.823346327354815e-09
7.918708437157833e-09
9.307451339342398e-09
1.105485426313415e-08
1.329219498444062e-08
1.618127731628554e-08
1.996758902487244e-08
2.488554489060647e-08
3.133716483258309e-08
3.984803087092815e-08
5.109672483527534e-08
6.601951650027685e-08
8.583210603008264e-08
1.122190205700800e-07
1.473382690262525e-07
1.942214994802120e-07
2.568058103033038e-07
3.402450988542257e-07
4.519481039486804e-07
6.012927761065450e-07
8.011209063050778e-07
1.068781567245272e-06
1.426762616652729e-06
1.906676245399568e-06
2.548931901693000e-06
3.409886503328440e-06
4.563022025641824e-06
6.109384401050034e-06
8.181253952047576e-06
1.095686666255106e-05
1.467584907117075e-05
1.965831256634610e-05
2.633870372490526e-05
3.528385120516358e-05
4.731208683761197e-05
6.333775998094537e-05
8.486578983359773e-05
1.135996554857335e-04
1.522128186722125e-04
2.033744999945766e-04
2.718782064667935e-04
3.632403395006536e-04
4.853554864550303e-04
6.479150132651058e-04
8.638484449464462e-04
1.151426383586426e-03
1.532193902914512e-03
2.037175369007918e-03
2.708187077726992e-03
3.582283699089910e-03
4.738256572469948e-03
6.249309882696391e-03
8.226226229444727e-03
1.079240418550053e-02
1.415586466755765e-02
1.849181950238669e-02
2.406761466082330e-02
3.119260048592620e-02
4.026892022499522e-02
5.173983904415904e-02
6.611481610819663e-02
8.397583051541986e-02
1.060101760317004e-01
1.328974951585631e-01
1.652857348236113e-01
2.039054320374343e-01
2.493590975110328e-01
3.019220047267877e-01
3.615599462848118e-01
4.275583704706578e-01
4.987735495653207e-01
5.733696716050802e-01
6.488223529103840e-01
7.222829896130678e-01
7.906130425976866e-01
8.509660548335543e-01
9.008658933336281e-01
9.391149895620682e-01
9.659806380812120e-01
9.829904005213365e-01
9.925369384055318e-01
9.971886404087872e-01
9.991120300928565e-01
9.997723654781833e-01
9.999926904451187e-01
###1.400000000000001e+01
-8.617322126055215e-09
3.585350840192410e-10
6.273164720355132e-10
7.960972091179194e-10
1.009374999219262e-09
1.319527116654754e-09
1.784645430575479e-09
2.141645483174072e-09
2.573890538527118e-09
5.471945700445310e-09
3.752831282276640e-09
4.477486232478212e-09
4.877149624985851e-09
5.518578591416434e-09
6.257580313045694e-09
7.222960210514651e-09
8.414334352074802e-09
9.920239446545664e-09
1.182039315834584e-08
1.425438507275493e-08
1.739524018539301e-08
2.150919182695613e-08
2.685974139947151e-08
3.387583065592925e-08
4.314964536880447e-08
5.540050383297878e-08
7.165546236570556e-08
9.325376932091448e-08
1.220374949889977e-07
1.603570706085642e-07
2.115213227974101e-07
2.798578812895134e-07
3.710447661623802e-07
4.931486716002107e-07
6.565103393643491e-07
8.752271015434075e-07
1.168362003253459e-06
1.560625397662103e-06
2.086674495052362e-06
2.791231943413559e-06
3.736136067045885e-06
5.002528957934237e-06
6.701575054049491e-06
8.978977237245782e-06
1.203219480085926e-05
1.612443617890268e-05
2.160875489694436e-05
2.896764180247183e-05
3.882478917330986e-05
5.208131565311147e-05
6.974609124631825e-05
9.348204117579897e-05
1.251771431287408e-04
1.677762328459704e-04
2.242308123882067e-04
2.997797282801853e-04
4.005396051843639e-04
5.351861296199560e-04
7.143873115018829e-04
9.523846962456104e-04
1.269081898515431e-03
1.688118531445768e-03
2.243566337948192e-03
2.980988777999652e-03
3.940595775803275e-03
5.208276659424641e-03
6.863253203583395e-03
9.025273351739905e-03
1.182765820711467e-02
1.549409795032615e-02
2.021131871944620e-02
2.626461350465868e-02
3.398082375732513e-02
4.378516133128495e-02
5.614098963016999e-02
7.157447597217813e-02
9.068939885023732e-02
1.141740332836493e-01
1.427161751587998e-01
1.769357800147979e-01
2.175264664889919e-01
2.650264730958391e-01
3.196098015243493e-01
3.811006083112536e-01
4.486174261466395e-01
5.208291430522139e-01
5.957240673849039e-01
6.706297609222511e-01
7.426395988001472e-01
8.086598028273496e-01
8.660215070967029e-01
9.125609181589975e-01
9.474784038167235e-01
9.714003569184548e-01
9.861208188703467e-01
9.941173210332133e-01
9.978700707412860e-01
9.993564885173890e-01
9.998424040256663e-01
9.999926904451187e-01
###1.440000000000001e+01
-8.585705346529449e-09
3.900488065337114e-10
6.462840329516796e-10
8.283732565208745e-10
1.052046901187181e-09
1.372715091114719e-09
1.849752185325593e-09
2.224379660881356e-09
2.672412336830210e-09
5.467474181019549e-09
3.897438098944218e-09
4.649569076455346e-09
5.102607354125251e-09
5.795842995360950e-09
6.606736799108273e-09
7.649320516804008e-09
8.940184477140260e-09
1.057280491003960e-08
1.263720757841466e-08
1.528315172680660e-08
1.869953539126985e-08
2.316914348070363e-08
2.899066929870188e-08
3.662538091733370e-08
4.672476814648162e-08
6.006901100986017e-08
7.778306226782761e-08
1.013358077050433e-07
1.327333060102871e-07
1.745511966072186e-07
2.304105059172085e-07
3.050572296579387e-07
4.047215503853404e-07
5.382329298313350e-07
7.169970371582467e-07
9.564678592282945e-07
1.277533835433578e-06
1.707500443391810e-06
2.284257592955217e-06
3.057385315800051e-06
4.094748595079158e-06
5.485743031234111e-06
7.352695216206916e-06
9.856542088462625e-06
1.321531126555142e-05
1.771895682640047e-05
2.375652333397719e-05
3.186114848586584e-05
4.272303649081934e-05
5.733059995422087e-05
7.680110590729128e-05
1.029630868573503e-04
1.379184582032991e-04
1.848894066359686e-04
2.471598089853140e-04
3.304371077519092e-04
4.415075434390991e-04
5.898973492418273e-04
7.873048946851311e-04
1.049391531545130e-03
1.397912656909105e-03
1.858756422312259e-03
2.469108852171116e-03
3.278543333829168e-03
4.331151539893072e-03
5.719726221638600e-03
7.530270729159663e-03
9.892020168211661e-03
1.295232159888033e-02
1.693955342393783e-02
2.206404598423376e-02
2.862647114194725e-02
3.697011865512274e-02
4.754467496028000e-02
6.083105582956540e-02
7.737650030660066e-02
9.779153088333034e-02
1.227799551342261e-01
1.530151321507928e-01
1.890954752343375e-01
2.316694173483052e-01
2.811983685342851e-01
3.377428904238389e-01
4.009888470104633e-01
4.698674716962220e-01
5.428760841514445e-01
6.178332962683422e-01
6.919412826260072e-01
7.622647669796726e-01
8.257940326675141e-01
8.800635020282416e-01
9.232496909910833e-01
9.549426639700299e-01
9.761078437036909e-01
9.887571681579155e-01
9.954007874616022e-01
9.984007754991887e-01
9.995379900384441e-01
9.998918001473728e-01
9.999926904451187e-01
###1.480000000000001e+01
-8.564211198117927e-09
4.097088190653339e-10
6.746071768147579e-10
8.557286832586041e-10
1.096900099002738e-09
1.428292851643450e-09
1.919198481198567e-09
2.309513951557159e-09
2.768260194511055e-09
5.478736164103367e-09
4.047825926438219e-09
4.833889841603661e-09
5.340478311765543e-09
6.088297402106583e-09
6.970334247794615e-09
8.088967720747336e-09
9.498883928136837e-09
1.127036200788238e-08
1.351167896967995e-08
1.638495855701971e-08
2.010151475036841e-08
2.495708352369024e-08
3.129064049875111e-08
3.960480766459544e-08
5.060093080413233e-08
6.513924924548779e-08
8.445071644424137e-08
1.101336870340071e-07
1.443928405443754e-07
1.900424448675181e-07
2.510399032419616e-07
3.326113720976371e-07
4.415652770978900e-07
5.876193189938072e-07
7.832925099524467e-07
1.045532263694758e-06
1.397304421223507e-06
1.868679468258164e-06
2.501246907270466e-06
3.349806161000585e-06
4.488741815922751e-06
6.016898702971129e-06
8.068703234253117e-06
1.082190571060515e-05
1.451672709363253e-05
1.947366592668075e-05
2.612121424972094e-05
3.504551585582991e-05
4.701348254609810e-05
6.310915907854162e-05
8.456614463031366e-05
1.134031536036475e-04
1.519338441765196e-04
2.037090799136023e-04
2.723632368291861e-04
3.641282556707281e-04
4.864954414711025e-04
6.499059075718720e-04
8.672668293457722e-04
1.155679768678801e-03
1.538861150145046e-03
2.045262020626573e-03
2.715295356493492e-03
3.601564116342147e-03
4.756439831063922e-03
6.275535765873845e-03
8.254060975550495e-03
1.083104829155784e-02
1.416864594577211e-02
1.849905114193850e-02
2.405750480452526e-02
3.116185811663590e-02
4.017114971646199e-02
5.155762497574650e-02
6.582210362379622e-02
8.352576568221333e-02
1.052939576639667e-01
1.318334244104521e-01
1.638023188861168e-01
2.017682871142310e-01
2.463250047073734e-01
2.978518612338594e-01
3.562913902351723e-01
4.211717564992377e-01
4.912475511154554e-01
5.648508645162487e-01
6.396264830716607e-01
7.126984384359765e-01
7.811092696358839e-01
8.419917572884196e-01
8.930961853757579e-01
9.329658255495495e-01
9.615639663836583e-01
9.801713266572105e-01
9.909606326969428e-01
9.964341294972389e-01
9.988103362303418e-01
9.996715089587052e-01
9.999263193843153e-01
9.999926904451187e-01
###1.520000000000001e+01
-8.538019669999568e-09
4.241430398617127e-10
7.210308984561342e-10
8.954862983286754e-10
1.143842394356670e-09
1.486964405431404e-09
1.988797456092555e-09
2.396292561102644e-09
2.876407129021192e-09
5.495918702061460e-09
4.210447680221089e-09
5.030928073357021e-09
5.588481888202800e-09
6.396870149746482e-09
7.354276765733467e-09
8.562068087379404e-09
1.009179421877678e-08
1.201609247742450e-08
1.444558056297921e-08
1.756657090839029e-08
2.160679825333011e-08
2.688244692335491e-08
3.377562488915002e-08
4.283079507160658e-08
5.480267656735443e-08
7.064645304146712e-08
9.169402046796026e-08
1.197226094545194e-07
1.571064632854364e-07
2.069457572554997e-07
2.735811726165612e-07
3.627346957880540e-07
4.818960034725318e-07
6.417146961085576e-07
8.559531649128724e-07
1.143162429139928e-06
1.528695827919037e-06
2.045551396930453e-06
2.739569379915322e-06
3.671043651679768e-06
4.921950646567063e-06
6.600882965704498e-06
8.856144205349042e-06
1.188424151225422e-05
1.594880952449395e-05
2.140398401729724e-05
2.872248526400441e-05
3.855135381873346e-05
5.173478395482635e-05
6.946526141104624e-05
9.310684540961460e-05
1.248842546032182e-04
1.673380507927585e-04
2.243889758812802e-04
3.000370936316514e-04
4.011024464572300e-04
5.358335404150598e-04
7.156950287940535e-04
9.548393404238593e-04
1.271926246909862e-03
1.692906976849362e-03
2.248862116377047e-03
2.983754434376479e-03
3.953441431113358e-03
5.218596677049442e-03
6.878684933313866e-03
9.038527051942148e-03
1.184700873367962e-02
1.548081060019388e-02
2.017886828701935e-02
2.620108644155201e-02
3.387944531865496e-02
4.359293481540918e-02
5.583604601155881e-02
7.112520627700515e-02
9.003755269371660e-02
1.132064345061063e-01
1.413394483543363e-01
1.750783527497801e-01
2.149488617192226e-01
2.614831986200249e-01
3.149676251034504e-01
3.752211890661351e-01
4.416061766601054e-01
5.127143318203312e-01
5.866860756711547e-01
6.610460340302189e-01
7.328427933455800e-01
7.991466684820516e-01
8.572345781328332e-01
9.051350215005800e-01
9.417496821207001e-01
9.674044007594278e-01
9.836520243211960e-01
9.927866004886794e-01
9.972591942851489e-01
9.991231894298322e-01
9.997686131359064e-01
9.999501664595178e-01
9.999926904451187e-01
###1.560000000000001e+01
-8.510693751669102e-09
4.341518019944910e-10
7.491490922092716e-10
9.405388736672937e-10
1.190350666911395e-09
1.548161781790997e-09
2.066314034560854e-09
2.493318311627358e-09
2.985923151047674e-09
5.525382653104983e-09
4.373920730226991e-09
5.248096457282437e-09
5.850943678976846e-09
6.725114018929668e-09
7.760646433206741e-09
9.069127874167189e-09
1.072291499303432e-08
1.280801657232471e-08
1.544480579682177e-08
1.883487246541861e-08
2.322659411824764e-08
2.896099332084806e-08
3.646293979489063e-08
4.632319005247989e-08
5.936209169757342e-08
7.662984827098736e-08
9.958179250031209e-08
1.301659365800157e-07
1.709710122933010e-07
2.254001729861666e-07
2.982012448083370e-07
3.956884872555510e-07
5.260411553441472e-07
7.009369519252783e-07
9.355347314343349e-07
1.250228631268805e-06
1.672896117573458e-06
2.239778546867364e-06
3.001323356906969e-06
4.023876471623173e-06
5.397878374663168e-06
7.242940063869345e-06
9.722319185936011e-06
1.305249446072225e-05
1.752469449414734e-05
2.352884367994638e-05
3.158559476346422e-05
4.240825969585981e-05
5.692715650042269e-05
7.645463000823021e-05
1.024993083266870e-04
1.375190604833054e-04
1.842685738253644e-04
2.470947675517161e-04
3.303995779627361e-04
4.416520750155507e-04
5.899218556149827e-04
7.877581245836327e-04
1.050667585703107e-03
1.399025125909845e-03
1.861128704851739e-03
2.470922845019286e-03
3.276145706150946e-03
4.336463852855056e-03
5.720737639825768e-03
7.533005163350480e-03
9.887890180753034e-03
1.294501066852626e-02
1.689543056087635e-02
2.198705980333709e-02
2.850197421951546e-02
3.678982250932155e-02
4.724673622332390e-02
6.038934826340479e-02
7.675209147042972e-02
9.692161006991595e-02
1.215379948080044e-01
1.513078642809648e-01
1.868459229658784e-01
2.286295484060453e-01
2.771236846370473e-01
3.325194424374333e-01
3.944904696828541e-01
4.622457741336483e-01
5.342021610219039e-01
6.083307429715914e-01
6.820396935700659e-01
7.523254685803954e-01
8.163362647423507e-01
8.715188594065860e-01
9.162005737405745e-01
9.496455409146651e-01
9.725216754099874e-01
9.866140068599618e-01
9.942886176208694e-01
9.979114758378962e-01
9.993599367460285e-01
9.998385987230832e-01
9.999665141426555e-01
9.999926904451187e-01
