# NLO BK equation solver 0.0-dev build  (build Feb 16 2026 17:52:53)
# Initial condition: MV model, Q_s0^2 = 0.00712653 GeV^2, \gamma = 1, coefficient of E inside Log is 1, x0=0.01, \Lambda_QCD = 0.241 GeV
# # LO Kernel RC:  Balitsky. NLO Kernel RC:  smallest dipole
# Nc=3, Nf=4
# Using RungeKutta method in K1
# Resumming double log
# Resumming single log, K_sub=0.65 resum rc: smallest
# BK K1 integration relative accuracy: 0.02# NLO BK as^2 terms: MC integration method: Vegas, points=1000000
# Kinematical constraint: none
# Target kinematical constraint: disabled

###1.000000000000000e-05
###1.160836920850890e+00
###100
###1.000000000000000e+00
###0.000000000000000e+00
2.304701776424947e-12
3.069877290251459e-12
4.088539668004315e-12
5.444461532600473e-12
7.249027008314048e-12
9.650305529096458e-12
1.284509764367512e-11
1.709492262389978e-11
2.274723280754599e-11
3.026355663217109e-11
4.025682401023388e-11
5.354085729354573e-11
7.119597560042162e-11
9.465593490329306e-11
1.258231100456927e-10
1.672210482159615e-10
2.221964580424381e-10
2.951865702534211e-10
3.920729117153066e-10
5.206492647983009e-10
6.912404507567361e-10
9.175202514424734e-10
1.217592149760096e-09
1.615416780942690e-09
2.142696556356981e-09
2.841362827638461e-09
3.766856787549030e-09
4.992455432077087e-09
6.614972741677854e-09
8.762269520055825e-09
1.160314053171269e-08
1.536032442527082e-08
2.032761304368642e-08
2.689233848197856e-08
3.556490987298346e-08
4.701758480454002e-08
6.213532794212612e-08
8.208247755610929e-08
1.083900680728317e-07
1.430701190964724e-07
1.887650955678513e-07
2.489431939876881e-07
3.281532745364844e-07
4.323573406513437e-07
5.693637233408705e-07
7.493908836186562e-07
9.858004162229886e-07
1.296048943506338e-06
1.702922788545081e-06
2.236137439967796e-06
2.934406909333591e-06
3.848117442784921e-06
5.042777323353945e-06
6.603461749837239e-06
8.640531595913265e-06
1.129691670265220e-05
1.475775160419968e-05
1.926217151093645e-05
2.511892245704583e-05
3.272605909865334e-05
4.259613370294346e-05
5.538831792306631e-05
7.194934073140313e-05
9.336564891371246e-05
1.210298782360342e-04
1.567256194352495e-04
2.027356510228007e-04
2.619803981567248e-04
3.381955123320513e-04
4.361603544171810e-04
5.619930804502404e-04
7.235333463250226e-04
9.308408534867141e-04
1.196847689457159e-03
1.538215489160555e-03
1.976465881999845e-03
2.539475765488519e-03
3.263459195512963e-03
4.195596902167420e-03
5.397524603931059e-03
6.949954312146178e-03
8.958779959502006e-03
1.156310935316918e-02
1.494576377967660e-02
1.934688094055892e-02
2.508131577975781e-02
3.256049579769660e-02
4.231913707498935e-02
5.504655810453918e-02
7.162089084627277e-02
9.314172503321860e-02
1.209518221205239e-01
1.566304974725274e-01
2.019292938570134e-01
2.586052477590164e-01
3.280931152598424e-01
4.109592988830919e-01
5.061263854071358e-01
6.099934801751843e-01
7.158373912996964e-01
###4.000000000000000e-01
-7.820988024386654e-10
2.964149688854208e-11
-4.485812759596838e-12
1.000397886842381e-09
-1.698422056834197e-11
-1.164466843719549e-08
1.860580188232253e-11
2.335649454757984e-11
3.097068072198144e-11
3.142930195409119e-11
6.086837160321430e-11
-7.615939391592943e-10
9.720558238202482e-11
7.846045806301180e-10
1.724074225497457e-10
2.037383632220733e-10
1.079118224851984e-10
3.526890742990676e-10
4.393012254396579e-10
5.739699999692715e-10
7.610217927642328e-10
1.005908458353268e-09
1.326098711680498e-09
1.757371428191368e-09
2.323058952372546e-09
3.084127672417070e-09
4.076210601361174e-09
5.399407609586200e-09
7.149882947504174e-09
9.471023607824618e-09
1.254344639759963e-08
1.660473867244334e-08
2.197588200764585e-08
2.907645337628400e-08
3.845440292584463e-08
5.084692868886311e-08
6.721037207953683e-08
8.880563956122514e-08
1.172960247356734e-07
1.548628382313668e-07
2.043827720871529e-07
2.696121305758276e-07
3.555065004180458e-07
4.685371056512793e-07
6.171986516857870e-07
8.125776186912222e-07
1.069235822657110e-06
1.406214408512541e-06
1.848039080351742e-06
2.428040346114391e-06
3.187262937798656e-06
4.182102198487505e-06
5.481897204643090e-06
7.183341084094253e-06
9.401209069856522e-06
1.229582737588165e-05
1.606891119795260e-05
2.098574968804069e-05
2.738255760587515e-05
3.568957552896591e-05
4.649440332650774e-05
6.049693750654996e-05
7.865286899416552e-05
1.021492629302056e-04
1.325451373272018e-04
1.718356796320726e-04
2.225041696053346e-04
2.878683686174746e-04
3.720458512022447e-04
4.807535105599368e-04
6.205487915758655e-04
8.005255687506170e-04
1.032000278528006e-03
1.330061438309002e-03
1.713667480052009e-03
2.207855388663058e-03
2.843964271267755e-03
3.665817693749172e-03
4.726981937539236e-03
6.099708053458434e-03
7.882037045676124e-03
1.019060937753693e-02
1.320390209105034e-02
1.712754433696045e-02
2.224479854004489e-02
2.893277158624966e-02
3.766226310987822e-02
4.903658931967656e-02
6.388269131014496e-02
8.319921996746621e-02
1.082930453476507e-01
1.406125344139896e-01
1.818746666007021e-01
2.338041110967180e-01
2.981434833763587e-01
3.760247821962443e-01
4.682905380923307e-01
5.751825043014385e-01
7.043705800861644e-01
9.548629670233222e-01
###8.000000000000000e-01
-8.605584745078101e-10
8.557172138632873e-12
1.435787626248655e-11
9.848956685020097e-10
2.945223312857429e-12
-1.167141845943347e-08
3.450615998635124e-11
1.941933422653497e-11
4.966555439995610e-11
4.797403865004023e-11
8.011191289494225e-11
-7.221706088825042e-10
1.232513790865460e-10
7.749963125151896e-10
2.140071526743665e-10
2.506542276167887e-10
1.852481810803207e-10
3.879729230754245e-10
4.902367420366848e-10
6.368923631471133e-10
8.347084713423672e-10
1.097749251837175e-09
1.444038529856575e-09
1.909306348135633e-09
2.518966723277586e-09
3.341254608354824e-09
4.414619901369478e-09
5.839887394810176e-09
7.734809569906130e-09
1.024089701723355e-08
1.356496615369352e-08
1.795515819917512e-08
2.376438078235707e-08
3.144465846010876e-08
4.159144609798453e-08
5.500460110151406e-08
7.272404643343020e-08
9.611231116791124e-08
1.269735445815119e-07
1.676816096952011e-07
2.213701763559564e-07
2.920982039273207e-07
3.852755725492667e-07
5.079267155437088e-07
6.692721385086061e-07
8.814351858358999e-07
1.160213807648060e-06
1.526379533142498e-06
2.006273504673833e-06
2.637549838049267e-06
3.463572490982588e-06
4.546552035507313e-06
5.962389028662641e-06
7.818056383547047e-06
1.023498903952953e-05
1.339157443870135e-05
1.750895487726461e-05
2.288106771537069e-05
2.987372539891837e-05
3.896124051150903e-05
5.079519839597272e-05
6.614220748574762e-05
8.606919652221603e-05
1.118852224206262e-04
1.453352181490892e-04
1.886411250257087e-04
2.445477822459867e-04
3.167967453429002e-04
4.099865147265776e-04
5.308022658830112e-04
6.864246147269602e-04
8.873456011255888e-04
1.146349450937339e-03
1.480936885307205e-03
1.912912937606322e-03
2.471072850084514e-03
3.191328651540605e-03
4.125537652690931e-03
5.335083181456285e-03
6.904649951508995e-03
8.948370346334481e-03
1.160505491621244e-02
1.508449748774349e-02
1.962488633918842e-02
2.555487747194447e-02
3.331748275107151e-02
4.344521478828211e-02
5.661541714517868e-02
7.378256380910676e-02
9.605904393534516e-02
1.248846716145236e-01
1.617815942645063e-01
2.084464033131787e-01
2.664681786741451e-01
3.372157621658904e-01
4.211817954650987e-01
5.182111265710636e-01
6.268014015434897e-01
7.497750386701174e-01
9.621849961302404e-01
###1.200000000000000e+00
-8.673252347033948e-10
2.709018835526768e-11
4.990972755030247e-11
9.958636241067697e-10
3.955152406876937e-12
-1.167414817424167e-08
4.466710873964599e-11
2.300217872307950e-11
6.010233686895528e-11
7.122183189858162e-11
9.419864903045658e-11
-6.800394782059091e-10
1.518071213980893e-10
7.490492090641901e-10
2.719349149505474e-10
3.000153314203443e-10
2.420100756292061e-10
4.468888184716146e-10
5.555109868219997e-10
7.114564133625669e-10
9.190459207596944e-10
1.203713524744411e-09
1.571595424290296e-09
2.076732252331861e-09
2.734108596230757e-09
3.626743793204772e-09
4.783171325510515e-09
6.323921108623764e-09
8.370807155541275e-09
1.108193384067632e-08
1.467890241625494e-08
1.942421542294796e-08
2.570853304746886e-08
3.401754093426096e-08
4.499942167863173e-08
5.952240041267692e-08
7.871236382024678e-08
1.040527235095680e-07
1.374939853286208e-07
1.816204079587527e-07
2.398478496317476e-07
3.165723231951189e-07
4.176829016222238e-07
5.508323360887045e-07
7.260373690871933e-07
9.564859576550047e-07
1.259429610360661e-06
1.657481539742983e-06
2.179064459280478e-06
2.866395638846229e-06
3.765513331956539e-06
4.945384531481778e-06
6.488200779649547e-06
8.513141156046200e-06
1.114883489631761e-05
1.459389301375101e-05
1.909072209062895e-05
2.496474404356942e-05
3.261680219791646e-05
4.256775055531832e-05
5.554216724606746e-05
7.238286703000079e-05
9.428142629231909e-05
1.226831538089942e-04
1.595396987892783e-04
2.073249546797853e-04
2.691237469841303e-04
3.491267912380047e-04
4.524725374902492e-04
5.869612104512621e-04
7.606419039180094e-04
9.851364537928273e-04
1.275405254755301e-03
1.651574943815888e-03
2.138573820785158e-03
2.768389668471550e-03
3.585983740826559e-03
4.648499833417636e-03
6.027516358625072e-03
7.821478533565655e-03
1.016369926951048e-02
1.321527200504859e-02
1.721772944944444e-02
2.245566843308910e-02
2.929523595855719e-02
3.824894754971240e-02
4.991293733678185e-02
6.503756570693452e-02
8.468756287114849e-02
1.100703720066313e-01
1.426945495532338e-01
1.840887964590776e-01
2.358054672065212e-01
2.991861639644522e-01
3.749785016887790e-01
4.628493731975518e-01
5.613546513033419e-01
6.673477410027263e-01
7.814103015706758e-01
9.674536141608534e-01
###1.600000000000000e+00
-8.820994736261874e-10
-3.116263149631416e-11
5.828667598017448e-11
9.841104233608123e-10
3.273748171994181e-12
-1.166954353452489e-08
6.293440670261006e-11
3.450403845532408e-11
8.382927732964157e-11
9.190297379925811e-11
1.002925314445449e-10
-6.323042956059855e-10
1.895140699606302e-10
7.489965421655444e-10
3.262698271379434e-10
3.408192522456710e-10
2.949925353327587e-10
5.050513309527025e-10
6.265402087692452e-10
7.880522790075426e-10
1.008656935302984e-09
1.319031946185264e-09
1.719446371404293e-09
2.264081918119860e-09
2.973396331697905e-09
3.931436172005390e-09
5.186729658397495e-09
6.853669253090562e-09
9.065631431438372e-09
1.199305849616330e-08
1.588434510971420e-08
2.101721041310201e-08
2.781907602996313e-08
3.681208698912564e-08
4.870356702872142e-08
6.443121576528647e-08
8.522055997071115e-08
1.126810033805176e-07
1.489328740284483e-07
1.967797429900099e-07
2.599555259945351e-07
3.432029644728954e-07
4.529645292893420e-07
5.975619544516456e-07
7.878987878941363e-07
1.038317217782852e-06
1.367670391283442e-06
1.800586529754721e-06
2.367807592471243e-06
3.116467446597138e-06
4.095762372723455e-06
5.382148639810797e-06
7.064051962666411e-06
9.274537460161665e-06
1.215030948705730e-05
1.591444446842252e-05
2.083074710340718e-05
2.725733575021962e-05
3.563776607645924e-05
4.653965302422363e-05
6.078425681752269e-05
7.928710571069298e-05
1.033878937567801e-04
1.346983073407756e-04
1.753311085818296e-04
2.281458478534455e-04
2.965446045617775e-04
3.852530381375279e-04
5.000757119651600e-04
6.499698957138862e-04
8.441119916415915e-04
1.095234065528189e-03
1.420991414278904e-03
1.844280023407258e-03
2.393662951834378e-03
3.104790201049687e-03
4.033170425218675e-03
5.241285590308972e-03
6.812636839447818e-03
8.860484962566978e-03
1.154059957873695e-02
1.503709954344584e-02
1.963053356437218e-02
2.563848024591116e-02
3.348415609303069e-02
4.374281271139267e-02
5.706299260603031e-02
7.429493013403485e-02
9.655705807557717e-02
1.251373874834465e-01
1.615687048516574e-01
2.073059799402238e-01
2.636878343954383e-01
3.316699546508836e-01
4.113450664460056e-01
5.015165680973542e-01
5.996859302602356e-01
7.017352556896324e-01
8.073402960732391e-01
9.717760103059055e-01
###2.000000000000000e+00
-9.278811547360123e-10
-9.649144385998108e-11
5.939389752448190e-11
9.789363747654941e-10
2.057370585052536e-11
-1.167773517942728e-08
9.620088119336061e-11
5.412837379915671e-11
1.442491079768327e-10
1.267356024798639e-10
1.390593070767734e-10
-5.689188825850855e-10
2.360034060642109e-10
7.359193318586765e-10
3.845469055265018e-10
4.240697691183611e-10
3.644427209244868e-10
5.702318054947899e-10
7.062627306001025e-10
8.865726773669774e-10
1.131453066139881e-09
1.456891601628919e-09
1.891308484700374e-09
2.482408564964044e-09
3.247034489008763e-09
4.276568728363178e-09
5.635304719707294e-09
7.434758167874214e-09
9.825755815961503e-09
1.299051869252952e-08
1.720177920144307e-08
2.275531168761028e-08
3.011858274351074e-08
3.985596971824989e-08
5.273448452306510e-08
6.977005712569181e-08
9.229443560402418e-08
1.220656528787066e-07
1.613761865370518e-07
2.132820344062938e-07
2.818371089422055e-07
3.722099246861436e-07
4.913847878884154e-07
6.484625233291312e-07
8.553350391232322e-07
1.127541563556352e-06
1.485785268509347e-06
1.956845523955015e-06
2.574113778453128e-06
3.389783112531053e-06
4.457018031983019e-06
5.860289612725271e-06
7.695085579167403e-06
1.010933310137151e-05
1.324925378771473e-05
1.736426463231193e-05
2.274063263958108e-05
2.978136584936831e-05
3.896842605448432e-05
5.092561061302475e-05
6.658240223369562e-05
8.693161236068443e-05
1.134949298445288e-04
1.480619629037179e-04
1.928955410753798e-04
2.513374765546648e-04
3.271445023703789e-04
4.256404847045850e-04
5.533999209504056e-04
7.206099487355000e-04
9.375041700138455e-04
1.219095818447736e-03
1.584932628984925e-03
2.061601674920024e-03
2.681506494876105e-03
3.485189516916302e-03
4.538540783072147e-03
5.911149460395208e-03
7.699650982323776e-03
1.003422928995132e-02
1.309102549458979e-02
1.708593144220257e-02
2.233639124805466e-02
2.919559440133715e-02
3.814209548886630e-02
4.981468910145257e-02
6.491381511357390e-02
8.437061209359784e-02
1.093542587112546e-01
1.411938030698324e-01
1.813913805904602e-01
2.312843696345668e-01
2.919136471968641e-01
3.638269294424834e-01
4.464221079900265e-01
5.377695999980476e-01
6.345759558381451e-01
7.322266790239654e-01
8.298888468273385e-01
9.755117553619206e-01
###2.400000000000000e+00
-9.350429104960822e-10
-9.643205123320945e-11
7.291528149659398e-11
9.766784672966145e-10
5.318307387255715e-11
-1.167413696401039e-08
1.188200275707001e-10
6.185960260733981e-11
1.690629580533835e-10
1.682399909503352e-10
1.754757318341433e-10
-5.060035142516826e-10
3.009890957512429e-10
7.670864796272930e-10
4.546219846579047e-10
4.743257581103748e-10
4.421736781875064e-10
6.506842125568570e-10
7.990031716871900e-10
9.803557900727613e-10
1.254019122741591e-09
1.606753321316037e-09
2.076318834923926e-09
2.712376525480185e-09
3.540869128774148e-09
4.655546489128849e-09
6.120940331150177e-09
8.066839479118400e-09
1.066103311607103e-08
1.407776099213500e-08
1.862721896610578e-08
2.464023461366845e-08
3.261294279808695e-08
4.315790662937301e-08
5.710952744949243e-08
7.557272138878982e-08
9.998900836500561e-08
1.322723566529433e-07
1.749139448304478e-07
2.312380107630301e-07
3.056502106396449e-07
4.037811953388588e-07
5.332496807564477e-07
7.039305653650275e-07
9.288469732230454e-07
1.224915050335835e-06
1.614701332253835e-06
2.127487952001771e-06
2.799575104896985e-06
3.688706813505546e-06
4.852374756719443e-06
6.383961615418741e-06
8.386739526128976e-06
1.102499904555851e-05
1.445613536672420e-05
1.895770694055617e-05
2.483764376928332e-05
3.256262197259109e-05
4.264223677245740e-05
5.577284398162643e-05
7.300403339848794e-05
9.539875011994866e-05
1.246826130511478e-04
1.629005416413954e-04
2.124396759790351e-04
2.771925591322022e-04
3.612979446062663e-04
4.708065600987247e-04
6.131022290895400e-04
7.998253917664482e-04
1.042406229020103e-03
1.358293998302885e-03
1.769434537539780e-03
2.306339070526141e-03
3.005963619650631e-03
3.914149086661442e-03
5.108161458223387e-03
6.666058853060219e-03
8.697977193294633e-03
1.135449985839404e-02
1.483102250487012e-02
1.937905841613484e-02
2.535099686438838e-02
3.314516852858981e-02
4.328774998982853e-02
5.648194092308150e-02
7.347582555292181e-02
9.526325759302202e-02
1.230516424174917e-01
1.581761317840584e-01
2.020735784856379e-01
2.559072133818660e-01
3.204054826634773e-01
3.956226598012424e-01
4.803721931166547e-01
5.720600387983839e-01
6.668473271579797e-01
7.598722078411728e-01
8.500003326096988e-01
9.787802657615218e-01
###2.800000000000000e+00
-9.438112033788744e-10
-1.092000703124790e-10
2.764714459862878e-10
9.445165587913501e-10
7.938856326957604e-11
-1.166161903752469e-08
1.406940998841791e-10
9.692523709074952e-11
2.024643015406614e-10
2.011991220853803e-10
2.100451304676305e-10
-4.196799802063205e-10
3.607290961465661e-10
8.105074818913886e-10
5.408242489359220e-10
5.554383480118707e-10
5.360559552988753e-10
7.380379196061147e-10
8.973670521519017e-10
1.096388048759770e-09
1.387446177432274e-09
1.773592762012444e-09
2.280242976783019e-09
2.966141293456430e-09
3.866280673868290e-09
5.070729754964438e-09
6.656947597060556e-09
8.759421851199447e-09
1.156788545084203e-08
1.526241186694308e-08
2.018152972366241e-08
2.669464952730808e-08
3.532856082771695e-08
4.675111155231763e-08
6.186792531605649e-08
8.188017977879099e-08
1.083590612024875e-07
1.433786448017187e-07
1.896425229422683e-07
2.507823605420299e-07
3.315896645140918e-07
4.381852955588649e-07
5.788798686315971e-07
7.644626229939569e-07
1.009048653430041e-06
1.331168793557644e-06
1.755490504474466e-06
2.313964108223715e-06
3.046178456394628e-06
4.015834271641177e-06
5.285440439770056e-06
6.957702279740545e-06
9.145341421801551e-06
1.203023081631351e-05
1.578264427325009e-05
2.071059192349432e-05
2.714859604258465e-05
3.562857425436432e-05
4.669834890500727e-05
6.113171742866903e-05
8.010849008572939e-05
1.047823695186928e-04
1.371014900854994e-04
1.793884699646481e-04
2.342013632635061e-04
3.060098481281503e-04
3.994229944293148e-04
5.212773770792538e-04
6.799494933835069e-04
8.886043118232896e-04
1.160132630347993e-03
1.514642288145621e-03
1.976772710376280e-03
2.581554499573157e-03
3.370682293590644e-03
4.396516133337795e-03
5.748109362274031e-03
7.513436901284610e-03
9.817621626251804e-03
1.283219032659221e-02
1.677471777210567e-02
2.193241789044620e-02
2.868977312339532e-02
3.750556304119433e-02
4.894089019126446e-02
6.375864063634867e-02
8.275342808488796e-02
1.069645376759907e-01
1.376225902703501e-01
1.760361874657490e-01
2.235476664072314e-01
2.810939827391796e-01
3.490708392603561e-01
4.270507574418701e-01
5.132890492981795e-01
6.046633134910978e-01
6.969613580924984e-01
7.852196375159141e-01
8.681299194595576e-01
9.816919317956494e-01
###3.200000000000000e+00
-9.108650274490949e-10
-1.133959829936187e-10
2.980509456539735e-10
9.485344691759808e-10
-1.396997918011586e-11
-1.162771793964077e-08
2.308727462247935e-10
1.943085466773262e-10
2.390852394616135e-10
2.529668291082647e-10
2.706208013809280e-10
-3.149999475842299e-10
4.254877479512108e-10
8.725736963195396e-10
6.456816743000663e-10
6.528654218215637e-10
6.450343220432093e-10
8.436855897229894e-10
1.016284820059266e-09
1.239912097600857e-09
1.543286256221706e-09
1.971312566139834e-09
2.520850343038118e-09
3.256881883580315e-09
4.232576036327119e-09
5.533392949473761e-09
7.251848712193589e-09
9.528281483047803e-09
1.256487706733482e-08
1.655521829710796e-08
2.187558599968273e-08
2.893481688664962e-08
3.828867781548810e-08
5.066712609858141e-08
6.704640249912208e-08
8.874920447762740e-08
1.174737606060025e-07
1.554685729906654e-07
2.056818747219653e-07
2.720736653139822e-07
3.598457032563371e-07
4.756971856892003e-07
6.286284646045039e-07
8.304849796324275e-07
1.096569106765037e-06
1.447214030828731e-06
1.909302236134367e-06
2.517791879511921e-06
3.316041021353855e-06
4.374051404569713e-06
5.759964917416224e-06
7.587002813142681e-06
9.978209916441607e-06
1.313426579984495e-05
1.724134750017184e-05
2.264030880177971e-05
2.969562781846809e-05
3.901097280144559e-05
5.117928831499965e-05
6.705800234142489e-05
8.797541790629999e-05
1.151897753605012e-04
1.508956253721720e-04
1.977147606253510e-04
2.584267118394846e-04
3.381285783712160e-04
4.419880624311914e-04
5.777032568296957e-04
7.547451903569727e-04
9.880360738469015e-04
1.292145404869627e-03
1.689960378374909e-03
2.209434208693772e-03
2.890371446185606e-03
3.780172532669893e-03
4.937889088606388e-03
6.465477020455565e-03
8.462114525627432e-03
1.106918334402004e-02
1.447961852073126e-02
1.893699598759189e-02
2.476275576254952e-02
3.237811098141345e-02
4.229575469740837e-02
5.511754810229526e-02
7.165912972534910e-02
9.275177292519654e-02
1.194701327081139e-01
1.530444458365431e-01
1.947339907793000e-01
2.457429222331549e-01
3.067738332771413e-01
3.778542359583155e-01
4.580983285717011e-01
5.452571402978307e-01
6.357772497976657e-01
7.251828297477430e-01
8.085617269256543e-01
8.845481860986909e-01
9.842684407939767e-01
###3.600000000000000e+00
-8.715401093063261e-10
-1.223969298531102e-10
3.208825534745998e-10
9.650253240927043e-10
3.206549983167924e-11
-1.157445001951761e-08
2.872667586968604e-10
2.713726008610474e-10
3.327988431877084e-10
3.174061909228825e-10
3.215644918381351e-10
-1.754123164314102e-10
5.364953790008251e-10
9.672473906997169e-10
7.750887818787580e-10
7.742791006000152e-10
7.811632708756043e-10
9.794866018956308e-10
1.170456810797481e-09
1.412057122924481e-09
1.746130800176844e-09
2.201088007187774e-09
2.803596531364788e-09
3.598924798075365e-09
4.652945304010041e-09
6.060592074022965e-09
7.921915443653528e-09
1.038684763307488e-08
1.367313296828163e-08
1.798579044902673e-08
2.373596128612373e-08
3.138700645876244e-08
4.152362727155550e-08
5.494039452904269e-08
7.269427199544927e-08
9.622948702942534e-08
1.273999426198050e-07
1.686361698081703e-07
2.231608297619146e-07
2.952736702800868e-07
3.906494308295618e-07
5.166059408845297e-07
6.829138447673038e-07
9.025318845208920e-07
1.192168143204570e-06
1.573996466787803e-06
2.077518863289745e-06
2.740962769863336e-06
3.611577062352200e-06
4.766418994022157e-06
6.280144446265810e-06
8.277328534653667e-06
1.089254060522532e-05
1.434804931996338e-05
1.884681359413436e-05
2.476620932618840e-05
3.250621429418000e-05
4.274661737162346e-05
5.612999793549568e-05
7.361767861698152e-05
9.669152594549592e-05
1.267380163736940e-04
1.662179511106696e-04
2.180908178681345e-04
2.854061897806686e-04
3.739541160425152e-04
4.895026403054527e-04
6.407501663467393e-04
8.384039205442430e-04
1.099320902063783e-03
1.439970283466151e-03
1.886361387732281e-03
2.470087752790668e-03
3.236329600698471e-03
4.238687854329357e-03
5.543858172410289e-03
7.267574574773390e-03
9.521211818166802e-03
1.246369774738984e-02
1.631128502506204e-02
2.133348865305124e-02
2.788797806106930e-02
3.643472015826536e-02
4.753623855013549e-02
6.183607450764732e-02
8.019772086726906e-02
1.034784958646453e-01
1.327750928930824e-01
1.692958995408841e-01
2.142249068505049e-01
2.686123101001134e-01
3.328809187486900e-01
4.066969462304764e-01
4.887320823697754e-01
5.762901187409776e-01
6.654790426595548e-01
7.516663984043833e-01
8.300821079510915e-01
8.994130287886011e-01
9.865605882440973e-01
###4.000000000000000e+00
-8.797984848294337e-10
-1.257971784674444e-10
3.103540205725831e-10
9.589682200523636e-10
5.549076046626849e-11
-1.155279189078925e-08
3.248495601218306e-10
3.097383949362313e-10
3.719579877290858e-10
3.632448712695315e-10
3.941473395076801e-10
-3.705819449538004e-11
6.373632061463774e-10
1.050759367117443e-09
9.064294021684510e-10
8.968047908377856e-10
9.224383657959363e-10
1.116875229747829e-09
1.321726653920429e-09
1.568866376965526e-09
1.961368959584776e-09
2.439180901739487e-09
3.092988248338233e-09
3.952088719287871e-09
5.095861538393914e-09
6.618449840292988e-09
8.637243217910920e-09
1.131284594575295e-08
1.486360776578700e-08
1.953433327335020e-08
2.575861514027961e-08
3.404849531567490e-08
4.503433361848870e-08
5.958624878014569e-08
7.883884768813042e-08
1.043746917011834e-07
1.382094160788264e-07
1.829820679421003e-07
2.422352951018743e-07
3.205433276324045e-07
4.242309549775314e-07
5.611831428484386e-07
7.421271722051082e-07
9.810663385281381e-07
1.296551162077382e-06
1.712549668505817e-06
2.261427484707064e-06
2.984997169669084e-06
3.935148609724714e-06
5.196409217461717e-06
6.850986955092048e-06
9.035317501431392e-06
1.189750940109216e-05
1.568264902486146e-05
2.061491795246948e-05
2.710974738986694e-05
3.560822009946960e-05
4.687349924541190e-05
6.160740808217891e-05
8.088205244143851e-05
1.063526101511914e-04
1.395549432615774e-04
1.832468637203309e-04
2.407574291070196e-04
3.154565382595588e-04
4.138791881079216e-04
5.425221940354229e-04
7.111807275284954e-04
9.318968522691038e-04
1.223757223866840e-03
1.605350930141053e-03
2.106135425781436e-03
2.761729519794684e-03
3.623219174504678e-03
4.751172573731869e-03
6.223641823881765e-03
8.161759451608130e-03
1.069981881622564e-02
1.401211544299306e-02
1.833939176283278e-02
2.397951480740827e-02
3.132516984704268e-02
4.087702898096644e-02
5.324723092944472e-02
6.911440014031911e-02
8.938681528235172e-02
1.149370803764556e-01
1.468711360278145e-01
1.863551677655730e-01
2.344740028068901e-01
2.920890094536414e-01
3.593496478722709e-01
4.355339869825210e-01
5.189190996238292e-01
6.063906647700331e-01
6.938119322694500e-01
7.764884620997738e-01
8.498882386099176e-01
9.128492742622971e-01
9.885917531717064e-01
###4.399999999999999e+00
-8.865123856653908e-10
-1.189054690338626e-10
2.762009420989273e-10
9.706703833229361e-10
6.802920204599473e-11
-1.153200276145189e-08
3.639070924950084e-10
3.468771142345442e-10
4.096596656486317e-10
4.146373724573229e-10
4.501830745632586e-10
6.394981513151629e-11
6.977692802786348e-10
1.095265759431886e-09
9.889914626839058e-10
9.864643417391859e-10
1.030083192808973e-09
1.230336926840726e-09
1.458253806506975e-09
1.732348232413096e-09
2.155630950112285e-09
2.674502245768763e-09
3.383311427618517e-09
4.312213741671259e-09
5.552351328551753e-09
7.201763485811075e-09
9.388453158904231e-09
1.228172045949096e-08
1.612913288718794e-08
2.118993581262207e-08
2.793994859389758e-08
3.692827446895581e-08
4.883565201340675e-08
6.462451029474990e-08
8.550935440039417e-08
1.132222020488780e-07
1.499683467352102e-07
1.985836176616796e-07
2.630073912044923e-07
3.480275032690888e-07
4.608190641088267e-07
6.098027146951633e-07
8.067290411778890e-07
1.066881000469025e-06
1.410591289045141e-06
1.864044295616246e-06
2.462694027888686e-06
3.252262829427321e-06
4.289762764600941e-06
5.668003256732708e-06
7.477296848669537e-06
9.867949600720067e-06
1.300254104859177e-05
1.715132443927947e-05
2.256237560092181e-05
2.969343225092252e-05
3.903405050302726e-05
5.143407105400056e-05
6.766859726695022e-05
8.892959871366807e-05
1.170613582338840e-04
1.537870785506807e-04
2.021758881350388e-04
2.659761176316087e-04
3.489271129943337e-04
4.583916501403120e-04
6.016737786478229e-04
7.898052464680946e-04
1.036342704442401e-03
1.362771707867181e-03
1.790145970205187e-03
2.351668973117088e-03
3.087505843250671e-03
4.055063951013988e-03
5.322706526356288e-03
6.980374262948123e-03
9.156790822334593e-03
1.200802918083933e-02
1.572672357752502e-02
2.057859241023079e-02
2.689099190376509e-02
3.509289180598826e-02
4.572540055498390e-02
5.945010022459057e-02
7.696827687008158e-02
9.923775883484379e-02
1.271322630846676e-01
1.617464743525772e-01
2.041948460840666e-01
2.554324865245414e-01
3.161188981512318e-01
3.861068249259885e-01
4.642919354924775e-01
5.485918566641160e-01
6.355248076992003e-01
7.207877796442566e-01
7.996999743090694e-01
8.680617885808380e-01
9.249374511697586e-01
9.903820702945959e-01
###4.800000000000000e+00
-9.008697428934809e-10
-8.665831607263395e-11
1.085935140702161e-10
9.600601424270669e-10
8.238559502357989e-11
-1.152098522367131e-08
3.925638433933551e-10
3.952141726097726e-10
4.389431494349297e-10
4.664693049409774e-10
4.948817458960059e-10
1.419591388076826e-10
7.435823099064485e-10
1.125666003224888e-09
1.048726498735221e-09
1.063148478986759e-09
1.128932428639266e-09
1.339499658343922e-09
1.589183481194234e-09
1.892878207191715e-09
2.349960814963469e-09
2.915076051621842e-09
3.682816466916238e-09
4.693411755338821e-09
6.034586192183460e-09
7.822398176562833e-09
1.019061254332215e-08
1.331958122020500e-08
1.748898077443891e-08
2.298144168487195e-08
3.030210828008604e-08
4.005119256617509e-08
5.296217807094868e-08
7.009652731497153e-08
9.275630171265167e-08
1.228424941563749e-07
1.627659213621740e-07
2.155667170543676e-07
2.856262969103908e-07
3.780344613520332e-07
5.007166525134522e-07
6.628470203377684e-07
8.772700361679136e-07
1.160725104226418e-06
1.535237159392346e-06
2.029755443430090e-06
2.682961808521340e-06
3.544985994126352e-06
4.678611881192911e-06
6.185474543029699e-06
8.165060363022673e-06
1.078328944870619e-05
1.421861382435896e-05
1.876932208505002e-05
2.470915883283861e-05
3.254589496025581e-05
4.281882229410256e-05
5.647793864623584e-05
7.437880972710370e-05
9.784848015088605e-05
1.289294860537378e-04
1.695903192898899e-04
2.232159950910373e-04
2.940303348431067e-04
3.861895423704929e-04
5.079955207281628e-04
6.676314527318193e-04
8.775021061517468e-04
1.152875220564373e-03
1.517961086519587e-03
1.996387372020850e-03
2.625567875393626e-03
3.450706400969131e-03
4.536129583832786e-03
5.958915064318257e-03
7.820778131651154e-03
1.026025627226272e-02
1.345605784771818e-02
1.761972243228231e-02
2.304292102197010e-02
3.008382921632267e-02
3.920778385642195e-02
5.099707743009626e-02
6.615809185649882e-02
8.541312135345186e-02
1.097611770119343e-01
1.400635566450408e-01
1.773999956740599e-01
2.227890025569526e-01
2.770351768779476e-01
3.406384945534343e-01
4.130807500055647e-01
4.929185090320467e-01
5.776942738056341e-01
6.636600623104291e-01
7.463848171013134e-01
8.213279770511530e-01
8.846660906909584e-01
9.357609625466462e-01
9.919479355417425e-01
###5.200000000000000e+00
-8.868221438980225e-10
-6.246686150198209e-11
1.199350700085454e-10
9.584900838235392e-10
1.076651751611109e-10
-1.147955459251477e-08
4.037504051883876e-10
4.435608279110531e-10
4.713093875252090e-10
5.027836232138103e-10
5.385007694083036e-10
2.216805267478158e-10
7.865923422832556e-10
1.153819057359727e-09
1.108139955339431e-09
1.146785840085172e-09
1.226959093063685e-09
1.455404157764287e-09
1.727970691034738e-09
2.060568350121282e-09
2.556724521853615e-09
3.172754711098890e-09
4.005611233601199e-09
5.102377489805210e-09
6.557868245164937e-09
8.494619747963435e-09
1.106213387872952e-08
1.444701813067641e-08
1.896306883736116e-08
2.492627353592378e-08
3.286830620745938e-08
4.344602197536439e-08
5.744834069437922e-08
7.604429957380595e-08
1.006530752988060e-07
1.333151404763778e-07
1.766983056211630e-07
2.340759759867610e-07
3.102468715502187e-07
4.107818628637892e-07
5.442480569339781e-07
7.207649391439977e-07
9.543349162979209e-07
1.263244997365792e-06
1.671596809365801e-06
2.211127275191790e-06
2.924249103281399e-06
3.865955053945422e-06
5.105596492318319e-06
6.754298085233833e-06
8.921115656928180e-06
1.178968433650979e-05
1.555659413005361e-05
2.055194146082808e-05
2.707731762146624e-05
3.569325033835608e-05
4.700095572505881e-05
6.205792880097945e-05
8.180842667202437e-05
1.077359170303316e-04
1.420997801700709e-04
1.871413602371029e-04
2.465948342888934e-04
3.252308402484426e-04
4.276616173305107e-04
5.632483162620839e-04
7.411200547981509e-04
9.752535886452687e-04
1.282766605383245e-03
1.690877257631306e-03
2.226196812880889e-03
2.930585409596622e-03
3.854952466430191e-03
5.071176797318953e-03
6.665369522830568e-03
8.752081496521588e-03
1.148122967377964e-02
1.505423819742604e-02
1.970323289961491e-02
2.574702079361137e-02
3.357500771154165e-02
4.368966362155069e-02
5.671244213411676e-02
7.338923332048423e-02
9.446415915509364e-02
1.209623935165509e-01
1.537294397912846e-01
1.938068562601044e-01
2.421053125491007e-01
2.992646969617284e-01
3.655848790602028e-01
4.401985318842152e-01
5.213222628584916e-01
6.061533333799017e-01
6.907397800140479e-01
7.706030231790771e-01
8.413998577196259e-01
8.997594619010175e-01
9.453935483221032e-01
9.933138843430095e-01
###5.600000000000001e+00
-8.465680446243580e-10
-5.445958336006437e-11
1.251246828458709e-10
9.635325915670468e-10
9.752040821598187e-11
-1.145015880506217e-08
4.252173175263268e-10
4.783802649449506e-10
5.065663908686486e-10
5.577345229485215e-10
5.901187639652599e-10
3.066386920203933e-10
8.384024622497995e-10
1.194860584557324e-09
1.174864168155760e-09
1.233321219041329e-09
1.344034146460923e-09
1.583069331688885e-09
1.877067761800567e-09
2.248398856060534e-09
2.783577880911956e-09
3.453659526593401e-09
4.354372483362601e-09
5.543789548809081e-09
7.121298083231513e-09
9.223902725847408e-09
1.200859916598733e-08
1.567319018418038e-08
2.057020803610386e-08
2.704378740189645e-08
3.566114856443071e-08
4.713582239810866e-08
6.232830937541557e-08
8.251830529967369e-08
1.092425379904174e-07
1.447239529104255e-07
1.918684343115818e-07
2.542439318714301e-07
3.370589869093334e-07
4.465073713689584e-07
5.917613790424072e-07
7.840146275102570e-07
1.038556891569757e-06
1.375369098145281e-06
1.820801674824110e-06
2.409766334294567e-06
3.188611783253649e-06
4.217917684542376e-06
5.574682684878723e-06
7.379120813399375e-06
9.751994243981136e-06
1.289715220656381e-05
1.703058351041300e-05
2.251678125131247e-05
2.968994231045663e-05
3.917106634420669e-05
5.162619780524194e-05
6.823120292879113e-05
9.003785875829202e-05
1.186964679414910e-04
1.567158402196828e-04
2.066298187810690e-04
2.725801763525324e-04
3.599247905656258e-04
4.738117142676304e-04
6.247318790451878e-04
8.229500302283831e-04
1.084102432732070e-03
1.427441690428954e-03
1.883422141791633e-03
2.481925114207652e-03
3.269842089320850e-03
4.304022413032469e-03
5.664840382910203e-03
7.448226628116571e-03
9.781558019315312e-03
1.282879574459779e-02
1.681429585719044e-02
2.199085969935204e-02
2.870668571486603e-02
3.738136393916137e-02
4.855511753674934e-02
6.289230211998913e-02
8.116009069072964e-02
1.041336494036429e-01
1.328520850927988e-01
1.681297241569390e-01
2.109527741715764e-01
2.621134666129564e-01
3.220661699987056e-01
3.908908169345567e-01
4.673742732413790e-01
5.494110708804856e-01
6.338928581699143e-01
7.167075840238201e-01
7.934193981640625e-01
8.599354790028848e-01
9.134032181542889e-01
9.539091655373693e-01
9.944899157899791e-01
###6.000000000000001e+00
-9.316306639786762e-10
-1.794622709914727e-10
1.380400269283493e-10
9.739479818711806e-10
1.073735885889766e-10
-1.138261092443871e-08
4.717899631388523e-10
5.169515443036013e-10
5.509049768126460e-10
6.097094693329679e-10
6.468620659101049e-10
3.877324287562306e-10
8.941006007588010e-10
1.242879690545142e-09
1.245237810842803e-09
1.326298566740323e-09
1.456012780861326e-09
1.720989032323951e-09
2.043706855011075e-09
2.449024680500507e-09
3.024237751840690e-09
3.754693510216581e-09
4.734130204879153e-09
6.025141649289673e-09
7.741767307425638e-09
1.001501660221797e-08
1.303285560456339e-08
1.700430328662181e-08
2.231485618933708e-08
2.933715674188032e-08
3.869450133788254e-08
5.114839978979556e-08
6.764014287671989e-08
8.956435674686355e-08
1.185941395997283e-07
1.571565051180806e-07
2.083912197061530e-07
2.762374027676714e-07
3.663064172042246e-07
4.854853205443423e-07
6.436433868467541e-07
8.531176713058948e-07
1.130635825000121e-06
1.498017060716885e-06
1.984135155978702e-06
2.627381710868342e-06
3.478410683333496e-06
4.604120769785521e-06
6.089993388387457e-06
8.065957543217424e-06
1.066611085060734e-05
1.411641432105772e-05
1.865495627820780e-05
2.468394851903338e-05
3.257382243480604e-05
4.301366454194350e-05
5.674099541338943e-05
7.506503924977915e-05
9.915624172987465e-05
1.308498030974707e-04
1.729363622467884e-04
2.282730561225380e-04
3.014551112188556e-04
3.984834685475111e-04
5.251415488848139e-04
6.931159678744050e-04
9.139631743911323e-04
1.205236480633308e-03
1.588373291188317e-03
2.097550733698128e-03
2.766037867664456e-03
3.646531641194030e-03
4.802187993354335e-03
6.322293585536483e-03
8.313740085588953e-03
1.091756299937258e-02
1.431286986063293e-02
1.874699484939953e-02
2.449535592031859e-02
3.193588995748495e-02
4.152026999670002e-02
5.382234344608625e-02
6.954745836668463e-02
8.948690094409477e-02
1.144307065387820e-01
1.454336492297270e-01
1.832542089010311e-01
2.288127105353528e-01
2.827668214597506e-01
3.453829190478324e-01
4.164775358948140e-01
4.945239144402499e-01
5.770955309428822e-01
6.608337164739424e-01
7.415172461075064e-01
8.148110347160430e-01
8.769661978079961e-01
9.256583006252950e-01
9.613814365697051e-01
9.954942544997034e-01
###6.400000000000001e+00
-9.358950275370154e-10
-1.694291844991957e-10
1.372010959793906e-10
9.863508255286450e-10
9.137715408177321e-11
-1.137838708110328e-08
5.006167734562602e-10
5.573922241345683e-10
5.993960527025928e-10
6.649233933582306e-10
6.888533475036348e-10
4.746994981021392e-10
9.610792659891799e-10
1.296113006343051e-09
1.328337139698402e-09
1.428752668575687e-09
1.584798834089309e-09
1.873502792935520e-09
2.226040903983117e-09
2.667249189171050e-09
3.287438293830161e-09
4.083575403148353e-09
5.153874180421923e-09
6.547125951073414e-09
8.405940800862756e-09
1.087780401432645e-08
1.414787026856639e-08
1.845187763329210e-08
2.421175057587298e-08
3.183505952232419e-08
4.199282076657246e-08
5.551296429559763e-08
7.341958770961877e-08
9.724089806284245e-08
1.287826476588818e-07
1.707042931770342e-07
2.264118208189332e-07
3.002298995678700e-07
3.982393778362611e-07
5.280657520561312e-07
7.003403577365108e-07
9.286740428020687e-07
1.231330680099001e-06
1.632230015356770e-06
2.163068117067973e-06
2.865895466485597e-06
3.796405370754902e-06
5.028116970916146e-06
6.656029258574091e-06
8.820981426930303e-06
1.167195500360757e-05
1.545926195853032e-05
2.044521870117438e-05
2.707470483531993e-05
3.575940310872700e-05
4.726084358238821e-05
6.240046107678572e-05
8.263028869247218e-05
1.092548331289186e-04
1.443209434487290e-04
1.909305617479471e-04
2.522960206454396e-04
3.335220177992764e-04
4.413181713809108e-04
5.821693806403328e-04
7.691397123541882e-04
1.015137486842180e-03
1.339878634439149e-03
1.767123484712724e-03
2.335265585574627e-03
3.081290543201250e-03
4.064082499332348e-03
5.353594685289883e-03
7.049138617775093e-03
9.268779937754398e-03
1.216828007899289e-02
1.594294017242977e-02
2.086432025626030e-02
2.723048180304579e-02
3.545016721483753e-02
4.600608195149058e-02
5.950684874803430e-02
7.669454402187913e-02
9.837854616221495e-02
1.253642454053374e-01
1.587025505134383e-01
1.990892969143263e-01
2.473604170709296e-01
3.040331148154689e-01
3.691476047874797e-01
4.422696283646495e-01
5.215620374313418e-01
6.042892826368474e-01
6.868986408748901e-01
7.651158991521064e-01
8.347746014314790e-01
8.925266111216664e-01
9.365947441744087e-01
9.678890675513883e-01
9.963480073571848e-01
###6.800000000000002e+00
-9.146069936335842e-10
-1.627016715171308e-10
1.487688341078897e-10
9.851422261216768e-10
1.070902230948832e-10
-1.134298690241956e-08
5.431603326872442e-10
5.983167638433067e-10
6.374942893929518e-10
7.322964468531115e-10
7.535594440340373e-10
5.632628495051700e-10
1.032741042574426e-09
1.361156540692394e-09
1.419799757832409e-09
1.529707444135704e-09
1.707891109685959e-09
2.032018581978057e-09
2.412997934217123e-09
2.897809445336457e-09
3.569031208165259e-09
4.435798728347820e-09
5.599409021189595e-09
7.109069262074119e-09
9.119652653057308e-09
1.180814097750462e-08
1.535450468400159e-08
2.002294886818309e-08
2.627206091032374e-08
3.455086535336958e-08
4.557857222232238e-08
6.026218767764849e-08
7.970906248900193e-08
1.055958705667165e-07
1.398796129291102e-07
1.854619177785462e-07
2.460546337460682e-07
3.263985699517977e-07
4.330844560976550e-07
5.745478654186898e-07
7.622885243186232e-07
1.011311248317913e-06
1.341531078400172e-06
1.779237960298794e-06
2.359164585795723e-06
3.127378044411474e-06
4.145385189067533e-06
5.493730884617933e-06
7.277965659320216e-06
9.651237835545999e-06
1.277921738418420e-05
1.693866031438586e-05
2.241925788563308e-05
2.971398463350731e-05
3.927687618627278e-05
5.195448585232840e-05
6.866259455882416e-05
9.100707048680592e-05
1.204421388891537e-04
1.592529217051998e-04
2.108940249846168e-04
2.789517060499905e-04
3.691151806017203e-04
4.888984667630994e-04
6.455052130673211e-04
8.535559432249195e-04
1.127509432493307e-03
1.489351920445021e-03
1.965455420756672e-03
2.598838897617771e-03
3.430600153765978e-03
4.526113690823157e-03
5.963019063704297e-03
7.851078918716522e-03
1.031999682764460e-02
1.354255799744131e-02
1.772928894591126e-02
2.317874940405817e-02
3.021088011467623e-02
3.926581912783100e-02
5.085678641905256e-02
6.562629082001226e-02
8.434911916812603e-02
1.078529239271418e-01
1.369440293506668e-01
1.726584085216707e-01
2.156235988253492e-01
2.665702464076228e-01
3.258575750090624e-01
3.932948954229548e-01
4.681876243642110e-01
5.483907181749255e-01
6.309078472472693e-01
7.120180534926090e-01
7.874622020428365e-01
8.533106315395743e-01
9.066549362470681e-01
9.462860912447070e-01
9.735095949088579e-01
9.970694547305591e-01
###7.200000000000002e+00
-9.127392000742530e-10
-1.481679779341336e-10
1.575901859781063e-10
9.861891125088781e-10
1.417491291797286e-10
-1.130879831244389e-08
5.757911068012880e-10
6.419978610486656e-10
6.841262900834788e-10
8.033321552827265e-10
8.179134220560959e-10
6.518852715848577e-10
1.107188230842595e-09
1.432741565073375e-09
1.514757478526713e-09
1.650242961982063e-09
1.853168817692639e-09
2.197538089705827e-09
2.615135919383052e-09
3.144983176472401e-09
3.874274122578507e-09
4.817034562038103e-09
6.077871269683703e-09
7.719956504819311e-09
9.895792554680066e-09
1.281098178282563e-08
1.665742293214447e-08
2.173093028518737e-08
2.851253079862863e-08
3.750402122418134e-08
4.948030454385390e-08
6.543259671767098e-08
8.655969662072536e-08
1.146963881310819e-07
1.519704806808647e-07
2.015614361322530e-07
2.674924447421849e-07
3.549546067970882e-07
4.711579565221671e-07
6.253284236821067e-07
8.300207291237004e-07
1.101700187555816e-06
1.462173387071079e-06
1.940262225656371e-06
2.574122554496273e-06
3.414345033230267e-06
4.528464931340330e-06
6.005464492835242e-06
7.961850031079317e-06
1.056498172668513e-05
1.399899264898224e-05
1.856977439564925e-05
2.459712755460049e-05
3.262633163412091e-05
4.316414411682941e-05
5.714708993234591e-05
7.559141133362794e-05
1.002809407260148e-04
1.328411780481684e-04
1.758072390222215e-04
2.330326693534596e-04
3.085201419543386e-04
4.086191749761161e-04
5.416849835722240e-04
7.158064215044149e-04
9.472413896648450e-04
1.252148210095220e-03
1.655057592114241e-03
2.185259075608092e-03
2.890674108646941e-03
3.816964589582261e-03
5.036447904992335e-03
6.635155163243074e-03
8.734177945895906e-03
1.147577878814540e-02
1.504889718770495e-02
1.968313617007335e-02
2.570232265299986e-02
3.345028129657426e-02
4.339794765302306e-02
5.608873944795010e-02
7.219705669215733e-02
9.252759978129142e-02
1.179202889418823e-01
1.491709893954300e-01
1.872939931137181e-01
2.328347207059308e-01
2.864044939004239e-01
3.481849703506394e-01
4.177577791301266e-01
4.941433841136790e-01
5.749161563448406e-01
6.568614807828610e-01
7.361219497901068e-01
8.085244376760452e-01
8.704280842808562e-01
9.194075008896270e-01
9.548095302845137e-01
9.783227546677350e-01
9.976655326974255e-01
###7.600000000000002e+00
-9.257034866922449e-10
-8.691051052721615e-11
1.700459245878546e-10
1.000731245403948e-09
1.741665508998242e-10
-1.128280528452646e-08
6.126462906324729e-10
6.851007621868000e-10
7.419461020826316e-10
8.763562679340734e-10
8.879546510528622e-10
7.475329161673246e-10
1.190149413110699e-09
1.513816319154321e-09
1.617940064437746e-09
1.773320617103353e-09
2.008996432258354e-09
2.380521572735586e-09
2.834589391075194e-09
3.414104708187302e-09
4.205772419793255e-09
5.228193897932700e-09
6.599315345209444e-09
8.389800169189068e-09
1.074818592428017e-08
1.390005747199036e-08
1.807305590589839e-08
2.358923235820179e-08
3.095085196169758e-08
4.071903561406157e-08
5.372915044988551e-08
7.106043756795657e-08
9.401968017424433e-08
1.246108041270195e-07
1.651556642810238e-07
2.191228727249614e-07
2.908805043864732e-07
3.861341369621187e-07
5.127582328687338e-07
6.808440398050626e-07
9.041260656237869e-07
1.200613056655308e-06
1.594332709991395e-06
2.116699002878232e-06
2.809851792123274e-06
3.729392711651582e-06
4.949230409294914e-06
6.567926026797784e-06
8.714081368653365e-06
1.157107920591289e-05
1.534279853675761e-05
2.036972517668197e-05
2.699978616152486e-05
3.584329748445015e-05
4.745948712509056e-05
6.288817534665131e-05
8.325751199772000e-05
1.105472468930862e-04
1.465739486760544e-04
1.941510236124131e-04
2.575767283743715e-04
3.413106851795685e-04
4.524239530767858e-04
6.002344882101805e-04
7.937586518788903e-04
1.051096988228156e-03
1.390256235843229e-03
1.838677868973939e-03
2.428530893914504e-03
3.213381359323762e-03
4.243700895589161e-03
5.599446642121784e-03
7.375304281711047e-03
9.704590893575038e-03
1.274333301666368e-02
1.669747049888522e-02
2.181761984525828e-02
2.844764934734099e-02
3.696328772289628e-02
4.786182334880079e-02
6.171811855759025e-02
7.923410439458380e-02
1.012425641259750e-01
1.285889153441382e-01
1.620487220252527e-01
2.026022035461580e-01
2.507043224058580e-01
3.068261899736843e-01
3.709680197337535e-01
4.424567649640288e-01
5.200495703549796e-01
6.010609064902814e-01
6.820616963223104e-01
7.591505421207525e-01
8.282745078049139e-01
8.861465977865358e-01
9.308397863663541e-01
9.622515885151584e-01
9.824086415706629e-01
9.981563009743016e-01
###8.000000000000002e+00
-8.908418082548932e-10
-7.364667185238997e-11
1.791198256784673e-10
9.905563876777955e-10
2.154210779495513e-10
-1.124755451161888e-08
6.466566264467184e-10
7.407477501169889e-10
8.000322644915503e-10
9.503527560408183e-10
9.597447819801439e-10
8.512859479694444e-10
1.272504476978366e-09
1.605086479207754e-09
1.729538566722322e-09
1.914682364397657e-09
2.170603476272277e-09
2.577758825994021e-09
3.064735489599035e-09
3.707361558853205e-09
4.565926090665769e-09
5.676321404809080e-09
7.165734167405969e-09
9.109555124813708e-09
1.167638814028596e-08
1.508374398129913e-08
1.961900573608187e-08
2.560891215375135e-08
3.360106783152319e-08
4.421398536906744e-08
5.835288154439928e-08
7.718974369706575e-08
1.021485010742428e-07
1.354231329008949e-07
1.795385788521874e-07
2.382842407544152e-07
3.164120525447157e-07
4.201946173278318e-07
5.582022668785279e-07
7.415634973769308e-07
9.851975866239190e-07
1.308945895979661e-06
1.739179537205105e-06
2.310200448332326e-06
3.068563794800453e-06
4.075182566009871e-06
5.411672240375000e-06
7.186510126677040e-06
9.541518291366028e-06
1.267888076019466e-05
1.682412704270515e-05
2.235544611691265e-05
2.965219605868938e-05
3.939650969601497e-05
5.220682753311695e-05
6.923613543405983e-05
9.173839822779015e-05
1.219141378175696e-04
1.617846497897634e-04
2.144731622467434e-04
2.847708714043743e-04
3.776370334285151e-04
5.009744376527937e-04
6.651161904611652e-04
8.801233084204912e-04
1.166150223763015e-03
1.543176620888310e-03
2.041723761707059e-03
2.697490753788755e-03
3.569677968257710e-03
4.714342118405819e-03
6.219229050799802e-03
8.188961983966280e-03
1.076940026513825e-02
1.413128221684529e-02
1.849797368355085e-02
2.414200825158168e-02
3.142855982538157e-02
4.076407926155057e-02
5.267357408405336e-02
6.776146526180064e-02
8.675410516202314e-02
1.105068392365749e-01
1.398657042535754e-01
1.755758032802349e-01
2.185797262789536e-01
2.692016191929139e-01
3.277951517867989e-01
3.941357179033322e-01
4.673146848448671e-01
5.458250381155744e-01
6.267320634627200e-01
7.064403160286423e-01
7.810510033891055e-01
8.467037607680838e-01
9.004946153212706e-01
9.410231489911010e-01
9.686990122651278e-01
9.858468199734323e-01
9.985563169057384e-01
###8.400000000000002e+00
-8.878554836893434e-10
-5.367101529733645e-11
1.879728472929150e-10
9.990975274444834e-10
2.502069388898816e-10
-1.119957714284483e-08
6.905479261465135e-10
7.889215417921755e-10
8.642537376376250e-10
1.017161917064670e-09
1.044142396371430e-09
9.581445236183602e-10
1.367679974085743e-09
1.701164250227150e-09
1.859891720982727e-09
2.061438609608846e-09
2.352584358273259e-09
2.790128844129999e-09
3.321874039020269e-09
4.026024678045624e-09
4.956005744300245e-09
6.163540545542595e-09
7.779162726863741e-09
9.890650072212171e-09
1.268048750847984e-08
1.636993739454701e-08
2.129026266481257e-08
2.780380731951453e-08
3.648399334453371e-08
4.801995650579215e-08
6.338692253590755e-08
8.386700051552386e-08
1.110117284594595e-07
1.472116575340315e-07
1.952279998967373e-07
2.591908401560946e-07
3.443308206137454e-07
4.574201378737780e-07
6.079016906106691e-07
8.079790190484864e-07
1.073965711286909e-06
1.427615315911364e-06
1.897909912609212e-06
2.522461442654798e-06
3.352459311009886e-06
4.455066308414423e-06
5.919982024373487e-06
7.866865007092963e-06
1.045238780107817e-05
1.389937184361005e-05
1.845686753820080e-05
2.454595770160221e-05
3.258011902727601e-05
4.332161171229321e-05
5.745417751975014e-05
7.625471023594423e-05
1.011217264930941e-04
1.344920373650496e-04
1.786218660174156e-04
2.369825925602442e-04
3.148896107997657e-04
4.178911177185958e-04
5.547428093845125e-04
7.369796570646023e-04
9.757476932791132e-04
1.293450343150681e-03
1.712265601758305e-03
2.266092079884563e-03
2.994280703411804e-03
3.962509385030122e-03
5.232524185648315e-03
6.900640473771614e-03
9.081878600001002e-03
1.193530949523438e-02
1.564765143805937e-02
2.045993036233128e-02
2.666751074340049e-02
3.465818378124783e-02
4.486707221467011e-02
5.784807013005409e-02
7.423188448403760e-02
9.476956456921656e-02
1.203301962999617e-01
1.517547026476153e-01
1.897495079057078e-01
2.351992088139332e-01
2.883069937461109e-01
3.492596170189083e-01
4.176306060785795e-01
4.922577946027974e-01
5.713790961862800e-01
6.518408730693018e-01
7.299297038524574e-01
8.017892736123322e-01
8.638120265302294e-01
9.135185321577504e-01
9.500297831416242e-01
9.742392755410528e-01
9.887121591751121e-01
9.988884101184513e-01
###8.800000000000002e+00
-8.786830868100471e-10
-4.961397779848796e-11
2.085991386683708e-10
1.014911587783776e-09
2.730532157182965e-10
-1.115511034999591e-08
7.235666531636149e-10
8.515493645143749e-10
9.261959676704073e-10
1.088696664316260e-09
1.132446216390394e-09
1.067276328464747e-09
1.472444598512089e-09
1.810857685871238e-09
1.991420433237686e-09
2.222700816421104e-09
2.546087831003481e-09
3.019798487842077e-09
3.604017767472522e-09
4.367096126748201e-09
5.376538654033971e-09
6.691248818936638e-09
8.450818439390889e-09
1.073811067081693e-08
1.376981159052851e-08
1.776800883013509e-08
2.311055401002688e-08
3.019068112343976e-08
3.961891368409604e-08
5.216420817271104e-08
6.886637321103935e-08
9.114299212756296e-08
1.206694782414692e-07
1.600635190946719e-07
2.123478963648824e-07
2.820214432781833e-07
3.748380389687298e-07
4.981190999283216e-07
6.622634844421690e-07
8.806769800989929e-07
1.171166100150608e-06
1.557635119445772e-06
2.071888751433732e-06
2.755369483111615e-06
3.664192668585870e-06
4.872538068402480e-06
6.478781701097372e-06
8.615412907862612e-06
1.145544129312288e-05
1.524398988400137e-05
2.025703951712051e-05
2.696262189692198e-05
3.581310224581698e-05
4.765608118744427e-05
6.325233848444738e-05
8.401666220281333e-05
1.115474356426307e-04
1.484162387572298e-04
1.972583679410296e-04
2.618933118178569e-04
3.482365475577338e-04
4.624504616027891e-04
6.142506505606164e-04
8.164962595112995e-04
1.081494569165538e-03
1.434160947659770e-03
1.899055831031450e-03
2.513655338814257e-03
3.321438865501086e-03
4.395012020239500e-03
5.802156529284268e-03
7.648464688038563e-03
1.005973212977868e-02
1.320939554892927e-02
1.730108911912156e-02
2.259668601659419e-02
2.940667329952142e-02
3.814965041306450e-02
4.928706861915881e-02
6.340161708031676e-02
8.114026484517246e-02
1.032934480557270e-01
1.307245158980114e-01
1.642610461250519e-01
2.045636521011222e-01
2.524286087458226e-01
3.079746386951405e-01
3.711715567947870e-01
4.413833824969652e-01
5.172058076407209e-01
5.966268234533594e-01
6.763029048353980e-01
7.524590130738191e-01
8.213314193344168e-01
8.796086672610827e-01
9.252691789210463e-01
9.579406021744360e-01
9.789623125386568e-01
9.910786363266804e-01
9.991506769252751e-01
###9.200000000000003e+00
-8.734656617527868e-10
-4.118877532340799e-11
2.285125338269486e-10
1.020086185289564e-09
3.068133444770370e-10
-1.109893708896337e-08
7.765323500645517e-10
9.169725332184611e-10
9.791327335266956e-10
1.185329818677671e-09
1.227619957857856e-09
1.179420216769848e-09
1.585333192161998e-09
1.929849518144652e-09
2.133753440840237e-09
2.396497007978076e-09
2.755405886465014e-09
3.266684812185342e-09
3.907355838772664e-09
4.738133838114080e-09
5.833408666087577e-09
7.263066491277727e-09
9.172530563520390e-09
1.165732545219469e-08
1.495221621883997e-08
1.928737259949360e-08
2.508529421795853e-08
3.278733494821832e-08
4.303108882493472e-08
5.667351818677145e-08
7.483569016648537e-08
9.906813186412586e-08
1.311998707903601e-07
1.740835176501675e-07
2.310356956895150e-07
3.069609181961362e-07
4.081691848560986e-07
5.426219550324013e-07
7.217409851820924e-07
9.602612814989850e-07
1.277673151529369e-06
1.700204841676343e-06
2.262760864012168e-06
3.011063175682101e-06
4.006651318469212e-06
5.331227485816750e-06
7.093546554427548e-06
9.439277961398797e-06
1.255920923068699e-05
1.672629022071135e-05
2.224260043336789e-05
2.962923791739237e-05
3.938249292677189e-05
5.244541822348623e-05
6.965990550556332e-05
9.260049784397101e-05
1.230727549136264e-04
1.638182297299006e-04
2.178781074607452e-04
2.894543458950407e-04
3.851242764273191e-04
5.117360780697212e-04
6.800589664050174e-04
9.043849037954474e-04
1.198324587657134e-03
1.589508399641364e-03
2.105094468646957e-03
2.786509795915141e-03
3.681626500382166e-03
4.870497351669149e-03
6.427521472762792e-03
8.467932594105772e-03
1.112925154989307e-02
1.460017762221625e-02
1.910123160952820e-02
2.491613791860174e-02
3.237097384928816e-02
4.191721978767331e-02
5.403897479687080e-02
6.934554516352728e-02
8.850703431265448e-02
1.123375562060287e-01
1.416907416345539e-01
1.773794046968257e-01
2.200036397398367e-01
2.702649925517117e-01
3.281702372928070e-01
3.934653422694357e-01
4.653189667945523e-01
5.420692099592377e-01
6.214797667383279e-01
7.000461763034196e-01
7.739764424229570e-01
8.396538345060287e-01
8.941114540338140e-01
9.357971495016689e-01
9.648378278282969e-01
9.829537539423600e-01
9.930125007975277e-01
9.993556033681906e-01
###9.600000000000003e+00
-8.867507028362870e-10
-1.759853847203534e-11
2.520085950394696e-10
1.025285720588697e-09
3.329958598363194e-10
-1.103490862317288e-08
8.259752704413514e-10
9.811309114850610e-10
1.047540472658591e-09
1.281256886668763e-09
1.328363347624078e-09
1.309374170322803e-09
1.706041692036677e-09
2.059765891997555e-09
2.289712690017971e-09
2.590700169100378e-09
2.980763947780310e-09
3.533502852525696e-09
4.233786567224930e-09
5.136450321941004e-09
6.327122281945223e-09
7.883823193691980e-09
9.954985231699095e-09
1.265435846201560e-08
1.623606365065446e-08
2.093918342861215e-08
2.723547550701820e-08
3.561101805104900e-08
4.674759486030190e-08
6.158520459132211e-08
8.134490572214972e-08
1.077120231402878e-07
1.426892748232002e-07
1.893920957049758e-07
2.514431442908620e-07
3.342034564183511e-07
4.445920689764676e-07
5.912925178075351e-07
7.868630020251999e-07
1.047474332653170e-06
1.394360784274455e-06
1.856516986266461e-06
2.472327117344327e-06
3.291893842689819e-06
4.383036436526708e-06
5.835699714438198e-06
7.769908218796666e-06
1.034666385298613e-05
1.377478163448777e-05
1.835961213099632e-05
2.443236748388999e-05
3.256719911562983e-05
4.332290720942807e-05
5.773478856607636e-05
7.674096981486505e-05
1.020922890226713e-04
1.358064019734157e-04
1.808455517272299e-04
2.406759708473566e-04
3.199456268471083e-04
4.259248778624193e-04
5.662225526243259e-04
7.527531766208989e-04
1.001468229956599e-03
1.327296307687263e-03
1.760864597374142e-03
2.332158288033087e-03
3.086881519929137e-03
4.077483887287695e-03
5.392475105933709e-03
7.112810650729574e-03
9.364498888078715e-03
1.229707586384706e-02
1.611516884020894e-02
2.105734795356751e-02
2.742912500819576e-02
3.557313403664701e-02
4.597370995298058e-02
5.913720948266261e-02
7.569676509016535e-02
9.635252800909547e-02
1.219107671784417e-01
1.532372494587927e-01
1.911096719929506e-01
2.360528904271740e-01
2.886799283396764e-01
3.488514301281223e-01
4.160964067031409e-01
4.893648969345462e-01
5.667676290163516e-01
6.458563000257296e-01
7.229988056707892e-01
7.944351562893021e-01
8.567545425165762e-01
9.073537752571739e-01
9.451748067349661e-01
9.708090816021853e-01
9.862995083768037e-01
9.945793063298590e-01
9.995151721251849e-01
###1.000000000000000e+01
-8.714386552766636e-10
3.980613430861158e-12
2.945039305693594e-10
1.047199275453392e-09
3.721157294827418e-10
-1.098135121471669e-08
8.747822766206708e-10
1.022462640038858e-09
1.128523079810155e-09
1.387834669435116e-09
1.441156557267180e-09
1.439372538898540e-09
1.837591974268210e-09
2.202592492109629e-09
2.461465983810227e-09
2.790982148050903e-09
3.224259122743407e-09
3.823159759269360e-09
4.583841863561932e-09
5.568429797324600e-09
6.861572781955864e-09
8.555252738422456e-09
1.080096347867022e-08
1.373469186977351e-08
1.763029710223262e-08
2.273586152097628e-08
2.957587658282997e-08
3.868385878121602e-08
5.079222401416538e-08
6.693230029677612e-08
8.843526801288748e-08
1.171359065648174e-07
1.552205085120289e-07
2.061033291919464e-07
2.737396528007726e-07
3.639828822232085e-07
4.844337251130240e-07
6.445467106388601e-07
8.582529229853755e-07
1.142926412544117e-06
1.522329856718259e-06
2.027995112852927e-06
2.702288341635586e-06
3.600347064573132e-06
4.796601874496663e-06
6.390497135793055e-06
8.514300856939049e-06
1.134544763839327e-05
1.511410026431159e-05
2.016009458061182e-05
2.684772827197645e-05
3.580926846848266e-05
4.767241776519738e-05
6.357575816357074e-05
8.456359669891018e-05
1.125825149387127e-04
1.498768243838545e-04
1.996689209873803e-04
2.658773609692161e-04
3.536399076441986e-04
4.709899377899561e-04
6.263992850899935e-04
8.330424851904163e-04
1.108577345733326e-03
1.469506891850522e-03
1.949640808465339e-03
2.582063266901868e-03
3.417032961838368e-03
4.512169447591668e-03
5.964672911144107e-03
7.862804515276114e-03
1.034371442748080e-02
1.357022099506527e-02
1.776244833304205e-02
2.317890092066423e-02
3.014646217176347e-02
3.902621373370558e-02
5.033321010983281e-02
6.459701091377201e-02
8.246983642656271e-02
1.046733134900799e-01
1.320245825179894e-01
1.653688333962444e-01
2.054500952148392e-01
2.527057357706669e-01
3.076443390681125e-01
3.699669454647337e-01
4.389922636100875e-01
5.134486024569714e-01
5.912149713462734e-01
6.696661544471531e-01
7.450888693344551e-01
8.137984714454970e-01
8.726272336607583e-01
9.193768106729358e-01
9.534734416491712e-01
9.759396061056927e-01
9.890792850418703e-01
9.958341746546089e-01
9.996409934076459e-01
###1.040000000000000e+01
-8.660226962503522e-10
2.579915057474141e-11
3.184254272882506e-10
1.075928526990762e-09
4.670355335740980e-10
-1.091203073728932e-08
9.336035811104476e-10
1.105916675404107e-09
1.217321503483627e-09
1.506923273269167e-09
1.565007534413994e-09
1.582358069557485e-09
1.986400964706286e-09
2.360236579033548e-09
2.646165286328071e-09
3.013728357681574e-09
3.493801806227563e-09
4.139511319243079e-09
4.970229073824004e-09
6.039565303277071e-09
7.445722506157298e-09
9.286532587395340e-09
1.172476042037139e-08
1.491391735598487e-08
1.915030533136915e-08
2.469106677020083e-08
3.212224016837546e-08
4.203168063680617e-08
5.520158979584078e-08
7.276478491476935e-08
9.616822914816114e-08
1.274203540668147e-07
1.689065597916969e-07
2.243475785324434e-07
2.980987011790936e-07
3.965504276823751e-07
5.280314052973573e-07
7.028619116465440e-07
9.365318032681685e-07
1.247596115646597e-06
1.662669116242779e-06
2.216148914455103e-06
2.954828197541898e-06
3.939234552861487e-06
5.251212156592076e-06
7.000893422321187e-06
9.333583544590433e-06
1.244539161107888e-05
1.658995103419209e-05
2.214500507384419e-05
2.951157212051888e-05
3.938695708787001e-05
5.247400426802352e-05
7.002540126841473e-05
9.320502367509743e-05
1.241736252717624e-04
1.654168467711618e-04
2.204718315477251e-04
2.937119001486820e-04
3.908476746375771e-04
5.207533960578301e-04
6.928160871166232e-04
9.216016793894039e-04
1.226642856186942e-03
1.626130758686323e-03
2.157359660337489e-03
2.856747104852032e-03
3.779541133451483e-03
4.988706705103598e-03
6.591039731464361e-03
8.682378291124339e-03
1.141180268924175e-02
1.495532811274053e-02
1.955134985139972e-02
2.547637290885023e-02
3.308079076894033e-02
4.274329904569823e-02
5.501049537258974e-02
7.043588514846746e-02
8.967888578797897e-02
1.134890352244517e-01
1.426847906947364e-01
1.780846723191996e-01
2.203881211839043e-01
2.699637252832556e-01
3.271249580519289e-01
3.914700100720413e-01
4.620928328519690e-01
5.374949743119732e-01
6.153402878779662e-01
6.928484986101823e-01
7.662708189459522e-01
8.320405951307898e-01
8.872821445359343e-01
9.302281024715032e-01
9.607677042918171e-01
9.803137265110830e-01
9.913688041151251e-01
9.968301029641893e-01
9.997354915208423e-01
###1.080000000000000e+01
-8.702489883448312e-10
3.647934747140834e-11
3.558457107072800e-10
1.111126148806688e-09
5.392567784968217e-10
-1.084574591812609e-08
9.985658345410990e-10
1.197550559301539e-09
1.321931600374896e-09
1.636334133696172e-09
1.694801612071606e-09
1.737068233854556e-09
2.146318836931011e-09
2.535453332601905e-09
2.849412194010038e-09
3.255356368706490e-09
3.767879102280346e-09
4.484746060356792e-09
5.388514216837998e-09
6.549942337325368e-09
8.078111106377490e-09
1.008468249260367e-08
1.272812756819165e-08
1.619901371394127e-08
2.078875683643064e-08
2.682197875348675e-08
3.489795026828166e-08
4.567853271255923e-08
6.001250853311721e-08
7.912458427120304e-08
1.046076576816877e-07
1.386424933949015e-07
1.838582948138045e-07
2.442867330242871e-07
3.247346512283063e-07
4.321713020367310e-07
5.757408374677543e-07
7.667323532022225e-07
1.022259681757920e-06
1.362366829946993e-06
1.816629680495479e-06
2.422673443971807e-06
3.232215092694308e-06
4.311666460637155e-06
5.751124860548557e-06
7.672411704888411e-06
1.023528707783196e-05
1.365701656994069e-05
1.821629706302879e-05
2.433371996107257e-05
3.244961178602286e-05
4.333374673771746e-05
5.777305481811688e-05
7.714427364357456e-05
1.027476681929910e-04
1.369668578967270e-04
1.825637256519209e-04
2.434406227267493e-04
3.244492745487440e-04
4.319144745279960e-04
5.756457655920452e-04
7.660516936266140e-04
1.019196910334280e-03
1.356662996600869e-03
1.798509289556418e-03
2.385739505529896e-03
3.158324033508193e-03
4.177006957908135e-03
5.510547192880967e-03
7.275745553206454e-03
9.576875729945500e-03
1.257466393606243e-02
1.646003837947906e-02
2.149062407948119e-02
2.796007832929461e-02
3.624356343241265e-02
4.673668394346229e-02
6.001773302240619e-02
7.666146965111442e-02
9.733608046699951e-02
1.228098364279417e-01
1.538984001799620e-01
1.913870098595827e-01
2.359167233491861e-01
2.877709933089021e-01
3.470786471999824e-01
4.133114773094441e-01
4.853282358096341e-01
5.614274016268573e-01
6.390577436025208e-01
7.153245301342713e-01
7.864905669246814e-01
8.491483585388074e-01
9.007433059978456e-01
9.399616251209603e-01
9.671341246945299e-01
9.840138538763065e-01
9.932383188812413e-01
9.976129385410127e-01
9.998122656703236e-01
###1.120000000000000e+01
-8.461992274444968e-10
5.033899848987829e-11
3.845629534057425e-10
1.147732656101645e-09
5.961517297477915e-10
-1.075439252164797e-08
1.073322737529323e-09
1.300946570706535e-09
1.434442576023670e-09
1.779082756433754e-09
1.845928450483698e-09
1.894464047671395e-09
2.324163383162699e-09
2.726742032129442e-09
3.070021580147485e-09
3.520469925414929e-09
4.071694445077657e-09
4.859424965514451e-09
5.842712924185137e-09
7.107904744088727e-09
8.761589256332327e-09
1.095024754157085e-08
1.382340776983981e-08
1.759606983104061e-08
2.258057075754868e-08
2.913944541734966e-08
3.792173620696927e-08
4.965453222407171e-08
6.526037968862577e-08
8.606213305547929e-08
1.138097142540203e-07
1.508959946951964e-07
2.001863087541766e-07
2.660774370354010e-07
3.538536717061350e-07
4.711454027951920e-07
6.279943079681281e-07
8.366902518245467e-07
1.116217078588269e-06
1.488199017436435e-06
1.985569348318684e-06
2.649466479525561e-06
3.536946323122864e-06
4.721044381211426e-06
6.301059790329530e-06
8.411269333658501e-06
1.122846843943370e-05
1.499141373118206e-05
2.000846947377624e-05
2.674615304820142e-05
3.569005957564249e-05
4.769068441185653e-05
6.362116568581130e-05
8.500403391121817e-05
1.132811985953604e-04
1.510888186297476e-04
2.014797004153249e-04
2.687815572369789e-04
3.583680230554965e-04
4.772126766713241e-04
6.361846997083523e-04
8.467585683292334e-04
1.126667874226788e-03
1.499696369836876e-03
1.987896843071397e-03
2.636459934986763e-03
3.489020888919536e-03
4.612284384946135e-03
6.081101968051311e-03
8.023156051657446e-03
1.055112203593055e-02
1.383932076626260e-02
1.809306245776590e-02
2.358857870709009e-02
3.064051712640471e-02
3.964669295380728e-02
5.102048859580476e-02
6.536897425463918e-02
8.328910699790538e-02
1.054541128406570e-01
1.326465476730104e-01
1.656681001378303e-01
2.052676537660215e-01
2.520217013616733e-01
3.061036474709260e-01
3.674674672557860e-01
4.354328105034502e-01
5.086380783934431e-01
5.851641383782080e-01
6.622978515057845e-01
7.370407023845266e-01
8.057111229253882e-01
8.651080387160262e-01
9.130381058634912e-01
9.486364618844433e-01
9.726514005663879e-01
9.871168702613485e-01
9.947478918600662e-01
9.982191796333972e-01
9.998637879839778e-01
###1.160000000000000e+01
-8.146052469313449e-10
6.429004881126906e-11
4.157854074957203e-10
1.195698361936890e-09
6.512117784629192e-10
-1.066275544366683e-08
1.158440054930812e-09
1.411787518946533e-09
1.562176302964884e-09
1.934102274547415e-09
2.003600155663076e-09
2.073471040551588e-09
2.508554711587323e-09
2.935441914509900e-09
3.314446744985328e-09
3.809514469873798e-09
4.415691048876603e-09
5.267375267671065e-09
6.338413679990819e-09
7.712735283439494e-09
9.501221913308706e-09
1.189102327916628e-08
1.501378339094870e-08
1.911609585920272e-08
2.454009667436439e-08
3.166182874415931e-08
4.121262415603721e-08
5.398679909350457e-08
7.098185168515207e-08
9.362673086207224e-08
1.238594509713962e-07
1.642751003675517e-07
2.180288345308779e-07
2.899073604565261e-07
3.857389210249553e-07
5.137978214430215e-07
6.852076670016594e-07
9.133531115076896e-07
1.219257364886252e-06
1.626305836285752e-06
2.170997401975859e-06
2.898611295944298e-06
3.871713033011271e-06
5.171213906124016e-06
6.906040724920231e-06
9.224582170911442e-06
1.232175118777429e-05
1.646152852414164e-05
2.198378983404230e-05
2.940587171717672e-05
3.926204246841305e-05
5.249449384858869e-05
7.007354654002367e-05
9.367496229765712e-05
1.248994107300637e-04
1.666724913006479e-04
2.223485877952823e-04
2.967333872302504e-04
3.957633903319740e-04
5.271414137361824e-04
7.028776831377211e-04
9.356021814562272e-04
1.244880269619719e-03
1.656929371223274e-03
2.195887295585715e-03
2.911398698576856e-03
3.851260946125505e-03
5.088308002952551e-03
6.704217329977007e-03
8.837846240944747e-03
1.161108997667127e-02
1.521191537272346e-02
1.986174330254721e-02
2.585550123876748e-02
3.352892626495695e-02
4.330190959809468e-02
5.560730031552057e-02
7.107818740879615e-02
9.033007920604590e-02
1.140419174865608e-01
1.430124215449810e-01
1.779942296820881e-01
2.197184063570826e-01
2.686801938684871e-01
3.249295618651691e-01
3.882473930246444e-01
4.577749124847340e-01
5.319446446412197e-01
6.086312984154648e-01
6.849802283770889e-01
7.579352508884727e-01
8.238972767614064e-01
8.799270285932770e-01
9.242108805760383e-01
9.563221505947211e-01
9.773988941719476e-01
9.896997193217976e-01
9.959573547299438e-01
9.986853173161775e-01
9.999028071988867e-01
###1.200000000000001e+01
-7.845044259499644e-10
9.671260066419675e-11
4.767014767163960e-10
1.244430935643170e-09
7.086848389152565e-10
-1.056474497406357e-08
1.245532878052396e-09
1.532810233254281e-09
1.705599188204687e-09
2.098773425133174e-09
2.178012540518367e-09
2.274197080397148e-09
2.720398406399139e-09
3.164280176698131e-09
3.577533141745357e-09
4.123286175367835e-09
4.787566532976395e-09
5.720038781286822e-09
6.874586379178760e-09
8.371432016670723e-09
1.031223443597898e-08
1.291382509351776e-08
1.630251701149780e-08
2.077041579340707e-08
2.667357167720768e-08
3.441085922561245e-08
4.480174660136648e-08
5.871205042653746e-08
7.722200413059307e-08
1.018832317221571e-07
1.348338461735308e-07
1.788918985422624e-07
2.375253644655117e-07
3.159650387645946e-07
4.206009324679266e-07
5.604871513857895e-07
7.478585487968470e-07
9.973613635590706e-07
1.332023589636438e-06
1.777786471693753e-06
2.374622362372979e-06
3.172202756579634e-06
4.239769211668062e-06
5.666184202582624e-06
7.571736532589604e-06
1.011968203751626e-05
1.352601220027700e-05
1.808086389243148e-05
2.416052238476546e-05
3.233822530247876e-05
4.320107648033080e-05
5.779292633871573e-05
7.718941650763284e-05
1.032398357682768e-04
1.377154701697811e-04
1.838542796196362e-04
2.453551304369163e-04
3.275368188603679e-04
4.369556008559573e-04
5.821456197225484e-04
7.762631689646686e-04
1.033316486048687e-03
1.374810134504491e-03
1.829579915403899e-03
2.423997188248948e-03
3.212557319487174e-03
4.247573445848050e-03
5.608408178854546e-03
7.383787088751493e-03
9.724934197515423e-03
1.276258467644142e-02
1.670024080473436e-02
2.177499043113517e-02
2.830079599141672e-02
3.663583166590163e-02
4.721699378449076e-02
6.050956263571998e-02
7.715802785221930e-02
9.779795254000030e-02
1.231127009477349e-01
1.539025095628685e-01
1.908813095770426e-01
2.347381027249127e-01
2.858791341605255e-01
3.442177377443437e-01
4.093706557787145e-01
4.802811728996641e-01
5.551775016174749e-01
6.317588194319547e-01
7.070461903968818e-01
7.779617590805158e-01
8.410290572636372e-01
8.936197808967538e-01
9.343007184014659e-01
9.630857385100090e-01
9.814532533431012e-01
9.918298817160844e-01
9.969129365608583e-01
9.990343374062872e-01
9.999470570371780e-01
###1.240000000000001e+01
-7.461380650093364e-10
1.292769132982529e-10
5.233595373538227e-10
1.291292317583756e-09
7.935362671280931e-10
-1.044756258612495e-08
1.355046824049547e-09
1.666850390511401e-09
1.857257570428747e-09
2.281682081321163e-09
2.370813628561905e-09
2.494472294049172e-09
2.947890993344483e-09
3.417556975673197e-09
3.869596850494263e-09
4.465040486522326e-09
5.194203127774905e-09
6.201608321700864e-09
7.459123116916482e-09
9.087436119953480e-09
1.119710730718614e-08
1.402715317374435e-08
1.770619368853237e-08
2.257176158477645e-08
2.899384200455343e-08
3.740666320565327e-08
4.871238569655645e-08
6.386354556150269e-08
8.402897759405326e-08
1.109009646594232e-07
1.468207319593394e-07
1.948701690286103e-07
2.588476332601617e-07
3.444752436161299e-07
4.587601630343185e-07
6.116352222471196e-07
8.165139585997312e-07
1.089492152983446e-06
1.455612068417705e-06
1.944078192724551e-06
2.598128007427607e-06
3.472882155962551e-06
4.644291009672450e-06
6.210464447188105e-06
8.304044477806202e-06
1.110491009242207e-05
1.485183932656186e-05
1.986456395038372e-05
2.656148660705615e-05
3.556940414993017e-05
4.754361338536513e-05
6.363418959418372e-05
8.503266025151510e-05
1.137848690500818e-04
1.518426381112739e-04
2.027940006602082e-04
2.707092704261622e-04
3.614725585353213e-04
4.823187232702314e-04
6.427546253289302e-04
8.569873985536079e-04
1.140685694085959e-03
1.517467772949065e-03
2.018943973144470e-03
2.673922807161479e-03
3.542166731404250e-03
4.680668230708734e-03
6.175741786062845e-03
8.123909055880868e-03
1.068912060937780e-02
1.401204940949060e-02
1.831142469316632e-02
2.384066854806690e-02
3.093457833544845e-02
3.997232492969568e-02
5.140786343869413e-02
6.573907159245435e-02
8.362014461258530e-02
1.057031610362821e-01
1.326721988507000e-01
1.653210316407640e-01
2.043209789292286e-01
2.503080457401093e-01
3.035866793270233e-01
3.639322513431598e-01
4.307802154670162e-01
5.028809063297884e-01
5.782660197591801e-01
6.544728904946306e-01
7.284286887530531e-01
7.970664036004831e-01
8.570974235299351e-01
9.062002415581307e-01
9.433610408849590e-01
9.689991778879028e-01
9.848892609423776e-01
9.935709226539972e-01
9.976629497037575e-01
9.992984007321742e-01
9.999528605957406e-01
###1.280000000000001e+01
-7.018043173022656e-10
1.751592861334529e-10
5.698485795641090e-10
1.344412605522989e-09
8.699385663075948e-10
-1.033008381246865e-08
1.464909635148528e-09
1.810857328937324e-09
2.012401048303327e-09
2.484214052459632e-09
2.580934602894253e-09
2.731511530187292e-09
3.202211055990543e-09
3.693810673995204e-09
4.190422402347519e-09
4.836858373283759e-09
5.638076993597552e-09
6.728023236811345e-09
8.096702240153720e-09
9.867617987842343e-09
1.216634144922704e-08
1.523795996866400e-08
1.923676923588472e-08
2.453455172333139e-08
3.152103374093522e-08
4.067202528385355e-08
5.298866679608088e-08
6.948652466974335e-08
9.145959472007415e-08
1.207429452580087e-07
1.599139873451403e-07
2.123381640797355e-07
2.821593870237619e-07
3.756669992717150e-07
5.005181373408780e-07
6.676656888451662e-07
8.917402808142255e-07
1.190462168293946e-06
1.591220564701365e-06
2.126611074519456e-06
2.843736677541138e-06
3.803302568331979e-06
5.089301468710442e-06
6.809286647088256e-06
9.110020588772524e-06
1.218969380303362e-05
1.631151153100074e-05
2.182974212266603e-05
2.920838025922524e-05
3.913044289328518e-05
5.232937812566432e-05
7.006162618551181e-05
9.367787322017670e-05
1.254084685726592e-04
1.674100673848907e-04
2.236580934481163e-04
2.986370242639018e-04
3.988308770367301e-04
5.322261480798867e-04
7.093747584508361e-04
9.456628338352546e-04
1.258593096257810e-03
1.673962329711061e-03
2.226402252382521e-03
2.947428056462983e-03
3.902498673148710e-03
5.153231715334165e-03
6.793971724261146e-03
8.929013675075866e-03
1.173599920869991e-02
1.536571318835911e-02
2.005285983329651e-02
2.606804454228488e-02
3.376702711431923e-02
4.354909513770226e-02
5.588676084702956e-02
7.130875252256987e-02
9.047718494975820e-02
1.140558247601785e-01
1.427261488959630e-01
1.772674466404521e-01
2.183073612726142e-01
2.664145512192828e-01
3.217804162903597e-01
3.840306443605666e-01
4.524206133137275e-01
5.255058735828412e-01
6.011422476182724e-01
6.767056909125135e-01
7.490654953979793e-01
8.152202090729825e-01
8.720917431786549e-01
9.177030720016984e-01
9.514494529717237e-01
9.741354055890885e-01
9.877828905177957e-01
9.949880943558157e-01
9.982554461270663e-01
9.995022417948959e-01
9.999719273606522e-01
###1.320000000000001e+01
-6.635828351986878e-10
2.073444637851878e-10
6.079366196263959e-10
1.397977225478322e-09
9.443103564811093e-10
-1.020489983075618e-08
1.584256031293644e-09
1.966075038983314e-09
2.188000936744414e-09
2.702982228422772e-09
2.807059589167582e-09
2.986226665108556e-09
3.474234368792304e-09
3.998892877925503e-09
4.538840300915627e-09
5.245464914696026e-09
6.120176765334955e-09
7.299897017350447e-09
8.793831751838263e-09
1.071747777637906e-08
1.322105388051392e-08
1.655712465320666e-08
2.091061037938471e-08
2.667165983549299e-08
3.427891104576988e-08
4.423378169359371e-08
5.766037977678277e-08
7.562070824211950e-08
9.957195458899764e-08
1.315010171473892e-07
1.742249280756461e-07
2.314375313068137e-07
3.076582427406122e-07
4.098128045706967e-07
5.462636402084824e-07
7.290458930777155e-07
9.742278534579186e-07
1.301254243176534e-06
1.740069648497152e-06
2.327042307029998e-06
3.113206075363918e-06
4.166563705933292e-06
5.578291785035048e-06
7.467568309307185e-06
9.996650703622697e-06
1.338384860374920e-05
1.791919718346273e-05
2.399357450377596e-05
3.212291304443207e-05
4.305305068022931e-05
5.760199420637830e-05
7.714504380432582e-05
1.032007951835860e-04
1.382071251681970e-04
1.845554451170457e-04
2.466322195884417e-04
3.293663404220436e-04
4.399338397931503e-04
5.871203580629893e-04
7.825760375711726e-04
1.043044327191059e-03
1.387926107101378e-03
1.845369955037213e-03
2.453468844442862e-03
3.246410017372645e-03
4.295726693553288e-03
5.668451607916482e-03
7.466859597367579e-03
9.803448716825114e-03
1.287078831658678e-02
1.683031827701448e-02
2.193260523793617e-02
2.846606543095913e-02
3.680843919863110e-02
4.737907001045387e-02
6.066894060271311e-02
7.723099294538216e-02
9.773957428103157e-02
1.228670691840527e-01
1.532834543073135e-01
1.897394261076010e-01
2.328364735600237e-01
2.830416811581455e-01
3.404304038817591e-01
4.044689565306788e-01
4.742370264822474e-01
5.480990360202657e-01
6.237291946298721e-01
6.983900506420463e-01
7.689159801198262e-01
8.323960958395212e-01
8.860194894860464e-01
9.281609049765006e-01
9.586239805766358e-01
9.785640058299533e-01
9.901968654883322e-01
9.961252761468546e-01
9.987064566531474e-01
9.996476311163855e-01
9.999932720364298e-01
###1.360000000000001e+01
-6.264419435531866e-10
2.504747349338417e-10
6.613033927263298e-10
1.467293056415995e-09
1.009256219329774e-09
-1.006570546535376e-08
1.731571931104877e-09
2.141755478195737e-09
2.373637764702502e-09
2.943576468696170e-09
3.048931124892362e-09
3.266148675849148e-09
3.770686382369662e-09
4.327166287705859e-09
4.918287283327867e-09
5.688482935464304e-09
6.643408748358150e-09
7.921723196985141e-09
9.547236797453151e-09
1.164247464933356e-08
1.436627679809710e-08
1.799015733910654e-08
2.273397823556525e-08
2.900034529440605e-08
3.728526599516323e-08
4.811667010167649e-08
6.275596306128188e-08
8.231584864140972e-08
1.084261452780032e-07
1.432545853401625e-07
1.898588908292406e-07
2.523207719767998e-07
3.355706998454956e-07
4.472007834157638e-07
5.963612348990208e-07
7.963482077730029e-07
1.064687484452713e-06
1.422751011320505e-06
1.903494969059449e-06
2.547121146434692e-06
3.409426126739898e-06
4.565783132196212e-06
6.116149153584125e-06
8.191588859274523e-06
1.097185031631304e-05
1.469792709443810e-05
1.968772656634394e-05
2.637580096279092e-05
3.533151055737865e-05
4.737461873182968e-05
6.340944231749714e-05
8.494492191868287e-05
1.136894245909654e-04
1.523020793919134e-04
2.034516430619705e-04
2.718984629274576e-04
3.631653897603157e-04
4.851066984945906e-04
6.474097524583983e-04
8.629103076316122e-04
1.149859323241342e-03
1.529625559797319e-03
2.033037810064728e-03
2.701758436323429e-03
3.572963708944663e-03
4.724541443869371e-03
6.229389735060238e-03
8.198092540597680e-03
1.075219774366281e-02
1.409969817989891e-02
1.841264490788313e-02
2.395937473810297e-02
3.104504360647963e-02
4.006959292206873e-02
5.147426027167084e-02
6.576472762478504e-02
8.351815167789771e-02
1.054217823634063e-01
1.321433940060778e-01
1.643448521075890e-01
2.027448981493380e-01
2.478971479301763e-01
3.001634643808037e-01
3.594996374653122e-01
4.251998291002688e-01
4.961718555566859e-01
5.705849891064636e-01
6.459601470897331e-01
7.194587719637410e-01
7.879259338896719e-01
8.485794170816776e-01
8.988914960636517e-01
9.376146150549022e-01
9.649496084092095e-01
9.823565415914080e-01
9.921956407407517e-01
9.970317640440415e-01
9.990517104388057e-01
9.997538915559471e-01
9.999932720364298e-01
###1.400000000000001e+01
-5.789180569238031e-10
2.960635426285587e-10
7.223802883214390e-10
1.521211446999708e-09
1.105558236315826e-09
-9.919117475893747e-09
1.873439420032013e-09
2.322657869285430e-09
2.586814045339469e-09
3.203953511594432e-09
3.310213802738721e-09
3.565373258252563e-09
4.091767836679273e-09
4.683620390485315e-09
5.332615461084953e-09
6.169919241601175e-09
7.212936452074130e-09
8.599879385888149e-09
1.036657320422696e-08
1.264190884421604e-08
1.561209476336761e-08
1.955446361049962e-08
2.471881524202910e-08
3.153743892223130e-08
4.055632605024821e-08
5.235268242886047e-08
6.830171222527115e-08
8.962372454961881e-08
1.180976971079251e-07
1.560948960061791e-07
2.069644277723602e-07
2.751701598577831e-07
3.661150839027115e-07
4.881371324406975e-07
6.512546549594839e-07
8.700846197072279e-07
1.163899735767113e-06
1.556144740972581e-06
2.082998540708901e-06
2.788903618561328e-06
3.735216983450333e-06
5.004462744186109e-06
6.707408440636334e-06
8.987932334243827e-06
1.204572026070030e-05
1.614415734376416e-05
2.163610301874824e-05
2.899995483637094e-05
3.886626529847147e-05
5.213180307205028e-05
6.980448300170951e-05
9.353735570557040e-05
1.252321876072315e-04
1.678143027472167e-04
2.242242523270733e-04
2.996904054378863e-04
4.003091611178704e-04
5.347359852584623e-04
7.135860443190004e-04
9.510269841884764e-04
1.266886621051673e-03
1.684759022811108e-03
2.238275440622966e-03
2.972930339280215e-03
3.929161977224533e-03
5.191690777316995e-03
6.839257337146272e-03
8.992060687952736e-03
1.178035122152609e-02
1.542832351576272e-02
2.011950451314092e-02
2.614036408735080e-02
3.381288486354478e-02
4.356049941599830e-02
5.584239419315902e-02
7.118530017632162e-02
9.018103156952895e-02
1.135284481249544e-01
1.418932797820192e-01
1.759164541421382e-01
2.162770079905826e-01
2.634704513475639e-01
3.177527617388059e-01
3.789522904283342e-01
4.461788747603759e-01
5.181668793203928e-01
5.929033029072723e-01
6.677757217567100e-01
7.398603190811029e-01
8.060596636157195e-01
8.637566611997818e-01
9.107247278965144e-01
9.461151792302090e-01
9.704897789825603e-01
9.855798634114624e-01
9.938361707284880e-01
9.977459685374900e-01
9.993110022652988e-01
9.998291310386243e-01
9.999932720364298e-01
###1.440000000000001e+01
-5.361244003243532e-10
3.495090176860079e-10
7.858639215638499e-10
1.601199329260993e-09
1.209734675820553e-09
-9.770381881215066e-09
2.026814378385775e-09
2.520890138200148e-09
2.817740394024005e-09
3.484394033488191e-09
3.525561107601268e-09
3.893474302391848e-09
4.446222542647341e-09
5.082862567033708e-09
5.783756351270023e-09
6.701081006636868e-09
7.834929873982678e-09
9.349204356832669e-09
1.125853691469844e-08
1.373661264806159e-08
1.697181921080250e-08
2.125922965730085e-08
2.688097915230027e-08
3.430198775157247e-08
4.412592563442107e-08
5.697154968980010e-08
7.434671673804867e-08
9.760711712972713e-08
1.286727207703232e-07
1.701298912179195e-07
2.256742892758831e-07
3.001667405278464e-07
3.995539363487240e-07
5.329508970362031e-07
7.114260628253523e-07
9.509496185793380e-07
1.272694473654584e-06
1.702519811133488e-06
2.279994594386726e-06
3.054382832882254e-06
4.093166975444483e-06
5.486681706623912e-06
7.357550724755598e-06
9.864262670622689e-06
1.322687633821534e-05
1.773567024173041e-05
2.378030591582520e-05
3.188877271312968e-05
4.275375927705385e-05
5.736881368108774e-05
7.684327641832830e-05
1.029933963379758e-04
1.379318848756416e-04
1.848800588275727e-04
2.470738914288475e-04
3.302300523157700e-04
4.411105497504047e-04
5.892186032734769e-04
7.861706714928601e-04
1.047579959969258e-03
1.395054034396077e-03
1.854428061298262e-03
2.462462073880179e-03
3.268833581019411e-03
4.317285310460071e-03
5.699922968258380e-03
7.501898155158266e-03
9.852632326997355e-03
1.289279430827877e-02
1.686330171499761e-02
2.195864363068620e-02
2.848469867786190e-02
3.678062937743856e-02
4.729153542548607e-02
6.049718874033309e-02
7.694180053586280e-02
9.723144285356028e-02
1.220726042669134e-01
1.521240201437485e-01
1.879989921088333e-01
2.303296481951334e-01
2.795484243764346e-01
3.357912202660602e-01
3.987476290635545e-01
4.673529033393824e-01
5.401598167107218e-01
6.149868988129069e-01
6.890990641166896e-01
7.595370636968886e-01
8.232869498439003e-01
8.779230126882884e-01
9.215527299515602e-01
9.537132032663440e-01
9.753106853684407e-01
9.882982054441016e-01
9.951714136453013e-01
9.983037796664040e-01
9.995041881366765e-01
9.998824536664969e-01
9.999932720364298e-01
###1.480000000000001e+01
-4.947196374258888e-10
4.044920015072842e-10
8.585726362535704e-10
1.691061239020695e-09
1.321610254263872e-09
-9.595707361174195e-09
2.198361419882422e-09
2.745189135145607e-09
3.068362315590686e-09
3.785637409000495e-09
3.752695374724767e-09
4.245198225294351e-09
4.829543600085316e-09
5.514996593852872e-09
6.276404095044103e-09
7.274710024188323e-09
8.514290713454954e-09
1.015075691983379e-08
1.223009799548530e-08
1.492806305836420e-08
1.845448409567933e-08
2.311636802376513e-08
2.923896594184444e-08
3.731901831241785e-08
4.802413282752622e-08
6.201310131906350e-08
8.094721290409317e-08
1.063269887312700e-07
1.402181012437315e-07
1.854769066632243e-07
2.461380487218764e-07
3.275290472155068e-07
4.361924471919078e-07
5.820504022359862e-07
7.773925606846985e-07
1.039637209105265e-06
1.391954609361449e-06
1.863197818241716e-06
2.496440775321800e-06
3.345970250642064e-06
4.486199097360938e-06
6.016636026561436e-06
8.072241629686152e-06
1.082767421852007e-05
1.452596772951566e-05
1.948658215799522e-05
2.613902429831459e-05
3.506614249156305e-05
4.702706834287096e-05
6.312619726129656e-05
8.458579166233552e-05
1.133924621737160e-04
1.518969965474353e-04
2.036287154984836e-04
2.721762476417978e-04
3.637555940018885e-04
4.859003209837337e-04
6.489308320556456e-04
8.657147763050351e-04
1.153291057657907e-03
1.535242972047569e-03
2.039808739584484e-03
2.707231337790776e-03
3.591343592188818e-03
4.739728762312198e-03
6.252322302881801e-03
8.220762227817049e-03
1.078488434335144e-02
1.409550048290389e-02
1.841138598129938e-02
2.393812822582019e-02
3.100079620022608e-02
3.995751730805386e-02
5.127450290201088e-02
6.545134424079868e-02
8.304625182969588e-02
1.046799718184040e-01
1.310614202954118e-01
1.628369038354355e-01
2.005862111868257e-01
2.448950140168106e-01
2.961063121719004e-01
3.542447052760367e-01
4.188450690990870e-01
4.886718470212800e-01
5.620896517769700e-01
6.367730321505686e-01
7.098812272234761e-01
7.784536819562016e-01
8.395852350027937e-01
8.910825797035939e-01
9.314082006689087e-01
9.604648813601577e-01
9.794771426422089e-01
9.905736715260320e-01
9.962487041770847e-01
9.987353547918536e-01
9.996466067283014e-01
9.999197779893684e-01
9.999932720364298e-01
###1.520000000000001e+01
-4.401651205530088e-10
4.597850822603865e-10
9.367451115994875e-10
1.780403172002653e-09
1.450623467087277e-09
-9.398120694694414e-09
2.390996968194564e-09
2.988215163381006e-09
3.336308198786575e-09
4.125466720484524e-09
4.068526526210571e-09
4.629521258407671e-09
5.245294259056317e-09
5.981490913142417e-09
6.813599288742888e-09
7.897176663093502e-09
9.249118992024261e-09
1.102497157507250e-08
1.328970586246936e-08
1.622652295328352e-08
2.006881881740029e-08
2.514005039897279e-08
3.180877574673049e-08
4.061038273513642e-08
5.227880043778024e-08
6.751038510265611e-08
8.815440220876896e-08
1.158497077327344e-07
1.528436737511450e-07
2.022596998612522e-07
2.685329174430354e-07
3.574827740977353e-07
4.763205434705584e-07
6.358431657977280e-07
8.497061815989587e-07
1.136892843609322e-06
1.522952414729568e-06
2.039562487509924e-06
2.734087879351868e-06
3.666391540743146e-06
4.918107723504584e-06
6.599263930390942e-06
8.858176856442772e-06
1.188756222892517e-05
1.595468207562498e-05
2.141276739954465e-05
2.873416764684638e-05
3.856159459436466e-05
5.172831375889657e-05
6.945467086288125e-05
9.309893718832394e-05
1.248288843146816e-04
1.672479146835830e-04
2.242352992096024e-04
2.997331259948609e-04
4.005849289774534e-04
5.350159996352417e-04
7.144121396996337e-04
9.528269975240579e-04
1.268933973706705e-03
1.688473416167689e-03
2.242249684021880e-03
2.974136323632246e-03
3.942600696472943e-03
5.199016289283660e-03
6.851505454373544e-03
8.999921817152078e-03
1.179355925386597e-02
1.539398229418992e-02
2.007851974564173e-02
2.606596001185228e-02
3.369863875329446e-02
4.335407832646553e-02
5.552012214166906e-02
7.071470664753170e-02
8.951025191287949e-02
1.125360765754602e-01
1.404989112601262e-01
1.740347939060898e-01
2.136801110863023e-01
2.599584869104459e-01
3.131290030768401e-01
3.730803282861868e-01
4.391966210094796e-01
5.100722683034549e-01
5.838930226988677e-01
6.581946964337169e-01
7.300628003103887e-01
7.965685169163108e-01
8.549346023459752e-01
9.032501499619018e-01
9.403255961521263e-01
9.664250340255798e-01
9.830528025757074e-01
9.924638529746683e-01
9.971101110232889e-01
9.990656075405776e-01
9.997504433826112e-01
9.999456359173362e-01
9.999932720364298e-01
###1.560000000000001e+01
-3.802180002214798e-10
5.244374741839274e-10
1.023047486627142e-09
1.886430902714141e-09
1.583330335149654e-09
-9.183481065368482e-09
2.593252630193017e-09
3.253742084237532e-09
3.640341846425640e-09
4.497329710314199e-09
4.404909346595206e-09
5.048660524672489e-09
5.691798434576710e-09
6.493323657043653e-09
7.400821589014298e-09
8.582873731348780e-09
1.004916022349160e-08
1.197747520877656e-08
1.444489908879717e-08
1.764376329533297e-08
2.182753177021136e-08
2.734714044725141e-08
3.461477591807709e-08
4.420129620653416e-08
5.691756598175265e-08
7.352643289085666e-08
9.602490123799435e-08
1.262577083443923e-07
1.666530718369049e-07
2.206205379223801e-07
2.930425441419310e-07
3.903026659573580e-07
5.202730910055993e-07
6.947960758360490e-07
9.289462463540729e-07
1.243593866087613e-06
1.666768837825972e-06
2.233224679470891e-06
2.995033186102459e-06
4.018427913390635e-06
5.392908304538180e-06
7.239692923536416e-06
9.722412759200662e-06
1.305265721135913e-05
1.752620096145385e-05
2.353061914140652e-05
3.158895093355454e-05
4.240627257835934e-05
5.689877210134795e-05
7.641166601429872e-05
1.024558081967245e-04
1.373953209563806e-04
1.841103041935649e-04
2.468568366011735e-04
3.299741008835105e-04
4.409622026211947e-04
5.888455974109518e-04
7.861173582560719e-04
1.048128728284454e-03
1.395339621023313e-03
1.855718672846937e-03
2.462990306460129e-03
3.264802570236192e-03
4.324638253261355e-03
5.698021388165323e-03
7.501201149505376e-03
9.843127955818402e-03
1.288297489265985e-02
1.679409483605748e-02
2.187277420046071e-02
2.834960318733073e-02
3.658723587358074e-02
4.698023341426674e-02
6.003950936462179e-02
7.629666363334937e-02
9.634350855095625e-02
1.208085566751751e-01
1.503981532262303e-01
1.857225855867405e-01
2.272747347159580e-01
2.755111427944895e-01
3.305887588022788e-01
3.922640583307756e-01
4.597608432796427e-01
5.315008360677415e-01
6.055062081680845e-01
6.791897384017601e-01
7.495925575909095e-01
8.138414248279296e-01
8.693362844024429e-01
9.144478455502768e-01
9.483512932254123e-01
9.716555484626560e-01
9.860996145555033e-01
9.940211675062819e-01
9.977928094886721e-01
9.993160700308804e-01
9.998253888572400e-01
9.999633704084452e-01
9.999932720364298e-01
