# NLO BK equation solver 0.0-dev build  (build Feb 16 2026 17:52:53)
# Initial condition: MV model, Q_s0^2 = 0.00710724 GeV^2, \gamma = 1, coefficient of E inside Log is 1, x0=0.01, \Lambda_QCD = 0.241 GeV
# # LO Kernel RC:  Balitsky. NLO Kernel RC:  smallest dipole
# Nc=3, Nf=4
# Using RungeKutta method in K1
# Resumming double log
# Resumming single log, K_sub=0.65 resum rc: smallest
# BK K1 integration relative accuracy: 0.02# NLO BK as^2 terms: MC integration method: Vegas, points=1000000
# Kinematical constraint: none
# Target kinematical constraint: disabled

###1.000000000000000e-05
###1.160836920850890e+00
###100
###1.000000000000000e+00
###0.000000000000000e+00
2.298463182432225e-12
3.061567443738013e-12
4.077472405735187e-12
5.429723927345714e-12
7.229404627314584e-12
9.624183130650986e-12
1.281032726695416e-11
1.704864840192519e-11
2.268565835509586e-11
3.018163625334588e-11
4.014785287001725e-11
5.339592762234338e-11
7.100325531433940e-11
9.439971088641429e-11
1.254825196463160e-10
1.667683977960555e-10
2.215949947630988e-10
2.943875301421352e-10
3.910116101027697e-10
5.192399200366873e-10
6.893693329541078e-10
9.150366171660556e-10
1.214296251284735e-09
1.611044011533467e-09
2.136896494066297e-09
2.833671546602028e-09
3.756660288215957e-09
4.978941361499242e-09
6.597066681279762e-09
8.738550945032539e-09
1.157173200694896e-08
1.531874558471713e-08
2.027258825656735e-08
2.681954364881616e-08
3.546863926853698e-08
4.689031297045095e-08
6.196713391042936e-08
8.186028861321549e-08
1.080966671502192e-07
1.426828427925864e-07
1.882541275965105e-07
2.482693300064879e-07
3.272649968998041e-07
4.311869931748555e-07
5.678225134800363e-07
7.473623584912115e-07
9.831319544646904e-07
1.292540670446482e-06
1.698313149247120e-06
2.230084442680865e-06
2.926463767403458e-06
3.837700979098634e-06
5.029127036519475e-06
6.585586848526749e-06
8.617142553105387e-06
1.126633726700188e-05
1.471780416106849e-05
1.921003126681420e-05
2.505092893290151e-05
3.263747442106002e-05
4.248083273772352e-05
5.523839150434195e-05
7.175458815000813e-05
9.311292933678050e-05
1.207022824017967e-04
1.563014122331063e-04
2.021869216568550e-04
2.612713364349428e-04
3.372802057768354e-04
4.349799693831313e-04
5.604722485635927e-04
7.215755217132580e-04
9.283223315970091e-04
1.193609878398894e-03
1.534054891199732e-03
1.971121065600268e-03
2.532610374196054e-03
3.254639733559772e-03
4.184263640533370e-03
5.382953446988581e-03
6.931206839747905e-03
8.934638109940218e-03
1.153199036407004e-02
1.490561013980873e-02
1.929501942201650e-02
2.501427952322399e-02
3.247380469378791e-02
4.220703574188633e-02
5.490172006660510e-02
7.143411610884653e-02
9.290169229228162e-02
1.206450147239800e-01
1.562415128775683e-01
2.014418727446919e-01
2.580045015969069e-01
3.273695128734059e-01
4.101148030845800e-01
5.051823580687005e-01
6.089981661758561e-01
7.148679280305065e-01
###4.000000000000000e-01
5.379439328245622e-13
-2.679158431372215e-10
8.856700215596446e-12
1.652045251568503e-11
7.603911469680373e-12
-3.500304242751007e-09
2.442858437298801e-11
2.444245228959867e-11
-3.866264237178735e-11
-3.310421237900260e-10
4.632903333794100e-11
7.503887445029715e-11
-3.561022534817444e-09
1.356076040096886e-10
1.747815777471568e-10
2.367020125977907e-10
4.209264273182678e-10
-1.014546240290862e-08
5.257733459486545e-10
6.804805834550980e-10
8.125249789244446e-10
1.045216768244834e-09
1.355860395298583e-09
1.781439049416202e-09
2.347378811576648e-09
3.103780540695640e-09
4.095721725467705e-09
5.414661794718212e-09
7.160190825842133e-09
9.471096024959986e-09
1.252050379880293e-08
1.656959006609277e-08
2.192468893490108e-08
2.900438779787628e-08
3.835849134427437e-08
5.072173206617895e-08
6.703890007683179e-08
8.857689959761141e-08
1.169920192905088e-07
1.544597033699312e-07
2.038478880338371e-07
2.689147389749052e-07
3.545794665681027e-07
4.673110686771862e-07
6.155730507018295e-07
8.104506267807758e-07
1.066453119081675e-06
1.402536792371808e-06
1.843213923985162e-06
2.421680364487212e-06
3.179087791373971e-06
4.170754174394277e-06
5.467735645164426e-06
7.164808451109092e-06
9.377095058310802e-06
1.226408807919814e-05
1.602736048497894e-05
2.093174433302883e-05
2.731244341351453e-05
3.559837986814104e-05
4.637490024345180e-05
6.034152568857344e-05
7.845076606508113e-05
1.018869357935250e-04
1.322085834171781e-04
1.713994517729344e-04
2.219416061778800e-04
2.871441256039423e-04
3.711129795913769e-04
4.795484654084030e-04
6.190045252706328e-04
7.985384300818087e-04
1.029443763978032e-03
1.326797082375336e-03
1.709499576127612e-03
2.202426854380727e-03
2.837183638707080e-03
3.657199397153028e-03
4.715924914107530e-03
6.085909716864276e-03
7.863451764672163e-03
1.016930763232550e-02
1.317682963616239e-02
1.709367759745651e-02
2.220318069660181e-02
2.888181462650185e-02
3.760091493683564e-02
4.896398273535219e-02
6.379941161023052e-02
8.312126114087512e-02
1.082245077233740e-01
1.405682924807825e-01
1.818881433577233e-01
2.339302412550331e-01
2.984450261358068e-01
3.766138623459362e-01
4.692899193959011e-01
5.767245186364539e-01
7.062987773560808e-01
9.550876172720678e-01
###8.000000000000000e-01
3.196801866552766e-11
-2.717846768086977e-10
3.803779021767031e-11
7.628163100415656e-11
4.363290924927792e-12
-3.496900402431448e-09
2.639177068432245e-11
3.948289148878964e-11
-2.330686461626537e-11
-3.132226772991275e-10
6.714004229118272e-11
1.146792215002060e-10
-3.522300235519472e-09
1.873153092778992e-10
2.234593374540813e-10
3.442529579901881e-10
5.270025531204152e-10
-9.958486104590285e-09
7.095892585535545e-10
8.940138506674812e-10
9.680046176949840e-10
1.207734392286352e-09
1.528640285890480e-09
1.991266352343789e-09
2.597628310428070e-09
3.418510729642251e-09
4.488812865038046e-09
5.906880027845609e-09
7.814062922769902e-09
1.028917525414392e-08
1.358401352572398e-08
1.795453958219258e-08
2.372945286443678e-08
3.139464800597315e-08
4.151273356800630e-08
5.489828977864336e-08
7.256663306816049e-08
9.589289782876333e-08
1.266778126158434e-07
1.672887439192982e-07
2.208330419212372e-07
2.914029686637527e-07
3.843409052694030e-07
5.066829780677711e-07
6.676125212602200e-07
8.792423912247090e-07
1.157338278394666e-06
1.522593839545602e-06
2.001259409988090e-06
2.630972034628470e-06
3.455185081121538e-06
4.535002714067757e-06
5.947891328999311e-06
7.798742125206903e-06
1.020983602626464e-05
1.335891431963288e-05
1.746641976745800e-05
2.282469843879819e-05
2.980174718363462e-05
3.886816105364656e-05
5.067331007770263e-05
6.598254836636293e-05
8.586333933555967e-05
1.116157452789872e-04
1.449927980517875e-04
1.882009996223234e-04
2.439734667944305e-04
3.160652349638020e-04
4.090437589083997e-04
5.296048636955783e-04
6.848968726381971e-04
8.853874258303280e-04
1.143865419396934e-03
1.477782066365587e-03
1.908875516414709e-03
2.465904834174714e-03
3.184955260209719e-03
4.117574608669915e-03
5.325071855767078e-03
6.892792140555222e-03
8.932787724743950e-03
1.158881017562798e-02
1.506300732849786e-02
1.960270514308898e-02
2.553133545231101e-02
3.329335630030746e-02
4.342459849519763e-02
5.660405280169167e-02
7.379167758460342e-02
9.612937226479847e-02
1.250334900757202e-01
1.620498095599569e-01
2.089116025387495e-01
2.672162844018776e-01
3.383344279770937e-01
4.227923554304494e-01
5.203414746566609e-01
6.293241229911717e-01
7.521329552966597e-01
9.625028720715734e-01
###1.200000000000000e+00
5.597687628148426e-11
-2.772182847898905e-10
4.833537992612451e-11
1.144576203779976e-10
3.471745324950272e-12
-3.480253615830306e-09
3.371220886576963e-11
5.782479074519393e-11
2.389566013845736e-11
-2.647508436484013e-10
1.130255368374414e-10
1.675703678948969e-10
-3.418864852350990e-09
2.620912459323945e-10
3.272359578386479e-10
4.892914221295306e-10
6.858015877504438e-10
-9.729294701425138e-09
9.593929472443490e-10
1.191821904297221e-09
1.186050860069771e-09
1.421288297700520e-09
1.761896710144543e-09
2.254387616783093e-09
2.908373584366043e-09
3.787818097896775e-09
4.944613102181284e-09
6.478691996765603e-09
8.535033149594575e-09
1.121288127263059e-08
1.482644708603647e-08
1.950636914911874e-08
2.573108393324207e-08
3.401822515459776e-08
4.496747480695179e-08
5.946515494841681e-08
7.860010781466943e-08
1.038744120560555e-07
1.372360775497901e-07
1.812708265896086e-07
2.393329195307307e-07
3.159122214256916e-07
4.167732225661596e-07
5.496001719668754e-07
7.243605585773747e-07
9.542616967639615e-07
1.256500699687051e-06
1.653627591024372e-06
2.173959893049392e-06
2.859663614164175e-06
3.757161198914637e-06
4.933507053846911e-06
6.473569499174020e-06
8.493627959480727e-06
1.112334865324826e-05
1.456084679574204e-05
1.904749117410237e-05
2.490709355765170e-05
3.254343117818502e-05
4.247434570332044e-05
5.541841895412813e-05
7.222056264404562e-05
9.407371512244030e-05
1.224124729347813e-04
1.591982337754246e-04
2.069015175620989e-04
2.685600182084111e-04
3.484020732361732e-04
4.515622553795212e-04
5.857864067779113e-04
7.591545981967752e-04
9.832666587607478e-04
1.273101703326377e-03
1.648710485388808e-03
2.134925394829341e-03
2.764120662696665e-03
3.580589676866055e-03
4.641884198542663e-03
6.019535523066688e-03
7.812575290266686e-03
1.015293300145241e-02
1.320635691117417e-02
1.721301156436512e-02
2.245034055241242e-02
2.929712832932751e-02
3.826223463570936e-02
4.994501997095760e-02
6.510501947560932e-02
8.481442276852572e-02
1.103131142227750e-01
1.430882328490707e-01
1.846957159070569e-01
2.367089630328682e-01
3.004977350813857e-01
3.767709617173192e-01
4.651812554190198e-01
5.641532733762922e-01
6.703143027596055e-01
7.839440340200872e-01
9.678074788859522e-01
###1.600000000000000e+00
5.864919356531059e-11
-2.650820164918500e-10
5.317602436186682e-11
9.827254878090113e-11
5.740719631611244e-12
-3.473750739903701e-09
7.279984474928409e-11
8.852179311834190e-11
7.727748597018579e-11
-1.833773399198169e-10
2.173712374862293e-10
2.683677473051490e-10
-3.228676263854719e-09
4.113604881346369e-10
5.084083300319182e-10
7.190212322571842e-10
9.311541317284895e-10
-9.382602066177464e-09
1.334373847869404e-09
1.616269675982108e-09
1.484180727786436e-09
1.725385224512317e-09
2.081335287119480e-09
2.594149100316871e-09
3.301462973983601e-09
4.250151184992179e-09
5.500581397763411e-09
7.161277802200341e-09
9.381810746163110e-09
1.228153557467189e-08
1.618377633409180e-08
2.125614100976529e-08
2.798725531335526e-08
3.694160818208212e-08
4.877406662592577e-08
6.447213668477581e-08
8.520177350672157e-08
1.125970955440993e-07
1.487735354317807e-07
1.965219790937399e-07
2.595233983827173e-07
3.426453611618970e-07
4.521366118876336e-07
5.963993945913535e-07
7.862453256345181e-07
1.036119270639202e-06
1.364764460942642e-06
1.796746384432238e-06
2.362732417879902e-06
3.109669763278007e-06
4.087683277587567e-06
5.369995269379780e-06
7.049653215377527e-06
9.255204663479403e-06
1.212604626410704e-05
1.588091239536114e-05
2.078634798546751e-05
2.720003239320696e-05
3.556507224353884e-05
4.644816366599409e-05
6.066184985660715e-05
7.912573907877335e-05
1.031732283262963e-04
1.344035568610980e-04
1.749955408483637e-04
2.277360873740498e-04
2.960021420692509e-04
3.845624762516063e-04
4.992113559162451e-04
6.488643969984733e-04
8.425415608795270e-04
1.093549902072654e-03
1.418939540324395e-03
1.841851055808250e-03
2.390692013335648e-03
3.101414889187924e-03
4.029136618482673e-03
5.236785095127689e-03
6.807792701475998e-03
8.855978881431963e-03
1.153694665571331e-02
1.503895847885303e-02
1.963943043843176e-02
2.565778588360116e-02
3.351959126711381e-02
4.380371918517582e-02
5.716304080618838e-02
7.445589104219594e-02
9.681747769478649e-02
1.255690920552159e-01
1.622183652681232e-01
2.082512117382699e-01
2.650426476041680e-01
3.334794777724635e-01
4.136738491424714e-01
5.043575910907814e-01
6.028900338089358e-01
7.049450251354900e-01
8.099578975876807e-01
9.721510984309346e-01
###2.000000000000000e+00
7.029133706928504e-11
-2.652096457983658e-10
5.234289223718048e-11
1.111236619189521e-10
2.656898566056917e-11
-3.452555331100614e-09
1.045314773330323e-10
1.371156510405042e-10
1.347642250037331e-10
-4.084019981723301e-11
3.574991749554845e-10
4.586416281985412e-10
-2.890096086468382e-09
6.707364664931355e-10
8.113755740728874e-10
1.093594720091524e-09
1.313996903206205e-09
-8.855566428869789e-09
1.906495735372808e-09
2.254437248176269e-09
1.959339407893671e-09
2.170276919800904e-09
2.535749653588125e-09
3.079085385741601e-09
3.839089971625604e-09
4.856006551996528e-09
6.209659499281801e-09
8.002357257806687e-09
1.040591556304949e-08
1.355033768612021e-08
1.776631028035766e-08
2.326839616674878e-08
3.056609843981654e-08
4.026835322596618e-08
5.309223946967285e-08
7.004731744812277e-08
9.244115156882433e-08
1.221686356756404e-07
1.614115977652034e-07
2.132073983531573e-07
2.815639974276707e-07
3.718520743895165e-07
4.907594664939971e-07
6.474743941996067e-07
8.538145020753045e-07
1.125529959990685e-06
1.483033115489978e-06
1.953167615328700e-06
2.569181051363357e-06
3.383143306663880e-06
4.449648954769173e-06
5.848398807766119e-06
7.681454469415109e-06
1.009110523032765e-05
1.322714795509000e-05
1.733234795186903e-05
2.270018433511614e-05
2.972509843590388e-05
3.889646319457105e-05
5.083576601290637e-05
6.645901000742938e-05
8.677065296855933e-05
1.132640162685874e-04
1.477360495035760e-04
1.925701892588192e-04
2.509563788911075e-04
3.266345456870752e-04
4.250103609344510e-04
5.526198888382400e-04
7.196343046298834e-04
9.362119169905333e-04
1.217682758715171e-03
1.583337865466434e-03
2.059796260578744e-03
2.679501786715602e-03
3.483106066490912e-03
4.536478190078889e-03
5.909545798994715e-03
7.699063090364038e-03
1.003548683600597e-02
1.309636484443089e-02
1.710122425327944e-02
2.235808895571794e-02
2.924165329247489e-02
3.821721385866385e-02
4.993212138149791e-02
6.509483017451601e-02
8.464239183086190e-02
1.097629101837288e-01
1.418257857061847e-01
1.823093422192577e-01
2.325622040495996e-01
2.937039684692496e-01
3.660753415224460e-01
4.491973566761628e-01
5.409995440447922e-01
6.380509203885846e-01
7.355709301853963e-01
8.325397327418164e-01
9.758823984058791e-01
###2.400000000000000e+00
9.324929106767720e-11
-2.579423839125941e-10
1.133114219261177e-10
9.855019861315221e-11
4.842306001543019e-11
-3.415449347920396e-09
1.345630884759395e-10
2.138575531667995e-10
2.040252075433855e-10
8.707273114727012e-11
4.684874511911194e-10
5.961402141258255e-10
-2.613158260796697e-09
9.094714477674467e-10
1.136815817501339e-09
1.536523565568990e-09
1.770187163651248e-09
-8.179934576362113e-09
2.649465101297185e-09
3.091947083982603e-09
2.544019913436963e-09
2.710355100668076e-09
3.079159869920081e-09
3.652671741032128e-09
4.469623163688661e-09
5.557245050363631e-09
7.013674261822619e-09
8.965160878997626e-09
1.156547174177649e-08
1.497542930604614e-08
1.953591862859679e-08
2.550327493523212e-08
3.341394102072540e-08
4.393264307237148e-08
5.782701738658697e-08
7.613295177930448e-08
1.003770360015345e-07
1.326396570482856e-07
1.752220791531474e-07
2.314346669209587e-07
3.056455122753852e-07
4.037531491261487e-07
5.329217487446310e-07
7.032655670158782e-07
9.275992431364114e-07
1.223168376468251e-06
1.612258284249377e-06
2.124107004234554e-06
2.795042262215155e-06
3.682431519588947e-06
4.845937589890883e-06
6.372660962864875e-06
8.374250360351460e-06
1.100815270429225e-05
1.443677707659505e-05
1.892855874902032e-05
2.480697995411767e-05
3.250906303551349e-05
4.257344645886415e-05
5.568474005880171e-05
7.287430273193619e-05
9.524470017362937e-05
1.244673752826345e-04
1.626064385181564e-04
2.121406662488133e-04
2.768468753799656e-04
3.608480716261731e-04
4.702501597628975e-04
6.124608892071224e-04
7.990415405012264e-04
1.041403200644861e-03
1.357261918426225e-03
1.768412258624536e-03
2.305417916202298e-03
3.005194251553473e-03
3.913775765356032e-03
5.108613995824399e-03
6.667830526133722e-03
8.702614152799012e-03
1.136334041624225e-02
1.484758377799709e-02
1.941049736657903e-02
2.539507484103855e-02
3.322324772327819e-02
4.341053062814264e-02
5.666484672678696e-02
7.374500931807360e-02
9.565679586270492e-02
1.236224995032026e-01
1.590222971956499e-01
2.032593494870508e-01
2.575117252713297e-01
3.225723589546663e-01
3.982741600061492e-01
4.835019238770277e-01
5.755825486878542e-01
6.705056130810098e-01
7.632808329821603e-01
8.526283296788308e-01
9.791567395082673e-01
###2.800000000000000e+00
1.267635604866437e-10
-2.678434049131523e-10
1.136387335102097e-10
8.686567725044010e-11
7.397709023734703e-11
-3.369847486735739e-09
1.708502004434043e-10
2.134187301848727e-10
2.514635223699981e-10
1.667771460963710e-10
5.670933459329693e-10
7.346395475876877e-10
-2.303125628491831e-09
1.194447010510099e-09
1.550427491890037e-09
2.093452195002489e-09
2.404163146241295e-09
-7.285577090560755e-09
3.658145328085289e-09
4.228592318644783e-09
3.315048051712592e-09
3.412310190198775e-09
3.769019630976113e-09
4.372712348092606e-09
5.236422155931901e-09
6.412963267314733e-09
7.988165538324576e-09
1.010060186183357e-08
1.291500256889225e-08
1.661717984028167e-08
2.155311151815624e-08
2.802595293584108e-08
3.660765647249166e-08
4.801562333288459e-08
6.307851780159647e-08
8.290261330755697e-08
1.091344840738951e-07
1.441345907044157e-07
1.903436312159364e-07
2.513803653377969e-07
3.319748004279327e-07
4.386321697580007e-07
5.789896746243873e-07
7.641959152093331e-07
1.008206080728842e-06
1.329826378359022e-06
1.753551339524271e-06
2.311055860197449e-06
3.042312039253552e-06
4.010239584956440e-06
5.280312974896183e-06
6.947604099426622e-06
9.134804223931029e-06
1.201534396842305e-05
1.576690115844516e-05
2.068584083071966e-05
2.712904435080855e-05
3.558062695188863e-05
4.663367769301349e-05
6.104808765125461e-05
7.997767545509837e-05
1.046411006920684e-04
1.369075938035986e-04
1.791299068038114e-04
2.339324675577896e-04
3.057179250659517e-04
3.990612543858079e-04
5.208652872573825e-04
6.794888422546426e-04
8.880688558436495e-04
1.159556975057978e-03
1.514120611518148e-03
1.976518553433899e-03
2.581763263101952e-03
3.371630099106974e-03
4.398564562490601e-03
5.752060028704186e-03
7.520214726857127e-03
9.829285273936368e-03
1.285084889346847e-02
1.680547724616316e-02
2.198414477676268e-02
2.876835247999692e-02
3.762470591885164e-02
4.911770409869523e-02
6.401528266341933e-02
8.312210738287017e-02
1.074917176201905e-01
1.383651640564510e-01
1.771038676445143e-01
2.249960551280281e-01
2.830108470309624e-01
3.515534157281898e-01
4.300368797640814e-01
5.167167810943588e-01
6.084011237866506e-01
7.007262157156465e-01
7.886325640547738e-01
8.707060905972301e-01
9.820497952498930e-01
###3.200000000000000e+00
1.286898467284234e-10
-2.664284800111319e-10
1.054229673839627e-10
8.179391872727951e-11
1.232516455490475e-10
-3.330282502016753e-09
1.976038346826276e-10
2.789491863426650e-10
3.255658103356327e-10
2.925647077158817e-10
7.013185590873539e-10
9.189055684804255e-10
-1.894608144082054e-09
1.561942517874417e-09
2.097261895801191e-09
2.886823101983822e-09
3.290931679863583e-09
-6.030500548774175e-09
5.098558320126201e-09
5.849350293423779e-09
4.386677431353212e-09
4.378294000849430e-09
4.705770011554386e-09
5.326667452214215e-09
6.248477919804640e-09
7.513316406451985e-09
9.219277736691633e-09
1.150561163251326e-08
1.455323683024948e-08
1.857034395125335e-08
2.392116615360690e-08
3.094817496312395e-08
4.026088876545613e-08
5.263649032383592e-08
6.898835179477823e-08
9.053163270417289e-08
1.190127147634880e-07
1.568815269578949e-07
2.069530833487741e-07
2.732662894998187e-07
3.608257761895663e-07
4.768394339356333e-07
6.294249966614837e-07
8.308846093450087e-07
1.096386817936335e-06
1.446542091027605e-06
1.908211127485992e-06
2.515756703525715e-06
3.313259247085200e-06
4.369476262419507e-06
5.756955144247738e-06
7.579002392314176e-06
9.970605939929576e-06
1.312311496238430e-05
1.722980522846696e-05
2.262163299445208e-05
2.968968703989029e-05
3.897173418309371e-05
5.112244180338920e-05
6.698468579002070e-05
8.785030930192902e-05
1.150689771623747e-04
1.507305880147902e-04
1.975024589157737e-04
2.582134796969096e-04
3.379190071468115e-04
4.417469661708744e-04
5.775008959554237e-04
7.545315421070047e-04
9.878657883727608e-04
1.292066593639931e-03
1.690142842118520e-03
2.210208823195566e-03
2.892037785107833e-03
3.783160408992531e-03
4.942929441563055e-03
6.473763893549539e-03
8.475002881209500e-03
1.108923983893713e-02
1.451065102446760e-02
1.898484161206624e-02
2.483928919192305e-02
3.249452771862631e-02
4.246440253831480e-02
5.535654748161273e-02
7.199905985252573e-02
9.323076338989626e-02
1.201385150103214e-01
1.539675110862730e-01
1.960222792211863e-01
2.474536201643186e-01
3.089788100868683e-01
3.806056024334555e-01
4.613477969211818e-01
5.489028775950698e-01
6.396534425770327e-01
7.289870514532572e-01
8.119276341410367e-01
8.870220794747409e-01
9.846106617810446e-01
###3.600000000000000e+00
1.517495394517536e-10
-2.389731182859889e-10
1.233942543947721e-10
9.737276881585106e-11
1.423560574959548e-10
-3.283720767949806e-09
2.517207950722152e-10
3.466795467735298e-10
4.278472117040488e-10
4.542493122657739e-10
8.715054298090634e-10
1.188543408040062e-09
-1.346340642981332e-09
2.086388152554061e-09
2.865795846729892e-09
4.013848258257297e-09
4.555873764185093e-09
-4.252503283021996e-09
7.154793908282707e-09
8.182436081569721e-09
5.897719952537654e-09
5.724076872083286e-09
5.991561405773209e-09
6.626070701989786e-09
7.598210178535850e-09
8.954818154163103e-09
1.080272925453900e-08
1.328115330518073e-08
1.658601270882991e-08
2.094976613441906e-08
2.675461687235100e-08
3.438388333672657e-08
4.450031361390197e-08
5.793619250057128e-08
7.569125942017629e-08
9.912018233400704e-08
1.299534588090979e-07
1.711683085161176e-07
2.253166296662750e-07
2.973576623923787e-07
3.925105551610308e-07
5.187555433626270e-07
6.844676333500709e-07
9.039216276219244e-07
1.192970176973673e-06
1.574355140546629e-06
2.077621239965949e-06
2.740054795689629e-06
3.610297050105864e-06
4.763475407481297e-06
6.280543202063600e-06
8.273032140635092e-06
1.088962400784471e-05
1.434179087401287e-05
1.884038082126206e-05
2.475648263335691e-05
3.251789613151235e-05
4.271720791342226e-05
5.608809503195372e-05
7.355985172354009e-05
9.657968529689433e-05
1.266465229462344e-04
1.660916162054322e-04
2.179454831042986e-04
2.852713419798850e-04
3.738450562970816e-04
4.894190608541297e-04
6.408214128043378e-04
8.385136760314345e-04
1.099588597189688e-03
1.440529977969403e-03
1.887483813159458e-03
2.472158563548169e-03
3.239797741871632e-03
4.244213571635472e-03
5.552739942664506e-03
7.280954866421992e-03
9.541430545585317e-03
1.249396923023333e-02
1.635635741056743e-02
2.140108021163525e-02
2.799281045219279e-02
3.659307315425546e-02
4.776059591413753e-02
6.214550092957630e-02
8.062892680369885e-02
1.040767834987437e-01
1.335924817076992e-01
1.704048651616588e-01
2.157355774415078e-01
2.705729570487852e-01
3.353521531099115e-01
4.097001756139813e-01
4.922085054490826e-01
5.801111916607511e-01
6.694344347429602e-01
7.554540193007591e-01
8.333535579605850e-01
9.017700790495201e-01
9.868820885818839e-01
###4.000000000000000e+00
1.725247572503859e-10
-2.387896583458700e-10
1.528868948046369e-10
1.203542595788722e-10
1.758543066713780e-10
-3.243033278684367e-09
3.221194221671838e-10
4.534794466871153e-10
5.811954652920064e-10
6.807815613324685e-10
1.118792867389186e-09
1.550295423557131e-09
-5.809456049792653e-10
2.831122153042716e-09
3.968987450485144e-09
5.635805597575981e-09
6.394249699418609e-09
-1.696017251600635e-09
1.016826035979902e-08
1.158428628298901e-08
8.072494080087421e-09
7.641802939046990e-09
7.805458129452977e-09
8.429587490012948e-09
9.447635417512670e-09
1.090399627827738e-08
1.290248152675071e-08
1.558799331049247e-08
1.917662706268431e-08
2.392080426136179e-08
3.023346387526715e-08
3.852545604413828e-08
4.952177917052877e-08
6.411509284990216e-08
8.340979186092573e-08
1.088790139080637e-07
1.424012025599289e-07
1.873497929466462e-07
2.459484774218472e-07
3.239796980098518e-07
4.273074506759425e-07
5.647815450510769e-07
7.452251379749594e-07
9.839291357869242e-07
1.298904759775618e-06
1.714481701785270e-06
2.263431569448177e-06
2.986062993303111e-06
3.936361975632374e-06
5.196107005676219e-06
6.856507352262792e-06
9.036314627187769e-06
1.190120903515624e-05
1.568413041572038e-05
2.061611942433780e-05
2.711081279639740e-05
3.564073869159442e-05
4.685982240963603e-05
6.158308200549640e-05
8.084616409794971e-05
1.062631720520105e-04
1.395017623355818e-04
1.831765945673462e-04
2.406956912965784e-04
3.154226372287007e-04
4.139265677074007e-04
5.426439728771007e-04
7.115689673363608e-04
9.324442582444981e-04
1.224633100725853e-03
1.606756004871203e-03
2.108392628754765e-03
2.765452504608014e-03
3.628965064660401e-03
4.759910087231048e-03
6.237138338287858e-03
8.181748073389299e-03
1.072881505117042e-02
1.405477307779062e-02
1.840184109198131e-02
2.407090873779240e-02
3.146350461727679e-02
4.108344244206045e-02
5.353282015416933e-02
6.950101476391353e-02
8.991694348355220e-02
1.156620378155690e-01
1.478463768508687e-01
1.876516402388359e-01
2.362024479101940e-01
2.942920582302074e-01
3.620664379887260e-01
4.387719191546078e-01
5.225789618495363e-01
6.103329782633057e-01
6.977993018288549e-01
7.802186634339314e-01
8.530350496555110e-01
9.150646519901375e-01
9.888913811383491e-01
###4.399999999999999e+00
1.864421860356452e-10
-2.168233466985895e-10
1.884435429542582e-10
1.518973185740531e-10
2.156226208174884e-10
-3.182801921463491e-09
4.061149086518713e-10
5.455592650069600e-10
7.070806978467873e-10
8.705259694678829e-10
1.335925974469323e-09
1.825306364616687e-09
9.090939946483352e-11
3.404291947196571e-09
4.807606865249042e-09
6.835207869918823e-09
7.738034227868546e-09
5.719663100056193e-10
1.232294777417858e-08
1.407211126690223e-08
9.885065548826448e-09
9.305529228314559e-09
9.433997723402977e-09
1.008907991271367e-08
1.118797109001110e-08
1.277136102472588e-08
1.494647567367006e-08
1.787505154657133e-08
2.177776541715119e-08
2.694317744660406e-08
3.380965646596741e-08
4.283324859876785e-08
5.479420470457683e-08
7.065332184491046e-08
9.162578907076124e-08
1.193051246270986e-07
1.558157555504403e-07
2.046010902499241e-07
2.681534680992858e-07
3.531760971509991e-07
4.654255201168580e-07
6.150117069607140e-07
8.115585047440181e-07
1.071317076884110e-06
1.414799842605328e-06
1.867840357853148e-06
2.466860323574732e-06
3.255659137300248e-06
4.293733589403991e-06
5.670782824667007e-06
7.487619089792005e-06
9.874823102384740e-06
1.301271023254177e-05
1.716093328852367e-05
2.257300811700515e-05
2.970860483239289e-05
3.909086928068195e-05
5.143961700318056e-05
6.766548225845842e-05
8.892099940950684e-05
1.170077555734031e-04
1.537794652965629e-04
2.021719160170036e-04
2.660142377197562e-04
3.490170703318777e-04
4.586126314462460e-04
6.020510996768385e-04
7.905717596361986e-04
1.037387362763515e-03
1.364361345166088e-03
1.792559512296338e-03
2.355310299860209e-03
3.093176691161780e-03
4.063614549174419e-03
5.335394859653350e-03
6.999228497445703e-03
9.184148997272538e-03
1.204750209739415e-02
1.578356524665068e-02
2.066074639126353e-02
2.700929547070707e-02
3.526856704943462e-02
4.598236102257476e-02
5.979862149032831e-02
7.743944676230269e-02
9.987668922026373e-02
1.279916201696407e-01
1.628842065974788e-01
2.056810143184778e-01
2.573783533825468e-01
3.185531635014158e-01
3.890528565963640e-01
4.677278215458164e-01
5.524053877735103e-01
6.395462110010449e-01
7.247604299140766e-01
8.033334524673449e-01
8.710552061460095e-01
9.269985369180332e-01
9.906540200444695e-01
###4.800000000000000e+00
2.036942561646036e-10
-2.509849676876463e-10
1.373931635245969e-10
1.599768806175553e-10
2.377203234498486e-10
-3.136322633890172e-09
4.533246679231313e-10
6.472058895124898e-10
7.523128586166612e-10
9.445060138022894e-10
1.410999847201650e-09
1.894641550156374e-09
3.577359116468485e-10
3.488171082613525e-09
4.880666787760283e-09
6.848999237834113e-09
7.734184472130493e-09
1.413016853871964e-09
1.217277888855428e-08
1.402924185821737e-08
1.036303892406886e-08
9.919015655085737e-09
1.016370367908804e-08
1.093663379924145e-08
1.217169988371268e-08
1.392797625335773e-08
1.631538637751922e-08
1.951601684957746e-08
2.377541558874750e-08
2.940387899712296e-08
3.687312744009591e-08
4.669391741601654e-08
5.970614721843669e-08
7.694462280311708e-08
9.973943251563743e-08
1.298365981930826e-07
1.695817979349715e-07
2.225585941071495e-07
2.918373515354862e-07
3.843241640947364e-07
5.065601569276489e-07
6.692707679839659e-07
8.834360670981765e-07
1.166313793673242e-06
1.540990846001659e-06
2.035217378023156e-06
2.688866983929259e-06
3.550449021081608e-06
4.684669733453412e-06
6.191152850797323e-06
8.177715759512274e-06
1.079370046283929e-05
1.423254089468751e-05
1.878422906703992e-05
2.472678536915101e-05
3.256979732084439e-05
4.289948964994968e-05
5.650059037309282e-05
7.439849179047159e-05
9.787203235299859e-05
1.289266621901464e-04
1.696361523429461e-04
2.232952545336675e-04
2.941736802024991e-04
3.864366808504902e-04
5.084141255180189e-04
6.683070687548357e-04
8.787136337951667e-04
1.154537086731978e-03
1.520364129209781e-03
1.999969737497873e-03
2.630949795552300e-03
3.458693252335891e-03
4.547947393211965e-03
5.976173536636447e-03
7.845828241946436e-03
1.029613496298348e-02
1.350748662689112e-02
1.769282787015720e-02
2.314689228155387e-02
3.023268477485542e-02
3.942521351451466e-02
5.131091117857072e-02
6.657810429978098e-02
8.597581161965506e-02
1.105145804891304e-01
1.410622633575467e-01
1.786993313669911e-01
2.244670530312300e-01
2.791957564195123e-01
3.432952564915442e-01
4.162400413075945e-01
4.965154039391493e-01
5.816231295218071e-01
6.677165052309959e-01
7.503151286993895e-01
8.248360826114968e-01
8.874860452434273e-01
9.376558050447906e-01
9.921950199132346e-01
###5.200000000000000e+00
1.757569117336004e-10
-2.347581555124874e-10
1.490124159603966e-10
1.531539503956809e-10
2.550337007531228e-10
-3.105031005740779e-09
5.046941776302451e-10
6.978384931156480e-10
8.271110897615938e-10
1.014232054168495e-09
1.488248526448884e-09
1.969633026523635e-09
6.163599605195042e-10
3.578330476446043e-09
4.966763123106704e-09
6.876190450085187e-09
7.758419300949713e-09
2.212791385101684e-09
1.207059199703929e-08
1.401085052443555e-08
1.084461390011891e-08
1.054351505667370e-08
1.091502337686609e-08
1.181914771005703e-08
1.320520244315640e-08
1.514759312993655e-08
1.776536916871213e-08
2.126854439931820e-08
2.591507798473271e-08
3.204944495807310e-08
4.017891128485184e-08
5.086842012859608e-08
6.502214090086662e-08
8.376664288701185e-08
1.085510466125473e-07
1.412934557103910e-07
1.845627764030550e-07
2.421350709331085e-07
3.176507613922558e-07
4.183160296339316e-07
5.514653105234480e-07
7.285511395330019e-07
9.619760776763041e-07
1.270161174703489e-06
1.679042654813867e-06
2.218468124439530e-06
2.932205537224710e-06
3.873768074289730e-06
5.113764968161759e-06
6.762388978992415e-06
8.936455022526599e-06
1.180459577002831e-05
1.557583306660949e-05
2.057318409298663e-05
2.710258330850064e-05
3.573091990602759e-05
4.710870854200713e-05
6.210138409544387e-05
8.185595828145642e-05
1.077917621808220e-04
1.421510810512214e-04
1.872533707734769e-04
2.467703398232721e-04
3.255021241381940e-04
4.281044878014289e-04
5.639199755327618e-04
7.421686572825626e-04
9.770039611764288e-04
1.285141655915499e-03
1.694348997922781e-03
2.231226623252816e-03
2.938029179516186e-03
3.865674046219136e-03
5.086748496754955e-03
6.687929384321934e-03
8.784402596380711e-03
1.152733699192433e-02
1.511952154186325e-02
1.979520970211586e-02
2.587651725057223e-02
3.375769593886560e-02
4.395206288905481e-02
5.708606933958258e-02
7.388444566275755e-02
9.512231516421074e-02
1.218361516630956e-01
1.548725962651805e-01
1.952749814233251e-01
2.439738431788392e-01
3.016286026421585e-01
3.684438006615586e-01
4.435391956700700e-01
5.250561482376369e-01
6.101620750861836e-01
6.947891925304279e-01
7.744481645646655e-01
8.447563384558268e-01
9.023896293164649e-01
9.471189355359769e-01
9.935336905305288e-01
###5.600000000000001e+00
1.665852885634818e-10
-2.270720232447715e-10
1.710081295993089e-10
1.768681990637039e-10
2.963330450343011e-10
-3.079639972426433e-09
5.430736453322371e-10
7.433401792367669e-10
8.893634417785304e-10
1.108921075434877e-09
1.569856062127137e-09
2.061960388163147e-09
8.692129035399146e-10
3.666274403536064e-09
5.066679493198667e-09
6.924875708087422e-09
7.811261148307050e-09
2.975598725935201e-09
1.202319259062851e-08
1.403466150015965e-08
1.133810732632935e-08
1.119002693935548e-08
1.169720698318424e-08
1.274297510466527e-08
1.429282939876516e-08
1.643707546660692e-08
1.931195370574590e-08
2.314526804731164e-08
2.820683834026376e-08
3.489944612964477e-08
4.374887779353401e-08
5.538730244918741e-08
7.078745162474138e-08
9.117571101825154e-08
1.181292142378089e-07
1.537628726141920e-07
2.008700575788289e-07
2.634738904604198e-07
3.457842923502990e-07
4.554007505229579e-07
6.004712749544146e-07
7.932962467511150e-07
1.047824918285590e-06
1.384120546978450e-06
1.830188324117963e-06
2.419222723010928e-06
3.198958500842922e-06
4.228458345374485e-06
5.585471296000004e-06
7.390875624854496e-06
9.771303035480806e-06
1.291734447944437e-05
1.705614315732201e-05
2.254608003578592e-05
2.972612784286239e-05
3.922340500515559e-05
5.176355576991920e-05
6.830301784144512e-05
9.011945353202077e-05
1.187966148834201e-04
1.568332976031039e-04
2.068282003137049e-04
2.728700153959637e-04
3.603537249988072e-04
4.744789897638892e-04
6.257255668658389e-04
8.244403883156940e-04
1.086536121453450e-03
1.430678961279567e-03
1.888109410727188e-03
2.488643800397913e-03
3.279619660119958e-03
4.317929188599902e-03
5.684963375497904e-03
7.476961315014586e-03
9.822687316621269e-03
1.288673872796072e-02
1.689480346314687e-02
2.210330347301368e-02
2.886383774821100e-02
3.760129236590946e-02
4.886591271517253e-02
6.332577875593562e-02
8.173648446824558e-02
1.048936755136137e-01
1.338492238610526e-01
1.694178258728727e-01
2.125887604714974e-01
2.641654376306813e-01
3.246239619228342e-01
3.939386865342266e-01
4.708764064807033e-01
5.532506290671695e-01
6.379471049912957e-01
7.207240636949979e-01
7.971392874814012e-01
8.631106337101996e-01
9.158330230502438e-01
9.554656517920789e-01
9.946805725356359e-01
###6.000000000000001e+00
1.943457767527518e-10
-1.784890912541512e-10
1.677569560335273e-10
2.002292327408726e-10
3.323125595283407e-10
-3.027245428018806e-09
5.981646366710338e-10
7.627239906602663e-10
9.584479435298506e-10
1.206046263380362e-09
1.652930899160846e-09
2.160405406233830e-09
1.115029243353876e-09
3.775410054457475e-09
5.173425988920259e-09
6.993877577938650e-09
7.896134954592071e-09
3.706345676300262e-09
1.202927736483705e-08
1.409941005369232e-08
1.184586414176799e-08
1.185883750764662e-08
1.251201324930356e-08
1.371689536475674e-08
1.543821149093637e-08
1.780793172593473e-08
2.096161659568333e-08
2.515154037930559e-08
3.067692382002947e-08
3.797050789843173e-08
4.760688722165241e-08
6.028033674822306e-08
7.704140102022747e-08
9.922243836956650e-08
1.285424018070641e-07
1.673274839128237e-07
2.186307378621159e-07
2.867449276735304e-07
3.764584154745890e-07
4.958796235652441e-07
6.539874844509364e-07
8.640836494258831e-07
1.141717561204682e-06
1.508816130581230e-06
1.995714895420174e-06
2.639227207272432e-06
3.491424189458114e-06
4.617760291494815e-06
6.103361926825976e-06
8.081891428856613e-06
1.068987171388236e-05
1.414251413383373e-05
1.868730433198176e-05
2.472284104149034e-05
3.262273161855565e-05
4.308303980949067e-05
5.690638252742713e-05
7.516832632462040e-05
9.927869747978695e-05
1.310023891131053e-04
1.731303719089245e-04
2.285726670496519e-04
3.018802984858805e-04
3.991098521318882e-04
5.260742587717374e-04
6.944986446538912e-04
9.160057114335077e-04
1.208427352508232e-03
1.592608195044489e-03
2.103583357983824e-03
2.774805834446024e-03
3.658998069611518e-03
4.819885258559611e-03
6.347686799033037e-03
8.349521377185211e-03
1.096836387043123e-02
1.438388471690337e-02
1.884516846110736e-02
2.463166181397743e-02
3.212439092205351e-02
4.177981539369142e-02
5.418582794447950e-02
7.004632994287351e-02
9.014865859024143e-02
1.152986949174517e-01
1.465574613749519e-01
1.846906724695034e-01
2.306203852791447e-01
2.850051771715340e-01
3.481238535585566e-01
4.197008681111051e-01
4.981633764102521e-01
5.810185614946378e-01
6.648908954661434e-01
7.454618782489058e-01
8.183884675274131e-01
8.799461261592540e-01
9.278823596056252e-01
9.627691092623186e-01
9.956623599744042e-01
###6.400000000000001e+00
1.785261140302906e-10
-1.571123177000290e-10
1.718179211116523e-10
2.295391010476356e-10
3.642090952489739e-10
-2.981753546291827e-09
6.350425142900704e-10
8.150032162189802e-10
1.034104277451708e-09
1.312389159563206e-09
1.744636823482660e-09
2.266222362287528e-09
1.366599900353426e-09
3.895371848713961e-09
5.296221457472322e-09
7.086898736768668e-09
8.008675261546871e-09
4.405613192387018e-09
1.208361252390055e-08
1.421153073854151e-08
1.237595798733285e-08
1.255376319413564e-08
1.336054855527109e-08
1.473337126246796e-08
1.665559300947088e-08
1.926808619779677e-08
2.271902044285787e-08
2.729980739950903e-08
3.333237437965470e-08
4.127929036413602e-08
5.177603283729891e-08
6.558360446031986e-08
8.381696112323750e-08
1.079604083749020e-07
1.398660278551633e-07
1.820930472256035e-07
2.379713884015475e-07
3.121172487881850e-07
4.099353425461883e-07
5.400652975085983e-07
7.124526177638233e-07
9.415042627902537e-07
1.244424312150545e-06
1.645307302781343e-06
2.177048692960217e-06
2.880533092263640e-06
3.812515373458920e-06
5.045018350761320e-06
6.672975393606636e-06
8.841784232616027e-06
1.170081618328633e-05
1.549265825738772e-05
2.048628418967893e-05
2.712537960474422e-05
3.582350356686326e-05
4.735059201630168e-05
6.258083166833461e-05
8.277195154115166e-05
1.094279352542675e-04
1.445393745490844e-04
1.912171941982148e-04
2.527172086021376e-04
3.341138193960639e-04
4.421820226500272e-04
5.834428037657233e-04
7.709875053704112e-04
1.017820514986858e-03
1.343904126916719e-03
1.772583208727516e-03
2.342970010120926e-03
3.092416386507719e-03
4.079675634432514e-03
5.375729976120269e-03
7.080637030934473e-03
9.312676905894494e-03
1.223003695047157e-02
1.602878250474734e-02
2.098241885153808e-02
2.739361027881685e-02
3.567341780801755e-02
4.631092055160261e-02
5.992913778616990e-02
7.726524406803968e-02
9.913364825917798e-02
1.263472578383978e-01
1.599611268160457e-01
2.006804392857983e-01
2.493414207007426e-01
3.064477271522434e-01
3.720674973024189e-01
4.456492038413588e-01
5.253152075143271e-01
6.082807016024008e-01
6.909391471144338e-01
7.689613624544104e-01
8.381890062765763e-01
8.953035586174520e-01
9.386107526117230e-01
9.691133493154178e-01
9.964923054204031e-01
###6.800000000000002e+00
1.982917671504633e-10
-1.944513984675195e-10
1.764933987939658e-10
2.559853124640131e-10
4.026524255951179e-10
-2.927739968939519e-09
6.837567228667467e-10
8.788832284989933e-10
1.111565956545698e-09
1.419179651013149e-09
1.852064814881262e-09
2.374850511207812e-09
1.614035561347593e-09
4.026889654002743e-09
5.431258228567867e-09
7.192061647293600e-09
8.149087713951121e-09
5.083554995350624e-09
1.219052881714011e-08
1.437308663079113e-08
1.293246194467816e-08
1.328249128097919e-08
1.425432225168595e-08
1.580583651917568e-08
1.794456985102539e-08
2.082273727072007e-08
2.459666068453025e-08
2.960390514674757e-08
3.618738325271561e-08
4.484933587828237e-08
5.628039812925158e-08
7.132383757471748e-08
9.116937055402987e-08
1.174498070965714e-07
1.521799256398182e-07
1.981660836304694e-07
2.590405233848720e-07
3.397911230216477e-07
4.464592919367805e-07
5.883246984718650e-07
7.763644487610393e-07
1.026148556552006e-06
1.356851649656062e-06
1.794844254544092e-06
2.375815166487965e-06
3.145060850214013e-06
4.164756193132125e-06
5.514588872780031e-06
7.299876257165387e-06
9.677881907175391e-06
1.281455067861869e-05
1.698063038099829e-05
2.247089926778681e-05
2.977755262263776e-05
3.935956528542927e-05
5.206938092997711e-05
6.886097095024657e-05
9.118937222953281e-05
1.206783307111711e-04
1.595531592778516e-04
2.112891041447509e-04
2.795214161713316e-04
3.699235980576699e-04
4.900465922286272e-04
6.471700048607424e-04
8.559695254581642e-04
1.130937205198429e-03
1.494367009661814e-03
1.972357578607914e-03
2.608515716705073e-03
3.444418454466278e-03
4.545404027540875e-03
5.990155491083437e-03
7.889340817505251e-03
1.037366213899643e-02
1.361652982367373e-02
1.783210163734701e-02
2.331903233397940e-02
3.040276491294462e-02
3.952584547508276e-02
5.121038167327223e-02
6.611173431797697e-02
8.499786234147452e-02
1.087043655732953e-01
1.380415054530512e-01
1.740537578156292e-01
2.173699643204700e-01
2.687202365673942e-01
3.284413067124948e-01
3.963791815482261e-01
4.717061781825179e-01
5.522382330876791e-01
6.349307838570620e-01
7.160109566291647e-01
7.911893282464960e-01
8.565439151274289e-01
9.092181185710777e-01
9.480965940497476e-01
9.745794698671557e-01
9.971899282480168e-01
###7.200000000000002e+00
2.140675322051715e-10
-1.818901439828077e-10
1.906491992803225e-10
2.876127678607463e-10
4.498296850949546e-10
-2.863792808886294e-09
7.517752066758237e-10
9.527605664079704e-10
1.200429766881338e-09
1.534890919660537e-09
1.969331555385599e-09
2.486954559288734e-09
1.865247976882516e-09
4.173696992767674e-09
5.574743280342272e-09
7.324963324811369e-09
8.316121565451980e-09
5.743649728338184e-09
1.234715479620983e-08
1.458283790033638e-08
1.351482307921977e-08
1.405582539417880e-08
1.519389472523643e-08
1.694197285297680e-08
1.931514064208409e-08
2.247842955199125e-08
2.661140435838903e-08
3.207636392621581e-08
3.926168489401926e-08
4.870123994674403e-08
6.115154534858162e-08
7.754168316480250e-08
9.914723666816196e-08
1.277612814731258e-07
1.655796527347978e-07
2.156685466381888e-07
2.820065135233134e-07
3.699760510746353e-07
4.863221271895945e-07
6.410447165606700e-07
8.462198407980857e-07
1.118755779990053e-06
1.479949985976864e-06
1.958635364477086e-06
2.593769437960986e-06
3.435424999901243e-06
4.551725130882551e-06
6.030746177482376e-06
7.989184331894904e-06
1.059814696642083e-05
1.404161900282413e-05
1.862119512761339e-05
2.466089272791315e-05
3.270646071376124e-05
4.326773492060300e-05
5.728720781261928e-05
7.581743269122196e-05
1.005119154940230e-04
1.331439371988694e-04
1.761999323177146e-04
2.335548627219106e-04
3.092665230410176e-04
4.096672698330017e-04
5.431749614660335e-04
7.179434184867833e-04
9.503012363772105e-04
1.256440888474221e-03
1.661259716568319e-03
2.193823465560053e-03
2.902566729611310e-03
3.833890525066285e-03
5.060065847437871e-03
6.668147271531930e-03
8.780136676253355e-03
1.153971763627107e-02
1.513691666610989e-02
1.980428613598761e-02
2.586673688280466e-02
3.367367457348155e-02
4.369857127507728e-02
5.649486312912527e-02
7.275047389591231e-02
9.325788782653358e-02
1.188727665060784e-01
1.503904112828187e-01
1.888293412875141e-01
2.347384375823539e-01
2.887186332145369e-01
3.509357440667132e-01
4.209899397373934e-01
4.977812719971517e-01
5.788365311251106e-01
6.608876669766979e-01
7.400479104055309e-01
8.121046384371277e-01
8.734622311635235e-01
9.217526401963100e-01
9.564216399430744e-01
9.792480189889921e-01
9.977669337306989e-01
###7.600000000000002e+00
2.229449581374460e-10
-1.608385367087668e-10
2.028838635514783e-10
2.386524680381554e-10
4.885316149262057e-10
-2.803774026875871e-09
8.092921926569289e-10
1.023068014626970e-09
1.286278302286427e-09
1.653977180973867e-09
2.087444503179020e-09
2.620609310848057e-09
2.113971845325039e-09
4.332468065666894e-09
5.739037910484763e-09
7.484394715456443e-09
8.514506949762131e-09
6.391477675756632e-09
1.254905443100089e-08
1.484141275178161e-08
1.412821142481434e-08
1.485621236155430e-08
1.618519433779578e-08
1.814299203900481e-08
2.076737060357686e-08
2.424232402075641e-08
2.876460685535530e-08
3.473121333424363e-08
4.256793995413867e-08
5.285718098579631e-08
6.641984505064157e-08
8.427945049678009e-08
1.078098370038151e-07
1.389645495197147e-07
1.801571197995579e-07
2.347290181204528e-07
3.070412616522422e-07
4.029220823485444e-07
5.298477146077738e-07
6.986209235714782e-07
9.226026868728559e-07
1.220138339384477e-06
1.614811931786791e-06
2.138170177453283e-06
2.832882497368581e-06
3.754310315222554e-06
4.976835890404892e-06
6.598273579587140e-06
8.747657282303083e-06
1.161155936421199e-05
1.539407161610024e-05
2.043317611239142e-05
2.707760925251752e-05
3.594155600402984e-05
4.758778352490875e-05
6.306059280095929e-05
8.351896553979797e-05
1.108361820736552e-04
1.469546374698965e-04
1.946503600369586e-04
2.582497592554837e-04
3.422581100096869e-04
4.537564785923006e-04
6.021317344479093e-04
7.964389248072453e-04
1.054892615702491e-03
1.395586769451915e-03
1.846214476198127e-03
2.438923453107281e-03
3.227838460720751e-03
4.264206548460124e-03
5.627781669921652e-03
7.414678255669333e-03
9.759270186268617e-03
1.281886369040761e-02
1.680068996068323e-02
2.195679818485594e-02
2.863935589368480e-02
3.722143846531756e-02
4.820847672191833e-02
6.218112198598541e-02
7.985959962715698e-02
1.020618538047353e-01
1.296453289626516e-01
1.633921768883638e-01
2.042808949513258e-01
2.527626502756836e-01
3.093025972471341e-01
3.738705079890738e-01
4.458283646727164e-01
5.237887464187918e-01
6.050222435940927e-01
6.860704628577312e-01
7.629770639115084e-01
8.316934169433325e-01
8.889730840661648e-01
9.329680501761523e-01
9.636729881094672e-01
9.832009979218089e-01
9.982451813093461e-01
###8.000000000000002e+00
2.124196895892426e-10
-1.359728813203462e-10
2.382969147695804e-10
2.794804361877390e-10
5.298204960477524e-10
-2.736968167432192e-09
8.796278301816365e-10
1.098491406801231e-09
1.381233654222951e-09
1.779272003213154e-09
2.216801536884249e-09
2.760660107839842e-09
2.369222549389998e-09
4.499709087153279e-09
5.922199505044127e-09
7.654191404581686e-09
8.740696966640883e-09
7.041684187845891e-09
1.279988701567651e-08
1.515006533905764e-08
1.477524288564540e-08
1.569584579359250e-08
1.722812496259509e-08
1.941471656604451e-08
2.231303840947321e-08
2.611171432899294e-08
3.106957591775412e-08
3.753487002005537e-08
4.612865576493778e-08
5.734661082162409e-08
7.211827740574080e-08
9.158142115309484e-08
1.172095914922905e-07
1.511456091333961e-07
1.960176787922167e-07
2.555002830258526e-07
3.343451572653593e-07
4.388771577767613e-07
5.773901054564085e-07
7.615919672865840e-07
1.006182267152531e-06
1.331136969925352e-06
1.762546278547866e-06
2.335041557310232e-06
3.095298387870094e-06
4.104440328032910e-06
5.444008058457572e-06
7.222529078147826e-06
9.582205422864453e-06
1.272781074591182e-05
1.688528105317529e-05
2.243065918759013e-05
2.974630696530929e-05
3.951632599219533e-05
5.236260119973935e-05
6.944450752885685e-05
9.205501727150707e-05
1.222692386899643e-04
1.622559145643832e-04
2.150981278265226e-04
2.856146415784386e-04
3.788336440397805e-04
5.026460998204623e-04
6.674796341689015e-04
8.834361004397347e-04
1.170787517518026e-03
1.549663407031935e-03
2.050797148094433e-03
2.709982651016150e-03
3.587101098809550e-03
4.738955347516157e-03
6.253005687419505e-03
8.235691161638243e-03
1.083383068186063e-02
1.421964190962149e-02
1.861805414941137e-02
2.430182368038622e-02
3.164940962831862e-02
4.105962189046176e-02
5.306884999060514e-02
6.828373877371414e-02
8.745519488907207e-02
1.114169598489036e-01
1.410321933219095e-01
1.770473831260587e-01
2.204084321975673e-01
2.714181857913990e-01
3.304242816857473e-01
3.971868905334371e-01
4.708116355273289e-01
5.496475031083260e-01
6.307140379742384e-01
7.104041403186103e-01
7.847619538164703e-01
8.499485135087163e-01
9.031121596554036e-01
9.429383553743452e-01
9.699414321491261e-01
9.865191420041795e-01
9.986337221680798e-01
###8.400000000000002e+00
2.306462087244426e-10
-1.184564094718356e-10
2.710188591800251e-10
3.265799730620085e-10
5.671980482862254e-10
-2.715585121973798e-09
9.509653988373462e-10
1.170921827392368e-09
1.482544454348147e-09
1.914012589000764e-09
2.353407779197232e-09
2.910488909762969e-09
2.625414817625225e-09
4.687303834842129e-09
6.120253748636597e-09
7.833272386620941e-09
8.987879413848537e-09
7.675872179424712e-09
1.309317815794934e-08
1.551101443129861e-08
1.546125567928365e-08
1.658626324950042e-08
1.833820814789455e-08
2.076062621378799e-08
2.395458466857634e-08
2.810710484053441e-08
3.353338449394084e-08
4.060392551152956e-08
4.996523566387794e-08
6.219394936140382e-08
7.828795057739279e-08
9.949979356412952e-08
1.274144404073539e-07
1.643912434785564e-07
2.132888553791839e-07
2.781317799478532e-07
3.641312168918156e-07
4.781629039285489e-07
6.293524409055555e-07
8.304742602472430e-07
1.097633740478717e-06
1.452708932565386e-06
1.924513389513429e-06
2.550938640472230e-06
3.383249712605865e-06
4.488971052654441e-06
5.957621059892925e-06
7.909324768255640e-06
1.050098267143065e-05
1.395755974047182e-05
1.852961777502268e-05
2.463589389664279e-05
3.269299234799675e-05
4.346507453035343e-05
5.764248811738185e-05
7.650675452278478e-05
1.014970332084820e-04
1.349263406128571e-04
1.791979991978882e-04
2.377484904246518e-04
3.159365268784894e-04
4.193625751397446e-04
5.567958112164709e-04
7.398735154450509e-04
9.797729716294588e-04
1.299060877240613e-03
1.720115926226735e-03
2.276930784228221e-03
3.009248548778002e-03
3.983318488912494e-03
5.261653006827810e-03
6.940483262290283e-03
9.136583939496803e-03
1.201053084909860e-02
1.575022560409181e-02
2.059955437420970e-02
2.685293965531771e-02
3.491055587019457e-02
4.520408055519652e-02
5.829631563544201e-02
7.481967519424611e-02
9.555054911518850e-02
1.213370014543786e-01
1.530348886420946e-01
1.913487287908180e-01
2.371489132189170e-01
2.906708473351562e-01
3.520368186075167e-01
4.208190129506300e-01
4.958553461012555e-01
5.752606984664264e-01
6.558199078405310e-01
7.338179717759650e-01
8.053601708578891e-01
8.668666092580158e-01
9.159224203905602e-01
9.517394519247606e-01
9.753144043404135e-01
9.892749687175120e-01
9.989466944844374e-01
###8.800000000000002e+00
2.512647100965580e-10
-7.453468092726231e-11
2.931803820444018e-10
3.619780834140434e-10
6.279673369678681e-10
-2.632150726092189e-09
1.019980665312055e-09
1.267413412911188e-09
1.592090947386674e-09
2.037825669542652e-09
2.498928418632939e-09
3.074140451532144e-09
2.889838748842197e-09
4.884936728189950e-09
6.341506621434398e-09
8.054726070333896e-09
9.267849816348099e-09
8.307633895270479e-09
1.343370176828305e-08
1.592517904609672e-08
1.619788529040861e-08
1.752543968655141e-08
1.950690451908742e-08
2.219011252326660e-08
2.570348571897717e-08
3.025302966786960e-08
3.617209597930064e-08
4.390158050954791e-08
5.410155702753798e-08
6.743172296600217e-08
8.496385889144140e-08
1.080843148625775e-07
1.385000289299693e-07
1.787990038759147e-07
2.321001596145364e-07
3.028028783032290e-07
3.966260423930291e-07
5.210516098386208e-07
6.861507623068204e-07
9.058158513417069e-07
1.197791345421852e-06
1.585976546679310e-06
2.102179318027541e-06
2.787989146545566e-06
3.699680280994374e-06
4.911690336872555e-06
6.522677453760064e-06
8.665289565633416e-06
1.151310350475817e-05
1.531301283339754e-05
2.034325876085529e-05
2.706934228910546e-05
3.594659912376958e-05
4.782745920205984e-05
6.347818001580167e-05
8.431929208567996e-05
1.119859597413977e-04
1.489401503029841e-04
1.979581200647430e-04
2.628328573292758e-04
3.495149250269515e-04
4.642260873592756e-04
6.167283102262017e-04
8.199899042005816e-04
1.086350985781776e-03
1.440855776159355e-03
1.908378047717553e-03
2.526528017619131e-03
3.339226072453530e-03
4.419581119165922e-03
5.836463239314089e-03
7.695304020534551e-03
1.012410494211835e-02
1.329688754301656e-02
1.741989914855220e-02
2.275733945823341e-02
2.961970778661981e-02
3.843712931100850e-02
4.966886054083532e-02
6.390500515202437e-02
8.179797856114820e-02
1.041602248480781e-01
1.318301013506904e-01
1.656575667346789e-01
2.062936571845683e-01
2.545229240241462e-01
3.104847949088094e-01
3.740865057224636e-01
4.446953713261577e-01
5.208874465381610e-01
6.005431320608308e-01
6.802605845502138e-01
7.562534355083540e-01
8.247472941084911e-01
8.824661456997285e-01
9.274586472923023e-01
9.594556804725569e-01
9.798844595633175e-01
9.915458715647731e-01
9.991961301227957e-01
###9.200000000000003e+00
2.619063940280040e-10
-6.618248708683934e-11
3.338540504912432e-10
4.134352214668421e-10
6.791450364627452e-10
-2.545052168720467e-09
1.093436383202098e-09
1.365768800267128e-09
1.706495915580327e-09
2.201924251695879e-09
2.657515237774982e-09
3.247870260521038e-09
3.161435833786737e-09
5.105756045671224e-09
6.563253086739735e-09
8.300703758320772e-09
9.576876139760695e-09
8.945629011239833e-09
1.382628913716140e-08
1.640152266542305e-08
1.697022325942232e-08
1.852208016549065e-08
2.073805301320260e-08
2.371120048073519e-08
2.756962098176960e-08
3.255471639943168e-08
3.900534481545745e-08
4.744877825561783e-08
5.856385069292843e-08
7.308993198518649e-08
9.219378021555070e-08
1.173933056748361e-07
1.505415649807692e-07
1.944673645007285e-07
2.525827469787137e-07
3.297099047328992e-07
4.320960277643401e-07
5.679100489516732e-07
7.482445334881266e-07
9.882896908088800e-07
1.307498368050554e-06
1.732073238552385e-06
2.297038402952458e-06
3.048102641863848e-06
4.047302046910059e-06
5.376479318157252e-06
7.144459957027526e-06
9.497628632247254e-06
1.262804570948883e-05
1.680710764469988e-05
2.234408226977523e-05
2.975508300304598e-05
3.954112956416831e-05
5.264892763403738e-05
6.992875166050594e-05
9.295808250852285e-05
1.235805731627671e-04
1.644427319474916e-04
2.187133811267892e-04
2.905996527569782e-04
3.866633395294479e-04
5.138954791698463e-04
6.830479700293681e-04
9.085726272250343e-04
1.204130400577141e-03
1.597502712120346e-03
2.116153283632167e-03
2.801721101682409e-03
3.702596420404982e-03
4.899417422271863e-03
6.467608876478789e-03
8.522496935255197e-03
1.120381928924316e-02
1.470105894987471e-02
1.923783494134889e-02
2.509942291875541e-02
3.261416071264926e-02
4.224185718422997e-02
5.446905973154911e-02
6.990797266270571e-02
8.923691593368993e-02
1.132911636884560e-01
1.429012593819109e-01
1.788975851097656e-01
2.218672642222820e-01
2.725051892074116e-01
3.308203123587304e-01
3.965178154849280e-01
4.687355493193180e-01
5.458192841361783e-01
6.254070526030031e-01
7.039551058808793e-01
7.776571926710221e-01
8.429029879539292e-01
8.967670095587157e-01
9.377812491224431e-01
9.661692811850696e-01
9.837380046690626e-01
9.933968768202187e-01
9.993925337248825e-01
###9.600000000000003e+00
2.864628667507026e-10
-3.831452593619439e-11
3.762283223708798e-10
4.570954688992107e-10
7.281189555732151e-10
-2.465392288553736e-09
1.179036251838871e-09
1.471098741641502e-09
1.834609915366801e-09
2.365475220752968e-09
2.835103892197254e-09
3.439243286743185e-09
3.448869820456282e-09
5.338214220157847e-09
6.824049244983237e-09
8.570752297210775e-09
9.921021697445293e-09
9.595206490383573e-09
1.426693702445823e-08
1.692666710346155e-08
1.779464086850861e-08
1.957936946304571e-08
2.205596005149355e-08
2.533067400234554e-08
2.956236580981902e-08
3.501701525436365e-08
4.204817081911231e-08
5.126523331701684e-08
6.337965602326842e-08
7.920810789337720e-08
1.000306114354337e-07
1.274983898356341e-07
1.636280055775512e-07
2.115250672421545e-07
2.749068542121311e-07
3.590757364743212e-07
4.708161400002237e-07
6.191124102529327e-07
8.161867949183389e-07
1.078556034845583e-06
1.427663492192376e-06
1.892264480068665e-06
2.510856593127650e-06
3.333841077857808e-06
4.429212032746671e-06
5.887532591692910e-06
7.828712648065709e-06
1.041394038890347e-05
1.385423640228381e-05
1.845490045320808e-05
2.455092471717879e-05
3.271691872044690e-05
4.351028355768725e-05
5.797614429797267e-05
7.706029704428057e-05
1.025144781336207e-04
1.363974208871848e-04
1.815932582724636e-04
2.416747911804019e-04
3.213126850823859e-04
4.277721464320120e-04
5.688004490785105e-04
7.563369627785279e-04
1.006419067852193e-03
1.334152208899328e-03
1.770308269397616e-03
2.345129699939550e-03
3.104650092485119e-03
4.102099725112899e-03
5.426199991958930e-03
7.159282537391995e-03
9.427552179188970e-03
1.238274501122912e-02
1.623107095463206e-02
2.121372572866655e-02
2.763740920311272e-02
3.584923981827493e-02
4.633910215800049e-02
5.961847975950750e-02
7.632120978675890e-02
9.715838294303822e-02
1.229579761564085e-01
1.545570717549678e-01
1.927494370169110e-01
2.380544585119254e-01
2.910655913277352e-01
3.516363781795392e-01
4.192676692414654e-01
4.928783448462339e-01
5.705706494832387e-01
6.497755689661842e-01
7.268428979794146e-01
7.979863815417171e-01
8.598235359820275e-01
9.098064348100618e-01
9.469586591329003e-01
9.719701920270085e-01
9.869603901135477e-01
9.948906127853615e-01
9.995449143345578e-01
###1.000000000000000e+01
3.458383270761537e-10
-1.377951725383606e-11
4.097571042641094e-10
5.083547581046713e-10
7.861859314337267e-10
-2.360800057141171e-09
1.270618907597616e-09
1.585209868244159e-09
1.966736459696835e-09
2.535961285049201e-09
3.020170461668180e-09
3.643485307260020e-09
3.737953270296277e-09
5.591043349987591e-09
7.106234809319667e-09
8.866319345794940e-09
1.029557123565202e-08
1.025742979616110e-08
1.475811349208871e-08
1.751143387494127e-08
1.867121293241480e-08
2.070620950963985e-08
2.345859908578481e-08
2.705770413384492e-08
3.169704897310676e-08
3.763894773662970e-08
4.531514621502267e-08
5.537738081197442e-08
6.857590004552626e-08
8.581873941382124e-08
1.085229529760332e-07
1.384694470460168e-07
1.778511091851932e-07
2.300857015137191e-07
2.992334420001100e-07
3.910930493970744e-07
5.131002887533324e-07
6.751027941490820e-07
8.905243130978825e-07
1.177436822054222e-06
1.559365081597500e-06
2.067933749484338e-06
2.745542375226611e-06
3.647682711740439e-06
4.848817618367809e-06
6.449501133464741e-06
8.581531921440074e-06
1.142299234599838e-05
1.520603039359095e-05
2.027160406966942e-05
2.698613193224975e-05
3.598364547814212e-05
4.789313653731354e-05
6.386078685980363e-05
8.493970768764780e-05
1.130801849051316e-04
1.505648903362003e-04
2.005575859437085e-04
2.670670596009801e-04
3.552596611531145e-04
4.731990689053621e-04
6.294537195773992e-04
8.372733881002470e-04
1.114405745642224e-03
1.477564353568420e-03
1.960708096394746e-03
2.597209469956788e-03
3.437829742382950e-03
4.540692190191742e-03
6.003837253333327e-03
7.916407714127037e-03
1.041629614147369e-02
1.366795765457756e-02
1.789509103362063e-02
2.335659718731651e-02
3.038214663863783e-02
3.933734225567320e-02
5.074243801901338e-02
6.513084026885257e-02
8.316150814458803e-02
1.055618582674881e-01
1.331677747935078e-01
1.668001729482218e-01
2.072103444183157e-01
2.548491633845212e-01
3.101679294484912e-01
3.728822871135585e-01
4.422778219355764e-01
5.170446304526164e-01
5.950575991672762e-01
6.735627316559154e-01
7.488527260728485e-01
8.172063683604205e-01
8.755081186986219e-01
9.216273528687643e-01
9.550643891906496e-01
9.769425089383993e-01
9.896308280701712e-01
9.960852044064651e-01
9.996581137447526e-01
###1.040000000000000e+01
3.699971791617375e-10
1.088102962945845e-11
4.487869462487060e-10
5.659792052166004e-10
8.450392371542229e-10
-2.256336312898780e-09
1.362366837425872e-09
1.709392638998849e-09
2.115783329604301e-09
2.733415366128812e-09
3.219902935435660e-09
3.864913240051729e-09
4.042175923763411e-09
5.867399853675159e-09
7.411856719430012e-09
9.200876038212276e-09
1.069533548717960e-08
1.093775756687580e-08
1.530130456599725e-08
1.815812332507557e-08
1.961236931798346e-08
2.190410690632433e-08
2.495217420000834e-08
2.890151145598047e-08
3.397481781787989e-08
4.044476945641570e-08
4.883103606226046e-08
5.980678806308441e-08
7.418869655152194e-08
9.298125249426438e-08
1.177318264484516e-07
1.503798203454466e-07
1.933279530477748e-07
2.503046233935295e-07
3.257669279199244e-07
4.260540803708441e-07
5.593117650596720e-07
7.363229923945251e-07
9.718701887374790e-07
1.285755013818019e-06
1.703724785966102e-06
2.260660098236748e-06
3.003151366054378e-06
3.992520431061492e-06
5.310478086530030e-06
7.067930199646493e-06
9.410539649774392e-06
1.253450843367787e-05
1.669614420151079e-05
2.227468425213674e-05
2.967233674833571e-05
3.958974038979573e-05
5.273184190383523e-05
7.036072754526507e-05
9.364804143206803e-05
1.247546043499367e-04
1.661977550122051e-04
2.215169542662616e-04
2.951236896666277e-04
3.927635338393329e-04
5.233716304546836e-04
6.964287604896758e-04
9.265745546123262e-04
1.233473596855757e-03
1.635512634864063e-03
2.170335510981457e-03
2.874418825222745e-03
3.803583911613817e-03
5.021665154698039e-03
6.636170999425916e-03
8.743843916277643e-03
1.149494485320379e-02
1.506715112869967e-02
1.970209931963695e-02
2.567775354736440e-02
3.334615575447406e-02
4.309271199295787e-02
5.546589833609891e-02
7.102742978745734e-02
9.043996736940799e-02
1.144614973710157e-01
1.439266558556689e-01
1.796290115078664e-01
2.222773312279966e-01
2.722400099282713e-01
3.297841691488181e-01
3.945121990835290e-01
4.654785617779116e-01
5.411561760314434e-01
6.191959902050286e-01
6.967028149850483e-01
7.699301106643630e-01
8.352912283210561e-01
8.899726047787800e-01
9.322745275578769e-01
9.621734388202785e-01
9.811730948046755e-01
9.918247635750285e-01
9.970298065110963e-01
9.997592003282511e-01
###1.080000000000000e+01
3.954818197120343e-10
4.675518813160640e-11
4.911005121262655e-10
6.278603813747736e-10
9.142321329982469e-10
-2.143152635184437e-09
1.467692290552118e-09
1.846899187758614e-09
2.282370151034801e-09
2.943706739116930e-09
3.433378298660709e-09
4.110029045294549e-09
4.362961064185703e-09
6.170265015246299e-09
7.742498494604543e-09
9.567345388819562e-09
1.114163904577556e-08
1.164404230796147e-08
1.590110757409134e-08
1.887241617713770e-08
2.062235609432413e-08
2.317403985127807e-08
2.654755249901380e-08
3.087356017297861e-08
3.641857178002330e-08
4.346081829883951e-08
5.261261656603916e-08
6.458376664106046e-08
8.025515836070410e-08
1.007405671437786e-07
1.277241702697288e-07
1.633164803558893e-07
2.101692056931526e-07
2.723338553126897e-07
3.547058175145976e-07
4.642327786490241e-07
6.098235201059267e-07
8.033212570090873e-07
1.060942997159442e-06
1.404415678927392e-06
1.862079975746310e-06
2.472194084352790e-06
3.286141528182523e-06
4.371411306136041e-06
5.818170765012530e-06
7.748174298020372e-06
1.032291424582736e-05
1.375904417724859e-05
1.833841304744907e-05
2.448357074455092e-05
3.263577282388040e-05
4.357019283250079e-05
5.807441411136731e-05
7.753723705152985e-05
1.032644193375380e-04
1.376487613849134e-04
1.834701188623367e-04
2.446595459164152e-04
3.261097919681223e-04
4.341658927229538e-04
5.787295353954715e-04
7.702823510130816e-04
1.024999539515603e-03
1.364655183239779e-03
1.809400247567260e-03
2.400776369803874e-03
3.178811292808586e-03
4.204846137229266e-03
5.548501231699379e-03
7.327485509847309e-03
9.646849972026790e-03
1.266966715559007e-02
1.658758223962839e-02
2.166055287036184e-02
2.818710824999343e-02
3.654079727437204e-02
4.712743601388163e-02
6.052386373214640e-02
7.731564161698368e-02
9.817175447090455e-02
1.238705748081161e-01
1.552442710579918e-01
1.930469598704432e-01
2.379325574869007e-01
2.901771031163324e-01
3.498712987076028e-01
4.164702146274845e-01
4.888092187145371e-01
5.651350182125578e-01
6.429131120363409e-01
7.191251420106848e-01
7.900323229317984e-01
8.522323272442816e-01
9.032381042761285e-01
9.418111499648525e-01
9.683688020873191e-01
9.847418665614786e-01
9.936097924496726e-01
9.977685830870618e-01
9.998210085879720e-01
###1.120000000000000e+01
4.586081776184864e-10
7.758069267181036e-11
5.362247867357365e-10
6.836550323927457e-10
9.834877080272164e-10
-2.019627184017821e-09
1.582201331496214e-09
1.997338092702588e-09
2.458820191302245e-09
3.168380859627754e-09
3.669591301135895e-09
4.369266503054811e-09
4.703648802450311e-09
6.497584481346303e-09
8.104037802893190e-09
9.969997113047267e-09
1.162734228197063e-08
1.237981455209738e-08
1.656067541167524e-08
1.965285370385167e-08
2.170527891514477e-08
2.454663910130039e-08
2.825412102495651e-08
3.298462280009441e-08
3.903246275614113e-08
4.670338220689199e-08
5.668509458466211e-08
6.973733578101136e-08
8.681496039609431e-08
1.091421605210552e-07
1.385631070314692e-07
1.773793845057624e-07
2.284966378443043e-07
2.963467419314803e-07
3.862805875027709e-07
5.059355340124354e-07
6.650448123789230e-07
8.766183241757889e-07
1.158487357801387e-06
1.534562369567539e-06
2.035828032349827e-06
2.704467876031516e-06
3.597153682681307e-06
4.787968182230099e-06
6.376498221723146e-06
8.497061543924743e-06
1.132787981404723e-05
1.510801189203127e-05
2.014889165046510e-05
2.691952237527499e-05
3.590479381766121e-05
4.796225251408168e-05
6.397084637868271e-05
8.546107571723427e-05
1.138819362726662e-04
1.518856452407014e-04
2.025364971786668e-04
2.702027190547197e-04
3.602991440863423e-04
4.798397701099175e-04
6.397700554690400e-04
8.516830815749062e-04
1.133438304812415e-03
1.509021680873975e-03
2.000633266308103e-03
2.653789693691077e-03
3.512728247935339e-03
4.644300191416410e-03
6.124733606855255e-03
8.082302647849413e-03
1.063082356724220e-02
1.394716219093601e-02
1.823737966657413e-02
2.378010560950176e-02
3.089509303094867e-02
3.997823928493531e-02
5.145428989153882e-02
6.592941004050455e-02
8.400779693719206e-02
1.063675039697771e-01
1.337978139241401e-01
1.671191155172375e-01
2.070445317754884e-01
2.541622417761847e-01
3.086349931513218e-01
3.703853934850452e-01
4.387006165122748e-01
5.121962544229934e-01
5.889043175667682e-01
6.661347550130833e-01
7.407659418187030e-01
8.091177115002937e-01
8.680210037486937e-01
9.153422009364014e-01
9.503006902174767e-01
9.737297357189121e-01
9.877314544982134e-01
9.950497262093406e-01
9.983408004103184e-01
9.998726221168854e-01
###1.160000000000000e+01
4.800289005574446e-10
1.198475360141938e-10
5.870972397184900e-10
7.571785746482354e-10
1.063962822059406e-09
-1.887267894662128e-09
1.707079685147212e-09
2.150341539930758e-09
2.651983489672389e-09
3.414718223747165e-09
3.914058742849242e-09
4.645628423285449e-09
5.065280525805451e-09
6.853207256017760e-09
8.495896498991485e-09
1.040908489825386e-08
1.215716961691867e-08
1.315592632500857e-08
1.728456685987097e-08
2.051163506652811e-08
2.286640505236764e-08
2.601479788472000e-08
3.007862455137767e-08
3.524649586010780e-08
4.184245995101534e-08
5.019152194673880e-08
6.107302288863174e-08
7.530312873128810e-08
9.390830375718538e-08
1.182468068835574e-07
1.503272737603498e-07
1.926758732171383e-07
2.484578452232261e-07
3.225207335362463e-07
4.207535205423869e-07
5.514850385439172e-07
7.254480753324614e-07
9.568656385810546e-07
1.265407130017510e-06
1.677155886987779e-06
2.226426841574907e-06
2.959496593738627e-06
3.938761566747346e-06
5.245854501474986e-06
6.990749953893415e-06
9.321224834203882e-06
1.243428067680851e-05
1.659446422485665e-05
2.214592672222320e-05
2.960494001606585e-05
3.951097031996958e-05
5.280965763825547e-05
7.047601402358429e-05
9.420497753495167e-05
1.255972206206125e-04
1.675976053043891e-04
2.235762233645808e-04
2.983859348472170e-04
3.980161234534824e-04
5.301841724842713e-04
7.070315846116386e-04
9.413110124733084e-04
1.252703452672143e-03
1.667718764262209e-03
2.210535302111129e-03
2.931419834117403e-03
3.878460934034184e-03
5.125001161291718e-03
6.754091198482848e-03
8.905167527182465e-03
1.170165870086930e-02
1.533386741209842e-02
2.002395829333291e-02
2.607006709018106e-02
3.381289745997815e-02
4.366744110448178e-02
5.608706591925786e-02
7.169528172158626e-02
9.111839040250705e-02
1.150367170361045e-01
1.442507741849686e-01
1.795549505308246e-01
2.216180677458150e-01
2.709490331211182e-01
3.275869066338161e-01
3.912831099420012e-01
4.611419888259197e-01
5.355705173479034e-01
6.123987233093585e-01
6.887853209382802e-01
7.615644238006487e-01
8.271614973592880e-01
8.826629760100911e-01
9.263201306409775e-01
9.578070432826747e-01
9.783327710259974e-01
9.902144090114513e-01
9.962007273093720e-01
9.987794382058511e-01
9.999095160272203e-01
###1.200000000000001e+01
5.223536195071412e-10
1.572071642884565e-10
6.442937997667066e-10
8.333799732158829e-10
1.142906000329356e-09
-1.743567895115810e-09
1.845706322458352e-09
2.324507465534370e-09
2.859794448158566e-09
3.682420704011747e-09
4.185858478016399e-09
4.945614746022363e-09
5.448042520485243e-09
7.235307713946856e-09
8.919135031266607e-09
1.088538792402177e-08
1.273030701591405e-08
1.396441298574470e-08
1.807225952851973e-08
2.145046992085516e-08
2.411437888143824e-08
2.758870521477645e-08
3.203278499839942e-08
3.767320686281570e-08
4.486469941484420e-08
5.394335869439838e-08
6.580600150832442e-08
8.131142004175882e-08
1.015890710625307e-07
1.281234664396901e-07
1.631117637119758e-07
2.093132456715407e-07
2.701935109371270e-07
3.510705540255995e-07
4.583794626737043e-07
6.012763949619206e-07
7.915239432957786e-07
1.044753120259208e-06
1.382539115923930e-06
1.833573695380723e-06
2.435631701725141e-06
3.239579698779900e-06
4.314291228858753e-06
5.749442412097731e-06
7.666523256551873e-06
1.022883606861220e-05
1.365299459233997e-05
1.823200381253986e-05
2.434848572301791e-05
3.256556245401793e-05
4.348703120458650e-05
5.815651971945108e-05
7.765290122919072e-05
1.038487136907868e-04
1.385208944355276e-04
1.849305176377021e-04
2.467796176695343e-04
3.294589536005409e-04
4.395713215983866e-04
5.857154963554104e-04
7.810835006399971e-04
1.039910952891485e-03
1.383825811538134e-03
1.841953574111697e-03
2.440816598485088e-03
3.235563498030402e-03
4.278626712502553e-03
5.650226576147784e-03
7.440493076307076e-03
9.801130989316165e-03
1.286489758984401e-02
1.683719353698905e-02
2.195638521078808e-02
2.854052774360992e-02
3.695072382900180e-02
4.762153692947203e-02
6.103714724688240e-02
7.783458957186201e-02
9.865677880920014e-02
1.241904646635972e-01
1.552315823944715e-01
1.925508649277039e-01
2.367565107288300e-01
2.882710243487657e-01
3.469954888146682e-01
4.125074873451066e-01
4.837303309409604e-01
5.588514464329896e-01
6.355325947011966e-01
7.107996691855795e-01
7.814807520496800e-01
8.441377539094060e-01
8.961702425406252e-01
9.362257299941009e-01
9.644025268928933e-01
9.822561023277984e-01
9.922576251836245e-01
9.971104448574334e-01
9.991117859005120e-01
9.999381659972197e-01
###1.240000000000001e+01
5.723862917970200e-10
2.048039768658109e-10
7.090307307359813e-10
8.969220892047025e-10
1.240098065340773e-09
-1.583063471107150e-09
1.995486704354422e-09
2.518022113169058e-09
3.087127158172883e-09
3.968214196333457e-09
4.485888310127300e-09
5.277805361580958e-09
5.856198866924958e-09
7.645583526981805e-09
9.378353239233977e-09
1.140418204590359e-08
1.335221305788562e-08
1.481688383565292e-08
1.892818452087336e-08
2.247541241983310e-08
2.545716510868338e-08
2.927440043022008e-08
3.412950125063607e-08
4.027698177299268e-08
4.811364631298751e-08
5.799556595961394e-08
7.091797087928237e-08
8.781520525924461e-08
1.099100546707597e-07
1.388369233898833e-07
1.769982871205240e-07
2.274191796725345e-07
2.938806107450554e-07
3.822068892507725e-07
4.994890462262327e-07
6.557356250020376e-07
8.638048978136827e-07
1.141002515643750e-06
1.510945159247673e-06
2.005156173741636e-06
2.665210581544768e-06
3.547193531673048e-06
4.726988869131623e-06
6.303258006499433e-06
8.410143498233099e-06
1.122773242045987e-05
1.499542935912818e-05
2.003638575594300e-05
2.677655438003378e-05
3.582906107244085e-05
4.787104667921378e-05
6.405258456276667e-05
8.556812913337655e-05
1.144883951512043e-04
1.527733467993254e-04
2.040284317599421e-04
2.723549743244362e-04
3.636954255058676e-04
4.853568300709746e-04
6.468774955590541e-04
8.625415861035292e-04
1.148272947037820e-03
1.527839756002291e-03
2.033106257059925e-03
2.693179579309933e-03
3.568369861393619e-03
4.716049305129856e-03
6.223218785926657e-03
8.188066961245789e-03
1.077506278808931e-02
1.412727373830819e-02
1.846477539600365e-02
2.404310378876800e-02
3.120153850787996e-02
4.032080957608253e-02
5.185671335935594e-02
6.631956831519381e-02
8.435945603178135e-02
1.066378218259750e-01
1.338363975435880e-01
1.667454508920197e-01
2.061000439164966e-01
2.524474162803585e-01
3.061025791920635e-01
3.668259169672318e-01
4.340169041108400e-01
5.064024688123077e-01
5.819772445907795e-01
6.582322677337265e-01
7.321150765741464e-01
8.004668400534849e-01
8.600396982731190e-01
9.085671611796146e-01
9.451035198565100e-01
9.701577115889223e-01
9.855733915333572e-01
9.939231575191106e-01
9.978171560703325e-01
9.993523536621592e-01
9.999699306655090e-01
###1.280000000000001e+01
6.122356327741177e-10
2.494157688938685e-10
7.742046288883058e-10
9.854236918341973e-10
1.338588530783639e-09
-1.421791546901608e-09
2.157278026902572e-09
2.732740635841009e-09
3.334983195535994e-09
4.280364155902155e-09
4.812971999591482e-09
5.637473930281622e-09
6.288299976746925e-09
8.091407640226293e-09
9.876592573644233e-09
1.196985425657364e-08
1.402697921405969e-08
1.571922884911494e-08
1.986238155327389e-08
2.359012669633036e-08
2.690116698861927e-08
3.108428226739014e-08
3.638014730156551e-08
4.307651934790158e-08
5.160874470019568e-08
6.240817001873251e-08
7.647982651436405e-08
9.485209219666574e-08
1.189290856067342e-07
1.504730330037466e-07
1.920907319186011e-07
2.471329977162443e-07
3.197138346372224e-07
4.161922492546479e-07
5.443932252561690e-07
7.152615983928983e-07
9.429478536940277e-07
1.246460331318596e-06
1.651715493818658e-06
2.193439871526574e-06
2.917333457294846e-06
3.885189133313101e-06
5.180617620828739e-06
6.912293727736864e-06
9.228408500142965e-06
1.232733401806552e-05
1.647358520846657e-05
2.202475638445773e-05
2.945117361413489e-05
3.942626931941465e-05
5.270364283725847e-05
7.054489791575087e-05
9.429402213325136e-05
1.262164875238295e-04
1.684793577869973e-04
2.250783341251627e-04
3.005297242154575e-04
4.013970462893894e-04
5.357312486517392e-04
7.141173406789335e-04
9.520730824063783e-04
1.267281733433925e-03
1.685818231591614e-03
2.242620414608867e-03
2.969483872586240e-03
3.932253175951626e-03
5.193442334196199e-03
6.847684705948241e-03
9.001357254466363e-03
1.183254053642918e-02
1.549485112885545e-02
2.022458545603424e-02
2.629338718610677e-02
3.406335656917922e-02
4.393468256978537e-02
5.638339682285771e-02
7.194464625229481e-02
9.128292589400165e-02
1.150692609018973e-01
1.439816098905203e-01
1.787933568943421e-01
2.202014401978265e-01
2.686733493485697e-01
3.244150555565007e-01
3.870372221213403e-01
4.557498666116502e-01
5.290957932568673e-01
6.048728378087577e-01
6.804366278917942e-01
7.526682256715727e-01
8.184875704828102e-01
8.748642845462623e-01
9.198836573797625e-01
9.530137863010236e-01
9.751457525342935e-01
9.883588341665733e-01
9.952717169056553e-01
9.983704815451102e-01
9.995396926913956e-01
9.999974953114678e-01
###1.320000000000001e+01
6.495405421434899e-10
3.008934662755338e-10
8.342774897527311e-10
1.077523683106507e-09
1.451084362885937e-09
-1.224529878356149e-09
2.309241315355706e-09
2.960467028843911e-09
3.601607151654390e-09
4.615582785147977e-09
5.162231621986762e-09
6.026537919980677e-09
6.752315169426980e-09
8.571496831853341e-09
1.041854918192651e-08
1.258098401061384e-08
1.475830035806639e-08
1.667705647183766e-08
2.087681029205060e-08
2.480367208609309e-08
2.845583295906577e-08
3.302879321267689e-08
3.879779186970012e-08
4.608772408964209e-08
5.537709682033148e-08
6.716440673272041e-08
8.250159337382302e-08
1.024705825946659e-07
1.287124834818389e-07
1.631109580611821e-07
2.085081949535585e-07
2.685995933763707e-07
3.478810545644014e-07
4.533066819581000e-07
5.934700760176075e-07
7.803966153738389e-07
1.029620124591909e-06
1.362049877765099e-06
1.806110835046834e-06
2.400017084153509e-06
3.194214654258380e-06
4.256645823955255e-06
5.679579999755226e-06
7.582036046116772e-06
1.012870599558003e-05
1.353767504147318e-05
1.810137479143829e-05
2.421433452069451e-05
3.239689010877626e-05
4.339085887539100e-05
5.802787581331273e-05
7.769491402747867e-05
1.039093793734685e-04
1.391362963159238e-04
1.857968920289313e-04
2.482594285256911e-04
3.315463326151289e-04
4.428878529912963e-04
5.911333071763490e-04
7.879992531730849e-04
1.050387326579625e-03
1.397854939569560e-03
1.858947901668290e-03
2.471943085785429e-03
3.271505562437453e-03
4.329514842681951e-03
5.713883086212865e-03
7.527289372016369e-03
9.884934501811890e-03
1.297923179839868e-02
1.697473284687170e-02
2.212391362766062e-02
2.871660523144133e-02
3.713635933143475e-02
4.780460043827797e-02
6.121490863190927e-02
7.792547653518545e-02
9.861565775825096e-02
1.239630484223922e-01
1.546314773961429e-01
1.913769850333772e-01
2.348454869623096e-01
2.854158495805137e-01
3.431785257155626e-01
4.075824600931930e-01
4.776527368104103e-01
5.517397946530472e-01
6.274656898344567e-01
7.020715474512650e-01
7.724212860018568e-01
8.355219279176664e-01
8.886187435980516e-01
9.301588107827055e-01
9.600211452342735e-01
9.794400852264473e-01
9.906795078837780e-01
9.963549610281577e-01
9.987981505406401e-01
9.996777014494324e-01
9.999974953114678e-01
###1.360000000000001e+01
6.920290030435403e-10
3.660357845794907e-10
9.126187530653599e-10
1.191551372971066e-09
1.575329190563338e-09
-1.028186676335824e-09
2.494861856879809e-09
3.209484648176146e-09
3.897347317173121e-09
4.976627599595251e-09
5.548779695013452e-09
6.446361956599078e-09
7.246029815798550e-09
9.091340208937520e-09
1.100051824276392e-08
1.324462353139695e-08
1.551640933900443e-08
1.769560005525738e-08
2.197673582110101e-08
2.612001301129000e-08
3.013053801122757e-08
3.511947627404331e-08
4.139885929003222e-08
4.932966365622287e-08
5.943888321537703e-08
7.229889951186277e-08
8.900803793505455e-08
1.107264937765998e-07
1.393218730601862e-07
1.768460467914515e-07
2.263685144172524e-07
2.919956544309321e-07
3.786027888547085e-07
4.938471284272734e-07
6.471312276295407e-07
8.516990107559296e-07
1.124549187825572e-06
1.488743704379359e-06
1.975460173733435e-06
2.626875747685231e-06
3.498356782958436e-06
4.664774217271625e-06
6.227863227737674e-06
8.318605452018321e-06
1.111953471360841e-05
1.487025748537196e-05
1.989347212376653e-05
2.662619905396888e-05
3.564248154974547e-05
4.775751779824717e-05
6.389494454392522e-05
8.557441230052427e-05
1.145001623541393e-04
1.533669894613707e-04
2.048672416553582e-04
2.737710260666293e-04
3.656633953313738e-04
4.884953970230785e-04
6.519948621947326e-04
8.690762316228059e-04
1.158217434661074e-03
1.540953514720915e-03
2.048506500788007e-03
2.722815263008118e-03
3.601383581326564e-03
4.762851284994083e-03
6.280694503528121e-03
8.266182155308209e-03
1.084370935716817e-02
1.422089303038439e-02
1.857347984369801e-02
2.417158017419026e-02
3.132257794886893e-02
4.043145120687040e-02
5.193948174672897e-02
6.636079780536658e-02
8.427562933745657e-02
1.063689745925548e-01
1.333269774907460e-01
1.657924610636087e-01
2.044916081538029e-01
2.500160729887001e-01
3.026505059038502e-01
3.623610266594894e-01
4.284138429505749e-01
4.996612504175232e-01
5.742637278658050e-01
6.496895964518379e-01
7.230836027122630e-01
7.913184520002804e-01
8.515525190392400e-01
9.013127774556566e-01
9.394346777243440e-01
9.661898021513968e-01
9.831093027798515e-01
9.925964412220787e-01
9.972145534977309e-01
9.991212006558666e-01
9.997751432800950e-01
9.999974953114678e-01
###1.400000000000001e+01
7.464087597684520e-10
4.191539376471117e-10
1.002637798614767e-09
1.309914911525059e-09
1.712381985513023e-09
-8.102190003034896e-10
2.706451117527067e-09
3.477682378571154e-09
4.212789921342383e-09
5.363248886612556e-09
5.959907846335519e-09
6.899161810130990e-09
7.775375362962775e-09
9.653492844664602e-09
1.163458692673708e-08
1.396480139251429e-08
1.631018338602196e-08
1.878063847580315e-08
2.316982537360706e-08
2.754979433146647e-08
3.193575985099833e-08
3.736766855567978e-08
4.419790780260198e-08
5.282310234536423e-08
6.382008123581712e-08
7.784571409233906e-08
9.604930712500656e-08
1.196760650754629e-07
1.508473032739503e-07
1.917701818997177e-07
2.458133445200400e-07
3.174953885813497e-07
4.121426473414765e-07
5.381255966889738e-07
7.058152486231769e-07
9.297278252098007e-07
1.228572954963306e-06
1.627604490948962e-06
2.161277688238363e-06
2.875856252508289e-06
3.832377963476729e-06
5.113209427280672e-06
6.830792809719908e-06
9.128855819757777e-06
1.220982830652737e-05
1.633621894837964e-05
2.186705370466756e-05
2.928113487434198e-05
3.921633977624930e-05
5.256602026625327e-05
7.035387322341420e-05
9.425073072678962e-05
1.261564472454686e-04
1.690247108849312e-04
2.258464525830562e-04
3.018302892283379e-04
4.031707108742953e-04
5.386055648668458e-04
7.188226464287595e-04
9.580467759739414e-04
1.276429719281880e-03
1.697681988154886e-03
2.255924024114448e-03
2.996859206056264e-03
3.961217725621247e-03
5.234871549769089e-03
6.896995245290686e-03
9.068542799099214e-03
1.188260954437456e-02
1.556365917600894e-02
2.029813492620640e-02
2.637535683751335e-02
3.411944550924549e-02
4.395860711382618e-02
5.635298987997255e-02
7.183413101399597e-02
9.100272928847009e-02
1.145518965200997e-01
1.431664043369209e-01
1.774604042521116e-01
2.181338723052197e-01
2.657076905561939e-01
3.203632250150247e-01
3.819233318842522e-01
4.494844937021205e-01
5.217230083361539e-01
5.966060675284799e-01
6.714804895385810e-01
7.434116620674532e-01
8.093295411648067e-01
8.665665572470401e-01
9.129720042615883e-01
9.477620933003874e-01
9.715836440359646e-01
9.862227163419067e-01
9.941662560357204e-01
9.978903576069169e-01
9.993633951989397e-01
9.998444780409486e-01
9.999974953114678e-01
###1.440000000000001e+01
8.049101374913825e-10
4.778565570252682e-10
1.106734006250953e-09
1.420553731427120e-09
1.860161618530610e-09
-5.761444405506380e-10
2.938138515707785e-09
3.777540471204510e-09
4.554420451510392e-09
5.729931777685891e-09
6.405212438454697e-09
7.389358361847235e-09
8.347218332642299e-09
1.026313299581149e-08
1.232185968112492e-08
1.474464940602558e-08
1.724501094075357e-08
1.994162656340065e-08
2.446273630747573e-08
2.910102971510378e-08
3.388228389070276e-08
3.978704981746695e-08
4.721457153667916e-08
5.659099834625663e-08
6.854786338178638e-08
8.384084642579159e-08
1.036724776357848e-07
1.293801418240729e-07
1.633507766018753e-07
2.080053721354428e-07
2.669929750395430e-07
3.453006533604059e-07
4.487458638651102e-07
5.865007026627013e-07
7.699966293472444e-07
1.015152278977630e-06
1.342479957984429e-06
1.779897363630608e-06
2.365147459124342e-06
3.149199075377195e-06
4.199146678382540e-06
5.606105846217797e-06
7.493677751373794e-06
1.002006762733380e-05
1.340914483066042e-05
1.795001273088225e-05
2.403914570011036e-05
3.220504038200181e-05
4.314877597272253e-05
5.785824144375856e-05
7.746529258729629e-05
1.037996903973588e-04
1.389874127640394e-04
1.862543036791480e-04
2.489183679298511e-04
3.326728401179052e-04
4.443883926110257e-04
5.936158296794715e-04
7.921548251933831e-04
1.055569747224674e-03
1.405909709753366e-03
1.869041956217041e-03
2.482466015388223e-03
3.295849905112780e-03
4.353440871015684e-03
5.748375076916716e-03
7.566599312814500e-03
9.938631561370152e-03
1.300743416472052e-02
1.701420099992066e-02
2.215730737722385e-02
2.874425769174725e-02
3.711763458192553e-02
4.772824192979119e-02
6.105660302380306e-02
7.764875707063285e-02
9.812247269270617e-02
1.231767178830057e-01
1.534846098181593e-01
1.896428318709269e-01
2.322978997800987e-01
2.819014585338706e-01
3.385153787864305e-01
4.018226429618397e-01
4.707385760542561e-01
5.437667841819493e-01
6.187021192878868e-01
6.927652925381335e-01
7.630080229456695e-01
8.264235422674207e-01
8.805690282028166e-01
9.236248744379267e-01
9.551953819630417e-01
9.762650984325486e-01
9.888424447251447e-01
9.954405716148479e-01
9.984165825919402e-01
9.995431305978596e-01
9.998933278347008e-01
9.999974953114678e-01
###1.480000000000001e+01
8.692371468612938e-10
5.487917821129434e-10
1.212055192499511e-09
1.556990940306320e-09
2.023879426385910e-09
-3.191165125241776e-10
3.179798278319229e-09
4.100537727637329e-09
4.920538266849392e-09
6.195945792728886e-09
6.887418600319119e-09
7.918474424765165e-09
8.955245894250691e-09
1.092371402783380e-08
1.306580023937889e-08
1.559375596544518e-08
1.825678743126162e-08
2.118764039497850e-08
2.586572143645128e-08
3.078302076812510e-08
3.598688648824888e-08
4.240184669336596e-08
5.046747202694269e-08
6.065579489589251e-08
7.366291528212002e-08
9.032488392967170e-08
1.119329474219153e-07
1.399117964697217e-07
1.769474043928430e-07
2.256700526703949e-07
2.900922629730534e-07
3.756324382442402e-07
4.887130112312924e-07
6.394007872240409e-07
8.402311501409861e-07
1.108691531371684e-06
1.467372278343666e-06
1.946867014084825e-06
2.588870467768098e-06
3.449401215143386e-06
4.602230797082193e-06
6.148164667216386e-06
8.222375652684779e-06
1.100031254905111e-05
1.472883143659633e-05
1.972569298493192e-05
2.642943674170008e-05
3.542199442909845e-05
4.747094236466084e-05
6.368403216906942e-05
8.528957450158796e-05
1.143045108940822e-04
1.530938681537492e-04
2.051939028569992e-04
2.742697698520985e-04
3.665578762416397e-04
4.896239084570757e-04
6.539575979924018e-04
8.725125806004850e-04
1.162387489949040e-03
1.547537398697786e-03
2.056395255543091e-03
2.729756339771473e-03
3.621790285834627e-03
4.780324595823870e-03
6.306364091361131e-03
8.293099012798667e-03
1.088060107204378e-02
1.422287366358108e-02
1.857934521382669e-02
2.415825425525757e-02
3.128747685504452e-02
4.032835037827333e-02
5.175170142641210e-02
6.606033226275021e-02
8.381394416408564e-02
1.056429838138343e-01
1.322467021711121e-01
1.642901757375904e-01
2.023353035599622e-01
2.469728015145999e-01
2.985721709824457e-01
3.570762631153347e-01
4.220165429931050e-01
4.921275435681344e-01
5.657356300912376e-01
6.404833426286712e-01
7.135028589545576e-01
7.818265357847080e-01
8.425869911658457e-01
8.935633153503342e-01
9.333032286115980e-01
9.617874052010413e-01
9.803059390041269e-01
9.910314011818339e-01
9.964663174596665e-01
9.988225982105873e-01
9.996753635195864e-01
9.999274760339155e-01
9.999974953114678e-01
###1.520000000000001e+01
9.350228846879083e-10
7.480150103559113e-10
1.321530140903924e-09
1.707376309926927e-09
2.198792296722209e-09
-3.657248374481478e-11
3.448440722344129e-09
4.451070379564085e-09
5.318158241035692e-09
6.707478569948062e-09
7.411013835653522e-09
8.493893352346481e-09
9.615253242599176e-09
1.164025642404218e-08
1.387371244939011e-08
1.651637776683387e-08
1.935345840002555e-08
2.252672377312872e-08
2.738628694360119e-08
3.260993893534970e-08
3.826104291346525e-08
4.522550775865456e-08
5.398061650191233e-08
6.504867836868914e-08
7.919329939073347e-08
9.734634262951858e-08
1.208846669074503e-07
1.513431121097575e-07
1.917215372594221e-07
2.449042430724100e-07
3.152681526413094e-07
4.087360979563090e-07
5.323682953411123e-07
6.972517801252919e-07
9.171118551062276e-07
1.211138643636695e-06
1.604282260340447e-06
2.130041702874084e-06
2.834463706026727e-06
3.778959387795419e-06
5.045018286682660e-06
6.743685259949703e-06
9.023633220543056e-06
1.207850052938420e-05
1.618043442705004e-05
2.167968476925893e-05
2.905912212208286e-05
3.896105863968187e-05
5.222777521964565e-05
7.008616070230512e-05
9.389668957926536e-05
1.258628237935332e-04
1.686050130380897e-04
2.260133259241231e-04
3.021153146473830e-04
4.037581696083081e-04
5.392378754514380e-04
7.201007850794215e-04
9.605051886095737e-04
1.279211643676573e-03
1.702346871562646e-03
2.260930604130138e-03
2.999410890032983e-03
3.976450684717103e-03
5.244424273000144e-03
6.911766720863978e-03
9.080496875064669e-03
1.189998990655974e-02
1.553540699226520e-02
2.026404425596398e-02
2.630820457026153e-02
3.401438672028319e-02
4.376068688954460e-02
5.604178543149947e-02
7.137755635326487e-02
9.034264444622365e-02
1.135746595754461e-01
1.417736274138095e-01
1.755851085339400e-01
2.155316896702686e-01
2.621478579741144e-01
3.157058958825447e-01
3.760190725779871e-01
4.424605694566929e-01
5.135895180871883e-01
5.875657220266632e-01
6.618871957981358e-01
7.336209477659777e-01
7.998294993175862e-01
8.577916906587580e-01
9.055625925081913e-01
9.420529589505953e-01
9.676001721609951e-01
9.837663298114681e-01
9.928452260789457e-01
9.972846746152964e-01
9.991325770325518e-01
9.997714740224348e-01
9.999510461073809e-01
9.999974953114678e-01
###1.560000000000001e+01
9.791300860291988e-10
7.934510625213939e-10
1.377241720300975e-09
1.786965171936374e-09
2.292934420398402e-09
1.394305033684710e-10
3.593682656536047e-09
4.621612224877061e-09
5.514643965457035e-09
6.950015820714047e-09
7.722360942325062e-09
8.878274316205881e-09
1.009946567032823e-08
1.219740919231557e-08
1.453390011881632e-08
1.730565896645832e-08
2.032962839494964e-08
2.375786053273764e-08
2.882853713894462e-08
3.438118649451108e-08
4.042839163814791e-08
4.807005271328982e-08
5.755584159440451e-08
6.958151754048873e-08
8.495839283823764e-08
1.047173767344138e-07
1.303494729339397e-07
1.636089372458854e-07
2.076461102123819e-07
2.656985826268475e-07
3.425483533918438e-07
4.446870235148328e-07
5.799195694815903e-07
7.603613851641512e-07
1.001126367066715e-06
1.323247659574172e-06
1.754105024392328e-06
2.330808491934982e-06
3.103882189001135e-06
4.140569624022095e-06
5.531030961624718e-06
7.398035491182133e-06
9.904053419831920e-06
1.326304058732075e-05
1.777597851013642e-05
2.382886963856108e-05
3.195131123203523e-05
4.285325941654017e-05
5.746072390482797e-05
7.712573876886388e-05
1.033545097421883e-04
1.385659595470682e-04
1.856462540311641e-04
2.488736090143647e-04
3.326779980734844e-04
4.445436524903306e-04
5.936315381144550e-04
7.925543485720855e-04
1.056815822017260e-03
1.406915234833975e-03
1.871377675131848e-03
2.484009070553715e-03
3.293109956024394e-03
4.361525671199388e-03
5.748637255884295e-03
7.568464585207785e-03
9.932830449585241e-03
1.300122178655024e-02
1.695266101134326e-02
2.207725007294145e-02
2.861643588359924e-02
3.693287137994995e-02
4.742470594496513e-02
6.060818323549065e-02
7.701717433317465e-02
9.724158252309766e-02
1.219237421075240e-01
1.517598331936709e-01
1.873721011417080e-01
2.292325069717192e-01
2.778073009324303e-01
3.332727473719580e-01
3.953007501466941e-01
4.631044785867511e-01
5.350780890292909e-01
6.091937464418267e-01
6.828552244021431e-01
7.530703715386785e-01
8.169810024717803e-01
8.720387341969634e-01
9.165932631069091e-01
9.499180516206333e-01
9.726926973579368e-01
9.867108896886397e-01
9.943363526208556e-01
9.979312775905855e-01
9.993668102822714e-01
9.998405180233265e-01
9.999671217097057e-01
9.999974953114678e-01
