# NLO BK equation solver 0.0-dev build  (build Feb 16 2026 17:52:53)
# Initial condition: MV model, Q_s0^2 = 0.00714646 GeV^2, \gamma = 1, coefficient of E inside Log is 1, x0=0.01, \Lambda_QCD = 0.241 GeV
# # LO Kernel RC:  Balitsky. NLO Kernel RC:  smallest dipole
# Nc=3, Nf=4
# Using RungeKutta method in K1
# Resumming double log
# Resumming single log, K_sub=0.65 resum rc: smallest
# BK K1 integration relative accuracy: 0.02# NLO BK as^2 terms: MC integration method: Vegas, points=1000000
# Kinematical constraint: none
# Target kinematical constraint: disabled

###1.000000000000000e-05
###1.160836920850890e+00
###100
###1.000000000000000e+00
###0.000000000000000e+00
2.311144477684176e-12
3.078459008930160e-12
4.099969016450566e-12
5.459681306165414e-12
7.269291372195041e-12
9.677282570647011e-12
1.288100559827920e-11
1.714271079356322e-11
2.281082178333117e-11
3.034815718935263e-11
4.036936034504141e-11
5.369052860991029e-11
7.139500109098393e-11
9.492054176793516e-11
1.261748434967723e-10
1.676885079406560e-10
2.228175993174914e-10
2.960117524558791e-10
3.931689357943680e-10
5.221047189087826e-10
6.931727856766268e-10
9.200851424577898e-10
1.220995879716279e-09
1.619932613678716e-09
2.148686378529636e-09
2.849305743314061e-09
3.777386884421746e-09
5.006411640740569e-09
6.633464632320069e-09
8.786764092606609e-09
1.163557664508725e-08
1.540326359533141e-08
2.038443806959360e-08
2.696751493420927e-08
3.566433015024747e-08
4.714902057463604e-08
6.230902475603506e-08
8.231193582568709e-08
1.086930681551868e-07
1.434700658687141e-07
1.892927808117096e-07
2.496391046889280e-07
3.290706138368235e-07
4.335659782336743e-07
5.709553567638367e-07
7.514857757382924e-07
9.885561816968190e-07
1.299671996278615e-06
1.707683240811121e-06
2.242388472378000e-06
2.942609926002922e-06
3.858874700555923e-06
5.056874204843565e-06
6.621921461964046e-06
8.664685854986100e-06
1.132849660079316e-05
1.479900600087625e-05
1.931601761773205e-05
2.518914051163890e-05
3.281754198147802e-05
4.271520694076880e-05
5.554314944133942e-05
7.215046496789057e-05
9.362663661705017e-05
1.213681918676990e-04
1.571637051801522e-04
2.033023327797645e-04
2.627126576306704e-04
3.391407639729005e-04
4.373793564913520e-04
5.635636667665755e-04
7.255552208031979e-04
9.334417668649397e-04
1.200191420541064e-03
1.542512190665368e-03
1.981985534017405e-03
2.546565721295524e-03
3.272567120744974e-03
4.207300817263726e-03
5.412572259458126e-03
6.969314771676394e-03
8.983711037551134e-03
1.159524542988688e-02
1.498722940303798e-02
1.940043632705246e-02
2.515054041494591e-02
3.265001501021547e-02
4.243489224141384e-02
5.519611149183778e-02
7.181373683626113e-02
9.338954422665302e-02
1.212685549392742e-01
1.570320202028037e-01
2.024323495943834e-01
2.592251379440478e-01
3.288395746052483e-01
4.118301549778223e-01
5.070994080111574e-01
6.110186984929011e-01
7.168351127499156e-01
###4.000000000000000e-01
1.896308987056653e-16
-1.510363672218969e-11
-8.609985936576429e-10
1.269511274026220e-11
1.621469980941832e-11
4.794778487692423e-09
6.737115219715044e-11
4.138886780708054e-11
1.730394080349123e-09
7.182536643281221e-11
-1.849899580021010e-09
1.159902712800551e-10
1.186071016895221e-10
1.540412234436141e-10
-2.385698397419145e-09
2.358791753687924e-10
3.019980840151471e-10
3.791312603086383e-10
5.105628613367800e-10
6.092542630479989e-10
7.880182070775174e-10
1.031433493085078e-09
1.352901159415141e-09
1.783900537722026e-09
2.355380148372418e-09
3.109543769115842e-09
4.112430372906120e-09
5.437779712092317e-09
7.192573874019193e-09
9.520048007543727e-09
1.259678065714637e-08
1.667026981749479e-08
2.205791535261655e-08
2.917812561289011e-08
3.859095979766813e-08
5.102093626379119e-08
6.743001450292364e-08
8.909097689259925e-08
1.176641430018677e-07
1.553244086179783e-07
2.049908166925188e-07
2.704043613126156e-07
3.565596565374988e-07
4.699041448799355e-07
6.189746221769976e-07
8.149276206145066e-07
1.072330053977060e-06
1.410277798165596e-06
1.853355915772952e-06
2.435036856164679e-06
3.196370010140125e-06
4.194114179687573e-06
5.497508851020058e-06
7.204006901912970e-06
9.427725755226070e-06
1.233095689488077e-05
1.611509367308382e-05
2.104601422787024e-05
2.746123794813559e-05
3.579251477792471e-05
4.662790893963489e-05
6.067178158449351e-05
7.887992162568822e-05
1.024443505052431e-04
1.329296618252938e-04
1.723332596180720e-04
2.231501886344555e-04
2.887066742596222e-04
3.731303768077348e-04
4.821648489175231e-04
6.223676722411605e-04
8.028771581405261e-04
1.035033095355385e-03
1.334001632066453e-03
1.718730815584857e-03
2.214316041325778e-03
2.852458749028045e-03
3.676867251607656e-03
4.741213770055498e-03
6.117867337999088e-03
7.905164504977257e-03
1.022257068886157e-02
1.324313718066541e-02
1.718098100138882e-02
2.231651588115902e-02
2.902760584774910e-02
3.778766814916857e-02
4.920218720112752e-02
6.410148642583083e-02
8.349751923825938e-02
1.086926542030845e-01
1.411423211717191e-01
1.825784043193255e-01
2.347339776687491e-01
2.993425263818770e-01
3.775533846737151e-01
4.701763125942777e-01
5.774084771418689e-01
7.066410490268268e-01
9.551796402518261e-01
###8.000000000000000e-01
-4.917987304656654e-11
5.874025458223523e-12
-8.691555599829156e-10
2.487429784351604e-11
4.860091575598000e-11
4.736151392556527e-09
1.051617715085356e-10
8.823565298739351e-11
1.700368256425724e-09
1.221966108251164e-10
-1.779354861409754e-09
1.723671308351263e-10
1.704613001401743e-10
2.112717074522363e-10
-2.283189662006638e-09
3.209664709560341e-10
4.060421808851268e-10
4.689458451334906e-10
6.025211073777497e-10
7.140672264797240e-10
9.014834219278054e-10
1.163952735987267e-09
1.510980840073823e-09
1.974604191477809e-09
2.590551019845291e-09
3.399842719806360e-09
4.488281980789978e-09
5.918176992549052e-09
7.816232864210014e-09
1.032865366283279e-08
1.365304911510548e-08
1.805783539782794e-08
2.388724703545604e-08
3.158685698823010e-08
4.177472212800939e-08
5.523617395304803e-08
7.300665940378352e-08
9.646408285661764e-08
1.274262918729889e-07
1.682264621040684e-07
2.220810120126099e-07
2.930121955929653e-07
3.864849277914935e-07
5.094943117028007e-07
6.713021021559019e-07
8.840905206899835e-07
1.163702227671311e-06
1.530951719345889e-06
2.012248102214387e-06
2.645410545694740e-06
3.473734945157198e-06
4.559898905897913e-06
5.979856942191313e-06
7.841263575482144e-06
1.026485872939231e-05
1.343094464060135e-05
1.756046083435962e-05
2.294804484291423e-05
2.996209055009429e-05
3.907774715619894e-05
5.094593838800695e-05
6.634009481122028e-05
8.632611883988731e-05
1.122193521935691e-04
1.457710136352577e-04
1.892100129641501e-04
2.452854169196349e-04
3.177669434441536e-04
4.112371802830793e-04
5.324347606405479e-04
6.885515327987382e-04
8.901092841541778e-04
1.149927213467194e-03
1.485632103885939e-03
1.918938534941613e-03
2.478819175783989e-03
3.201538049810442e-03
4.139008657575196e-03
5.352514185002533e-03
6.927300243890613e-03
8.977714472864480e-03
1.164567237435460e-02
1.513527019339824e-02
1.969451638971362e-02
2.565064640114395e-02
3.344535858521152e-02
4.361646306438760e-02
5.684454227503227e-02
7.409030243237071e-02
9.648907167701050e-02
1.254636177745066e-01
1.625524763509666e-01
2.094775035844836e-01
2.678177809781003e-01
3.389268928238927e-01
4.233043015848264e-01
5.207013411094380e-01
6.294648567863904e-01
7.521091608784738e-01
9.625276462835206e-01
###1.200000000000000e+00
-1.746138775547645e-11
-2.567637028649128e-11
-8.507078798936831e-10
7.079847693620427e-11
5.126094396380101e-11
4.630128556138317e-09
1.428899625291507e-10
1.562842104429530e-10
1.699207426977962e-09
1.981239044958848e-10
-1.685767242794691e-09
2.467027886549440e-10
2.863762842717630e-10
3.073691044253289e-10
-2.132169583596965e-09
4.436117655578218e-10
5.390067451430177e-10
5.907040242671993e-10
7.235672866262331e-10
8.456938007247761e-10
1.043199539346508e-09
1.328939888834501e-09
1.700904592998263e-09
2.203024809668958e-09
2.868215979829834e-09
3.740855572181031e-09
4.915879298919210e-09
6.462585458061103e-09
8.512880178810364e-09
1.123006662363674e-08
1.481930895082471e-08
1.958760260919929e-08
2.589777757522951e-08
3.423027724379486e-08
4.526028419725673e-08
5.983909517529533e-08
7.908085502040704e-08
1.045094176528024e-07
1.380576408866804e-07
1.822875755018413e-07
2.406997519584557e-07
3.176495874572607e-07
4.191019080357955e-07
5.526478966078830e-07
7.283629704858561e-07
9.595270196958053e-07
1.263396899093880e-06
1.662657723134397e-06
2.185793196874968e-06
2.875288117640356e-06
3.776950424684112e-06
4.960100817921062e-06
6.507918713595406e-06
8.539143165203876e-06
1.118279637472571e-05
1.463817579807196e-05
1.914875048424307e-05
2.503988602726544e-05
3.271570412526837e-05
4.269854797372844e-05
5.571335978814405e-05
7.260657349542064e-05
9.457263837396869e-05
1.230659757812430e-04
1.600375918804050e-04
2.079805928000478e-04
2.699751742552485e-04
3.502354918702517e-04
4.539343496818185e-04
5.888480131837878e-04
7.631621105385123e-04
9.883681394053361e-04
1.279663307977145e-03
1.657184345476051e-03
2.145794357383878e-03
2.778057366222879e-03
3.598422521736757e-03
4.664948442190617e-03
6.048940717418941e-03
7.849956850490780e-03
1.020075108871030e-02
1.326708673741336e-02
1.728852994994652e-02
2.254665185554558e-02
2.942008046558300e-02
3.841667746062631e-02
5.013797294608703e-02
6.534286654118891e-02
8.510043291948073e-02
1.106432123232066e-01
1.434635513511365e-01
1.851067039152782e-01
2.371388198931802e-01
3.009098114152824e-01
3.771080590361584e-01
4.653871902337322e-01
5.641844847283670e-01
6.701822212057988e-01
7.837482718550429e-01
9.678039286117252e-01
###1.600000000000000e+00
1.529678834377907e-10
-3.519171958881887e-11
-8.605459710811514e-10
1.835784390953880e-10
7.826313389080746e-11
4.565017829632802e-09
2.081954921162845e-10
2.127893802293838e-10
1.697557043659618e-09
2.720399315309577e-10
-1.568006516400898e-09
3.450690946956535e-10
3.894220992290564e-10
4.298610935771512e-10
-1.968704193792018e-09
5.782238333070619e-10
7.061961169088416e-10
7.346168337770429e-10
8.638612756517031e-10
9.991840905885374e-10
1.211370948308913e-09
1.514979039578860e-09
1.916649186630574e-09
2.460250484226167e-09
3.177587308649996e-09
4.120793643302177e-09
5.389938761060264e-09
7.062043899710431e-09
9.279949245392199e-09
1.221912598005020e-08
1.610472251280821e-08
2.125938547581699e-08
2.809110985008160e-08
3.710338521301394e-08
4.904890013105916e-08
6.484557359880098e-08
8.569308174824575e-08
1.132563300077364e-07
1.496350640178798e-07
1.975834289347205e-07
2.609662056393516e-07
3.444746543997336e-07
4.546221778676643e-07
5.996583445320861e-07
7.905404411826032e-07
1.041786459729565e-06
1.372139690570844e-06
1.806391201267077e-06
2.375396081290879e-06
3.126531592027586e-06
4.108570806382283e-06
5.398590586783061e-06
7.086178480698932e-06
9.303833028443076e-06
1.218852077130485e-05
1.596388428083330e-05
2.089607349231764e-05
2.734187868946778e-05
3.574889647012172e-05
4.668712571348709e-05
6.097848448322425e-05
7.954035853769499e-05
1.037213482685423e-04
1.351268109687149e-04
1.759034031494643e-04
2.288989336511902e-04
2.975265844716194e-04
3.865514110127618e-04
5.017727674061990e-04
6.521713896869031e-04
8.469223982647073e-04
1.099082102245373e-03
1.426050758067599e-03
1.850999385772492e-03
2.402392034365251e-03
3.116468441849470e-03
4.048406139713514e-03
5.261483823005095e-03
6.839268301484139e-03
8.895983627514410e-03
1.158715314641379e-02
1.510243653799539e-02
1.972047710729419e-02
2.575701778944593e-02
3.364460993515592e-02
4.395814854747833e-02
5.735401264282541e-02
7.468697791136740e-02
9.708458003333589e-02
1.258664707328876e-01
1.625349874460831e-01
2.085708273288707e-01
2.653092377049768e-01
3.337151196355856e-01
4.138035643073095e-01
5.043470962523129e-01
6.027121914766914e-01
7.046549903466198e-01
8.096620578750172e-01
9.721241042809128e-01
###2.000000000000000e+00
1.652192212301830e-10
-3.076973386913770e-11
-8.238469563791317e-10
2.054823078027768e-10
9.401918558892130e-11
4.482399812009701e-09
2.656357549183336e-10
2.727491877307618e-10
1.719897539926485e-09
3.514182950417185e-10
-1.429780029849632e-09
4.647171796342085e-10
5.211990062995815e-10
5.630035045202970e-10
-1.762916654678893e-09
7.472089869975763e-10
8.970297272707828e-10
9.177286791614375e-10
1.034237193458815e-09
1.181288516059941e-09
1.409398534012557e-09
1.738819579915614e-09
2.170945319267286e-09
2.754614242238143e-09
3.531270440931745e-09
4.553127520796239e-09
5.921738958483132e-09
7.736469728273630e-09
1.013346519488003e-08
1.331375409922971e-08
1.751998613922860e-08
2.310544468904426e-08
3.049618596658617e-08
4.025716023568050e-08
5.319657250203755e-08
7.029821895166302e-08
9.289128689425657e-08
1.227815613927237e-07
1.622313431337731e-07
2.142592622027203e-07
2.830478344296108e-07
3.736987110916372e-07
4.933338032482046e-07
6.508761327024953e-07
8.583530552749653e-07
1.131544209155199e-06
1.490836632260369e-06
1.963419610589577e-06
2.582675281485001e-06
3.401170353365130e-06
4.471379977341850e-06
5.878775932579020e-06
7.719937849350656e-06
1.014230607866263e-05
1.329232381045406e-05
1.742052716072525e-05
2.281356534696901e-05
2.987774967606802e-05
3.909443170271356e-05
5.109298907605357e-05
6.680402996154237e-05
8.721761618772257e-05
1.138677274598861e-04
1.485597639157113e-04
1.935534399408234e-04
2.522099382838784e-04
3.282800959067430e-04
4.271452871096940e-04
5.553796578909217e-04
7.232141873159655e-04
9.409136573817767e-04
1.223669687549275e-03
1.590986770509253e-03
2.069660949717637e-03
2.692095973164507e-03
3.499164622285559e-03
4.557038643632560e-03
5.935854764232124e-03
7.732461098089906e-03
1.007790437365482e-02
1.314904190115603e-02
1.716712263269572e-02
2.244405061430125e-02
2.934478121768108e-02
3.834385820088237e-02
5.008520719657879e-02
6.527903775837043e-02
8.485876188789243e-02
1.100049491515918e-01
1.420815293028995e-01
1.825615736875330e-01
2.327904511003200e-01
2.938204226825037e-01
3.661570468774157e-01
4.491577228201764e-01
5.408114128236491e-01
6.377294612941085e-01
7.351708733582026e-01
8.321778244890996e-01
9.758476350824459e-01
###2.400000000000000e+00
1.875657348513211e-10
-3.164840807378449e-11
-8.172448360548469e-10
2.213190538811449e-10
1.213048199630992e-10
4.422366369260483e-09
2.741217206086997e-10
3.350810942853231e-10
1.745712739725936e-09
4.836504767874665e-10
-1.258851700259970e-09
6.080620926236879e-10
6.679478283858550e-10
7.318043443757553e-10
-1.508011182253432e-09
9.624615292346218e-10
1.162564906478361e-09
1.140459858267493e-09
1.250649874449447e-09
1.402855636281678e-09
1.635663443216355e-09
2.000635887128788e-09
2.462700034097071e-09
3.099781018152988e-09
3.938255370002986e-09
5.045511577007356e-09
6.525882996226799e-09
8.493285344557977e-09
1.108692703314282e-08
1.452780183294024e-08
1.908286348282884e-08
2.513021559760659e-08
3.313597259003474e-08
4.371028395543989e-08
5.772034824752463e-08
7.625033209360006e-08
1.007340036902495e-07
1.331669282009393e-07
1.759630407530170e-07
2.324314299021559e-07
3.071218188558273e-07
4.055571120227271e-07
5.355333303402538e-07
7.067334988073505e-07
9.323176958892859e-07
1.229499913655863e-06
1.620434875553962e-06
2.134939590020494e-06
2.809305108672954e-06
3.701623775860620e-06
4.868660932615524e-06
6.404917003855448e-06
8.414800934024255e-06
1.106232402338222e-05
1.450499008203002e-05
1.902124342705621e-05
2.492074891711599e-05
3.267141352941714e-05
4.278669103117120e-05
5.596105467479821e-05
7.325610742572935e-05
9.572708656188530e-05
1.251096859967381e-04
1.634790099975197e-04
2.132008864659112e-04
2.781996345336613e-04
3.626161725845128e-04
4.725687757437114e-04
6.154217644592386e-04
8.028668618237759e-04
1.046483744067637e-03
1.363717607789449e-03
1.776625758779615e-03
2.315945471912809e-03
3.018629698464689e-03
3.930991886641885e-03
5.130458437531857e-03
6.695922953542589e-03
8.738102809885523e-03
1.140780536368145e-02
1.490258166246853e-02
1.947883304883643e-02
2.547938122369778e-02
3.332668729269047e-02
4.353611692507776e-02
5.681385636689080e-02
7.391902509218805e-02
9.585579861472168e-02
1.238343662409192e-01
1.592277389285501e-01
2.034467858655332e-01
2.576495097060992e-01
3.226058868965997e-01
3.982010173411494e-01
4.833217756691595e-01
5.752549861536309e-01
6.700676375530713e-01
7.628072967753339e-01
8.522273113448311e-01
9.791008040265667e-01
###2.800000000000000e+00
1.877177913237710e-10
-5.212615202297009e-11
-7.956887585986026e-10
2.627364539935703e-10
1.522528224582527e-10
4.358769824485214e-09
3.431435768865675e-10
4.095537760964714e-10
1.772136810123014e-09
6.100511075853132e-10
-1.063395130241891e-09
7.812956600759299e-10
8.274106919029214e-10
9.270771191016141e-10
-1.192463872524597e-09
1.230052276749891e-09
1.496337058544010e-09
1.408137742819108e-09
1.510121301391262e-09
1.669239372718539e-09
1.924374178441072e-09
2.310547626248140e-09
2.809055062532373e-09
3.497604349736497e-09
4.408689746308014e-09
5.608900148283616e-09
7.212503070229582e-09
9.317809309866486e-09
1.215595097244164e-08
1.587893313215583e-08
2.081510260471011e-08
2.736409847228034e-08
3.604026936481939e-08
4.748542304097745e-08
6.265961861561134e-08
8.275324377787577e-08
1.092957908815635e-07
1.444959616085466e-07
1.909410470265933e-07
2.522482481210685e-07
3.333675058782454e-07
4.403114156422544e-07
5.815756473501409e-07
7.677121410500300e-07
1.013066100831958e-06
1.336486736411761e-06
1.762088098609434e-06
2.322464490826869e-06
3.057211464959873e-06
4.030533772968995e-06
5.303727527417601e-06
6.980747159105795e-06
9.177031838907958e-06
1.207222595281413e-05
1.583780950849206e-05
2.078256950116687e-05
2.724291922436817e-05
3.575299717644405e-05
4.686279566714113e-05
6.134647163620129e-05
8.039849640239396e-05
1.051606313023857e-04
1.375946312672242e-04
1.800542189076357e-04
2.350779452850998e-04
3.071747044023765e-04
4.009591740492222e-04
5.233459132134441e-04
6.826641060412223e-04
8.921831474655090e-04
1.164945693544943e-03
1.521022690400645e-03
1.985311836817460e-03
2.592867495660761e-03
3.385941252879452e-03
4.416788971155872e-03
5.775121465259067e-03
7.549680563846508e-03
9.866469061803869e-03
1.289708368778382e-02
1.686182361717609e-02
2.205295237744236e-02
2.885156969121996e-02
3.772530000096024e-02
4.923863542096439e-02
6.415726429974543e-02
8.328277830352243e-02
1.076665808319364e-01
1.385436129718238e-01
1.772594000654838e-01
2.251164774730131e-01
2.830588526741877e-01
3.515300979104718e-01
4.298535949566915e-01
5.164177753337519e-01
6.079758583301601e-01
7.002111729576126e-01
7.881120390095772e-01
8.702788145985539e-01
9.819963010430948e-01
###3.200000000000000e+00
2.141882263551850e-10
-1.988828087526965e-11
-7.565017868251047e-10
2.773254043949935e-10
1.989217551590022e-10
4.326312311603315e-09
3.846468485458558e-10
4.869223696468086e-10
1.810808861915324e-09
7.250732954926959e-10
-8.425700742170763e-10
9.742107320146315e-10
1.042196811547119e-09
1.163449631282691e-09
-8.002116679593726e-10
1.567315316713607e-09
1.897945243191386e-09
1.720434959769253e-09
1.829040163613934e-09
1.993381177140280e-09
2.267675794776544e-09
2.678956780075584e-09
3.220376834748253e-09
3.964964972938870e-09
4.953378609214897e-09
6.253844469387859e-09
7.990447364979922e-09
1.027697119583563e-08
1.335499915667592e-08
1.738363629310202e-08
2.273006391228809e-08
2.983051721279787e-08
3.923489777354109e-08
5.162898410879203e-08
6.805613997852462e-08
8.986152357810186e-08
1.186478956250978e-07
1.568595570141606e-07
2.072855788489115e-07
2.738682463702360e-07
3.619968054798518e-07
4.782173212529412e-07
6.317785117456623e-07
8.342772353572262e-07
1.101251931410390e-06
1.453339755910045e-06
1.916892105363349e-06
2.527567921525836e-06
3.328535501671799e-06
4.390608066479417e-06
5.780562299541761e-06
7.612654683667635e-06
1.001398285360763e-05
1.318195855600830e-05
1.730370927687982e-05
2.272222916066397e-05
2.980404518538970e-05
3.915341692928563e-05
5.136651729890842e-05
6.730405848259995e-05
8.830597130547933e-05
1.156268884916892e-04
1.514675035603304e-04
1.984819863940482e-04
2.594453039766622e-04
3.394963451519365e-04
4.437847071953852e-04
5.801249799214970e-04
7.579386486189245e-04
9.922613163552839e-04
1.297815444000913e-03
1.697514830390737e-03
2.219552010060890e-03
2.903861798178816e-03
3.798273587417366e-03
4.962137744564505e-03
6.498004312564143e-03
8.506017943442065e-03
1.112783032113168e-02
1.455833389356292e-02
1.904262917225529e-02
2.490860426270955e-02
3.257713360247131e-02
4.256329870433137e-02
5.547165808550283e-02
7.213279073171852e-02
9.337695511333730e-02
1.202900842061768e-01
1.541109203918104e-01
1.961319980477953e-01
2.475098106622148e-01
3.089502707067173e-01
3.804832528862161e-01
4.610823792775964e-01
5.485138738425930e-01
6.391520049756905e-01
7.284255745576539e-01
8.113810426545710e-01
8.865980378203147e-01
9.845592291770009e-01
###3.600000000000000e+00
2.301287932167540e-10
-2.119758041384051e-11
-7.265743723667338e-10
3.027826793521410e-10
2.549848025063247e-10
4.270024849659940e-09
4.562194702995956e-10
5.514756347527101e-10
1.868095458738061e-09
8.802863841703994e-10
-5.722794483322808e-10
1.211496414651706e-09
1.291351783368956e-09
1.435345524327402e-09
-3.190644744320225e-10
1.984529377586508e-09
2.393962876481645e-09
2.140002587028214e-09
2.222131200659277e-09
2.387161569937572e-09
2.678946480182370e-09
3.120337619596384e-09
3.707546067054974e-09
4.511414388965301e-09
5.586364634592689e-09
6.996224573462346e-09
8.880270230965168e-09
1.136272498263260e-08
1.469219983315856e-08
1.906561842090306e-08
2.485728762758758e-08
3.256051460199819e-08
4.275643021101342e-08
5.620267639473851e-08
7.399220674735939e-08
9.763565272763898e-08
1.288689925882012e-07
1.703616006972643e-07
2.251426974369405e-07
2.974510116585596e-07
3.932482622646115e-07
5.195994482595653e-07
6.866404627110303e-07
9.069636232225097e-07
1.197612112959353e-06
1.581110853778687e-06
2.086174851139107e-06
2.752045542070899e-06
3.625689270278166e-06
4.785250795767236e-06
6.303539760995756e-06
8.306983966391699e-06
1.093323907937506e-05
1.440195101659439e-05
1.891719947249217e-05
2.485867710768000e-05
3.263009176519174e-05
4.290857055371409e-05
5.634539793090374e-05
7.390074041661927e-05
9.706442653970398e-05
1.272395030682039e-04
1.668785419878734e-04
2.189813733766974e-04
2.865910713158901e-04
3.755342422790056e-04
4.916116276819285e-04
6.435812950821084e-04
8.421712455619206e-04
1.104289663994373e-03
1.446653986364854e-03
1.895305823308417e-03
2.482147684946530e-03
3.252367599047882e-03
4.260164068066037e-03
5.572640911354278e-03
7.306526082800098e-03
9.573429720410217e-03
1.253340786517913e-02
1.640478533503412e-02
2.145967180798382e-02
2.806164162455985e-02
3.667423047068862e-02
4.785563080944993e-02
6.225388625501949e-02
8.075204026381270e-02
1.042043573659941e-01
1.337172377237430e-01
1.705137973583065e-01
2.157978829001929e-01
2.705658673160445e-01
3.352543851690378e-01
4.094911597509867e-01
4.918691105076806e-01
5.796477801255724e-01
6.688805427527045e-01
7.548623811793761e-01
8.328012215452810e-01
9.013519686556084e-01
9.868285961974130e-01
###4.000000000000000e+00
2.456812101975708e-10
-2.045604999175040e-11
-6.959347419693352e-10
3.225556469511698e-10
3.002613064041493e-10
4.205205347528467e-09
5.445938443585085e-10
6.076221043905043e-10
1.939804351621475e-09
1.024003962603528e-09
-2.765927869078429e-10
1.446369666177832e-09
1.544476732156358e-09
1.716793983409784e-09
1.603997808051559e-10
2.289316943794578e-09
2.806388449048075e-09
2.522283338753271e-09
2.598744310247368e-09
2.780030172100662e-09
3.100273972963130e-09
3.576549752911923e-09
4.213561668026858e-09
5.089933655319354e-09
6.257453057611253e-09
7.791396347295796e-09
9.836400161690542e-09
1.253187918209176e-08
1.614048185760371e-08
2.088741703664963e-08
2.716877802755607e-08
3.551556923896270e-08
4.656960988617729e-08
6.115455689583635e-08
8.045039157600460e-08
1.061034788171613e-07
1.400134202267345e-07
1.850782463946342e-07
2.446306514753875e-07
3.231762088978859e-07
4.273325361461549e-07
5.647421650992929e-07
7.465022869407762e-07
9.861869652073266e-07
1.302851399445778e-06
1.720747927825808e-06
2.271407617005333e-06
2.997712228935873e-06
3.951236372958639e-06
5.217872916721586e-06
6.877369776279607e-06
9.069443063296881e-06
1.194352125199450e-05
1.574456110374965e-05
2.069456768085872e-05
2.721486248703787e-05
3.574984326230875e-05
4.705717658352788e-05
6.185357386819540e-05
8.120578419399882e-05
1.067670627118515e-04
1.401327400726779e-04
1.840108273747176e-04
2.417850166247259e-04
3.168242451749313e-04
4.157165559365437e-04
5.449760196556266e-04
7.144801750387926e-04
9.363153209631065e-04
1.229621343022975e-03
1.613208707315697e-03
2.116675793845179e-03
2.775998738687841e-03
3.642175836251774e-03
4.776634775682244e-03
6.257151086865101e-03
8.208005749555290e-03
1.076155156955161e-02
1.409487199826771e-02
1.845047341004149e-02
2.412880786188398e-02
3.153053479771280e-02
4.116098430411445e-02
5.362175551420452e-02
6.960003886193313e-02
9.002710358661221e-02
1.157699915607183e-01
1.479400887920712e-01
1.877213012069065e-01
2.362134122202048e-01
2.942219618384790e-01
3.618966305439715e-01
4.384843009900743e-01
5.221688371447728e-01
6.098123650280163e-01
6.972076811638472e-01
7.796120802070728e-01
8.524860293345640e-01
9.146616700659683e-01
9.888407046954798e-01
###4.399999999999999e+00
2.701690929510045e-10
-1.640489509666343e-11
-6.844776226313333e-10
3.355270370490499e-10
3.469977637285020e-10
4.172814973299253e-09
6.173805020744067e-10
7.039975531174103e-10
2.013272684819470e-09
1.170117040350700e-09
1.842925838337623e-11
1.651482286679709e-09
1.756627105350830e-09
1.959237523278983e-09
5.132683410820439e-10
2.476712779219177e-09
2.990836584372295e-09
2.771715502218710e-09
2.881289043579228e-09
3.099126096211944e-09
3.460288507481664e-09
3.981170587699072e-09
4.686709842236890e-09
5.642928154002115e-09
6.911208422633767e-09
8.581696619984829e-09
1.080530642188437e-08
1.373286060304244e-08
1.764714721470066e-08
2.280255823312966e-08
2.961238393228034e-08
3.864979666206418e-08
5.064395266533286e-08
6.646670314912501e-08
8.743696599435550e-08
1.152946256654432e-07
1.521150576204476e-07
2.010678229884572e-07
2.658131162100488e-07
3.511832954730779e-07
4.644421059145758e-07
6.139574086666785e-07
8.118328242977150e-07
1.072701831753049e-06
1.417864036123913e-06
1.873494607251595e-06
2.474035685283836e-06
3.266696302255603e-06
4.308011633990648e-06
5.692233652593358e-06
7.507235704928696e-06
9.907126190269805e-06
1.305477952302236e-05
1.722189540918831e-05
2.265233319139688e-05
2.981462835015341e-05
3.919556578860295e-05
5.164428390514907e-05
6.795168064606226e-05
8.930217448654542e-05
1.175313081006625e-04
1.544502938331645e-04
2.030554419560786e-04
2.671599571747760e-04
3.505185759358914e-04
4.605292186405558e-04
6.045188253169395e-04
7.936782502284658e-04
1.041498281340286e-03
1.369677873922896e-03
1.799387549374862e-03
2.364023358244722e-03
3.104282333431860e-03
4.077535142104374e-03
5.352742018976114e-03
7.020249006434436e-03
9.210942096434182e-03
1.208092403588704e-02
1.582418085375119e-02
2.070938981651856e-02
2.706660567560243e-02
3.533308120863637e-02
4.605692910609106e-02
5.988109436211857e-02
7.752755614595125e-02
9.996840842681905e-02
1.280770780211188e-01
1.629484602630156e-01
2.057111673867739e-01
2.573321163607672e-01
3.184224634424025e-01
3.888198644921969e-01
4.673932825316992e-01
5.519387662055815e-01
6.389781329110105e-01
7.241411935387444e-01
8.027264089378899e-01
8.705224418758050e-01
9.266140555439434e-01
9.906075492599792e-01
###4.800000000000000e+00
2.709082280106823e-10
1.522689140764708e-12
-6.742086180613914e-10
3.496805506451701e-10
3.634304320002525e-10
4.089942089752316e-09
6.584742071082542e-10
7.574103089610192e-10
2.019367113023915e-09
1.220037731220249e-09
1.592667202685150e-10
1.691631019700429e-09
1.807371095976258e-09
2.022685405828258e-09
7.270881328265469e-10
2.549007362116004e-09
3.072903123861130e-09
2.926069815719227e-09
3.072887990376909e-09
3.334941780998391e-09
3.741167010133365e-09
4.316496108509560e-09
5.092411333532190e-09
6.135108985855341e-09
7.516130599707030e-09
9.334390623470062e-09
1.175041050357616e-08
1.493114592420284e-08
1.917524749044348e-08
2.477113894601688e-08
3.216467187274391e-08
4.198138811482730e-08
5.500011606601498e-08
7.217973294897710e-08
9.497346275244483e-08
1.252230818735759e-07
1.652405467388311e-07
2.184212634822595e-07
2.888367955629235e-07
3.816424386397310e-07
5.048451917405454e-07
6.675886449973655e-07
8.830600068034003e-07
1.167352593414901e-06
1.543527876088382e-06
2.040353833938738e-06
2.695811642646000e-06
3.561326444349509e-06
4.699329448639095e-06
6.212825371394072e-06
8.199207941793664e-06
1.082790638818693e-05
1.427725893750869e-05
1.884897628176368e-05
2.481190967599290e-05
3.268229527920585e-05
4.300356433970717e-05
5.671750651197951e-05
7.470169841359867e-05
9.827214555830869e-05
1.294802328706386e-04
1.703593111022188e-04
2.242318399626982e-04
2.954014704633519e-04
3.880285448215836e-04
5.104701077133536e-04
6.709523065959582e-04
8.820678703814848e-04
1.158888194997570e-03
1.526035311011507e-03
2.007210096190964e-03
2.640113189114873e-03
3.470326585599124e-03
4.562423351716489e-03
5.994040268958604e-03
7.867541819102191e-03
1.032369925574399e-02
1.354139180717305e-02
1.773354219898509e-02
2.319574197758661e-02
3.028852260865621e-02
3.948714416625613e-02
5.138069403409866e-02
6.664991203418719e-02
8.605208257878288e-02
1.105877420681424e-01
1.411240068664228e-01
1.787375805864324e-01
2.244561655210364e-01
2.790966244859455e-01
3.431064470985643e-01
4.159407819082860e-01
4.961248902624024e-01
5.811078485271445e-01
6.671161773400393e-01
7.496784096562830e-01
8.242312029213517e-01
8.869708803339230e-01
9.372959394428825e-01
9.921507972783568e-01
###5.200000000000000e+00
2.908249709331403e-10
-9.964489311510961e-11
-6.499151421246200e-10
3.633155341563868e-10
4.012902954195541e-10
4.040528396226595e-09
7.078300234864055e-10
8.155607804168887e-10
2.040804285863507e-09
1.274924219178321e-09
3.051112124348084e-10
1.741756427114549e-09
1.868181612520090e-09
2.084580591699886e-09
9.360739527395015e-10
2.634177393729952e-09
3.175765866251498e-09
3.092103621629745e-09
3.277405219639239e-09
3.584046462277584e-09
4.037902223870663e-09
4.676983377941306e-09
5.522256978983629e-09
6.666849421890756e-09
8.168366646994467e-09
1.014721441712395e-08
1.276947685349187e-08
1.622858242474069e-08
2.083365800007669e-08
2.690604042744911e-08
3.493627850244077e-08
4.559877136706895e-08
5.973292270548047e-08
7.839468962515715e-08
1.031725704212673e-07
1.360291427078351e-07
1.795257360422598e-07
2.373253392181032e-07
3.138759900536762e-07
4.148668638292393e-07
5.489358734207371e-07
7.261514861480433e-07
9.608854665714508e-07
1.270815010726271e-06
1.681001121416648e-06
2.223042647687354e-06
2.938767168643651e-06
3.884308713974239e-06
5.129143523632902e-06
6.785208061650590e-06
8.959605046138657e-06
1.184063220765025e-05
1.562365251833788e-05
2.064222898956700e-05
2.719410298322203e-05
3.585003631873824e-05
4.721176167022368e-05
6.233145633412044e-05
8.217610349448689e-05
1.082196862742302e-04
1.427402186713194e-04
1.880176322864616e-04
2.477688146424621e-04
3.268118687733345e-04
4.297968367648043e-04
5.661014576030377e-04
7.449764645235257e-04
9.806038588449351e-04
1.289768343617402e-03
1.700322005124742e-03
2.238823441040010e-03
2.947632716841376e-03
3.877792784563841e-03
5.101823110051504e-03
6.706422808751810e-03
8.806807293248255e-03
1.155530444085880e-02
1.515368592669738e-02
1.983572000380381e-02
2.592455315568389e-02
3.381179662760826e-02
4.401015340718298e-02
5.715008855325344e-02
7.394802453432746e-02
9.518618068465738e-02
1.218917883115767e-01
1.549104603928492e-01
1.952823762620747e-01
2.439243942802203e-01
3.014837992354893e-01
3.682060353315940e-01
4.431908604021698e-01
5.246150993404756e-01
6.096066060073915e-01
6.941696667737542e-01
7.738055556552701e-01
8.441638168037240e-01
9.019042039009773e-01
9.467901802903841e-01
9.934918031606688e-01
###5.600000000000001e+00
3.042751568022687e-10
-8.737705146115912e-11
-6.452116119457074e-10
3.827400019857127e-10
4.315977969031003e-10
3.979224646183900e-09
7.367178327230887e-10
8.663304424118791e-10
2.052257731113244e-09
1.328257988451126e-09
4.372097566345539e-10
1.799568595314055e-09
1.931915768169983e-09
2.151682037547902e-09
1.142008378198343e-09
2.726484076435542e-09
3.279828761965156e-09
3.264096655741785e-09
3.482072248153346e-09
3.843976703036663e-09
4.349514762677322e-09
5.056309287137789e-09
5.984989829935717e-09
7.229618712758701e-09
8.865337054302540e-09
1.102027090519071e-08
1.386866364862744e-08
1.762885212248611e-08
2.262610781311646e-08
2.921941922207866e-08
3.794128276345509e-08
4.952787270709380e-08
6.487598232660023e-08
8.514759758002647e-08
1.120876912965328e-07
1.477925072795362e-07
1.950846629761215e-07
2.579262970024572e-07
3.411720937258250e-07
4.511136581445036e-07
5.970747058319618e-07
7.901343095968790e-07
1.045940857046861e-06
1.383949663602320e-06
1.831442091950541e-06
2.423185687737695e-06
3.205036717622218e-06
4.238660776910071e-06
5.601019660238031e-06
7.413862802900198e-06
9.795932982113829e-06
1.295536435271953e-05
1.710712319465647e-05
2.261960121351280e-05
2.982334640279451e-05
3.934900239343585e-05
5.186501504829300e-05
6.854438564530515e-05
9.045980984894585e-05
1.192509999404001e-04
1.574583426818165e-04
2.076361024153985e-04
2.739354481851453e-04
3.617489267424924e-04
4.762732042673558e-04
6.280335745593214e-04
8.274283756634942e-04
1.090324547601290e-03
1.435563145483630e-03
1.894389961753560e-03
2.496617141983094e-03
3.289695752332664e-03
4.330669330653565e-03
5.700498350849668e-03
7.495935367470471e-03
9.845301294797847e-03
1.291490757454902e-02
1.692918320662199e-02
2.214368284550603e-02
2.891039776001159e-02
3.765282341427227e-02
4.892138638158148e-02
6.338254211827582e-02
8.179059886721707e-02
1.049428650995562e-01
1.338837621596910e-01
1.694277543789534e-01
2.125606511328155e-01
2.640754323606302e-01
3.244359036092420e-01
3.936492121446580e-01
4.704783957245985e-01
5.527660009808544e-01
6.373571713165269e-01
7.200924048279521e-01
7.965076273364236e-01
8.625415322181235e-01
9.153784361886418e-01
9.551649066748292e-01
9.946476884609603e-01
###6.000000000000001e+00
3.113253553891372e-10
-7.268106955693917e-11
-6.479395412402600e-10
3.966476763541980e-10
4.554746605480716e-10
3.940453170386945e-09
7.664320110145005e-10
8.923502799053794e-10
2.068077956326835e-09
1.379180682268799e-09
5.639336960849774e-10
1.857647700007795e-09
1.999350836173243e-09
2.228743765156342e-09
1.346381927229450e-09
2.831124005073029e-09
3.395212111111937e-09
3.445133548003291e-09
3.707943929002134e-09
4.119506862885142e-09
4.684348385956854e-09
5.462482586823443e-09
6.480607555642333e-09
7.846334974985086e-09
9.614530654572046e-09
1.196044605473730e-08
1.505667972377103e-08
1.914336313755696e-08
2.456735968078202e-08
3.172697921454458e-08
4.120747303709545e-08
5.379528485685129e-08
7.046376893582985e-08
9.249451694120312e-08
1.217907520221622e-07
1.605949170861042e-07
2.120327289211580e-07
2.803876406556322e-07
3.709523935858626e-07
4.906821427325065e-07
6.496530300664724e-07
8.600511324095966e-07
1.138959268583872e-06
1.507760946353094e-06
1.996178359965555e-06
2.642417033420140e-06
3.497022593804674e-06
4.627637963038879e-06
6.119785786526775e-06
8.105199598596595e-06
1.071598124996782e-05
1.418269972950802e-05
1.874168387959300e-05
2.480008276046273e-05
3.272593767365485e-05
4.321665637259103e-05
5.701406507335921e-05
7.542290635206227e-05
9.963615986271297e-05
1.314849064807993e-04
1.737918460120320e-04
2.294281223257764e-04
3.030140503509505e-04
4.005864912088822e-04
5.279709938986315e-04
6.969224994548559e-04
9.191389750070915e-04
1.212424897531670e-03
1.597741592616823e-03
2.110259817791997e-03
2.783159653594951e-03
3.669500739533811e-03
4.833094885108898e-03
6.363737645764559e-03
8.369109088251175e-03
1.099143785966631e-02
1.441227652488193e-02
1.887966677835651e-02
2.467082278871485e-02
3.216920116956228e-02
4.182917286804135e-02
5.423671809618390e-02
7.009589436067556e-02
9.019122408542141e-02
1.153309931703235e-01
1.465683006178514e-01
1.846728967223392e-01
2.305556743700614e-01
2.848748475421163e-01
3.478935353496186e-01
4.193652851504114e-01
4.977220213108767e-01
5.804884433259319e-01
6.642857319048283e-01
7.448277139624250e-01
8.177712305754186e-01
8.794013966408122e-01
9.274609581126346e-01
9.624988819180110e-01
9.956329668081240e-01
###6.400000000000001e+00
3.087268283967130e-10
-6.038121504577480e-11
-5.906514079546228e-10
4.196815110264531e-10
4.855123333632146e-10
3.892202590318486e-09
8.062339490448547e-10
9.414454425308702e-10
2.090980516945366e-09
1.434941027598255e-09
6.968889262249620e-10
1.923012575670917e-09
2.073746079983364e-09
2.316543847758485e-09
1.547445837166080e-09
2.947422997769674e-09
3.521858883452135e-09
3.641755082460233e-09
3.947431588419199e-09
4.410604697102105e-09
5.039821727298922e-09
5.893140401241161e-09
7.007528114623042e-09
8.443995984031844e-09
1.041961425890916e-08
1.297258047418952e-08
1.634124613050289e-08
2.077641852800788e-08
2.667218076331628e-08
3.444881505302757e-08
4.475348029664886e-08
5.842993721396215e-08
7.654513005383997e-08
1.004894519449807e-07
1.323482528592526e-07
1.745408634343106e-07
2.305065094203633e-07
3.048792322347073e-07
4.034509191298719e-07
5.338704510616715e-07
7.070892631685554e-07
9.364819112961605e-07
1.240693894055353e-06
1.643277082573720e-06
2.176654801265417e-06
2.882746363144781e-06
3.817420983785429e-06
5.054674341174470e-06
6.689631034580202e-06
8.865233343876406e-06
1.172863559579298e-05
1.553419516654362e-05
2.054375476812691e-05
2.720593558986197e-05
3.593218904503221e-05
4.749157048584342e-05
6.271190850369048e-05
8.303982782606101e-05
1.098060468484708e-04
1.450535316344158e-04
1.919211143222692e-04
2.536247874946299e-04
3.353156673177775e-04
4.437470805663287e-04
5.854349303381578e-04
7.735377254329048e-04
1.021105210389831e-03
1.348143971787053e-03
1.777984018828998e-03
2.349943298684125e-03
3.101099163480943e-03
4.090560036702611e-03
5.389107713172428e-03
7.096943319663095e-03
9.332679790540145e-03
1.225345266671006e-02
1.605712353001860e-02
2.101620942047908e-02
2.743165083879577e-02
3.571575643169845e-02
4.635587692535970e-02
5.997367618799751e-02
7.730581763621874e-02
9.916416716549466e-02
1.263611839610327e-01
1.599479087657150e-01
2.006324034319076e-01
2.492408672180783e-01
3.062751653781430e-01
3.717886993324162e-01
4.452708196401798e-01
5.248300066653950e-01
6.077031118506571e-01
6.903147978873049e-01
7.683235422955087e-01
8.375887335815093e-01
8.947912157588875e-01
9.382258760132840e-01
9.688726405887765e-01
9.964644218924354e-01
###6.800000000000002e+00
3.270502528126397e-10
-4.585611088390653e-11
-5.805310871203873e-10
4.404321785428293e-10
5.114164480093375e-10
3.828192027521249e-09
8.405123507366838e-10
1.016418477141552e-09
2.108553384412187e-09
1.494607807311146e-09
8.238165529105513e-10
1.990787993633690e-09
2.153012092245177e-09
2.406311652281403e-09
1.751398138927592e-09
3.080650206472106e-09
3.664215444269718e-09
3.846160142059298e-09
4.200569319182368e-09
4.722615769268373e-09
5.417701120374035e-09
6.352074077978128e-09
7.571180784311436e-09
9.140313589314584e-09
1.128695227130308e-08
1.406588448264285e-08
1.772725902446449e-08
2.254868044147556e-08
2.895067892542168e-08
3.740106317733558e-08
4.860527800819637e-08
6.346397823917350e-08
8.315062309553757e-08
1.091908875129845e-07
1.438377999932899e-07
1.897353870912524e-07
2.506378867730785e-07
3.315936539342775e-07
4.389419500148186e-07
5.810506799326028e-07
7.698614928488396e-07
1.020054543604433e-06
1.352024532197299e-06
1.791665492361096e-06
2.374422180439659e-06
3.146482284319030e-06
4.169113877219693e-06
5.523883787055522e-06
7.316066321824478e-06
9.701375250755115e-06
1.284371159900807e-05
1.702361696555374e-05
2.253118536105536e-05
2.986265243888069e-05
3.947418637850267e-05
5.221847870515755e-05
6.901623888037621e-05
9.147527279125798e-05
1.210783860171771e-04
1.600969667869850e-04
2.120333949690985e-04
2.804768488993859e-04
3.711913287876905e-04
4.916904838677791e-04
6.492783190883566e-04
8.586315094586656e-04
1.134387352384865e-03
1.498806990674559e-03
1.977977951038494e-03
2.615729215402038e-03
3.453311409783694e-03
4.556454508430766e-03
6.003818598798187e-03
7.905881146201535e-03
1.039358789991407e-02
1.364027320688557e-02
1.786022381889538e-02
2.335156363945633e-02
3.043966763187729e-02
3.956554988939663e-02
5.125091785097820e-02
6.614806665861819e-02
8.502700650063880e-02
1.087208686941750e-01
1.380382469851193e-01
1.740178202359541e-01
2.172903336351122e-01
2.685816591075470e-01
3.282314495437826e-01
3.960595993716875e-01
4.712843517432006e-01
5.517157560441491e-01
6.343182937941840e-01
7.153723953487470e-01
7.905562998173890e-01
8.559645442147954e-01
9.087395364168557e-01
9.477471583623732e-01
9.743672613791290e-01
9.971676347658618e-01
###7.200000000000002e+00
3.687224154095601e-10
-3.448560994294774e-11
-5.322743900465722e-10
2.783966741816472e-10
5.389699706406947e-10
3.787295710096699e-09
8.883503983385866e-10
1.065612209489410e-09
2.132064623218299e-09
1.555827317691930e-09
9.469088393784377e-10
2.061810870727695e-09
2.238111476022769e-09
2.507115129385155e-09
1.949834638573259e-09
3.210443634411029e-09
3.828514992420066e-09
4.057932789790464e-09
4.474252045204120e-09
5.053024978291381e-09
5.818621976477233e-09
6.839997131067683e-09
8.172619822554407e-09
9.888520147193461e-09
1.221702202116423e-08
1.524176355544766e-08
1.922402373011605e-08
2.446355259234838e-08
3.141940766339620e-08
4.060425212787211e-08
5.278483205749348e-08
6.893397884223369e-08
9.033495322281560e-08
1.186568166285861e-07
1.563516735037575e-07
2.062967383932946e-07
2.725931561856856e-07
3.607457937954980e-07
4.776819405903084e-07
6.326059934207712e-07
8.385069865630755e-07
1.111510999792321e-06
1.473924624484381e-06
1.954242868247957e-06
2.591238187306877e-06
3.435822915409897e-06
4.555230187664875e-06
6.039378097409323e-06
8.005101834078021e-06
1.062180548948350e-05
1.407168590633735e-05
1.866569263007186e-05
2.472404982387447e-05
3.279563496498651e-05
4.338801077229117e-05
5.744570868050346e-05
7.599201389755520e-05
1.008168222272788e-04
1.335652626854065e-04
1.767745631819559e-04
2.343340380502832e-04
3.102747172354327e-04
4.109978687635376e-04
5.449068707716172e-04
7.201406889842353e-04
9.531050159726903e-04
1.260085628024857e-03
1.665917805183195e-03
2.199644318790714e-03
2.910071935348471e-03
3.843081896854779e-03
5.071315131395115e-03
6.681951389020353e-03
8.796783594543552e-03
1.155975040220339e-02
1.516035079171829e-02
1.983190433063311e-02
2.589806542504576e-02
3.370869326728586e-02
4.373610539449813e-02
5.653035504968766e-02
7.277796576443266e-02
9.327635266986448e-02
1.188731793867184e-01
1.503641936126675e-01
1.887693578297951e-01
2.346271866761202e-01
2.885442032870844e-01
3.506855233460056e-01
4.206327017439130e-01
4.973208620262527e-01
5.782857243665204e-01
6.602503680765659e-01
7.394007094405350e-01
8.114834042924089e-01
8.729113902170437e-01
9.213112515214055e-01
9.561095026214070e-01
9.790648581389072e-01
9.977506833445446e-01
###7.600000000000002e+00
3.907442796096818e-10
-1.140044030916636e-11
-5.054221550749589e-10
2.987506384626338e-10
5.636026296735265e-10
3.732878043492771e-09
9.233574010461358e-10
1.105826650977569e-09
2.147599788995544e-09
1.615482671538480e-09
1.071758099452400e-09
2.133188442324434e-09
2.322079253737166e-09
2.610062531553536e-09
2.151719213014498e-09
3.353367136005252e-09
3.991569602779978e-09
4.285540429507106e-09
4.758622964450518e-09
5.397866392871654e-09
6.244461529325560e-09
7.361264008052819e-09
8.815254596353311e-09
1.068856104819566e-08
1.322274669957809e-08
1.650917907680340e-08
2.083980378884737e-08
2.653627495065253e-08
3.409523893162273e-08
4.407669545578974e-08
5.732094810527527e-08
7.487538406265875e-08
9.814788547788874e-08
1.289593480226478e-07
1.699813435799771e-07
2.243475958690429e-07
2.965453176438923e-07
3.925740690164820e-07
5.199920427453987e-07
6.889541601872443e-07
9.135749714833260e-07
1.211590694680129e-06
1.607432737888686e-06
2.132385131682820e-06
2.829048849828390e-06
3.753419203521367e-06
4.979390911040503e-06
6.606068404067235e-06
8.762949926996955e-06
1.163513699965930e-05
1.542508905288128e-05
2.047670637015672e-05
2.714426712085658e-05
3.603510466725714e-05
4.771408910659269e-05
6.322819183154712e-05
8.371389119935313e-05
1.111600100993333e-04
1.474000968420174e-04
1.952563588842788e-04
2.590642547865157e-04
3.433182321995122e-04
4.551527655411306e-04
6.039228222769262e-04
7.987173883760436e-04
1.057838619598079e-03
1.399390572830507e-03
1.851039963547155e-03
2.445017518455111e-03
3.235613412741880e-03
4.273646315516329e-03
5.639366679618046e-03
7.428752506119869e-03
9.776078571815013e-03
1.283894868228053e-02
1.682417361222082e-02
2.198553817508160e-02
2.866877702158773e-02
3.725353108133701e-02
4.824052645153470e-02
6.221062678343467e-02
7.987824538366278e-02
1.020659740057495e-01
1.296291986418685e-01
1.633457096809447e-01
2.041932953484208e-01
2.526228553479942e-01
3.090927201434932e-01
3.735842714303212e-01
4.454313404596641e-01
5.232916362587720e-01
6.044472331322955e-01
6.854201258020257e-01
7.623313186057019e-01
8.310898639498250e-01
8.884527391299606e-01
9.325631550852967e-01
9.633946447843437e-01
9.830429064437359e-01
9.982290176726654e-01
###8.000000000000002e+00
3.970069657419632e-10
3.664964654401709e-12
-5.151203594195686e-10
3.455229033238642e-10
6.010839236511375e-10
3.693886050098859e-09
1.000354544311813e-09
1.158396621085409e-09
2.178136391859761e-09
1.680721864649578e-09
1.190312309055890e-09
2.212299183863600e-09
2.423052681845008e-09
2.727812334496949e-09
2.353199542345526e-09
3.509593951408820e-09
4.169446238014357e-09
4.525056371077276e-09
5.059641049203117e-09
5.769500602934791e-09
6.698489933132760e-09
7.918818250756139e-09
9.505097867385970e-09
1.155149777062291e-08
1.430304938907646e-08
1.787602990792369e-08
2.258556787605334e-08
2.878021486761285e-08
3.699467008041779e-08
4.784910361246855e-08
6.224915236993797e-08
8.133646201122330e-08
1.066481417595776e-07
1.401808599094265e-07
1.848357816885480e-07
2.440359740977232e-07
3.226805801102711e-07
4.273219258297417e-07
5.662235833553586e-07
7.505672169682017e-07
9.957225676015538e-07
1.321188124453852e-06
1.753746621020247e-06
2.327763089384646e-06
3.090080357566114e-06
4.102248261707791e-06
5.445603936017557e-06
7.229459056988645e-06
9.596794959338381e-06
1.275120091666030e-05
1.691726538083096e-05
2.247714549008404e-05
2.981536986903315e-05
3.961274791618393e-05
5.249580205592232e-05
6.962391342529822e-05
9.225702824139846e-05
1.226109759995999e-04
1.627254351767934e-04
2.157356101764981e-04
2.864743853763205e-04
3.799483852088857e-04
5.040969961843384e-04
6.693504537919515e-04
8.858127806167000e-04
1.173891378773860e-03
1.553620440472367e-03
2.055840345139671e-03
2.716264260266641e-03
3.595082172440729e-03
4.748496126350297e-03
6.264785378631870e-03
8.249724509544530e-03
1.085055644057772e-02
1.423927212980134e-02
1.864118794692294e-02
2.433077934915470e-02
3.167709808173228e-02
4.108898177425483e-02
5.309648405629427e-02
6.830688390467901e-02
8.746390300082575e-02
1.114083270938859e-01
1.409978675463722e-01
1.769810034437419e-01
2.202828465052496e-01
2.712461314600059e-01
3.301826454826955e-01
3.968650230896832e-01
4.703747609610217e-01
5.491195302628422e-01
6.301162966911704e-01
7.097462311258305e-01
7.841279414583427e-01
8.493650126024566e-01
9.026257094264623e-01
9.425706161557550e-01
9.696952754148501e-01
9.863829542043765e-01
9.986202000903446e-01
###8.400000000000002e+00
4.302765433499157e-10
1.653058476100137e-11
-5.015955670379969e-10
3.801765617150206e-10
6.330843310580312e-10
3.660830400078219e-09
1.053703461100350e-09
1.223673079647244e-09
2.211328767601862e-09
1.756393766086022e-09
1.321810071404875e-09
2.302877511602641e-09
2.529433158063630e-09
2.852933577226044e-09
2.570406889511896e-09
3.684455971131353e-09
4.369042780798877e-09
4.785992979609172e-09
5.397017410361419e-09
6.172014432576939e-09
7.188867057244649e-09
8.520888997047061e-09
1.025025294088267e-08
1.248335822019217e-08
1.547296291578286e-08
1.935845710373975e-08
2.447793810380948e-08
3.121530868411618e-08
4.014494989530463e-08
5.194687461986550e-08
6.760195534164408e-08
8.836760552116044e-08
1.159072900283675e-07
1.524054241499034e-07
2.010312730801471e-07
2.655167427151389e-07
3.512168247658251e-07
4.652936079018098e-07
6.167868242095830e-07
8.179809523494442e-07
1.085666736052624e-06
1.441274587597629e-06
1.914084548868330e-06
2.542078584664707e-06
3.376623671309453e-06
4.485364065360355e-06
5.958215755325629e-06
7.915184912967987e-06
1.051497620086971e-05
1.398089808074119e-05
1.856238861839157e-05
2.468412212343446e-05
3.276485691928257e-05
4.356560637109465e-05
5.778113437587007e-05
7.669640349668113e-05
1.017478701770635e-04
1.352892553689494e-04
1.796948791985647e-04
2.384146684318658e-04
3.168346064698420e-04
4.205289258428334e-04
5.583205375977634e-04
7.418252339260646e-04
9.822382217603422e-04
1.302266754026477e-03
1.724165351951302e-03
2.282172357507502e-03
3.015693876477048e-03
3.991427510994751e-03
5.271419624464370e-03
6.952413059241649e-03
9.150853499688666e-03
1.202735265165737e-02
1.576924195423818e-02
2.062223542061635e-02
2.687948330021989e-02
3.493618112188093e-02
4.522872065302362e-02
5.831756093818163e-02
7.483381637304763e-02
9.554904761368982e-02
1.213142782050435e-01
1.529819939714379e-01
1.912603958013349e-01
2.370298859476698e-01
2.904687569987298e-01
3.517596452765113e-01
4.204587627255966e-01
4.953939687427693e-01
5.747095754269934e-01
6.552054811748624e-01
7.331613440108876e-01
8.047417657240032e-01
8.663129721482158e-01
9.154717400019264e-01
9.514085310314773e-01
9.751003489909833e-01
9.891613487313553e-01
9.989342406863203e-01
###8.800000000000002e+00
4.231133091264264e-10
5.811751724097719e-11
-4.809419052046633e-10
4.101989680162672e-10
6.679982444763384e-10
3.634828160982000e-09
1.105937709402857e-09
1.310860135229610e-09
2.255417306740334e-09
1.841137319726995e-09
1.467588457864074e-09
2.411644616063740e-09
2.641584039186820e-09
3.006437865635491e-09
2.793082483925854e-09
3.868272440887742e-09
4.585813625833983e-09
5.066070620425753e-09
5.745586106473054e-09
6.603585068513067e-09
7.715728773873183e-09
9.171045092616385e-09
1.105431163518580e-08
1.349081048886215e-08
1.673748875738529e-08
2.096391053010637e-08
2.652952502148719e-08
3.385613393513541e-08
4.355813696974708e-08
5.640022598883185e-08
7.342325346633196e-08
9.602369071987980e-08
1.259876179259743e-07
1.657268972558912e-07
2.186834216082591e-07
2.889565545628653e-07
3.823864548146228e-07
5.067966493375196e-07
6.720742191538092e-07
8.917404554840955e-07
1.184144189302612e-06
1.572860605991669e-06
2.090048931064072e-06
2.777365483420031e-06
3.691312179049954e-06
4.906423870732519e-06
6.521693143042618e-06
8.669764604585410e-06
1.152605392345525e-05
1.533600962973367e-05
2.037658367822046e-05
2.711917939115912e-05
3.602170512113779e-05
4.793329610055331e-05
6.362255400327116e-05
8.451690332470916e-05
1.122511725830518e-04
1.493202402401915e-04
1.984794823454935e-04
2.635296370797834e-04
3.504552295003930e-04
4.654542143879881e-04
6.183336583865963e-04
8.220108753878423e-04
1.088900968334307e-03
1.444192895753938e-03
1.912599630226267e-03
2.531956011905665e-03
3.345831992330219e-03
4.427812201035029e-03
5.846268403376995e-03
7.707145225089559e-03
1.013787236326673e-02
1.331350083734471e-02
1.743848188016543e-02
2.277891334339089e-02
2.964382592818163e-02
3.845932472328618e-02
4.968887268527933e-02
6.391993903462208e-02
8.180411100866442e-02
1.041460456907484e-01
1.317928614436991e-01
1.655813036028055e-01
2.061765253500323e-01
2.543737399300315e-01
3.102520944115785e-01
3.737746168549064e-01
4.442981340994538e-01
5.203953902088589e-01
5.999698786281253e-01
6.796380075675257e-01
7.556136205887256e-01
8.241508283501043e-01
8.819426878130457e-01
9.270432451938795e-01
9.591597293308297e-01
9.796998974823862e-01
9.914511733038387e-01
9.991793988986301e-01
###9.200000000000003e+00
4.366015496075921e-10
8.722289731599270e-11
-4.556010599223163e-10
4.412853819321047e-10
7.138709176737897e-10
3.617774736921277e-09
1.169250814716398e-09
1.386741057329269e-09
2.314477388084435e-09
1.932924275000690e-09
1.608165455545023e-09
2.523937626243189e-09
2.767494816904755e-09
3.157457423668314e-09
3.022877690485241e-09
4.077577927590827e-09
4.828335560589873e-09
5.374374864802846e-09
6.120456669392597e-09
7.065106746239218e-09
8.283249368540606e-09
9.869839702845674e-09
1.192129474139237e-08
1.457876361236312e-08
1.810560715482204e-08
2.270072530282695e-08
2.874905422030235e-08
3.672004864343617e-08
4.727165790081964e-08
6.124180546445991e-08
7.974030597820212e-08
1.043549203665647e-07
1.369721007825592e-07
1.802563973392529e-07
2.379424258756509e-07
3.145502471261198e-07
4.164453169639130e-07
5.521696928274229e-07
7.325695369170221e-07
9.724919782335597e-07
1.292046149219554e-06
1.717108748718283e-06
2.283065139295451e-06
3.035651654691451e-06
4.037021837406095e-06
5.369382876890071e-06
7.141773854866234e-06
9.500689538203224e-06
1.263809516708017e-05
1.682982782283369e-05
2.237787974224498e-05
2.980598294855488e-05
3.961841144484487e-05
5.275902891408455e-05
7.008129442369602e-05
9.316739087430998e-05
1.238618303393532e-04
1.648437898956139e-04
2.192612211235578e-04
2.913268004343648e-04
3.876562344576159e-04
5.151542061999720e-04
6.846911097408812e-04
9.106669178231043e-04
1.206782031485860e-03
1.600932583105207e-03
2.120483438005981e-03
2.807290048181461e-03
3.709276149909055e-03
4.907653758853856e-03
6.477381172851376e-03
8.534202499892280e-03
1.121755859046895e-02
1.471716977399553e-02
1.925525314764985e-02
2.511918603632549e-02
3.263520769029456e-02
4.226057660066414e-02
5.448420038220346e-02
6.991526123022082e-02
8.923337658239888e-02
1.132652236284707e-01
1.428478832777423e-01
1.788009606240309e-01
2.217264249676748e-01
2.723205156537614e-01
3.305564912727716e-01
3.961741415904219e-01
4.683146827301747e-01
5.453050923759066e-01
6.248189142777117e-01
7.033288693140455e-01
7.770347758244747e-01
8.423290630771884e-01
8.962805630948513e-01
9.374031579403781e-01
9.659098324852697e-01
9.835811555660863e-01
9.933184285027475e-01
9.993855253491966e-01
###9.600000000000003e+00
4.636811091186572e-10
1.046645754246306e-10
-4.270409863559167e-10
4.756862386189307e-10
7.617241235759497e-10
3.645171219920987e-09
1.225478550755393e-09
1.465317810578019e-09
2.374811497596678e-09
2.034562842726588e-09
1.755833195524583e-09
2.638151664291569e-09
2.909722853775462e-09
3.319810374838962e-09
3.263904641640174e-09
4.303204071040883e-09
5.086528901584758e-09
5.702823548967504e-09
6.522994834063344e-09
7.562017716327125e-09
8.889056256965784e-09
1.061967344519611e-08
1.285433793865048e-08
1.574924960863977e-08
1.958092696883248e-08
2.458228090271840e-08
3.115379879016207e-08
3.982459409495378e-08
5.130074382702751e-08
6.650176619866506e-08
8.663121087649774e-08
1.134236531865438e-07
1.489454142959551e-07
1.960975570449927e-07
2.589632654333141e-07
3.425044506596553e-07
4.536467943205571e-07
6.017653455782243e-07
7.987815992572909e-07
1.060926003260630e-06
1.410268642536088e-06
1.875296728486450e-06
2.494846590218081e-06
3.319281566846337e-06
4.416898483766340e-06
5.878416775779843e-06
7.823988698001980e-06
1.041534866207662e-05
1.386343204782638e-05
1.847629436671997e-05
2.458534445750194e-05
3.276713370898404e-05
4.359072936394703e-05
5.809024002524969e-05
7.722043678680717e-05
1.027383224033068e-04
1.366966307459677e-04
1.820172674232147e-04
2.422523330793631e-04
3.220658268458995e-04
4.287948083921245e-04
5.701011935449285e-04
7.580252363438809e-04
1.008568940975336e-03
1.336900015729079e-03
1.773816701229037e-03
2.349566814349720e-03
3.110317543496393e-03
4.108812192931935e-03
5.434464619441375e-03
7.168959709174184e-03
9.439125464669617e-03
1.239605673462398e-02
1.624608526076071e-02
2.122954236465320e-02
2.765508358909382e-02
3.586695389620782e-02
4.635381315341192e-02
5.962791947227238e-02
7.632049363039385e-02
9.714195034688951e-02
1.229185196214780e-01
1.544858053057540e-01
1.926337507836437e-01
2.378921871455727e-01
2.908445608956924e-01
3.513395952887837e-01
4.188935999661714e-01
4.924288124040849e-01
5.700344381420690e-01
6.491756553485558e-01
7.262128731446358e-01
7.973817119895397e-01
8.592752320800360e-01
9.093523179454915e-01
9.466190532170965e-01
9.717420673541750e-01
9.868280899218477e-01
9.948272108547577e-01
9.995425355907365e-01
###1.000000000000000e+01
4.716103894580869e-10
1.344306722991787e-10
-4.001625128484794e-10
5.176776087780546e-10
8.006874311234100e-10
3.635905607737201e-09
1.288360262383921e-09
1.548407006264424e-09
2.446476867809774e-09
2.138211494678026e-09
1.900984650945927e-09
2.768057461129503e-09
3.068599803966915e-09
3.494788225846327e-09
3.510975896932675e-09
4.543725172563400e-09
5.366237330217545e-09
6.056619827916954e-09
6.957979081359369e-09
8.097915117512610e-09
9.542511205234908e-09
1.142684921263003e-08
1.385888407910821e-08
1.701121037141783e-08
2.117760177916048e-08
2.661249867933359e-08
3.375930535627022e-08
4.319591977098531e-08
5.567906523078992e-08
7.221498614105743e-08
9.412689169589287e-08
1.232995947802069e-07
1.619950705711301e-07
2.133834838382504e-07
2.819110235018409e-07
3.730314768951770e-07
4.943247367932643e-07
6.560286907282777e-07
8.714130805388966e-07
1.157870313445909e-06
1.539917588626281e-06
2.048826528052596e-06
2.727318377810060e-06
3.630826700053457e-06
4.834468155441394e-06
6.438239894750501e-06
8.574942367056796e-06
1.142254979625848e-05
1.521362450964302e-05
2.029142029529074e-05
2.702004093131635e-05
3.603643888220917e-05
4.797698603611322e-05
6.398139432678011e-05
8.510937030412643e-05
1.133136159214290e-04
1.508843843858727e-04
2.010006499146043e-04
2.676685784435547e-04
3.560446907749264e-04
4.742566474431253e-04
6.308109700804772e-04
8.390226605226454e-04
1.116634083899869e-03
1.480367401287117e-03
1.964315163403655e-03
2.601752913053876e-03
3.443469995406001e-03
4.547503214983809e-03
6.011957451667414e-03
7.926011302568054e-03
1.042751849833742e-02
1.368073827300416e-02
1.790869341743333e-02
2.337112951683415e-02
3.039773053610284e-02
3.935233111040229e-02
5.075199400784347e-02
6.513581986299957e-02
8.315233311193156e-02
1.055335358492223e-01
1.331137132908864e-01
1.667100903731796e-01
2.070760577983578e-01
2.546699030611618e-01
3.099196921144325e-01
3.725547411332223e-01
4.418746205740046e-01
5.165690427303247e-01
5.944997031205346e-01
6.729594339277791e-01
7.482275437919212e-01
8.166186260628820e-01
8.749901624613059e-01
9.212066393529135e-01
9.547587635869751e-01
9.767432801516532e-01
9.895195278070067e-01
9.960337700728347e-01
9.996598787998109e-01
###1.040000000000000e+01
4.844624149760527e-10
1.592538152882692e-10
-3.682429053470132e-10
5.545943882665660e-10
8.464406654307361e-10
3.630917045205900e-09
1.360762271177996e-09
1.627483116610069e-09
2.525396953501486e-09
2.248448796487461e-09
2.058177278281728e-09
2.912587997960828e-09
3.228719984292725e-09
3.680186891817973e-09
3.772010471444610e-09
4.805506807077769e-09
5.670474593400905e-09
6.434726777841295e-09
7.421624400952171e-09
8.670175216056033e-09
1.024366554756187e-08
1.229107009552813e-08
1.494339790932010e-08
1.836949184046522e-08
2.290212315332090e-08
2.880722988361733e-08
3.657954800609190e-08
4.685063757351798e-08
6.043861678300775e-08
7.842838993337688e-08
1.022877245903078e-07
1.340597329843820e-07
1.762226577915283e-07
2.322432955377017e-07
3.069755537399610e-07
4.064022109870939e-07
5.388656082552165e-07
7.154472958429739e-07
9.509747003121947e-07
1.264104575913887e-06
1.682090292930846e-06
2.239273724132760e-06
2.982619108734486e-06
3.973254406255255e-06
5.293719274558829e-06
7.054105221706201e-06
9.401604963464808e-06
1.253225738340708e-05
1.670180319325143e-05
2.229293752841842e-05
2.970580864167483e-05
3.964388842487185e-05
5.281872180621973e-05
7.048568451198551e-05
9.382136388882469e-05
1.250007737553396e-04
1.665497313723959e-04
2.219816999944936e-04
2.957476478563893e-04
3.935828596454291e-04
5.244662652513021e-04
6.978268646030051e-04
9.283865317667557e-04
1.235797656156729e-03
1.638454110000930e-03
2.173966527496753e-03
2.878972397854103e-03
3.809345106585438e-03
5.028670549295724e-03
6.644187498376214e-03
8.753221795608548e-03
1.150568779386338e-02
1.507893586141390e-02
1.971424662924991e-02
2.569052706021112e-02
3.335892378798428e-02
4.310366218926045e-02
5.547090209059205e-02
7.102589070448900e-02
9.042320794838452e-02
1.144204377910953e-01
1.438578959414397e-01
1.795210938367551e-01
2.221210249526564e-01
2.720311463460914e-01
3.295032066653178e-01
3.941584598871600e-01
4.650553816248026e-01
5.406531238186379e-01
6.186256668150021e-01
6.960968699600167e-01
7.693186287527907e-01
8.347264180302972e-01
8.894865647835782e-01
9.318918477000711e-01
9.619046484607794e-01
9.810016320815339e-01
9.917326082819780e-01
9.969889539175524e-01
9.997499698788628e-01
###1.080000000000000e+01
5.172081534911914e-10
1.976846498759798e-10
-3.309233032312115e-10
6.261535883317672e-10
8.946211350829607e-10
3.642218900716349e-09
1.435900345863446e-09
1.722406567930554e-09
2.601580954865389e-09
2.361636163670054e-09
2.222110640879373e-09
3.062353272321615e-09
3.404696756170496e-09
3.883530514890897e-09
4.049257399765046e-09
5.089446599150035e-09
5.997788530319097e-09
6.841001910856540e-09
7.914838358762735e-09
9.281759300634028e-09
1.099784076007933e-08
1.322761593886625e-08
1.611077330212684e-08
1.983920892088333e-08
2.476775141373809e-08
3.118269706892575e-08
3.964136505532626e-08
5.081847324856649e-08
6.560885269902941e-08
8.518309723495260e-08
1.111713882059612e-07
1.457872148383404e-07
1.917411781554527e-07
2.528323390483379e-07
3.343568998611762e-07
4.428778825589473e-07
5.876109030264358e-07
7.804849060519246e-07
1.038138194533388e-06
1.380497826993414e-06
1.838053969716598e-06
2.448277469329669e-06
3.263045419662638e-06
4.349560847002292e-06
5.798747789721956e-06
7.731799312313504e-06
1.031160044673448e-05
1.375458963352173e-05
1.834240486971091e-05
2.450018510138571e-05
3.266825882597535e-05
4.362391530985513e-05
5.816249700598807e-05
7.766532558918518e-05
1.034443852134755e-04
1.379053268963458e-04
1.838298020273768e-04
2.451444299413996e-04
3.267553975447856e-04
4.350106777402218e-04
5.798591201213375e-04
7.717349812666793e-04
1.026905164802004e-03
1.367041558302298e-03
1.812411846924792e-03
2.404395611080401e-03
3.183420053693918e-03
4.210559148170871e-03
5.555465807180999e-03
7.335352960166000e-03
9.655921153738282e-03
1.267958731488132e-02
1.659809733419210e-02
2.167127040524393e-02
2.819734314422882e-02
3.655036733959570e-02
4.713372002282613e-02
6.052283836943593e-02
7.730507273198836e-02
9.814566717853772e-02
1.238165450649333e-01
1.551568375029031e-01
1.929163357947422e-01
2.377524644467519e-01
2.899392759852094e-01
3.495618775638233e-01
4.160906167909850e-01
4.883598780230463e-01
5.646135741400848e-01
6.423299740360269e-01
7.185210120786992e-01
7.894340756833722e-01
8.516900671316316e-01
9.027847199971971e-01
9.414625206866098e-01
9.681307889131782e-01
9.845968030280285e-01
9.935342581995584e-01
9.977364448920537e-01
9.998186508744393e-01
###1.120000000000000e+01
5.410541388478741e-10
2.186237827789133e-10
-2.838217281646975e-10
6.575385072628609e-10
9.511769546157382e-10
3.654801602991438e-09
1.517552896261194e-09
1.828184784141791e-09
2.697316357412921e-09
2.491767509200757e-09
2.393247104074578e-09
3.222257413034669e-09
3.593211197330832e-09
4.100704242049170e-09
4.340706843791760e-09
5.391658584104004e-09
6.352622948450776e-09
7.277909002077758e-09
8.449499713019840e-09
9.938613657882335e-09
1.180628583355432e-08
1.423301731451987e-08
1.737031069488043e-08
2.142938414048489e-08
2.678500164494277e-08
3.375906268076555e-08
4.296085357091906e-08
5.512312401873292e-08
7.122909538880986e-08
9.253463533682507e-08
1.208512387027652e-07
1.585782906356477e-07
2.086704598768404e-07
2.753177493576280e-07
3.642893909185054e-07
4.827837029483107e-07
6.409495996609072e-07
8.517269746338533e-07
1.133655058885206e-06
1.508157237943886e-06
2.009205674136091e-06
2.677791038025826e-06
3.571142815256318e-06
4.763246862667483e-06
6.354164804733365e-06
8.477874595059676e-06
1.131382345878802e-05
1.510077189926526e-05
2.015079539862167e-05
2.693357258669200e-05
3.593570385869027e-05
4.801694176153520e-05
6.406075601336844e-05
8.559257029384034e-05
1.140659028931218e-04
1.521491189685648e-04
2.029083288948309e-04
2.707087464222935e-04
3.609718608053565e-04
4.807041286585113e-04
6.409273395945091e-04
8.531636858314231e-04
1.135370762749253e-03
1.511419950977375e-03
2.003578223869587e-03
2.657470067472190e-03
3.517250894719213e-03
4.649866258453665e-03
6.131261348048074e-03
8.089673966269303e-03
1.063937750659406e-02
1.395603912037688e-02
1.824642409722161e-02
2.378923900125763e-02
3.090272012046459e-02
3.998448097662451e-02
5.145569858836187e-02
6.592192618524975e-02
8.398903797434058e-02
1.063302142900768e-01
1.337296638363145e-01
1.670124642873123e-01
2.068942274977622e-01
2.539597537188245e-01
3.083713975678475e-01
3.700481700588225e-01
4.382929502981516e-01
5.117219273150109e-01
5.883702455748218e-01
6.655428922547211e-01
7.401633833886637e-01
8.085386956603072e-01
8.675051195201945e-01
9.149208469268136e-01
9.499848835593516e-01
9.735199087222546e-01
9.876087060382572e-01
9.949882849143157e-01
9.983157726721925e-01
9.998698739665661e-01
###1.160000000000000e+01
5.667880394339893e-10
2.532446357646271e-10
-2.411452330558348e-10
7.097664068552967e-10
1.010851080883476e-09
3.676053637038609e-09
1.605823503800426e-09
1.938362557530895e-09
2.804943438060424e-09
2.624856447910674e-09
2.576466915396404e-09
3.391506497868774e-09
3.793617496665895e-09
4.334640074671552e-09
4.645141058613833e-09
5.717807892415672e-09
6.732995562137129e-09
7.750232689052014e-09
9.023417092623383e-09
1.064506197398148e-08
1.267769017674815e-08
1.531690630654339e-08
1.872808825295728e-08
2.314601469011610e-08
2.896810821519228e-08
3.655132040406121e-08
4.656385901022761e-08
5.979734730814674e-08
7.733544149013132e-08
1.005460129760008e-07
1.313946147919822e-07
1.725211891164251e-07
2.271519900866361e-07
2.998784852101848e-07
3.969929802072087e-07
5.264373638333650e-07
6.993366710317383e-07
9.297629254131958e-07
1.238356171868057e-06
1.648233331083205e-06
2.197051512961970e-06
2.929852249661555e-06
3.909646158597511e-06
5.218002943479466e-06
6.965035751378542e-06
9.299128994571388e-06
1.241754468560463e-05
1.658470542660773e-05
2.214324021963183e-05
2.961753472353028e-05
3.954032277035956e-05
5.286370264613357e-05
7.056817724186091e-05
9.434049562718173e-05
1.257880582248009e-04
1.678708241729698e-04
2.239655488804795e-04
2.989089558187554e-04
3.987022999542048e-04
5.310760158833600e-04
7.082226093846859e-04
9.428135109766625e-04
1.254687839010477e-03
1.670128911554505e-03
2.213502477917640e-03
2.935057517866360e-03
3.882911764670464e-03
5.130387187622214e-03
6.760401679479604e-03
8.912134882260161e-03
1.170955235686501e-02
1.534193763614231e-02
2.003186289738826e-02
2.607752200381398e-02
3.381770770187111e-02
4.366789265472883e-02
5.608246515575461e-02
7.168004288026426e-02
9.108919603937639e-02
1.149875127225058e-01
1.441672961544975e-01
1.794305543355558e-01
2.214478345883518e-01
2.707240850836796e-01
3.272987719786738e-01
3.909199092092479e-01
4.607050214808524e-01
5.350691681359091e-01
6.118494918522298e-01
6.881905266140700e-01
7.609714387017961e-01
8.266021993876470e-01
8.821735147384809e-01
9.259320880812973e-01
9.575252495994616e-01
9.781500220343634e-01
9.901108535978534e-01
9.961506921538552e-01
9.987597380671575e-01
9.999083949224518e-01
###1.200000000000001e+01
5.907406181327939e-10
2.884084783301551e-10
-1.930479898142762e-10
7.585394536982496e-10
1.073453159193917e-09
3.695893356196403e-09
1.699029270283792e-09
2.055635619760977e-09
2.908445473626442e-09
2.767128044802734e-09
2.771793756478030e-09
3.577561719145034e-09
4.006815636189973e-09
4.585728501711170e-09
4.967369955328384e-09
6.064812049131111e-09
7.144311784235997e-09
8.254476090816226e-09
9.642020633276048e-09
1.140436699148861e-08
1.359198254966150e-08
1.648561569473256e-08
2.019340457409703e-08
2.499964809033228e-08
3.132949092613782e-08
3.957846208068252e-08
5.047035669541029e-08
6.487577250348993e-08
8.397809926410790e-08
1.092647781229221e-07
1.428830512144088e-07
1.877358052643384e-07
2.473314635328487e-07
3.267167967471630e-07
4.327645238843200e-07
5.742180241294265e-07
7.632673707482221e-07
1.015285750485095e-06
1.352817505137405e-06
1.801871931120446e-06
2.403291078983196e-06
3.206747646549244e-06
4.281791050695813e-06
5.718195541739286e-06
7.637374573359837e-06
1.020298996618655e-05
1.363288536273452e-05
1.821909772489906e-05
2.433948475019814e-05
3.257502583861379e-05
4.351482532313068e-05
5.820937935580143e-05
7.774470250355926e-05
1.039910366296950e-04
1.387142613928970e-04
1.852038871740799e-04
2.471828927438735e-04
3.299891519413031e-04
4.402653051099397e-04
5.865728185383326e-04
7.822960749838434e-04
1.041439967291614e-03
1.385827954258612e-03
1.844403748542414e-03
2.443817970967760e-03
3.239148915637498e-03
4.282977632140565e-03
5.655350496745108e-03
7.446436483548991e-03
9.807542899714767e-03
1.287207172703386e-02
1.684411866844156e-02
2.196247029354368e-02
2.854532454438538e-02
3.695192005805980e-02
4.761706332310835e-02
6.102636582292043e-02
7.781097677162058e-02
9.861769904253612e-02
1.241285097185421e-01
1.551328201496889e-01
1.924062242816548e-01
2.365659693134099e-01
2.880220938017630e-01
3.466788930550544e-01
4.121233643537849e-01
4.832701189137694e-01
5.583364834133853e-01
6.349680667013050e-01
7.102042976408455e-01
7.808952224000715e-01
8.436044482265599e-01
8.957110331531640e-01
9.358707952513765e-01
9.641511916242227e-01
9.820988318565822e-01
9.921724794866134e-01
9.970710864653930e-01
9.990964197246801e-01
9.999329413038149e-01
###1.240000000000001e+01
6.354191030731483e-10
3.237312149127019e-10
-1.477219910194412e-10
8.185946402633845e-10
1.142158636861590e-09
3.729234287201940e-09
1.799067570418664e-09
2.183051645100968e-09
3.022769445201410e-09
2.922536032551582e-09
2.972192720882478e-09
3.776257670980389e-09
4.236512960752823e-09
4.854142010239836e-09
5.308474591476060e-09
6.443434720256899e-09
7.586304419417400e-09
8.794949528720478e-09
1.030430505823842e-08
1.221797229207203e-08
1.453647059002546e-08
1.774361355719268e-08
2.177525522252384e-08
2.700513188361839e-08
3.388514538134986e-08
4.286855154196601e-08
5.470986362934505e-08
7.039602994891272e-08
9.119973872803170e-08
1.187603985561499e-07
1.554129728034279e-07
2.043357202089527e-07
2.693716064981423e-07
3.560484582878681e-07
4.718853698874439e-07
6.265002317156136e-07
8.332853172989018e-07
1.109025067712515e-06
1.478371042090031e-06
1.970553026896197e-06
2.629754813035171e-06
3.511033442255017e-06
4.690858837517114e-06
6.268207837207837e-06
8.377166251641558e-06
1.119791984939902e-05
1.497116691329747e-05
2.001958827615869e-05
2.676330611918292e-05
3.583581416402278e-05
4.789663151919676e-05
6.410175354819914e-05
8.565950947495741e-05
1.146291529456609e-04
1.529695605384171e-04
2.043141476575390e-04
2.727714538009641e-04
3.642437963009219e-04
4.860501013456976e-04
6.477568933125493e-04
8.637656284851239e-04
1.149820587191861e-03
1.529805897603321e-03
2.035553859641933e-03
2.696194883642260e-03
3.571874601657561e-03
4.720227892642727e-03
6.228181549055619e-03
8.193531670153081e-03
1.078108831406118e-02
1.413322761061711e-02
1.847036103316518e-02
2.404744887221412e-02
3.120332126747496e-02
4.031856702226924e-02
5.184722927254679e-02
6.630119076180192e-02
8.432743197433905e-02
1.065871731989470e-01
1.337596392029221e-01
1.666319320324241e-01
2.059383705725253e-01
2.522340355435708e-01
3.058285981636132e-01
3.664829894623979e-01
4.336063569944084e-01
5.059211004978816e-01
5.814455830020091e-01
6.576637644726305e-01
7.315199669287432e-01
7.998923989748451e-01
8.595344793429776e-01
9.081395457088935e-01
9.447792948526187e-01
9.699363589174694e-01
9.854393547253135e-01
9.938521282678932e-01
9.977851704252108e-01
9.993410793537243e-01
9.999736081674819e-01
###1.280000000000001e+01
7.161559826446023e-10
3.628896000865682e-10
-1.019391827898021e-10
8.751961811952140e-10
1.206032495878715e-09
3.771797000250109e-09
1.907102929667841e-09
2.314795082706089e-09
3.152388191047075e-09
3.091445937206036e-09
3.184053294836133e-09
3.989678512997910e-09
4.484996826363886e-09
5.143321456557491e-09
5.672929584497303e-09
6.847625594318537e-09
8.061492995384197e-09
9.376343990252308e-09
1.101530398527870e-08
1.309314730086886e-08
1.554084527808443e-08
1.909738573518783e-08
2.348164104978679e-08
2.917391602396739e-08
3.665410527634747e-08
4.643736565880277e-08
5.931316989002062e-08
7.639639005902743e-08
9.906123504412467e-08
1.291090905165707e-07
1.690740570702146e-07
2.224532875255327e-07
2.934464759973048e-07
3.881191900257331e-07
5.146966348677085e-07
6.837429374456454e-07
9.099984003210882e-07
1.211758801757282e-06
1.616134844216904e-06
2.155645463898478e-06
2.878430845972985e-06
3.845359233544249e-06
5.140658874208729e-06
6.873336358371606e-06
9.191133387797509e-06
1.229325830912712e-05
1.644493056124843e-05
2.200305116677981e-05
2.943395755467746e-05
3.942887447349162e-05
5.272538297559200e-05
7.058812064529736e-05
9.438300163838861e-05
1.263550295427461e-04
1.686812423461080e-04
2.253664353417847e-04
3.009535550069457e-04
4.019475264807220e-04
5.364334830574668e-04
7.150084222700401e-04
9.532973898026323e-04
1.268831726915541e-03
1.687754749598294e-03
2.245042007841616e-03
2.972357325746244e-03
3.935566553817464e-03
5.197418535272784e-03
6.852300646313262e-03
9.006282130556757e-03
1.183774999660183e-02
1.549960012623677e-02
2.022827050073431e-02
2.629540219883501e-02
3.406175968080471e-02
4.392813904647745e-02
5.636783143220752e-02
7.191884820098599e-02
9.124111400037166e-02
1.150067770646062e-01
1.438908926633042e-01
1.786622188299404e-01
2.200200578101157e-01
2.684361152041367e-01
3.241171243272109e-01
3.866680324093055e-01
4.553167690870278e-01
5.285927073639409e-01
6.043240423017029e-01
6.798616698525641e-01
7.520822712424805e-01
8.179311378020603e-01
8.743854119802726e-01
9.194886385083305e-01
9.527217044193249e-01
9.749524046789245e-01
9.882449003266185e-01
9.952131658204546e-01
9.983440805620023e-01
9.995282350682329e-01
9.999801319535502e-01
###1.320000000000001e+01
7.482113845799370e-10
3.992942942798673e-10
-4.317581145388006e-11
9.610090759040121e-10
1.286278012683761e-09
3.821333719049476e-09
2.024670287977045e-09
2.461149749118617e-09
3.296395164598397e-09
3.266120155146066e-09
3.405887429734379e-09
4.220272463046003e-09
4.747912301032215e-09
5.453884661296486e-09
6.058945689508282e-09
7.267879139422270e-09
8.573591089684285e-09
1.000226060931428e-08
1.178243041220934e-08
1.403670471719844e-08
1.672330248059580e-08
2.055843751329528e-08
2.532648090046550e-08
3.152187391576139e-08
3.965543158062602e-08
5.030323877168241e-08
6.431604087217657e-08
8.292015340117964e-08
1.076202848901042e-07
1.403847212569628e-07
1.839811228878531e-07
2.422363346966204e-07
3.197541818692625e-07
4.231819575667132e-07
5.615508874939507e-07
7.464502117295465e-07
9.940517806062682e-07
1.324432438279003e-06
1.767295705284160e-06
2.358852802891848e-06
3.151608303417723e-06
4.212670091326868e-06
5.635186151848991e-06
7.538736770400929e-06
1.008683331505331e-05
1.349896697620220e-05
1.806751394427892e-05
2.418736620516548e-05
3.237595550982862e-05
4.338871932468287e-05
5.804589224260749e-05
7.773738422558865e-05
1.039959356390032e-04
1.392746213219468e-04
1.859945463820739e-04
2.485516334541274e-04
3.319678897796393e-04
4.434273999577676e-04
5.918286976857856e-04
7.888952208872381e-04
1.051594424274188e-03
1.399373536168823e-03
1.860827876245391e-03
2.474312352719425e-03
3.274289921452065e-03
4.332578703299101e-03
5.717460139985545e-03
7.531514904747155e-03
9.889077124693457e-03
1.298341230138376e-02
1.697798053356524e-02
2.212559782915912e-02
2.871608782028318e-02
3.713100930033373e-02
4.779186470073322e-02
6.119216665566016e-02
7.789137708010635e-02
9.856386572293210e-02
1.238861437797803e-01
1.545274096649183e-01
1.912265330005716e-01
2.346405052063158e-01
2.851542921687418e-01
3.428592127175331e-01
4.071887446003104e-01
4.771950619210268e-01
5.512200879614566e-01
6.269069459679640e-01
7.014966483329255e-01
7.718409548863708e-01
8.349866588863023e-01
8.881645780715369e-01
9.297935695201387e-01
9.597591349266091e-01
9.792709292540817e-01
9.905836039036470e-01
9.963072862215581e-01
9.987776885113565e-01
9.996698327834024e-01
9.999922503756122e-01
###1.360000000000001e+01
7.638981297468476e-10
4.376574613705181e-10
9.767112370967844e-12
1.017955591564683e-09
1.353281021602776e-09
3.858552750438253e-09
2.128905840594609e-09
2.588313420307230e-09
3.425925383090238e-09
3.435042596038109e-09
3.612022089776543e-09
4.448268862929344e-09
5.015320169564671e-09
5.770616351628198e-09
6.452089368943653e-09
7.716226566046943e-09
9.106289696140829e-09
1.065857336550636e-08
1.258768717264998e-08
1.503581399098447e-08
1.798153696894315e-08
2.212024304335339e-08
2.729954518522527e-08
3.404446981107277e-08
4.288753293299127e-08
5.447924113951694e-08
6.973582118129841e-08
9.000256854276678e-08
1.169292372107886e-07
1.526716021220498e-07
2.002326002255856e-07
2.638328386729487e-07
3.485051987936350e-07
4.615381617659706e-07
6.128621584146130e-07
8.151293587618896e-07
1.086068890009038e-06
1.448011264906062e-06
1.933158352229749e-06
2.581924268609039e-06
3.451671678267193e-06
4.616598493377509e-06
6.178872827709405e-06
8.270568356313829e-06
1.107271462731222e-05
1.482598698709179e-05
1.985486095441601e-05
2.659284194181880e-05
3.561624783639403e-05
4.775065491638056e-05
6.390733906281639e-05
8.561216234357023e-05
1.145880032605435e-04
1.535023864460625e-04
2.050619779920588e-04
2.740586534530913e-04
3.660841144408206e-04
4.890260632932654e-04
6.527066737065153e-04
8.700187211898412e-04
1.159424447307307e-03
1.542461538948565e-03
2.050324470966089e-03
2.724997659351725e-03
3.603966857938945e-03
4.765564201295343e-03
6.283854090077625e-03
8.269828599769937e-03
1.084698110342070e-02
1.422417901218708e-02
1.857528336094482e-02
2.417108276320931e-02
3.131834872440942e-02
4.042086247976803e-02
5.192185424398248e-02
6.633193635602222e-02
8.423000538320458e-02
1.063050571878029e-01
1.332342895311921e-01
1.656697686986298e-01
2.043230179718196e-01
2.497928244574362e-01
3.023700146455921e-01
3.620087028294908e-01
4.279947289021683e-01
4.991811678979120e-01
5.737290039175981e-01
6.491220604998996e-01
7.225111207853788e-01
7.907533514366539e-01
8.510364634424816e-01
9.008851636563431e-01
9.391017465787745e-01
9.659553165769236e-01
9.829639079141882e-01
9.925171363369457e-01
9.971770873401172e-01
9.991066289676351e-01
9.997704692338522e-01
9.999922503756122e-01
###1.400000000000001e+01
7.863433979884212e-10
4.621957570871874e-10
5.197065383719929e-11
1.052367523216479e-09
1.392732459848955e-09
3.861467360300404e-09
2.183026917530929e-09
2.670788545263839e-09
3.508116527381625e-09
3.559968927455559e-09
3.784635756804703e-09
4.639297742832882e-09
5.247272149168245e-09
6.055685671012990e-09
6.821928117973826e-09
8.144021705556186e-09
9.661928988901535e-09
1.130877620839748e-08
1.339978117167299e-08
1.605349604402041e-08
1.928228585069940e-08
2.374928323210169e-08
2.938109869945207e-08
3.671706106742898e-08
4.633845097980105e-08
5.896048610191093e-08
7.559131997951557e-08
9.767719847647972e-08
1.270341855118363e-07
1.660392402835716e-07
2.179517180452710e-07
2.873873854229287e-07
3.798976393887212e-07
5.034756070150036e-07
6.689917093617541e-07
8.903693990445061e-07
1.186918995289487e-06
1.583577681663219e-06
2.115251364237789e-06
2.826997107101958e-06
3.781389610368740e-06
5.060528727769752e-06
6.776813045455211e-06
9.075727884499201e-06
1.215714007137323e-05
1.628713745526486e-05
2.182208792392661e-05
2.924196624503129e-05
3.918480158951096e-05
5.255281296148851e-05
7.036094356603188e-05
9.428711574604250e-05
1.262405171609367e-04
1.691584198651759e-04
2.260303894536868e-04
3.021133562144677e-04
4.035907509515365e-04
5.391237604499516e-04
7.195211248021341e-04
9.589777180758910e-04
1.277621907957483e-03
1.699127343958575e-03
2.257621126787150e-03
2.998929569828240e-03
3.963611336232625e-03
5.237337889822501e-03
6.899718028771093e-03
9.071389191376535e-03
1.188500227310771e-02
1.556552823653515e-02
2.029863019561887e-02
2.637243487925863e-02
3.411192764274115e-02
4.394323464249903e-02
5.632968849486058e-02
7.180012895677867e-02
9.094838948535398e-02
1.144796384254456e-01
1.430582814195403e-01
1.773232831165791e-01
2.179473326916587e-01
2.654574942258676e-01
3.200510462526411e-01
3.815421106975124e-01
4.490433207738750e-01
5.212201977207686e-01
5.960590689636486e-01
6.709032658395682e-01
7.428425005792325e-01
8.087826422992771e-01
8.660781895911286e-01
9.125707423252216e-01
9.474603213821107e-01
9.713755376470191e-01
9.860982138052283e-01
9.941009702243657e-01
9.978610448823970e-01
9.993526496818366e-01
9.998411137062212e-01
9.999922503756122e-01
###1.440000000000001e+01
8.101416260359634e-10
4.982755150450689e-10
8.903645031828558e-11
1.090773011264034e-09
1.442019838361559e-09
3.869645422942361e-09
2.245807832757647e-09
2.758567572077773e-09
3.597114754801228e-09
3.690725601113242e-09
3.960596774188829e-09
4.835050465357689e-09
5.492355172379465e-09
6.353666216597261e-09
7.205905324823017e-09
8.596616795507821e-09
1.021071159014444e-08
1.200081794998027e-08
1.426658440369700e-08
1.714086977694850e-08
2.067387844473645e-08
2.550076755904927e-08
3.162404004228045e-08
3.960179409505958e-08
5.007000425554752e-08
6.381513037350916e-08
8.194465586242785e-08
1.060266239706879e-07
1.380366058607996e-07
1.806085670973535e-07
2.372776267755858e-07
3.131183552310518e-07
4.142239053646885e-07
5.493659912472866e-07
7.304284874441242e-07
9.727514915102911e-07
1.297459728477460e-06
1.732216104959837e-06
2.315138105595736e-06
3.096111822766928e-06
4.143738820732373e-06
5.548614087512129e-06
7.434058305523595e-06
9.961391765263476e-06
1.335035408255579e-05
1.789484975222765e-05
2.398747963759690e-05
3.215873456354144e-05
4.311273292032732e-05
5.784032677773682e-05
7.746516013191011e-05
1.038323839188503e-04
1.390619668836418e-04
1.863795255826694e-04
2.490949465102336e-04
3.329518230549204e-04
4.447845658547403e-04
5.941133510027969e-04
7.928117629385393e-04
1.056476481986956e-03
1.407006229009689e-03
1.870471063565282e-03
2.484026092416003e-03
3.297799218831849e-03
4.355505922821321e-03
5.750602150576167e-03
7.568871718565001e-03
9.940525015894411e-03
1.300835362185733e-02
1.701464099374291e-02
2.215585525658854e-02
2.873908241370989e-02
3.710708612941299e-02
4.770873708407713e-02
6.102689101219327e-02
7.760635896392869e-02
9.805841481541284e-02
1.230909415757205e-01
1.533627445245830e-01
1.894888753115468e-01
2.320920212874132e-01
2.816252726539464e-01
3.381773244066104e-01
4.014159501881486e-01
4.702777808604880e-01
5.432468095059390e-01
6.181380806816684e-01
6.921907155507185e-01
7.624430264463891e-01
8.258968115029423e-01
8.801054287771365e-01
9.232507729178244e-01
9.549198320183727e-01
9.760844371061558e-01
9.887374489372834e-01
9.953875701857694e-01
9.983941685226556e-01
9.995354340828058e-01
9.998910079307743e-01
9.999922503756122e-01
###1.480000000000001e+01
8.315821920905655e-10
5.203008937403189e-10
1.279732693664205e-10
1.099311043571199e-09
1.494581230514491e-09
3.880902596446178e-09
2.317202909491974e-09
2.844876477527874e-09
3.691342382317130e-09
3.832791611814249e-09
4.123484045080792e-09
5.042927886795590e-09
5.738159143127412e-09
6.669967731475841e-09
7.606360584868264e-09
9.073522266336840e-09
1.079537995880954e-08
1.273985597371473e-08
1.519330271821853e-08
1.830695690867013e-08
2.216525639120699e-08
2.738721898420954e-08
3.404240909315297e-08
4.271973789032253e-08
5.410974416924453e-08
6.907914670299352e-08
8.884313559327822e-08
1.151006636510289e-07
1.500208413874906e-07
1.964927061287408e-07
2.583755290534010e-07
3.412191871059870e-07
4.517554673452463e-07
5.995854128432240e-07
7.977115808431917e-07
1.063048188301003e-06
1.418683198411573e-06
1.895362077130438e-06
2.534623732039284e-06
3.391649748325581e-06
4.541581471166812e-06
6.084976453791901e-06
8.156815278722375e-06
1.093545157492002e-05
1.466318629204098e-05
1.966392347510531e-05
2.637002525018166e-05
3.536752270999910e-05
4.743140000507338e-05
6.365757460953919e-05
8.528294716229957e-05
1.143332415925173e-04
1.531635341801606e-04
2.053152958903976e-04
2.744330262910905e-04
3.668137537430475e-04
4.899913522392118e-04
6.544390306429473e-04
8.731539619299551e-04
1.163244967349549e-03
1.548582246824275e-03
2.057735364907255e-03
2.731224383450338e-03
3.623536264025470e-03
4.782098271657503e-03
6.308311643563570e-03
8.294742627805255e-03
1.088188406034136e-02
1.422252610741388e-02
1.857697112708074e-02
2.415425163093765e-02
3.127903485200795e-02
4.031327420521075e-02
5.172832205260428e-02
6.602428773051497e-02
8.376285418337616e-02
1.055682378890662e-01
1.321495635702485e-01
1.641559084960509e-01
2.021599264379633e-01
2.467460693318888e-01
2.982768828592705e-01
3.567181295822278e-01
4.215885150203151e-01
4.916469822617841e-01
5.652009337815720e-01
6.399113145326772e-01
7.129246102698803e-01
7.812713437094370e-01
8.420709638934649e-01
8.931274438742230e-01
9.329600272275533e-01
9.615419251922160e-01
9.801477959947331e-01
9.909422807048230e-01
9.964233518491450e-01
9.988050058529941e-01
9.996695059098616e-01
9.999257067225740e-01
9.999922503756122e-01
###1.520000000000001e+01
8.621592709697159e-10
5.420508600683694e-10
1.689270495159089e-10
1.143292231801485e-09
1.546669150311191e-09
3.894525434377041e-09
2.388817095960081e-09
2.933932071684537e-09
3.795170221138549e-09
3.974203353344219e-09
4.316902644040951e-09
5.264732202773916e-09
6.008111053721000e-09
7.007230278855705e-09
8.028263171040291e-09
9.594504002486339e-09
1.141889160428911e-08
1.352601768925153e-08
1.618303968947116e-08
1.955671007198307e-08
2.376505447823221e-08
2.941705616616170e-08
3.665076135835355e-08
4.609102136701818e-08
5.848658503696304e-08
7.479184303603882e-08
9.634085635027796e-08
1.249757321777830e-07
1.630738973353504e-07
2.138129818322135e-07
2.814150848408515e-07
3.719414054857464e-07
4.927915547142740e-07
6.545315193785773e-07
8.714206950511295e-07
1.162033392331719e-06
1.551657538017447e-06
2.074308527582589e-06
2.775547514432510e-06
3.716302582529745e-06
4.978842641725237e-06
6.674415962103879e-06
8.951659742019611e-06
1.200653304299062e-05
1.610718434808503e-05
2.160972371558217e-05
2.899114704772431e-05
3.889748112976870e-05
5.217931296438030e-05
7.004826761374054e-05
9.387900440077894e-05
1.258827540658881e-04
1.686580156196948e-04
2.261225441200785e-04
3.022602372004115e-04
4.039818319971377e-04
5.395864395203844e-04
7.205536367644212e-04
9.611293788079864e-04
1.280063582590610e-03
1.703328868114502e-03
2.262200885319649e-03
3.000694224600749e-03
3.978276074469730e-03
5.245969332054973e-03
6.913485871030732e-03
9.081587333601903e-03
1.190030923854555e-02
1.553336058352859e-02
2.026034301957641e-02
2.630185203455646e-02
3.400167205614836e-02
4.374052403544284e-02
5.601223105442933e-02
7.133330868378764e-02
9.028137965644330e-02
1.134874032001845e-01
1.416609601064728e-01
1.754353828322355e-01
2.153390517555384e-01
2.618995471169632e-01
3.153881564844082e-01
3.756389858287290e-01
4.420103081767324e-01
5.130900593570893e-01
5.870178507888506e-01
6.613119746150294e-01
7.330475062135037e-01
7.992824060948885e-01
8.572953318829803e-01
9.051555738198871e-01
9.417365781910942e-01
9.673788781518086e-01
9.836303087730326e-01
9.927706006162307e-01
9.972499059304664e-01
9.991190665813310e-01
9.997671707550950e-01
9.999497560557744e-01
9.999922503756122e-01
###1.560000000000001e+01
8.833174849795163e-10
5.443945027142069e-10
2.170053203277383e-10
1.168300118414042e-09
1.598245700609824e-09
3.895528458469089e-09
2.464409224747107e-09
3.023488503124779e-09
3.899195415489917e-09
4.125482436186002e-09
4.517000982503566e-09
5.493561139141719e-09
6.293170688850777e-09
7.356559448683204e-09
8.473774453922291e-09
1.013101248189466e-08
1.208362491054274e-08
1.436480356605718e-08
1.724022116278228e-08
2.089632525513099e-08
2.548197827520037e-08
3.160302644172526e-08
3.946677540129181e-08
4.973431993879045e-08
6.322683291003547e-08
8.098993672775561e-08
1.044888179097224e-07
1.357252043681725e-07
1.772984469078883e-07
2.327112161687622e-07
3.065731646343730e-07
4.055107053418177e-07
5.377095696733020e-07
7.146895347337194e-07
9.521754243528889e-07
1.270498323239717e-06
1.697602302505000e-06
2.270761639920550e-06
3.040051494327209e-06
4.072735422688621e-06
5.459283230886768e-06
7.322106883557387e-06
9.825369465535697e-06
1.318511049650231e-05
1.769589418141359e-05
2.375106407474264e-05
3.187418757489886e-05
4.277964279476133e-05
5.740372834071549e-05
7.707430435022901e-05
1.033311107603349e-04
1.385751910770709e-04
1.856865377642417e-04
2.489688213274887e-04
3.327985067443184e-04
4.447475795207586e-04
5.939247554152006e-04
7.929622068938063e-04
1.057403989348806e-03
1.407719578465339e-03
1.872253034541464e-03
2.485111270161207e-03
3.294246130656295e-03
4.363595436891248e-03
5.749744356452697e-03
7.569535499534626e-03
9.933329455160641e-03
1.300062571783817e-02
1.694960053619699e-02
2.207175607738375e-02
2.860696279909811e-02
3.691609159865821e-02
4.739948705637227e-02
6.057169538962905e-02
7.696588222419838e-02
9.717316978692903e-02
1.218254766282324e-01
1.516334210521603e-01
1.872036859765508e-01
2.290186276681048e-01
2.775368276755143e-01
3.329339974338146e-01
3.948985807436892e-01
4.626350709623581e-01
5.345530414857435e-01
6.086378654913773e-01
6.822791926923835e-01
7.525062641672221e-01
8.164520515040320e-01
8.715659033709346e-01
9.162116437156250e-01
9.496298034687912e-01
9.724968260461316e-01
9.865933880117895e-01
9.942743793256086e-01
9.979039256220574e-01
9.993566671081140e-01
9.998374940528982e-01
9.999661952168966e-01
9.999922503756122e-01
