# NLO BK equation solver 0.0-dev build  (build Feb 16 2026 17:52:53)
# Initial condition: MV model, Q_s0^2 = 0.00712887 GeV^2, \gamma = 1, coefficient of E inside Log is 1, x0=0.01, \Lambda_QCD = 0.241 GeV
# # LO Kernel RC:  Balitsky. NLO Kernel RC:  smallest dipole
# Nc=3, Nf=4
# Using RungeKutta method in K1
# Resumming double log
# Resumming single log, K_sub=0.65 resum rc: smallest
# BK K1 integration relative accuracy: 0.02# NLO BK as^2 terms: MC integration method: Vegas, points=1000000
# Kinematical constraint: none
# Target kinematical constraint: disabled

###1.000000000000000e-05
###1.160836920850890e+00
###100
###1.000000000000000e+00
###0.000000000000000e+00
2.305457873277262e-12
3.070884416023607e-12
4.089880983399289e-12
5.446247681363604e-12
7.251405175658473e-12
9.653471476946660e-12
1.284931169774294e-11
1.710053090576892e-11
2.275469542648463e-11
3.027348510974833e-11
4.027003095016411e-11
5.355842228789076e-11
7.121933265841481e-11
9.468698840234678e-11
1.258643884698372e-10
1.672759079420615e-10
2.222693533923875e-10
2.952834112585773e-10
3.922015379425514e-10
5.208200726981779e-10
6.914672240140642e-10
9.178212596601730e-10
1.217991601698413e-09
1.615946746058238e-09
2.143399504624865e-09
2.842294985331155e-09
3.768092569370921e-09
4.994093292504899e-09
6.617142896671134e-09
8.765144132498536e-09
1.160694714049945e-08
1.536536364252109e-08
2.033428186496066e-08
2.690116097375845e-08
3.557657755020006e-08
4.703300972772869e-08
6.215571249962294e-08
8.210940611734235e-08
1.084256272892694e-07
1.431170556970407e-07
1.888270231873141e-07
2.490248640620138e-07
3.282609308330568e-07
4.324991828747870e-07
5.695505128524005e-07
7.496367341204666e-07
9.861238249170510e-07
1.296474134538277e-06
1.703481461503693e-06
2.236871043116367e-06
2.935369591729314e-06
3.849379883555172e-06
5.044431692739223e-06
6.605628128452689e-06
8.643366270146965e-06
1.130062282850286e-05
1.476259310140282e-05
1.926849073496939e-05
2.512716304581275e-05
3.273679526660800e-05
4.261010779571528e-05
5.540648850510532e-05
7.197294409433397e-05
9.339627768190084e-05
1.210695817547291e-04
1.567770319256256e-04
2.028021551773174e-04
2.620663340461293e-04
3.383064443867045e-04
4.363034130644428e-04
5.621774000618140e-04
7.237706278987455e-04
9.311460895358170e-04
1.197240100680452e-03
1.538719738623961e-03
1.977113654034413e-03
2.540307824879351e-03
3.264528079680140e-03
4.196970447037596e-03
5.399290565208492e-03
6.952226419430274e-03
8.961705831455502e-03
1.156688080463264e-02
1.495063015613785e-02
1.935316619785965e-02
2.508944003802971e-02
3.257100194352947e-02
4.233272249242015e-02
5.506411048506676e-02
7.164352477088198e-02
9.317081188763976e-02
1.209889988833511e-01
1.566776289266695e-01
2.019883474581814e-01
2.586780231425696e-01
3.281807605577849e-01
4.110615667890607e-01
5.062406759461671e-01
6.101139366537118e-01
7.159546628474475e-01
###4.000000000000000e-01
6.505388637083537e-11
-6.018261354924485e-12
2.811789052712195e-11
1.973123160081472e-11
-1.071982369531886e-11
-1.803849056940638e-09
2.695856911161396e-11
4.394870201957293e-11
1.048806738098631e-11
3.235241422436021e-11
9.334315302337351e-10
8.659210550986322e-11
1.050891074068367e-10
1.150106144791461e-10
1.461137264895776e-10
1.843824960491065e-10
2.382278210527222e-10
3.221912848079852e-10
4.249710650102893e-10
5.638296392109233e-10
7.481037368860861e-10
9.947015584866019e-10
1.316331492718179e-09
1.745165755905681e-09
2.311364870216110e-09
3.065463523467978e-09
4.065070697221848e-09
5.387817130421090e-09
7.142312645803447e-09
9.460445823071161e-09
1.253167376706038e-08
1.659416238314162e-08
2.196664141337409e-08
2.906506584210603e-08
3.844930921591689e-08
5.084468023728975e-08
6.721176714352627e-08
8.881671893669335e-08
1.173149324347795e-07
1.548964031130285e-07
2.044297979134068e-07
2.696812405207379e-07
3.556079328799552e-07
4.686781750500539e-07
6.173813304364733e-07
8.128415269897247e-07
1.069586938864875e-06
1.406665798308685e-06
1.848662948835143e-06
2.428875341099426e-06
3.188391731318241e-06
4.183529075155034e-06
5.483765700840874e-06
7.185885778616907e-06
9.404557589653150e-06
1.230022263139330e-05
1.607453208593980e-05
2.099330188819543e-05
2.739245906636783e-05
3.570258859824091e-05
4.651148000559718e-05
6.051916918820979e-05
7.868147430608710e-05
1.021867292978886e-04
1.325935115060236e-04
1.718998709089792e-04
2.225886847408342e-04
2.879779047672928e-04
3.721896452631369e-04
4.809363970995932e-04
6.207857941882915e-04
8.008336011558862e-04
1.032397649590533e-03
1.330596915011294e-03
1.714347083167206e-03
2.208613262604768e-03
2.845133135362863e-03
3.667388762251880e-03
4.729012649779741e-03
6.102828838449521e-03
7.885459074128829e-03
1.019553725926002e-02
1.321047338029262e-02
1.713581411507405e-02
2.225644720634883e-02
2.894849776055105e-02
3.768387246622477e-02
4.906575150275474e-02
6.392223515576055e-02
8.325837607136119e-02
1.083753728996771e-01
1.407273338697739e-01
1.820341178189882e-01
2.340294030920771e-01
2.984507131840109e-01
3.764397309271794e-01
4.688336921561854e-01
5.758578436213445e-01
7.050999229452075e-01
9.549630763254775e-01
###8.000000000000000e-01
5.672227347731066e-11
-7.940472791198637e-12
4.322881076582205e-11
7.679653695685910e-11
-2.215684096930671e-11
-1.800093563873897e-09
5.911966597802901e-11
1.012383017290217e-11
4.118295430596502e-11
4.506482911235707e-11
8.963010309507380e-10
9.778613935300926e-11
1.399758393252119e-10
1.314946253410425e-10
1.658181561978575e-10
2.088763356221185e-10
2.600889121870104e-10
3.697660894474452e-10
4.623622122494441e-10
6.078471204630947e-10
8.105850141399563e-10
1.081720143760799e-09
1.425479430507708e-09
1.885519786956338e-09
2.495631605128127e-09
3.308737695439918e-09
4.392360376943357e-09
5.816630494362307e-09
7.712117268199269e-09
1.021535001679228e-08
1.353345523128302e-08
1.792834198180895e-08
2.373616519366210e-08
3.141542797196081e-08
4.156742208544676e-08
5.498998993929348e-08
7.269979368627088e-08
9.610379901269451e-08
1.269769176466626e-07
1.677044011768616e-07
2.214031865730988e-07
2.921621998791465e-07
3.853758684630803e-07
5.080782199909526e-07
6.694878101274777e-07
8.817337687088657e-07
1.160589095133819e-06
1.526907486131125e-06
2.006958368021185e-06
2.638521984806613e-06
3.464923041254558e-06
4.548280116520088e-06
5.964584823801527e-06
7.821065294796176e-06
1.023895561634020e-05
1.339682448552227e-05
1.751571485017350e-05
2.288990989816874e-05
2.988524441322728e-05
3.897722751479941e-05
5.081599490591933e-05
6.616924210538900e-05
8.610547371606406e-05
1.119312770406524e-04
1.453938802700991e-04
1.887222724170431e-04
2.446511941866336e-04
3.169369784698735e-04
4.101602064963021e-04
5.310319069788541e-04
6.867323269011858e-04
8.877662545779951e-04
1.146897283019544e-03
1.481687001867341e-03
1.913833458506952e-03
2.472169323551773e-03
3.193005965894736e-03
4.127754647435164e-03
5.338018054982436e-03
6.909184959823801e-03
8.953676395280460e-03
1.161251758143297e-02
1.509414969055041e-02
1.963868985019865e-02
2.557358380153889e-02
3.334370494053041e-02
4.348238286765853e-02
5.666676373444869e-02
7.385314549631410e-02
9.616608445390823e-02
1.250350779066766e-01
1.619873518862065e-01
2.087350935240357e-01
2.668564566919907e-01
3.377300680584348e-01
4.218462248158423e-01
5.190252426089669e-01
6.276967555260704e-01
7.505753668683623e-01
9.623016915408449e-01
###1.200000000000000e+00
1.006816394822746e-10
-3.231371808854825e-11
4.133726112970054e-11
5.225740034679963e-11
-1.457453820028357e-11
-1.824118050513328e-09
8.325059484629642e-11
1.736213391027662e-11
5.587141881010579e-11
4.281948860732074e-11
8.763634757542307e-10
1.190263181240442e-10
1.551663266069564e-10
1.558861012742335e-10
1.810155000334561e-10
2.352136535531553e-10
3.007827607216389e-10
4.007251663431688e-10
5.049900031770924e-10
6.690783082408379e-10
8.837955749420783e-10
1.178341602216881e-09
1.545083371653689e-09
2.036501834769179e-09
2.691781345496363e-09
3.574447530922515e-09
4.746666756660494e-09
6.283819186217765e-09
8.331125476878225e-09
1.103420900877598e-08
1.462224672136709e-08
1.937704802550110e-08
2.565720742465949e-08
3.396871662662023e-08
4.495218352218845e-08
5.948501364020497e-08
7.866393773397322e-08
1.040201749369505e-07
1.374775070668149e-07
1.816284499207522e-07
2.398602162677790e-07
3.166142462957465e-07
4.177673191986803e-07
5.509837114488566e-07
7.262465080072406e-07
9.568077144668644e-07
1.259835193383928e-06
1.658066088989790e-06
2.179840424985229e-06
2.867471264281395e-06
3.767156097739575e-06
4.947157690676635e-06
6.490801322984634e-06
8.516715456899725e-06
1.115357390142617e-05
1.460030314504336e-05
1.909905843176688e-05
2.497507895926540e-05
3.262967091284617e-05
4.258517770056333e-05
5.556634095548057e-05
7.241494711186794e-05
9.432381085137890e-05
1.227401463369845e-04
1.596090910258227e-04
2.074196729366669e-04
2.692487940319916e-04
3.492932459419425e-04
4.527051496638448e-04
5.872475739607977e-04
7.611018541880778e-04
9.856867940067015e-04
1.276161538365593e-03
1.652562004928211e-03
2.139824080789941e-03
2.769854523850821e-03
3.588361219170489e-03
4.651559623624900e-03
6.031586127804403e-03
7.827620549379093e-03
1.017150007807386e-02
1.322600736716591e-02
1.723325456028669e-02
2.247638108929310e-02
2.932321494578975e-02
3.828870744472182e-02
4.996824732841080e-02
6.511441002455740e-02
8.479609456394306e-02
1.102281095569129e-01
1.429160174337009e-01
1.843900847999490e-01
2.362084769374267e-01
2.997220415507469e-01
3.756625995881813e-01
4.636901253590564e-01
5.623201158220069e-01
6.683306215493307e-01
7.822342907044121e-01
9.675767921275400e-01
###1.600000000000000e+00
1.595345124383885e-10
3.492944185092869e-13
6.813844901019775e-11
5.600290819820679e-11
8.128301565180248e-12
-1.828686674520284e-09
8.741956747946994e-11
3.320371729191634e-11
8.224880569715783e-11
9.643698202676985e-11
8.359621981120138e-10
1.489467246629130e-10
1.588697247616992e-10
1.735320119243543e-10
2.010312813099895e-10
2.623374163994701e-10
3.257049380562942e-10
4.386072779452073e-10
5.524489365990767e-10
7.272808959356258e-10
9.601232193616191e-10
1.277628311243136e-09
1.670310106098854e-09
2.204534657642223e-09
2.908432139212353e-09
3.862056305061797e-09
5.127213275632727e-09
6.790277767615261e-09
9.002100458313526e-09
1.192445052080773e-08
1.580430484192731e-08
2.094598680586743e-08
2.774053533168312e-08
3.673626096788425e-08
4.862912485619093e-08
6.436573052977200e-08
8.514375130993869e-08
1.126225241064544e-07
1.488921284158037e-07
1.967734246704435e-07
2.599391553801428e-07
3.432286772932545e-07
4.530356358986117e-07
5.977154443704211e-07
7.881074664459798e-07
1.038647955942017e-06
1.368089256295369e-06
1.801235363492802e-06
2.368691905361913e-06
3.117714963714931e-06
4.097560561527857e-06
5.384267492052416e-06
7.067035935746640e-06
9.278635939322505e-06
1.215608796979028e-05
1.592165195689995e-05
2.084071063397153e-05
2.726991941722139e-05
3.565377303096316e-05
4.656136024701737e-05
6.081341500030185e-05
7.932493823185956e-05
1.034415896481711e-04
1.347652807271093e-04
1.754173267360312e-04
2.282641679953416e-04
2.967000085942814e-04
3.854653964794771e-04
5.003775099886650e-04
6.503367800410062e-04
8.444849397813314e-04
1.095959634702373e-03
1.421967082259733e-03
1.845592828812903e-03
2.395368339414670e-03
3.106940270272889e-03
4.036313458570627e-03
5.245441128546404e-03
6.818167600770724e-03
8.868700755631722e-03
1.155153025439354e-02
1.505195407970563e-02
1.965263188740735e-02
2.566740436130476e-02
3.352507901182513e-02
4.379837106227021e-02
5.714114059303711e-02
7.440195425004992e-02
9.670655524454232e-02
1.253535076004319e-01
1.618659027599494e-01
2.077040856487525e-01
2.642015062605264e-01
3.323394563419099e-01
4.121684052481840e-01
5.024821130041168e-01
6.007411123567871e-01
7.027703982040511e-01
8.081678523368904e-01
9.718965690560849e-01
###2.000000000000000e+00
1.605407409038902e-10
3.484616338995105e-11
8.316124010106881e-11
5.436341723830003e-11
2.110063997162236e-11
-1.833436476258896e-09
8.194514008499114e-11
3.461347678438696e-11
9.137959024789532e-11
9.672280396984276e-11
8.086295270587814e-10
1.663777922659223e-10
1.756116072653221e-10
1.961984409938343e-10
2.341421306573247e-10
2.711886459852012e-10
3.585039775642009e-10
4.804968711368161e-10
6.001179363258049e-10
7.890490010167507e-10
1.047883272081457e-09
1.381914931185286e-09
1.807998871403523e-09
2.382166059196153e-09
3.146868400286798e-09
4.171398511409628e-09
5.538756997716453e-09
7.339245763345866e-09
9.731638490929458e-09
1.288919070635315e-08
1.708558511288919e-08
2.265028759069181e-08
3.000267288299610e-08
3.974258305639311e-08
5.262149632073396e-08
6.966707561765410e-08
9.218512294439137e-08
1.219742274303119e-07
1.613027314525853e-07
2.132417585829880e-07
2.817893363355371e-07
3.722044425939090e-07
4.914544519344305e-07
6.486093927428128e-07
8.555267997872564e-07
1.127915004061039e-06
1.486240127816921e-06
1.957554431674620e-06
2.575092800664450e-06
3.391252180973510e-06
4.459043774421999e-06
5.862833700234272e-06
7.698553694963356e-06
1.011401874982847e-05
1.325614503012008e-05
1.737300384962204e-05
2.275222567936043e-05
2.979686721876714e-05
3.898770161654755e-05
5.095209365220435e-05
6.661892468545789e-05
8.697651441154312e-05
1.135498920724496e-04
1.481478046439580e-04
1.929970427487599e-04
2.514868372814119e-04
3.273365962840108e-04
4.259010311087542e-04
5.537612807010751e-04
7.210944938356484e-04
9.380801589270534e-04
1.219993850315410e-03
1.586205853291548e-03
2.063312196412254e-03
2.683761723296616e-03
3.487970155700439e-03
4.542644314373698e-03
5.916672694999126e-03
7.706952439413267e-03
1.004499824441562e-02
1.310551010496936e-02
1.710648304135568e-02
2.236399310608046e-02
2.923433752694848e-02
3.819638372503863e-02
4.988987245977743e-02
6.501894467664192e-02
8.451424661947438e-02
1.095495595729890e-01
1.414679454902751e-01
1.817630013669368e-01
2.317722984215136e-01
2.925428864135147e-01
3.646045474425981e-01
4.473609565644725e-01
5.388294492819763e-01
6.356916420801163e-01
7.332810456410895e-01
8.307142172510379e-01
9.756337836233120e-01
###2.400000000000000e+00
1.283240049844686e-10
2.104758633353168e-11
3.463727529124985e-11
4.397878882585854e-11
-5.622599225557603e-11
-1.833091218484218e-09
1.025388792758313e-10
3.083511085831271e-11
9.090202577427523e-11
1.151717627546021e-10
7.918560869485044e-10
1.958011605569368e-10
1.949567787998109e-10
2.191593758898561e-10
2.513181092445434e-10
3.018553783119705e-10
3.956930658061722e-10
5.164892948952103e-10
6.547236191039774e-10
8.584947722438079e-10
1.129985191027104e-09
1.496344670235004e-09
1.962266518472539e-09
2.584385614228719e-09
3.402213015521747e-09
4.512284520746820e-09
5.985981552546645e-09
7.932937083861300e-09
1.051881878497662e-08
1.393574971179134e-08
1.847606203316123e-08
2.449528267919456e-08
3.245663348793517e-08
4.300508649317521e-08
5.695740549928057e-08
7.542809416233362e-08
9.983533784215132e-08
1.321391159941869e-07
1.747989056933643e-07
2.311581782285165e-07
3.055702405504208e-07
4.037503509767606e-07
5.332956819381576e-07
7.040615641408267e-07
9.290370310284872e-07
1.225292707555712e-06
1.615185275286631e-06
2.128273336429390e-06
2.800702491451492e-06
3.690390350216177e-06
4.854711838887748e-06
6.386919570497012e-06
8.390758166504652e-06
1.103039401944829e-05
1.446418900429339e-05
1.896794721572995e-05
2.485107186498823e-05
3.258056614756306e-05
4.266528064558044e-05
5.580302281648147e-05
7.304806282414764e-05
9.545309579550287e-05
1.247506719095621e-04
1.630041092973725e-04
2.125712592804862e-04
2.773681531507520e-04
3.615372399221084e-04
4.711314544953546e-04
6.135637442630281e-04
8.004492684728261e-04
1.043186741775027e-03
1.359433317325953e-03
1.771046853025721e-03
2.308432390205053e-03
3.008763606117312e-03
3.917809316108554e-03
5.113370956596968e-03
6.673037703344132e-03
8.707756527849152e-03
1.136795287688052e-02
1.484978929175657e-02
1.940556200148223e-02
2.538191201231486e-02
3.319434801440432e-02
4.335777484672361e-02
5.657750709721844e-02
7.360678858800944e-02
9.544393767446742e-02
1.232951722384229e-01
1.585109790030264e-01
2.025210815297372e-01
2.564847252794886e-01
3.211267458157548e-01
3.965041308392298e-01
4.813962873090221e-01
5.731861467071796e-01
6.679962700343435e-01
7.609328196213189e-01
8.508100184986834e-01
9.788974581067662e-01
###2.800000000000000e+00
1.562095068477440e-10
-9.845835110383871e-12
4.310109337721524e-11
4.371149058088606e-11
-6.854706766568650e-11
-1.837114397897688e-09
9.685695215218861e-11
2.743441420870012e-11
9.316603150293471e-11
1.142362898970004e-10
7.659877713767696e-10
2.103600925586815e-10
2.141814368786102e-10
2.441051872803892e-10
2.723104250574463e-10
3.326841429229351e-10
4.402773976299884e-10
5.585333684776725e-10
7.140724396195534e-10
9.304482678405342e-10
1.226824996725515e-09
1.619640264535822e-09
2.128019183118523e-09
2.794929615227723e-09
3.686493443935506e-09
4.879100010837961e-09
6.471497944863438e-09
8.576969595898019e-09
1.137070069156631e-08
1.507043914824836e-08
1.998629759383685e-08
2.652439220514320e-08
3.512392852360871e-08
4.654903691684413e-08
6.166786610706029e-08
8.168783126306718e-08
1.081535074451892e-07
1.431956470472110e-07
1.894837110417377e-07
2.506524313403575e-07
3.314613496787427e-07
4.381120693997421e-07
5.788930711971789e-07
7.645503480705259e-07
1.009228900256607e-06
1.331587776040881e-06
1.756011416608991e-06
2.314820906646548e-06
3.047464254475217e-06
4.017713651588067e-06
5.288061972900325e-06
6.961191891781572e-06
9.150244159512700e-06
1.203623219850307e-05
1.579210302245709e-05
2.072230399355057e-05
2.716415332409114e-05
3.565016308815169e-05
4.672563160159651e-05
6.116643361411298e-05
8.016154001104793e-05
1.048488866727571e-04
1.371850785018419e-04
1.795110625748016e-04
2.343578072129329e-04
3.062254622944293e-04
3.997305923610662e-04
5.216911155587768e-04
6.805174616524407e-04
8.893898136393072e-04
1.161148547323843e-03
1.516010837078334e-03
1.978724244474205e-03
2.584145734665600e-03
3.374385959934314e-03
4.401387404503678e-03
5.754903166408887e-03
7.522505047574940e-03
9.830275102580896e-03
1.284922256289074e-02
1.679834983735778e-02
2.196564643012796e-02
2.873198097755214e-02
3.756686975029525e-02
4.902755575362537e-02
6.387828530151914e-02
8.291488259154565e-02
1.071856699393073e-01
1.379169286296709e-01
1.764351200769048e-01
2.240689878730631e-01
2.817561632885964e-01
3.498838482046804e-01
4.280190517247737e-01
5.143833323719250e-01
6.058430770991150e-01
6.981300761587582e-01
7.862674866641648e-01
8.689148551509217e-01
9.817972357197920e-01
###3.200000000000000e+00
1.474505437161231e-10
1.653880311064078e-10
3.006231698097024e-11
3.176964725093389e-11
-6.395374979807336e-11
-1.826319618727574e-09
1.054879812417082e-10
4.596102468191052e-11
1.241042560578126e-10
1.380716671195012e-10
7.415736795802750e-10
2.176461045892835e-10
2.366541636136448e-10
2.652489500973828e-10
2.999844325304732e-10
3.668891357852872e-10
4.802646310892448e-10
6.105475018456222e-10
7.771850230813978e-10
1.026816759448838e-09
1.330420636808454e-09
1.752070832500820e-09
2.303767265845314e-09
3.023626246037110e-09
3.987617371755542e-09
5.277864847666383e-09
6.997923004255939e-09
9.275363480082383e-09
1.229827644836505e-08
1.630297291595292e-08
2.162416843794903e-08
2.870054598180663e-08
3.801907378104585e-08
5.039766090460970e-08
6.678681383110043e-08
8.849249364598159e-08
1.172030619399654e-07
1.552196633726180e-07
2.054615724668108e-07
2.718763142236153e-07
3.596498889307400e-07
4.755410749173710e-07
6.285947073583515e-07
8.305269731262316e-07
1.096728091849364e-06
1.447654340877965e-06
1.909890696403121e-06
2.518843230198489e-06
3.317469290243991e-06
4.376129146431472e-06
5.762879562234857e-06
7.590972187025071e-06
9.983820040298208e-06
1.314138793892230e-05
1.725235193701983e-05
2.265384898631001e-05
2.971462018050420e-05
3.903736909023839e-05
5.121161294172195e-05
6.710125121101266e-05
8.803970097060357e-05
1.152724308530207e-04
1.509983597621500e-04
1.978632651876717e-04
2.586257765688505e-04
3.384027288750901e-04
4.423643741479708e-04
5.781995972526839e-04
7.554434421563953e-04
9.889916634792926e-04
1.293380218653898e-03
1.691688099136018e-03
2.211853469832638e-03
2.893590574557657e-03
3.784669259206211e-03
4.944001997510772e-03
6.473949234017743e-03
8.473594560288417e-03
1.108507883603400e-02
1.450115364541875e-02
1.896628728856755e-02
2.480423912488658e-02
3.243488183210963e-02
4.237302553285913e-02
5.522337059666275e-02
7.180436893119981e-02
9.294747640115955e-02
1.197346027690677e-01
1.533914986885191e-01
1.951958294013124e-01
2.463404824740864e-01
3.075178367944263e-01
3.787502522462372e-01
4.591366330997418e-01
5.464052809535080e-01
6.369817419573852e-01
7.263550963888219e-01
8.095910103845901e-01
8.853020927139109e-01
9.843796042867957e-01
###3.600000000000000e+00
1.284313300444414e-10
1.677421347675180e-10
3.005090756499035e-11
1.463875873699641e-11
-3.960205110944055e-11
-1.798776501791541e-09
1.202328424596294e-10
5.210875514454280e-11
1.090273427821735e-10
1.638764979705813e-10
7.243815392818823e-10
2.223298378487017e-10
2.566863666001833e-10
2.864880601750199e-10
3.285015756527050e-10
4.055655744017294e-10
5.266190262296654e-10
6.644635921243600e-10
8.430850980518781e-10
1.111558545882883e-09
1.442058596419566e-09
1.896156980725491e-09
2.502721570288735e-09
3.272344902504574e-09
4.312339410275944e-09
5.707661997902688e-09
7.568841879828823e-09
1.003306714106298e-08
1.330294283188132e-08
1.764070232366854e-08
2.340217604194580e-08
3.106370505657473e-08
4.116300894072671e-08
5.458035345154008e-08
7.235255122971739e-08
9.589126631028480e-08
1.270489779437229e-07
1.683038158867626e-07
2.228717737618074e-07
2.949961367691788e-07
3.903714165789826e-07
5.163454786391403e-07
6.827845438583509e-07
9.024944370678409e-07
1.192270555727983e-06
1.574441160570150e-06
2.078077444583496e-06
2.741929823420859e-06
3.612978227154420e-06
4.768760558007295e-06
6.283487333862665e-06
8.282074977066501e-06
1.089930159381189e-05
1.435616876227850e-05
1.885938033330534e-05
2.478187321427824e-05
3.252919799281465e-05
4.277658555118328e-05
5.617163919262627e-05
7.367161823519387e-05
9.676942325034618e-05
1.268399557655187e-04
1.663473425781707e-04
2.182726739183966e-04
2.856482172287789e-04
3.742920056518329e-04
4.899562483373371e-04
6.413753361581177e-04
8.392588570753738e-04
1.100486053709457e-03
1.441507560721657e-03
1.888501780180070e-03
2.473106087782565e-03
3.240345668727612e-03
4.244198483173442e-03
5.552660347243392e-03
7.278042215694491e-03
9.535254476563292e-03
1.248321079615463e-02
1.633743890684076e-02
2.136957610840943e-02
2.793881185391998e-02
3.650819596149541e-02
4.763470922849824e-02
6.196292321679035e-02
8.037158249744775e-02
1.037112919709286e-01
1.330812993261068e-01
1.696972963829962e-01
2.147541607141697e-01
2.692775287019255e-01
3.336995508040033e-01
4.076649414276274e-01
4.898331990537703e-01
5.774807942410433e-01
6.667017264490211e-01
7.528230093366093e-01
8.310711513241489e-01
9.001263866037715e-01
9.866582422011552e-01
###4.000000000000000e+00
1.608632809967297e-10
1.660167364489882e-10
4.524492249477918e-11
1.110620450758123e-11
-3.941063776863190e-11
-1.803793137550682e-09
9.062255940642612e-11
5.842594947377957e-11
1.256008046685885e-10
1.760438875288332e-10
7.049378877601939e-10
2.313287023442710e-10
2.795921967422926e-10
3.068117324087658e-10
3.601589147386900e-10
4.441760887550993e-10
5.701131408325409e-10
7.225331342220174e-10
9.129460151058610e-10
1.205746246957558e-09
1.559711896942232e-09
2.053214116693867e-09
2.706051924740488e-09
3.540032924062248e-09
4.666527054677942e-09
6.164612484739262e-09
8.188943690657933e-09
1.085451332322169e-08
1.439509442981407e-08
1.909292355254438e-08
2.533193317979755e-08
3.363187611549243e-08
4.457953509029789e-08
5.912396848472547e-08
7.840057826939685e-08
1.039376332441873e-07
1.377597967001201e-07
1.825489139804130e-07
2.418512708381017e-07
3.201306722231974e-07
4.238399552192800e-07
5.608375670922382e-07
7.419266599869816e-07
9.810498023746226e-07
1.296623703463483e-06
1.713030443911589e-06
2.262003490150584e-06
2.986082262948515e-06
3.936649791385680e-06
5.199169354637433e-06
6.854660815237799e-06
9.040817977896546e-06
1.190528329463587e-05
1.569235909630993e-05
2.062905459623736e-05
2.712784644023405e-05
3.563564428984823e-05
4.690832064367018e-05
6.165689595049649e-05
8.094774056599646e-05
1.064312597611809e-04
1.396767462668659e-04
1.834084905532678e-04
2.409845705109160e-04
3.157567554914650e-04
4.143083128862910e-04
5.430897746494179e-04
7.119420802345696e-04
9.329570843077339e-04
1.225197098846685e-03
1.607296604208380e-03
2.108747135743917e-03
2.765415162473819e-03
3.628125959368858e-03
4.757973294569636e-03
6.234021402829121e-03
8.174836352433676e-03
1.071755780103933e-02
1.403595000574502e-02
1.837145307147824e-02
2.402331789025647e-02
3.138756485779654e-02
4.096915277344446e-02
5.336746540733861e-02
6.926597142356060e-02
8.959050899073272e-02
1.152096213151043e-01
1.472235284698958e-01
1.868125943609255e-01
2.350653766476417e-01
2.928242423098823e-01
3.602338847916539e-01
4.365706727068324e-01
5.200705690531816e-01
6.076135482225715e-01
6.950401970559026e-01
7.776238765386865e-01
8.508382111618293e-01
9.135165439735904e-01
9.886824388066746e-01
###4.399999999999999e+00
1.751378519015067e-10
2.271210298588323e-10
9.052818561468701e-11
3.069297483126044e-11
-2.094513246347463e-11
-1.796396667116275e-09
9.723899849099131e-11
6.457392079720643e-11
1.339696047239604e-10
1.809687664748200e-10
6.870506860926791e-10
2.446455527526970e-10
2.956078259959763e-10
3.313959384149196e-10
3.913358464476714e-10
4.852976021860997e-10
6.168138487825828e-10
7.883786024228425e-10
9.932770388320919e-10
1.301141898188263e-09
1.691666756446412e-09
2.218672141577716e-09
2.925992361980986e-09
3.831014453412026e-09
5.049886094134009e-09
6.670418850545162e-09
8.859809267361741e-09
1.174586544812955e-08
1.558088070075370e-08
2.066946054306052e-08
2.742789279997987e-08
3.641726463167272e-08
4.829170510654622e-08
6.406461141666239e-08
8.497637176396857e-08
1.126904596693054e-07
1.494154144670703e-07
1.980530835821116e-07
2.625221915054084e-07
3.475048892306976e-07
4.603336119304445e-07
6.093576113216642e-07
8.064580388566415e-07
1.066857368434505e-06
1.410667695801504e-06
1.864494696526479e-06
2.463252477296398e-06
3.253462120733402e-06
4.291249652918971e-06
5.671026876873678e-06
7.481562072474519e-06
9.874295611642850e-06
1.301145992623306e-05
1.716305904311396e-05
2.257897360420451e-05
2.971510201414817e-05
3.906566547658092e-05
5.147519648438730e-05
6.772672999920035e-05
8.900869482537256e-05
1.171504617250301e-04
1.539313331929326e-04
2.023683009377049e-04
2.662506263863188e-04
3.492896409493023e-04
4.589069890957231e-04
6.023720729161497e-04
7.907204441116023e-04
1.037615597452442e-03
1.364568921721762e-03
1.792533620793350e-03
2.354919205171533e-03
3.091993229259602e-03
4.061204742331213e-03
5.331147418573788e-03
6.992545835748068e-03
9.172257245631671e-03
1.202958387433657e-02
1.575568189534655e-02
2.061742635474824e-02
2.694391397218143e-02
3.516783146965553e-02
4.583690345224202e-02
5.958953259099294e-02
7.714760031520085e-02
9.947630574774106e-02
1.274456279707581e-01
1.621470765176053e-01
2.047070179077710e-01
2.560807011921519e-01
3.169196672076119e-01
3.870552690260299e-01
4.653967338899778e-01
5.497864501754017e-01
6.367674763490210e-01
7.219980247800103e-01
8.008019989697501e-01
8.689625638075789e-01
9.255569117430392e-01
9.904629428795022e-01
###4.800000000000000e+00
1.278857581074992e-10
2.182674146051840e-10
8.483446675588947e-11
5.301891670522089e-11
-4.416885072495343e-11
-1.801233650184430e-09
1.156604411031112e-10
5.773409047517285e-11
1.458093299078492e-10
2.027279178892003e-10
6.791584131373190e-10
2.658101191461742e-10
3.130649365166642e-10
3.526685540640914e-10
4.118895896638124e-10
5.235405088756919e-10
6.666701370540717e-10
8.481125082365365e-10
1.077292428288600e-09
1.409571310704271e-09
1.834389639318194e-09
2.401042255213758e-09
3.162819713213103e-09
4.145399348928490e-09
5.461700716529377e-09
7.226923396052355e-09
9.584372494070438e-09
1.271348973209355e-08
1.686860823133696e-08
2.238227124325097e-08
2.970454234022530e-08
3.944916952377930e-08
5.232644968079950e-08
6.943741364743078e-08
9.212981417698199e-08
1.222155889045879e-07
1.621029952296016e-07
2.149449793017564e-07
2.850408880240327e-07
3.773894596378005e-07
5.001387625338032e-07
6.623062664158361e-07
8.769722713448421e-07
1.160597449331241e-06
1.535286705011451e-06
2.030206520556012e-06
2.683606576967737e-06
3.546404001267330e-06
4.680452846615397e-06
6.188983352593306e-06
8.169885656418317e-06
1.079042664346013e-05
1.422851287130712e-05
1.878254383438206e-05
2.472836770827491e-05
3.257072904113632e-05
4.285541596400103e-05
5.652600115790713e-05
7.444732105104119e-05
9.794152488060712e-05
1.290404056767310e-04
1.697616861372952e-04
2.234416211300179e-04
2.943475360468704e-04
3.866272476979074e-04
5.086041043235212e-04
6.684512175062731e-04
8.785918120852183e-04
1.154408937068335e-03
1.520073380051661e-03
1.999278876542449e-03
2.629547406122975e-03
3.456104106517248e-03
4.543512576045157e-03
5.969152762812634e-03
7.835283459752113e-03
1.027890391736426e-02
1.348186438627134e-02
1.765401362429641e-02
2.308978694228445e-02
3.014763138167517e-02
3.929783802200278e-02
5.112956769880510e-02
6.631999723823143e-02
8.562135108501373e-02
1.100341115825368e-01
1.404202613558832e-01
1.778510315084236e-01
2.233578863327442e-01
2.777448961593008e-01
3.415014215279008e-01
4.140890906551555e-01
4.940669240732756e-01
5.789205945211907e-01
6.649128584931613e-01
7.475868512586139e-01
8.223946337729060e-01
8.855152887298469e-01
9.363316182389451e-01
9.920219107850018e-01
###5.200000000000000e+00
1.196522742812539e-10
2.417048341003827e-10
9.604880807343317e-11
5.169290975639157e-11
-2.858814537129150e-11
-1.810652103219581e-09
1.237443408490904e-10
7.553239624572815e-11
1.632429334059146e-10
2.195643266308668e-10
6.682968665499313e-10
2.819881415380270e-10
3.368654323528783e-10
3.817355143020968e-10
4.460153780115481e-10
5.669596216963395e-10
7.225144228476273e-10
9.086777794671096e-10
1.171229476044986e-09
1.526616270452352e-09
1.987814869489092e-09
2.598521375338259e-09
3.419080474118109e-09
4.486645932540970e-09
5.912346778774608e-09
7.823554967126095e-09
1.037612639401030e-08
1.376328148842028e-08
1.826560889446458e-08
2.424247904589662e-08
3.217859971173843e-08
4.274213429772492e-08
5.671357255100218e-08
7.528037761900875e-08
9.991097504127605e-08
1.325791643514558e-07
1.759181333651603e-07
2.333395786046783e-07
3.095772598584758e-07
4.100346979434214e-07
5.435672338530005e-07
7.201101534977830e-07
9.539259178563759e-07
1.263046981816457e-06
1.671640507424968e-06
2.211600644030222e-06
2.924913467931214e-06
3.867430115505481e-06
5.107744697756682e-06
6.758194293409844e-06
8.926361848942839e-06
1.179769448264490e-05
1.556821644102680e-05
2.056744338628310e-05
2.709925425952125e-05
3.572373234860356e-05
4.704548003747584e-05
6.211383807335086e-05
8.188945114869321e-05
1.078428421132291e-04
1.422350158268547e-04
1.873414883243911e-04
2.468701803945208e-04
3.256050267408367e-04
4.281885246090965e-04
5.639469274143536e-04
7.420893756364619e-04
9.765503227498782e-04
1.284628014767766e-03
1.693413017054656e-03
2.229626246381972e-03
2.935413169314548e-03
3.861464597225587e-03
5.080016814358677e-03
6.677569518735199e-03
8.768720240369610e-03
1.150357836621657e-02
1.508483903429853e-02
1.974433839521803e-02
2.580324984428377e-02
3.365057332595325e-02
4.379475717837102e-02
5.686490793356323e-02
7.357571242904024e-02
9.470375908999494e-02
1.212740424073140e-01
1.541307388680319e-01
1.943099007357723e-01
2.427314312616105e-01
3.000366753216168e-01
3.665077540096041e-01
4.412581698381440e-01
5.224949389315455e-01
6.073975049879449e-01
6.919845592978766e-01
7.717726972486406e-01
8.424159356510244e-01
9.005512290503116e-01
9.459114678876331e-01
9.933760087835957e-01
###5.600000000000001e+00
1.517292282472200e-10
2.336237579717702e-10
1.351817868249835e-10
6.223387281901155e-11
-3.049959426271960e-11
-1.809349038997407e-09
1.353101171861165e-10
9.198243825317446e-11
1.790956297812654e-10
2.278699359184337e-10
6.531591576497193e-10
3.038091274113898e-10
3.634944398108431e-10
4.085325585267988e-10
4.884990611525904e-10
6.296292611266370e-10
7.804203318655255e-10
9.891143949421354e-10
1.270924307740249e-09
1.654671953014018e-09
2.150281051780819e-09
2.812893783247170e-09
3.700218897407534e-09
4.855451119189411e-09
6.401189858945228e-09
8.472282832434484e-09
1.123617205860705e-08
1.490420546862577e-08
1.978319082287656e-08
2.626400363673497e-08
3.486786339275380e-08
4.632369185418128e-08
6.148310530198980e-08
8.163832085686279e-08
1.083821427503186e-07
1.438676074265737e-07
1.909695098150679e-07
2.533871762888401e-07
3.362589149538566e-07
4.456384407123650e-07
5.909631432471916e-07
7.832702426589823e-07
1.038041651602940e-06
1.375095157651971e-06
1.820808261357923e-06
2.410211595382377e-06
3.189358283103609e-06
4.219587687719253e-06
5.577025905656229e-06
7.383655196493170e-06
9.758348640435895e-06
1.290640896571508e-05
1.704430792506138e-05
2.253508590065123e-05
2.971567581182282e-05
3.920655293943431e-05
5.167941970491666e-05
6.829909432275922e-05
9.013210372119232e-05
1.188205959813816e-04
1.568794876858041e-04
2.068604607305991e-04
2.729057747130708e-04
3.603711756736553e-04
4.744456986540825e-04
6.255651083575501e-04
8.240992112148778e-04
1.085741161382201e-03
1.429649185335548e-03
1.886444092500174e-03
2.486003142713667e-03
3.275622309829799e-03
4.311879533000884e-03
5.675354099835933e-03
7.462626691117620e-03
9.801354585148634e-03
1.285538278712495e-02
1.685016014189822e-02
2.203892445845289e-02
2.877193843683654e-02
3.746920128821798e-02
4.867682022851867e-02
6.306063507961412e-02
8.137319476619294e-02
1.044055391317488e-01
1.332026709457116e-01
1.685733460144963e-01
2.115042688324779e-01
2.627932545800287e-01
3.228997202210691e-01
3.918643160233808e-01
4.684789502705086e-01
5.505999200436583e-01
6.351425297249581e-01
7.179418050184972e-01
7.945489437926082e-01
8.608971427433971e-01
9.141329371863971e-01
9.543757637417868e-01
9.945457667010101e-01
###6.000000000000001e+00
1.595747322930884e-10
2.347213492095161e-10
1.073144458107960e-10
6.349540983872232e-11
-2.278695993443822e-11
-1.818397731609636e-09
1.330123791889789e-10
1.189212055389141e-10
1.900115315179620e-10
2.459713412315799e-10
6.613031059867610e-10
3.277796120704100e-10
3.905319877128353e-10
4.417070590804373e-10
5.342914569193984e-10
6.843502629085862e-10
8.469195984909400e-10
1.076997271928216e-09
1.377349423821392e-09
1.793928633026573e-09
2.330507571743409e-09
3.044942302478257e-09
4.003522954041867e-09
5.254595836698605e-09
6.931760382583926e-09
9.174635790414245e-09
1.216706045176466e-08
1.614303720563648e-08
2.143133261156166e-08
2.845971796216555e-08
3.778864631143277e-08
5.021860721769741e-08
6.667272074553293e-08
8.855564239193975e-08
1.176048692412321e-07
1.561650522744863e-07
2.073702504032888e-07
2.752484833647669e-07
3.653669608872005e-07
4.844850825025754e-07
6.427323215059411e-07
8.522620796111934e-07
1.129976632625939e-06
1.497638292521948e-06
1.984180824516601e-06
2.627856699311549e-06
3.479295544161919e-06
4.606010681134316e-06
6.092784111421409e-06
8.071055185564171e-06
1.067365003791724e-05
1.412746565376234e-05
1.867058801172117e-05
2.470498130338117e-05
3.260376565335431e-05
4.305527103942749e-05
5.680232807736469e-05
7.514450568476911e-05
9.926806618437962e-05
1.309927091535703e-04
1.731324078172917e-04
2.285449130349302e-04
3.018371586328235e-04
3.990277641509092e-04
5.258837028532757e-04
6.941137696678039e-04
9.153394770946097e-04
1.207193879232244e-03
1.590948054552207e-03
2.101142605920883e-03
2.770979658852553e-03
3.653325536193018e-03
4.811325743837975e-03
6.334741106743850e-03
8.330746372697371e-03
1.094090521110736e-02
1.434376562724340e-02
1.878894948843851e-02
2.455184254637996e-02
3.201159975681578e-02
4.162014388322111e-02
5.396049979052570e-02
6.973500689008376e-02
8.972680258871824e-02
1.147373857941685e-01
1.458205684820861e-01
1.837436447882722e-01
2.294147681953317e-01
2.835056149582065e-01
3.462639064490037e-01
4.175042020127728e-01
4.956688939931976e-01
5.782998071175215e-01
6.620816395190857e-01
7.427242585918137e-01
8.158953621903621e-01
8.778670109424139e-01
9.263262565610347e-01
9.617992432350183e-01
9.955453941353254e-01
###6.400000000000001e+00
1.608926908051588e-10
2.327542096522295e-10
1.104403621824799e-10
8.959026688882294e-11
-1.079045188822108e-11
-1.816056380358023e-09
1.127327981082373e-10
1.293407903450158e-10
1.961217071867356e-10
2.598926902875251e-10
6.526107660286402e-10
3.497150275710790e-10
4.125160026841780e-10
4.797791191833291e-10
5.857376416136066e-10
7.367232828312045e-10
9.177446709113851e-10
1.162306443057598e-09
1.489968480792598e-09
1.941611069927160e-09
2.525323950351252e-09
3.292950629058898e-09
4.333451478838207e-09
5.688406556119089e-09
7.506779034220778e-09
9.950747094182809e-09
1.317964783546626e-08
1.748782509139423e-08
2.322182310621496e-08
3.084588652001440e-08
4.096481679035031e-08
5.445521233344549e-08
7.231612087894316e-08
9.608456619244070e-08
1.276473081064681e-07
1.695600500143118e-07
2.252485411798693e-07
2.990833422540927e-07
3.971392498617990e-07
5.268885943885751e-07
6.992841073318471e-07
9.276563141453685e-07
1.230561899849955e-06
1.631725973292533e-06
2.163123936820695e-06
2.866344859857438e-06
3.797454505929352e-06
5.030249444834080e-06
6.659235396024114e-06
8.826939064961617e-06
1.168086474178674e-05
1.547205288152445e-05
2.046262776781078e-05
2.709871929358946e-05
3.579405709608553e-05
4.730892726136350e-05
6.246960661521273e-05
8.272237062185623e-05
1.093837637995765e-04
1.444896741869403e-04
1.911597949033077e-04
2.526172218180160e-04
3.339844413870837e-04
4.419664756822836e-04
5.830650492846319e-04
7.703104636685833e-04
1.016773798437163e-03
1.342195840322020e-03
1.770173902078075e-03
2.339455742896469e-03
3.087117632261422e-03
4.072011292076316e-03
5.364297171668986e-03
7.063632353066226e-03
9.288643873623567e-03
1.219558948437628e-02
1.597929924981757e-02
2.091290361129825e-02
2.729658908852742e-02
3.553795034136124e-02
4.612233547761114e-02
5.966459140566159e-02
7.690419121015538e-02
9.864957293055517e-02
1.257075204007489e-01
1.591295656937960e-01
1.996235831208076e-01
2.480151381272080e-01
3.048200103793682e-01
3.700773977827413e-01
4.433399845388704e-01
5.227376884085946e-01
6.055185887890232e-01
6.881442372389596e-01
7.662884304790207e-01
8.358094988176048e-01
8.933639014458503e-01
9.372023254136290e-01
9.682569641007164e-01
9.963955486342612e-01
###6.800000000000002e+00
1.462249933597258e-10
2.161565426567638e-10
1.199839235025872e-10
9.666490195928240e-11
-3.924524131508666e-12
-1.804030307943616e-09
1.207878600715420e-10
1.485110951426030e-10
2.111011522396054e-10
2.817552238955846e-10
6.594243871453719e-10
3.761732024785950e-10
4.422815694143168e-10
5.166147296861598e-10
6.275458815347310e-10
7.958183332134796e-10
9.894013935754306e-10
1.255511944569244e-09
1.613861258567781e-09
2.100551639054483e-09
2.734290343368027e-09
3.565265664295256e-09
4.690277229684571e-09
6.161692946379471e-09
8.131117829340223e-09
1.077698284914408e-08
1.427950508000463e-08
1.894917077345921e-08
2.516703597224293e-08
3.344148287418838e-08
4.442066086363154e-08
5.906370415548730e-08
7.846178474060702e-08
1.042863706306331e-07
1.385907790254777e-07
1.841604658682266e-07
2.447416646416283e-07
3.250861947656395e-07
4.318252100978411e-07
5.731848479899230e-07
7.610926514243445e-07
1.010132483618189e-06
1.340627235113020e-06
1.778608935821679e-06
2.359144124643415e-06
3.127969995137941e-06
4.146517149885590e-06
5.496278037602850e-06
7.281747263796408e-06
9.658123924123023e-06
1.278960795722522e-05
1.695343930338122e-05
2.243995696822491e-05
2.974211277957640e-05
3.931810244764203e-05
5.201161842120982e-05
6.874143688714853e-05
9.111393220140280e-05
1.205963532944711e-04
1.594581222216739e-04
2.111694716025154e-04
2.793332814906374e-04
3.696601366962559e-04
4.896551768965632e-04
6.465410157819389e-04
8.549368797185783e-04
1.129435065081814e-03
1.492067728129266e-03
1.969081808710415e-03
2.603777019834453e-03
3.437470465361618e-03
4.535377797117580e-03
5.975537855589715e-03
7.867981966186080e-03
1.034366258288141e-02
1.357416267956668e-02
1.777275260805246e-02
2.323446892118549e-02
3.028626306228830e-02
3.936638818611165e-02
5.098875052605381e-02
6.580428817175238e-02
8.458334921776252e-02
1.081550484602152e-01
1.373235812279347e-01
1.731243446705427e-01
2.162016807426304e-01
2.672740220642315e-01
3.266923532112419e-01
3.942759282618845e-01
4.692971500665063e-01
5.495888694232458e-01
6.321491232758000e-01
7.132436316427290e-01
7.885980154844362e-01
8.542878788903813e-01
9.074287453342585e-01
9.468300886528669e-01
9.738296269436236e-01
9.971046025069976e-01
###7.200000000000002e+00
1.440126424235599e-10
1.997683848179440e-10
1.201274908546484e-10
7.750098757358702e-11
1.248235901254400e-12
-1.813150947150530e-09
1.300145230816218e-10
1.580384860427631e-10
2.225016479435740e-10
3.035327991523696e-10
6.613485477453550e-10
4.032745836055159e-10
4.741187976064366e-10
5.541746144836320e-10
6.732814984021155e-10
8.621676185909585e-10
1.070636258335364e-09
1.355518597113168e-09
1.745844539413665e-09
2.273162759703077e-09
2.960253270883636e-09
3.859165163134179e-09
5.075954875149727e-09
6.664357288175600e-09
8.808318013088020e-09
1.167313424478967e-08
1.547305509711438e-08
2.053681095812080e-08
2.728018626622596e-08
3.626185212006678e-08
4.817959553666612e-08
6.408034869007541e-08
8.515422909468950e-08
1.132127429198303e-07
1.505150115697673e-07
2.000810602225788e-07
2.659990471471047e-07
3.534631767984152e-07
4.696951199875105e-07
6.237864352177449e-07
8.286539846835139e-07
1.100369456660307e-06
1.461121723934969e-06
1.939520667128735e-06
2.574042761751198e-06
3.415017634006873e-06
4.529842467433421e-06
6.008388327792978e-06
7.966235577347234e-06
1.057300852457251e-05
1.401080363437313e-05
1.858729589461515e-05
2.462152084247319e-05
3.266075142799948e-05
4.321220815662631e-05
5.721191487814416e-05
7.568170094198600e-05
1.004089959172839e-04
1.330196197390085e-04
1.760458200027077e-04
2.333537466582010e-04
3.089729693520013e-04
4.092496345136314e-04
5.425794144686011e-04
7.170331486508352e-04
9.488991435004079e-04
1.254409681808076e-03
1.658238512120382e-03
2.189528162074519e-03
2.896500232609006e-03
3.825033461548236e-03
5.047302994978798e-03
6.649733159176460e-03
8.753816441692604e-03
1.150299884783023e-02
1.508576428300216e-02
1.973512338118746e-02
2.576658228020483e-02
3.353575261963026e-02
4.351157343538092e-02
5.623767003210453e-02
7.239660467234174e-02
9.278814744572311e-02
1.182526626941313e-01
1.495863518167043e-01
1.878035091259727e-01
2.334579561648831e-01
2.871607009453790e-01
3.490726973007923e-01
4.187799396680575e-01
4.952879464880630e-01
5.761375369394938e-01
6.580965366505175e-01
7.373205738615201e-01
8.096100869801286e-01
8.713450258469926e-01
9.201114054918204e-01
9.552939560949419e-01
9.786004938481947e-01
9.976973611976035e-01
###7.600000000000002e+00
1.691765742680487e-10
2.033327471589219e-10
1.160425851244220e-10
6.892364509806058e-11
9.636999816757553e-12
-1.800662226389615e-09
1.399585527368236e-10
1.733188596309652e-10
2.465847612723483e-10
3.205066729400145e-10
6.629860341482269e-10
4.306695973870377e-10
5.084182332302425e-10
5.991352984863489e-10
7.301947264618615e-10
9.308411361848149e-10
1.159119676671081e-09
1.467947333703678e-09
1.888771597372237e-09
2.458350111258870e-09
3.201547710756663e-09
4.178155369985690e-09
5.500527830724917e-09
7.218762438334849e-09
9.543214997579758e-09
1.264835091919415e-08
1.676976992811421e-08
2.225674800957839e-08
2.958097345737161e-08
3.932808788947538e-08
5.227013741115190e-08
6.953835370043973e-08
9.243832892103504e-08
1.229455841544724e-07
1.635109881443240e-07
2.174460164975254e-07
2.891990415119005e-07
3.844460330032622e-07
5.110702812335659e-07
6.791037640921481e-07
9.025535067370762e-07
1.199134470141436e-06
1.593075445567071e-06
2.115846960733524e-06
2.809746344255229e-06
3.730063900375753e-06
4.950818954018133e-06
6.571380315127088e-06
8.719281165903371e-06
1.158050350461931e-05
1.535644366534397e-05
2.039097892957451e-05
2.702903778821891e-05
3.588412656977788e-05
4.751662853488527e-05
6.296494275363216e-05
8.336360337532317e-05
1.106969877728471e-04
1.467816483869773e-04
1.944324263935033e-04
2.579598101833047e-04
3.418474521166444e-04
4.531722589101086e-04
6.012786461138671e-04
7.951896342955057e-04
1.053035797809282e-03
1.392916165738363e-03
1.842306423049659e-03
2.433460833162329e-03
3.220217409948793e-03
4.253197286121437e-03
5.612037752135544e-03
7.392227923278104e-03
9.727469222731700e-03
1.277463382156633e-02
1.673963884430334e-02
2.187598783351783e-02
2.852154488283533e-02
3.706014441013938e-02
4.799059247952386e-02
6.188515321401016e-02
7.945806098303389e-02
1.015314960401618e-01
1.289543312286724e-01
1.625034252424666e-01
2.031580392740414e-01
2.513776927407179e-01
3.076303558377453e-01
3.719002493609563e-01
4.435236403286388e-01
5.212329626110923e-01
6.022963812017263e-01
6.832957778383156e-01
7.603223743459973e-01
8.293125874262411e-01
8.870023121141258e-01
9.314847896746218e-01
9.626799716949253e-01
9.826474345468176e-01
9.981854020276748e-01
###8.000000000000002e+00
1.661230859607044e-10
2.035492122465740e-10
1.099863757915866e-10
7.460612533078487e-11
2.396866731274861e-11
-1.789825213992226e-09
1.447826871978798e-10
1.890603288590648e-10
2.644509315195696e-10
3.425211723202895e-10
6.681678004362133e-10
4.751779390548889e-10
5.437034035428011e-10
6.433588009324932e-10
7.869229193623766e-10
1.004743662382204e-09
1.247099676219665e-09
1.590160582534532e-09
2.043623909452962e-09
2.659830768761238e-09
3.462408762967373e-09
4.523492281846741e-09
5.954722719529314e-09
7.823149393947815e-09
1.034289074337544e-08
1.370702776706182e-08
1.818035273064282e-08
2.413235935203001e-08
3.208273890450843e-08
4.266722319203835e-08
5.672368815350976e-08
7.548372769767500e-08
1.003795768586005e-07
1.335542622018722e-07
1.776838073833105e-07
2.363906290236050e-07
3.145282819286086e-07
4.182842142399112e-07
5.563137959213764e-07
7.396073062908320e-07
9.834149285123172e-07
1.307253129996375e-06
1.737722775578410e-06
2.309263490184131e-06
3.068357743504472e-06
4.076050946302052e-06
5.413492916531228e-06
7.190327436729558e-06
9.547860421083217e-06
1.269002893312218e-05
1.684016639527312e-05
2.237990266002564e-05
2.968644028485996e-05
3.944340532619004e-05
5.227270564926257e-05
6.932474760905800e-05
9.186149258348921e-05
1.220850824405207e-04
1.620238367087659e-04
2.148069806728339e-04
2.852215888852118e-04
3.782779865328891e-04
5.018358563487461e-04
6.663439139830510e-04
8.817935324465321e-04
1.168420016294147e-03
1.546296885451243e-03
2.045930337953318e-03
2.703048735568366e-03
3.577582958813674e-03
4.725274160712535e-03
6.233761353984808e-03
8.208240613486751e-03
1.079557980635225e-02
1.416666270970441e-02
1.854528432241566e-02
2.420636033543854e-02
3.151194642134866e-02
4.087212863023593e-02
5.281753090369905e-02
6.794703308277865e-02
8.700157546860099e-02
1.108233252085630e-01
1.402652871806870e-01
1.760687042822827e-01
2.191845382092987e-01
2.699276991024723e-01
3.286442534166970e-01
3.951097226574289e-01
4.684187220661102e-01
5.470277672780410e-01
6.279726732701213e-01
7.076657335839885e-01
7.821870313114456e-01
8.476906813031013e-01
9.012869281707986e-01
9.416033261247003e-01
9.690745737489660e-01
9.860497130343525e-01
9.985766143331953e-01
###8.400000000000002e+00
1.960403291362379e-10
2.017473111907123e-10
8.344035638078890e-11
8.138565447751988e-11
3.214396180999929e-11
-1.780187129461940e-09
1.355766525565371e-10
1.973010253342631e-10
2.826626355448191e-10
3.657814757126703e-10
6.758138009042416e-10
5.066914088917625e-10
5.820467155173200e-10
6.913206311871547e-10
8.520580531087824e-10
1.084302279055814e-09
1.349180935430791e-09
1.720233213231690e-09
2.212193322325029e-09
2.879584080681072e-09
3.751281198322530e-09
4.897885964937263e-09
6.449599558786595e-09
8.482670741921252e-09
1.121106675327741e-08
1.485829122406427e-08
1.971202205561384e-08
2.617264732369849e-08
3.480421049108054e-08
4.630008267475931e-08
6.157313717871155e-08
8.195998889271561e-08
1.090330302976115e-07
1.451197304152432e-07
1.931459638498792e-07
2.570713707332609e-07
3.421915037442513e-07
4.552679408041393e-07
6.057546026611553e-07
8.057777320633317e-07
1.071949680021888e-06
1.425681864630507e-06
1.896260552001443e-06
2.521362366743663e-06
3.352353436344254e-06
4.456117254222859e-06
5.922162535098011e-06
7.871282548076534e-06
1.046003937584643e-05
1.391208746196411e-05
1.847520537899088e-05
2.457342486455444e-05
3.261942362515138e-05
4.337456244067049e-05
5.752957431692254e-05
7.635810993236649e-05
1.012779826544741e-04
1.346948716984618e-04
1.789029567974162e-04
2.373733624927015e-04
3.154220387973777e-04
4.186289487180661e-04
5.557366266103792e-04
7.384043094091563e-04
9.776817590431081e-04
1.296101378276979e-03
1.715879571973816e-03
2.270904558692222e-03
3.000747493453718e-03
3.971620298055847e-03
5.245096215256278e-03
6.917306166441475e-03
9.103952222523659e-03
1.196510514550576e-02
1.568784098595189e-02
2.051403319657022e-02
2.673967767069626e-02
3.475211149120513e-02
4.498915145558729e-02
5.800896443604652e-02
7.443962136675587e-02
9.504171530082947e-02
1.206768519517538e-01
1.521893655478912e-01
1.902824476419964e-01
2.358288991145565e-01
2.890725407215815e-01
3.501483653914010e-01
4.186435652218901e-01
4.933929910526228e-01
5.725967111673755e-01
6.530762284504836e-01
7.311279462741601e-01
8.028829750831639e-01
8.647403643591524e-01
9.142455655903943e-01
9.505463383852736e-01
9.745638480078141e-01
9.888823080861424e-01
9.989040247572054e-01
###8.800000000000002e+00
2.173869128070816e-10
2.159494913784485e-10
9.456567715105770e-11
8.426682610402968e-11
4.090306237317343e-11
-1.765048829071646e-09
1.470026587282393e-10
2.097390152191379e-10
3.013764782233031e-10
3.835742984479751e-10
6.898542816112929e-10
5.476933184295469e-10
6.288361829632823e-10
7.379210852314222e-10
9.162033255725706e-10
1.170478506717117e-09
1.460048608212642e-09
1.860680692096626e-09
2.396165997998279e-09
3.114674292849389e-09
4.058323506531243e-09
5.304551107979643e-09
6.983784786698396e-09
9.191974494468899e-09
1.215676650256739e-08
1.610914685857831e-08
2.137729831919741e-08
2.839119726686293e-08
3.776378281686532e-08
5.025270222800173e-08
6.685253224171229e-08
8.901649117323326e-08
1.184638828379181e-07
1.577294945064124e-07
2.100187901575322e-07
2.796443122085123e-07
3.724068867353031e-07
4.956949452445726e-07
6.598286000042686e-07
8.782001088624899e-07
1.168940107044125e-06
1.555482973377442e-06
2.070088288526025e-06
2.754174330535175e-06
3.664163795399510e-06
4.873607779817258e-06
6.481436058532966e-06
8.620539592105112e-06
1.146447394883680e-05
1.525880664965390e-05
2.027863699755653e-05
2.699380819768956e-05
3.585796130970493e-05
4.771832535732961e-05
6.334085286121260e-05
8.413877817544798e-05
1.117265390667993e-04
1.486485366015807e-04
1.975840147804965e-04
2.623548668975408e-04
3.488557064048263e-04
4.633049432959547e-04
6.154131431132142e-04
8.181340508278245e-04
1.083730233379074e-03
1.437207132968285e-03
1.903183049543327e-03
2.519240715094158e-03
3.328878204074351e-03
4.405395591484449e-03
5.816541185630243e-03
7.667524973741864e-03
1.008520325029002e-02
1.324367149805627e-02
1.734679111201281e-02
2.265775152791903e-02
2.948744633812320e-02
3.825528021364520e-02
4.942377988518286e-02
6.357951552240673e-02
8.136983587598483e-02
1.035905284279491e-01
1.310984631034394e-01
1.647281717041464e-01
2.051340795540840e-01
2.531066969520487e-01
3.087852197528768e-01
3.721000358842079e-01
4.424283365436739e-01
5.183581439010800e-01
5.978466037422948e-01
6.775305446440644e-01
7.536279213905600e-01
8.223761111794405e-01
8.804751220297715e-01
9.259301318610078e-01
9.583981326735639e-01
9.792404820480494e-01
9.912187806822057e-01
9.991636225266107e-01
###9.200000000000003e+00
2.209945272404927e-10
2.233909676042282e-10
1.004246278034099e-10
7.986599223410527e-11
5.208667883535072e-11
-1.747297440766678e-09
1.654354342681234e-10
2.289157525192884e-10
3.197657093024315e-10
4.101266108481915e-10
6.935794492147899e-10
5.829988057341876e-10
6.764892405090505e-10
7.954976084745258e-10
9.883147515605421e-10
1.260114176441916e-09
1.572650448600232e-09
2.011114383036836e-09
2.596247242205647e-09
3.371561348473901e-09
4.393352269498932e-09
5.745728769174828e-09
7.563780098496712e-09
9.962152645325571e-09
1.317671518431636e-08
1.746756692531622e-08
2.318725374888536e-08
3.080515482309492e-08
4.098370285865075e-08
5.455670608338673e-08
7.260360245604633e-08
9.670628835532186e-08
1.287472665538381e-07
1.714928743128589e-07
2.284346617838238e-07
3.042925255032458e-07
4.054261539428789e-07
5.398980802566219e-07
7.190397975077175e-07
9.575140378429618e-07
1.275157950420628e-06
1.697782565536197e-06
2.260774284220129e-06
3.009773057217008e-06
4.006716923320085e-06
5.332676798468441e-06
7.096726173847301e-06
9.445281837502125e-06
1.256978496913488e-05
1.674316553712538e-05
2.226703281495815e-05
2.966412377271189e-05
3.943377587211777e-05
5.251607229716128e-05
6.976186183217973e-05
9.274314839661444e-05
1.232779795576771e-04
1.640911376448327e-04
2.182522832579827e-04
2.899766027559727e-04
3.858397150573584e-04
5.127166696302319e-04
6.813832205532714e-04
9.062667364240371e-04
1.200903819957013e-03
1.593004827252610e-03
2.109862270285435e-03
2.792958752649784e-03
3.690183719177668e-03
4.882309144876600e-03
6.443732427857871e-03
8.489644347311674e-03
1.115804984277304e-02
1.463902681549479e-02
1.915259814263501e-02
2.498479813497344e-02
3.246229512894155e-02
4.203544817444536e-02
5.419124643028354e-02
6.954130477663985e-02
8.875887934811470e-02
1.126614472638105e-01
1.420943718528971e-01
1.778804995728879e-01
2.206134053865717e-01
2.709870039321622e-01
3.290184944840964e-01
3.944337287667111e-01
4.663950267181683e-01
5.432340797511963e-01
6.226949198405616e-01
7.012510988768846e-01
7.751085430170048e-01
8.406476778628441e-01
8.949168242075196e-01
9.363975929806925e-01
9.652412464347069e-01
9.831910212487148e-01
9.931288310818072e-01
9.993754053259525e-01
###9.600000000000003e+00
2.303018467202760e-10
2.440891716783713e-10
9.755447339644773e-11
8.612766523630071e-11
5.784124223824611e-11
-1.732509949454978e-09
1.793597249662764e-10
2.477901954618195e-10
3.463144020148406e-10
4.332656813364379e-10
7.093264328591797e-10
6.162175257388077e-10
7.253219104085917e-10
8.587803217325028e-10
1.060009459274977e-09
1.359378144207214e-09
1.697956303759443e-09
2.171077154940663e-09
2.808953562293811e-09
3.651205024017723e-09
4.756628956572138e-09
6.222390171766724e-09
8.194599979242371e-09
1.079691689978302e-08
1.428761984639866e-08
1.894442295535030e-08
2.515545648035634e-08
3.343026600983585e-08
4.449026097782352e-08
5.924156419425472e-08
7.886851635113570e-08
1.050915396626397e-07
1.399638735557402e-07
1.865081673650042e-07
2.485469802227810e-07
3.312280366899141e-07
4.415210597128496e-07
5.882453453848684e-07
7.839964517955561e-07
1.044376374406747e-06
1.391574997961422e-06
1.853836388589525e-06
2.470029749455320e-06
3.290433182259763e-06
4.383047284485562e-06
5.837410736687195e-06
7.773775324856847e-06
1.035341967325414e-05
1.378679255675749e-05
1.837912837534844e-05
2.446052984270490e-05
3.260678358338933e-05
4.338171338944541e-05
5.781565016133169e-05
7.685882664524385e-05
1.022573193042971e-04
1.360436389124500e-04
1.811613682587809e-04
2.411137646546644e-04
3.205412003034095e-04
4.267433080090102e-04
5.673510447342749e-04
7.543056446005670e-04
1.003614314982878e-03
1.330272479195515e-03
1.764870017837744e-03
2.337620368690768e-03
3.094297008404487e-03
4.087510288968360e-03
5.405970223191606e-03
7.131143853284221e-03
9.388969091086819e-03
1.232985111935364e-02
1.615879687578571e-02
2.111504483077045e-02
2.750599729215632e-02
3.567558463451874e-02
4.610478699211597e-02
5.930583223593770e-02
7.591251979969101e-02
9.662878333853638e-02
1.222638610696678e-01
1.536746605294478e-01
1.916483393016175e-01
2.367064812317163e-01
2.894476518883396e-01
3.497362595353535e-01
4.170975099502205e-01
4.904690981706699e-01
5.679443097003219e-01
6.470643371198926e-01
7.241791353829236e-01
7.955250705698255e-01
8.576888302841458e-01
9.080985785528050e-01
9.457148721476338e-01
9.711599470012298e-01
9.864991177594330e-01
9.946729071716487e-01
9.995256726274293e-01
###1.000000000000000e+01
2.388247374605528e-10
2.514335094784971e-10
1.010498715133753e-10
1.000764824036175e-10
7.632597636622483e-11
-1.718517459889469e-09
1.937475352855522e-10
2.647314955026488e-10
3.698536003904476e-10
4.641367071334530e-10
7.356197287496077e-10
6.597610825911547e-10
7.854585560689779e-10
9.242459234689661e-10
1.147016367427209e-09
1.467611921611201e-09
1.838039704916524e-09
2.348489438114528e-09
3.036119642410662e-09
3.952400172763007e-09
5.148257946628779e-09
6.740724228558031e-09
8.878801314113383e-09
1.170531132356758e-08
1.549461843418752e-08
2.054963416277893e-08
2.729733053625311e-08
3.628815763818775e-08
4.830944338531161e-08
6.435297858241938e-08
8.570023270329277e-08
1.142395242087143e-07
1.522015644638914e-07
2.029011891363404e-07
2.705169306092183e-07
3.606692184768590e-07
4.809917714924473e-07
6.411767219523907e-07
8.550684578285504e-07
1.139541240118444e-06
1.519221056242178e-06
2.025026597159840e-06
2.699765088102848e-06
3.598794664082699e-06
4.796652309634911e-06
6.392474965287045e-06
8.518864094744717e-06
1.135317597588841e-05
1.512783807990276e-05
2.018235228046819e-05
2.688015596125937e-05
3.585516897799651e-05
4.774147461221920e-05
6.367020558014036e-05
8.469917554125553e-05
1.127733696560371e-04
1.501472914902009e-04
2.000330944256357e-04
2.663809875620988e-04
3.543169218007069e-04
4.719457507667766e-04
6.277035598612528e-04
8.348292327727332e-04
1.111057579131633e-03
1.472891032321157e-03
1.954210110545671e-03
2.588254026125522e-03
3.425375549049327e-03
4.523645108059579e-03
5.980055345245442e-03
7.883507456497896e-03
1.037131291294805e-02
1.360693149810112e-02
1.781148070986410e-02
2.324387048306390e-02
3.023273914249783e-02
3.914019282079730e-02
5.047828483668533e-02
6.478222365399203e-02
8.270712200060809e-02
1.049752333099950e-01
1.324076592370013e-01
1.658409206643816e-01
2.060238971479234e-01
2.534014324408631e-01
3.084543333652913e-01
3.708913851402901e-01
4.400281323022803e-01
5.145723558797700e-01
5.924040157605640e-01
6.708610841333130e-01
7.462433608489587e-01
8.148422851690332e-01
8.735020483796272e-01
9.200587553143149e-01
9.539550958316968e-01
9.762430861816798e-01
9.892462344296276e-01
9.959104400246598e-01
9.996495219366215e-01
###1.040000000000000e+01
2.349513460055836e-10
2.334225019751518e-10
1.025402473010837e-10
1.072448654902293e-10
9.324126853177979e-11
-1.702327898967967e-09
2.129903116113230e-10
2.827619059707717e-10
3.942525600139937e-10
4.949320761977062e-10
7.629787285400579e-10
7.054380992837742e-10
8.491286564193491e-10
9.972023457923427e-10
1.239490949397763e-09
1.583047152405631e-09
1.990993850373172e-09
2.539592409867743e-09
3.284361303841707e-09
4.277307975300118e-09
5.573689768411371e-09
7.301827544520597e-09
9.621401505010393e-09
1.269283472258969e-08
1.680686892321198e-08
2.229440080059149e-08
2.962992311818751e-08
3.939965077550364e-08
5.247123801780857e-08
6.992260126674586e-08
9.314995425681953e-08
1.242159611082123e-07
1.655666412174031e-07
2.208168098226234e-07
2.945211583737341e-07
3.928678029265803e-07
5.241970221613053e-07
6.991098717283929e-07
9.329641371608891e-07
1.243834920407534e-06
1.659212828720192e-06
2.212932988203818e-06
2.952086515158370e-06
3.937606159551949e-06
5.251611878598250e-06
7.003300112580308e-06
9.338794305415002e-06
1.245473005318779e-05
1.660596660541997e-05
2.217089841234913e-05
2.954843541655928e-05
3.943985216919392e-05
5.255249280346370e-05
7.013485499100926e-05
9.336120424640336e-05
1.243893193597704e-04
1.657265858822447e-04
2.208848521052804e-04
2.942965784749308e-04
3.916302404014725e-04
5.218498193433184e-04
6.943103526198916e-04
9.236553558288131e-04
1.229489031170344e-03
1.630051942745177e-03
2.162615716100053e-03
2.863787467099385e-03
3.789002014099717e-03
5.001797151221351e-03
6.608405836942599e-03
8.705653762612795e-03
1.144298816568426e-02
1.499678896262238e-02
1.960622182748829e-02
2.554905203094062e-02
3.317627660841873e-02
4.286930527691022e-02
5.516974781690547e-02
7.063884863400717e-02
8.993915930749838e-02
1.138173694627974e-01
1.430986296087755e-01
1.785935962265558e-01
2.210024528410126e-01
2.707012191276079e-01
3.279732730315207e-01
3.924327624800561e-01
4.631591778282991e-01
5.386353162916796e-01
6.165261718466721e-01
6.940285888812407e-01
7.673891960472882e-01
8.330365530664424e-01
8.880975403712392e-01
9.308466047617676e-01
9.611923018564625e-01
9.805705610930157e-01
9.915060304134730e-01
9.968903358497988e-01
9.997420692895402e-01
###1.080000000000000e+01
2.556351056759212e-10
2.349916392047468e-10
1.151696267281196e-10
1.174951463385805e-10
1.079804552036170e-10
-1.684422646536662e-09
2.362572903387682e-10
2.953324061912058e-10
4.221019090489892e-10
5.317670412633940e-10
7.948462354449539e-10
7.588237732129656e-10
9.114343110756089e-10
1.080381206548212e-09
1.339928091402965e-09
1.707527780081957e-09
2.153766815631283e-09
2.747862181948408e-09
3.553393928568323e-09
4.629977982533414e-09
6.034927650685480e-09
7.912581375272653e-09
1.042812944963856e-08
1.376459091734696e-08
1.823317055077274e-08
2.419649877013023e-08
3.216772541487620e-08
4.278860380565030e-08
5.700481270057944e-08
7.599336964521446e-08
1.012743041324102e-07
1.351035480267418e-07
1.801510688680026e-07
2.403873577014299e-07
3.207507224939802e-07
4.280982419331695e-07
5.714660622606132e-07
7.625630927087465e-07
1.018271877218123e-06
1.358173415317335e-06
1.812834086385878e-06
2.419190157278765e-06
3.229200013106251e-06
4.309865019611643e-06
5.751806912914095e-06
7.675227841182678e-06
1.024167001431343e-05
1.366816434518147e-05
1.823483542208747e-05
2.436366151714953e-05
3.249228915391431e-05
4.339555077034508e-05
5.786313000840986e-05
7.727395894670414e-05
1.029271796520980e-04
1.372162753353672e-04
1.829117208899171e-04
2.439123032963269e-04
3.251085656184994e-04
4.328178203183602e-04
5.769188847705316e-04
7.677905232912745e-04
1.021569836759979e-03
1.359922177134629e-03
1.802931088419045e-03
2.391754281992994e-03
3.166339095433425e-03
4.187788976009886e-03
5.525344249954809e-03
7.295487167068614e-03
9.602792398422443e-03
1.260982018508575e-02
1.650707875126144e-02
2.155141118037612e-02
2.804123850546487e-02
3.634904050641070e-02
4.687620589970598e-02
6.019287924565257e-02
7.688466404652861e-02
9.761993645273337e-02
1.231707325176147e-01
1.543433941562730e-01
1.919311363630526e-01
2.365679177238525e-01
2.885475037901964e-01
3.479703229915297e-01
4.143065484538686e-01
4.864209982963896e-01
5.625746012537657e-01
6.402463650639745e-01
7.164922068397882e-01
7.875757875641421e-01
8.500889747539326e-01
9.015012788269305e-01
9.405207966940184e-01
9.675076274193226e-01
9.842319199442627e-01
9.933499070232247e-01
9.976596645787553e-01
9.998101002160507e-01
###1.120000000000000e+01
2.727378177815772e-10
2.383287681387011e-10
1.388719181991770e-10
1.380018848974989e-10
1.221186277817301e-10
-1.660524399957743e-09
2.569582038641086e-10
3.171406952777935e-10
4.487806028366162e-10
5.695967591319911e-10
8.319413771782530e-10
8.132883191944384e-10
9.802037237939485e-10
1.162840855743647e-09
1.449155042992026e-09
1.843420649322831e-09
2.322620259488111e-09
2.975626390526059e-09
3.845499161961034e-09
5.014354874136589e-09
6.534255659949511e-09
8.576844246415913e-09
1.130583793567291e-08
1.493112985833650e-08
1.978519063974971e-08
2.626631616608162e-08
3.493225070802949e-08
4.647913955053111e-08
6.194621775329214e-08
8.260930644654166e-08
1.101386870970074e-07
1.469920454105068e-07
1.960831010803372e-07
2.617714692009880e-07
3.494510243138467e-07
4.666279679719711e-07
6.232259236655211e-07
8.320448616767466e-07
1.111768741010875e-06
1.483595546697814e-06
1.981305172281422e-06
2.645701697637037e-06
3.533630808566832e-06
4.719163426802934e-06
6.301922660188401e-06
8.414551323574680e-06
1.123535940055202e-05
1.500471846458453e-05
2.003002493880824e-05
2.678038539308490e-05
3.573862283685358e-05
4.776064165633416e-05
6.372439524896703e-05
8.515300227343088e-05
1.134842755441893e-04
1.513770224430867e-04
2.018764553169490e-04
2.693275075694721e-04
3.591164289440518e-04
4.782308858481082e-04
6.376237472552215e-04
8.487085986673861e-04
1.129354941434585e-03
1.503383933279730e-03
1.992938319260296e-03
2.643258827267201e-03
3.498157192458303e-03
4.624453338464408e-03
6.097826661194803e-03
8.045182230517721e-03
1.058022198994528e-02
1.387874876685600e-02
1.814522189319670e-02
2.365694746015550e-02
3.073088092831517e-02
3.976290411072738e-02
5.117345552663315e-02
6.556081874126721e-02
8.353292173275878e-02
1.057618256246253e-01
1.330425949818538e-01
1.661467156905308e-01
2.058467737739749e-01
2.527147236035227e-01
3.069157895242998e-01
3.683951760585669e-01
4.364570643269019e-01
5.097510774549027e-01
5.863191708221316e-01
6.634794485161754e-01
7.381862885440482e-01
8.067562129522918e-01
8.659940639157355e-01
9.137381243557487e-01
9.491407175977555e-01
9.729768138928410e-01
9.873013669784212e-01
9.948388289151809e-01
9.982560479708206e-01
9.998650471427262e-01
###1.160000000000000e+01
2.794332488896369e-10
2.420178044719690e-10
1.916993759588865e-10
1.502816162073266e-10
1.539024001181372e-10
-1.638782003640767e-09
2.840766533434204e-10
3.456783692473913e-10
4.711060324320639e-10
6.152090903965574e-10
8.742924751908588e-10
8.679488104489619e-10
1.051827512724632e-09
1.259922555994407e-09
1.568858669262037e-09
1.987447349932021e-09
2.513858240628964e-09
3.221404294791069e-09
4.162836611387907e-09
5.430876604295132e-09
7.082978523661780e-09
9.299007700355976e-09
1.226139949086613e-08
1.620080648431821e-08
2.147502528899693e-08
2.851943252620241e-08
3.794238921971236e-08
5.049877300404531e-08
6.733303566850718e-08
8.982369525350057e-08
1.198139714912661e-07
1.599739353675994e-07
2.134990029741130e-07
2.851502875297714e-07
3.808558594730474e-07
5.088009066263270e-07
6.799026174614650e-07
9.082064167447745e-07
1.214273277818463e-06
1.621175679522895e-06
2.166313481541476e-06
2.894531389248371e-06
3.868190661474302e-06
5.169200190395507e-06
6.907137592206175e-06
9.228397770915686e-06
1.232979685732950e-05
1.647639094165753e-05
2.200868756734371e-05
2.944482509413534e-05
3.931811283705483e-05
5.257547036936435e-05
7.018902219592082e-05
9.384568658796706e-05
1.251345326064766e-04
1.669979857562234e-04
2.227994700211667e-04
2.973578281845021e-04
3.966149820816534e-04
5.283005695843016e-04
7.045040943919996e-04
9.378126152044721e-04
1.247924221646701e-03
1.661079178994946e-03
2.201550508177749e-03
2.919082668810763e-03
3.861604663682775e-03
5.102011219969288e-03
6.722847010691814e-03
8.862669597505876e-03
1.164395525108810e-02
1.525597148563351e-02
1.992007123966076e-02
2.593186918583243e-02
3.362888874952764e-02
4.343043846591946e-02
5.577453725755066e-02
7.128634458982006e-02
9.059606840002925e-02
1.143757288876843e-01
1.434347698370314e-01
1.785090469225186e-01
2.203390799137529e-01
2.694122885165023e-01
3.257765736102386e-01
3.892097306829208e-01
4.588274652172338e-01
5.330763320942848e-01
6.097975691721924e-01
6.861574414365756e-01
7.590550558019014e-01
8.248978683773601e-01
8.807608750457130e-01
9.248500118719557e-01
9.567712913463712e-01
9.776812867606059e-01
9.898546897703334e-01
9.960310889878886e-01
9.987144084574020e-01
9.998962224391846e-01
###1.200000000000001e+01
2.582577113469757e-10
2.476357407673025e-10
1.844731209663489e-10
1.625836912704180e-10
1.686239034012858e-10
-1.614112154721481e-09
3.084126815944294e-10
3.801528186445204e-10
5.125992435359008e-10
6.604191080112027e-10
9.175244518132018e-10
9.294886364758787e-10
1.132015761432728e-09
1.362293316586938e-09
1.697790196627227e-09
2.152208463993935e-09
2.721645253772926e-09
3.489973314527452e-09
4.515869830632576e-09
5.881637445723080e-09
7.674978913391875e-09
1.008342615542057e-08
1.330139609860263e-08
1.758288835302885e-08
2.331436754181838e-08
3.097379742324491e-08
4.122380911373859e-08
5.488496260784661e-08
7.320967013579509e-08
9.770791555684980e-08
1.303812233995626e-07
1.741557932522686e-07
2.325350030439620e-07
3.107112254996022e-07
4.152197336632281e-07
5.549717618924768e-07
7.419968395553139e-07
9.916805771687996e-07
1.326390805777977e-06
1.772167073649140e-06
2.369422168546077e-06
3.167773305290135e-06
4.235943425904794e-06
5.664105457983313e-06
7.572851509569320e-06
1.012442530846665e-05
1.353521096981786e-05
1.809824647828472e-05
2.418958941704964e-05
3.238267717540717e-05
4.326661867184471e-05
5.788569058473421e-05
7.732158228238434e-05
1.034323505688239e-04
1.379833547499046e-04
1.842280121846016e-04
2.458690714807239e-04
3.282510917653324e-04
4.379302865846445e-04
5.834721418388798e-04
7.781203327006804e-04
1.035841092362642e-03
1.378270941987415e-03
1.834270428381227e-03
2.430393090288991e-03
3.221260334256968e-03
4.259190957928045e-03
5.623778563684327e-03
7.404640293986190e-03
9.752508479943961e-03
1.279958305613708e-02
1.674944662068864e-02
2.183908428454236e-02
2.838538973837469e-02
3.674572576091708e-02
4.735759037373533e-02
6.069098202210020e-02
7.738558167635083e-02
9.808660234530471e-02
1.234717483092373e-01
1.543549791615726e-01
1.914291610739401e-01
2.353952885646540e-01
2.866476230428454e-01
3.451044005260411e-01
4.103609374546526e-01
4.813565630875967e-01
5.563215407618953e-01
6.329269687101993e-01
7.082028382782810e-01
7.790390094982965e-01
8.419839173214093e-01
8.943965601171406e-01
9.348860756194836e-01
9.634845367144945e-01
9.816964321687170e-01
9.919594757692508e-01
9.969751926701890e-01
9.990610614560509e-01
9.999321279165896e-01
###1.240000000000001e+01
2.616744343994771e-10
2.632348814519011e-10
1.913241424545451e-10
1.735609291755050e-10
1.814346444584240e-10
-1.587949742453323e-09
3.365429025412474e-10
4.155892658725645e-10
5.555412681113262e-10
7.147947813631194e-10
9.700027654656173e-10
9.986940966297339e-10
1.216708746389349e-09
1.474225249071380e-09
1.836047990015546e-09
2.326168230570553e-09
2.946882044623708e-09
3.779922725629220e-09
4.890416040285740e-09
6.369975000862172e-09
8.320633052914095e-09
1.093638979374392e-08
1.443120108040650e-08
1.908577854491748e-08
2.531669986320048e-08
3.364799299494346e-08
4.479853048319599e-08
5.967043061785659e-08
7.962120927674180e-08
1.063021476139076e-07
1.419186614095938e-07
1.896532344411650e-07
2.533470165600585e-07
3.386854611980280e-07
4.528287190954563e-07
6.055177211747355e-07
8.100386052949140e-07
1.083201890012259e-06
1.449414683872021e-06
1.937916073450415e-06
2.592516994124735e-06
3.468039880569083e-06
4.640247465303961e-06
6.208393257413998e-06
8.305548384994303e-06
1.111084908596226e-05
1.486241674731760e-05
1.988516067031043e-05
2.659585999567638e-05
3.562017647682771e-05
4.761904335086851e-05
6.374014032781816e-05
8.518513398448872e-05
1.140051264048856e-04
1.521475561856289e-04
2.032180927563408e-04
2.712968567513195e-04
3.622865420492465e-04
4.834272322595696e-04
6.442669413637496e-04
8.590873257543232e-04
1.143559479652382e-03
1.521387703787074e-03
2.024226265384668e-03
2.681114954603881e-03
3.551940534140703e-03
4.693721328229676e-03
6.193027307525701e-03
8.147223199856602e-03
1.071995896827506e-02
1.405318027741794e-02
1.836575005872140e-02
2.391151682587275e-02
3.102780257654789e-02
4.009306417412525e-02
5.156162033127401e-02
6.593626772098288e-02
8.386813400947690e-02
1.060148610247978e-01
1.330578001460946e-01
1.658036567975009e-01
2.049031480034740e-01
2.510019074657688e-01
3.043936923032479e-01
3.648525354065046e-01
4.317977848880644e-01
5.039785369751983e-01
5.794215760893223e-01
6.556391776096957e-01
7.295609869510035e-01
7.981074078399060e-01
8.579989412885302e-01
9.069208762506636e-01
9.438910970057308e-01
9.693508201960295e-01
9.850980804669263e-01
9.936807226063684e-01
9.977165428611281e-01
9.993216647931737e-01
9.999526233277846e-01
###1.280000000000001e+01
2.559154359097206e-10
2.566095294546781e-10
2.112666651168449e-10
1.879629042367095e-10
1.929828664653813e-10
-1.555239112927640e-09
3.651064392950749e-10
4.517074890234802e-10
6.015222608103852e-10
7.705322577184236e-10
1.030164186667943e-09
1.079415702164951e-09
1.302678131190479e-09
1.594656524533810e-09
1.986341484480021e-09
2.514882632380709e-09
3.191905287884007e-09
4.092511038577875e-09
5.298186620448980e-09
6.902688936848396e-09
9.021420776989015e-09
1.186292611580019e-08
1.565994854291281e-08
2.072117977568549e-08
2.749658444943125e-08
3.655995993808879e-08
4.869563661273596e-08
6.488702178501163e-08
8.661508741268174e-08
1.156869623435007e-07
1.545235931495552e-07
2.065912134473945e-07
2.761108911769342e-07
3.692847313360347e-07
4.939951458535798e-07
6.609151515779647e-07
8.846186855966830e-07
1.183561483760486e-06
1.584435116582906e-06
2.119832635927160e-06
2.837525596336599e-06
3.797932906153331e-06
5.084675372030288e-06
6.806915482027131e-06
9.111726984977500e-06
1.219659328403312e-05
1.632428609717438e-05
2.185384483116868e-05
2.924690498028919e-05
3.918789994067096e-05
5.241529443037259e-05
7.018413399910813e-05
9.385187299416713e-05
1.256546054010294e-04
1.677545942153991e-04
2.241400882067062e-04
2.992969784631230e-04
3.997522047198855e-04
5.334962953809790e-04
7.111061632478338e-04
9.480590760126812e-04
1.261821882578770e-03
1.678353039787371e-03
2.232393867002025e-03
2.955551406648800e-03
3.913376771119121e-03
5.167854535713069e-03
6.813399521997417e-03
8.954941876189209e-03
1.177030725370225e-02
1.541116788398317e-02
2.011330556737986e-02
2.614640341411418e-02
3.386975988745258e-02
4.368211286902213e-02
5.605643925307746e-02
7.152378971634125e-02
9.074526786459644e-02
1.143918450046741e-01
1.431416783606810e-01
1.777789594649477e-01
2.189264276979158e-01
2.671428408638161e-01
3.226227782172953e-01
3.849872144899474e-01
4.534663701540332e-01
5.266249871429838e-01
6.023027275725434e-01
6.778610008198483e-01
7.501757943997376e-01
8.162258129290220e-01
8.729402452540095e-01
9.183666566731523e-01
9.519260216302784e-01
9.744423984836976e-01
9.879585491461478e-01
9.950755123722920e-01
9.982925743192710e-01
9.995150723729209e-01
9.999680809502826e-01
###1.320000000000001e+01
2.520512386648571e-10
2.599857072516265e-10
2.174561621567135e-10
2.079298455027606e-10
2.115451211246211e-10
-1.536514875131483e-09
3.963045451071803e-10
4.943144863089281e-10
6.475744309274873e-10
8.271081477855450e-10
1.093125467992678e-09
1.162537897785910e-09
1.402469115928315e-09
1.722888523726844e-09
2.144751014935898e-09
2.724213003805139e-09
3.456711721143430e-09
4.434769038381599e-09
5.742660103587750e-09
7.479638755343863e-09
9.783569366379219e-09
1.287144222034992e-08
1.699680320005197e-08
2.250273972599416e-08
2.987221567439283e-08
3.973654278857377e-08
5.294518080258278e-08
7.057672572466402e-08
9.425293140874478e-08
1.259366445786164e-07
1.682997533733015e-07
2.251084769055037e-07
3.010096731755091e-07
4.027704360529081e-07
5.390611825251712e-07
7.216183463411717e-07
9.663754200141003e-07
1.293666054001061e-06
1.732602780512205e-06
2.319568673834072e-06
3.106708233627351e-06
4.160604668776636e-06
5.573417012473576e-06
7.465274028424312e-06
9.998836660399668e-06
1.339199524943231e-05
1.793418051208677e-05
2.402128917012883e-05
3.216716213797783e-05
4.311908647379541e-05
5.769880034218782e-05
7.728415256249534e-05
1.033993891052580e-04
1.384848681190134e-04
1.849435602402574e-04
2.471747625317227e-04
3.301170105064228e-04
4.409740124518736e-04
5.885472926470161e-04
7.845286867976791e-04
1.045738326541007e-03
1.391532710410532e-03
1.850323297073397e-03
2.460204571924544e-03
3.255540065965165e-03
4.307942251585653e-03
5.684656692297880e-03
7.488397478795134e-03
9.832608023204702e-03
1.290887682434664e-02
1.688060128777251e-02
2.199941346845389e-02
2.855273284522384e-02
3.692106371728739e-02
4.752418394140163e-02
6.085329309039824e-02
7.746514705411299e-02
9.803146951365063e-02
1.232294827645006e-01
1.537271415775391e-01
1.902847193124583e-01
2.334919140628530e-01
2.838028054133562e-01
3.413060313330797e-01
4.054539422672352e-01
4.753086765077765e-01
5.492310819576616e-01
6.248907014425606e-01
6.995260383163111e-01
7.699951662687045e-01
8.333591224571733e-01
8.868151763464822e-01
9.287705509236268e-01
9.590500716170287e-01
9.788304109264333e-01
9.903437242458573e-01
9.961956012883136e-01
9.987350224865200e-01
9.996559905085981e-01
9.999844296712529e-01
###1.360000000000001e+01
2.656142408201577e-10
2.705263794403584e-10
2.264764088475036e-10
2.235433502406956e-10
2.337753556173375e-10
-1.498239348368987e-09
4.319550086099541e-10
5.391645437543333e-10
6.973773861391142e-10
8.918901995305631e-10
1.160836589998914e-09
1.259622804237198e-09
1.515012079632977e-09
1.865297668908533e-09
2.322845835191079e-09
2.947554970312521e-09
3.743811544618254e-09
4.805556561520305e-09
6.228008097863342e-09
8.112419289561819e-09
1.061235461290748e-08
1.396678637942253e-08
1.845139973143413e-08
2.444356522676287e-08
3.246110251793861e-08
4.319794124557088e-08
5.758126220911558e-08
7.678608525135062e-08
1.025930734688415e-07
1.371368793440057e-07
1.833606881048337e-07
2.453641388419959e-07
3.282553599782548e-07
4.394527321228318e-07
5.884684777864566e-07
7.881492336097052e-07
1.056024388173202e-06
1.414461601484915e-06
1.895293011381735e-06
2.538990731612321e-06
3.402420239275495e-06
4.559252498176628e-06
6.110880494226494e-06
8.189624400384718e-06
1.097510010311118e-05
1.470759818799399e-05
1.970645096306878e-05
2.640839150516441e-05
3.538332106459695e-05
4.744990910094741e-05
6.351899373570010e-05
8.510378837540923e-05
1.139149909395493e-04
1.526153740783786e-04
2.038869189348607e-04
2.725149796096984e-04
3.640103052439956e-04
4.862860032063459e-04
6.490170104250339e-04
8.651207128798991e-04
1.152863734546743e-03
1.533694359550171e-03
2.038623876261995e-03
2.709363277880079e-03
3.583135607097036e-03
4.738258598121763e-03
6.247576544865476e-03
8.222179973384883e-03
1.078446992715126e-02
1.414204729214874e-02
1.846796730514733e-02
2.403219260848971e-02
3.113937756857492e-02
4.019250657030374e-02
5.163141616276266e-02
6.596438311385622e-02
8.377031762313474e-02
1.057348957938766e-01
1.325329343939865e-01
1.648207143170702e-01
2.033225154089186e-01
2.485868150610349e-01
3.009609755396210e-01
3.604079413919396e-01
4.262172141934190e-01
4.972658903297744e-01
5.717309530060427e-01
6.471183416579402e-01
7.205753014767772e-01
7.889659058085490e-01
8.494934439323145e-01
8.996307625605332e-01
9.381708194867850e-01
9.653260349355616e-01
9.825837973784594e-01
9.923145684609468e-01
9.970831646986329e-01
9.990634358059918e-01
9.997497495294911e-01
1.000010018856223e+00
###1.400000000000001e+01
2.776879359201329e-10
2.753048575418620e-10
2.510501285975195e-10
2.421084793322283e-10
2.664904757053977e-10
-1.455082796278272e-09
4.713377433131996e-10
5.876680569970102e-10
7.553930493427445e-10
9.659367868040014e-10
1.229718343256678e-09
1.359668157298378e-09
1.633826510137351e-09
2.019732824917441e-09
2.514556349557023e-09
3.189777038055361e-09
4.055407739976059e-09
5.210804320494932e-09
6.758892925040178e-09
8.800795006533054e-09
1.151390184682032e-08
1.515986247705633e-08
2.003621003661919e-08
2.655618743246553e-08
3.528184343462256e-08
4.697262181346910e-08
6.264078348121562e-08
8.356686502052206e-08
1.117055043194251e-07
1.493761566221853e-07
1.998257002122273e-07
2.675230809156857e-07
3.580829524956322e-07
4.796206928674820e-07
6.426008284679703e-07
8.610950336076477e-07
1.154378955252066e-06
1.546989797191989e-06
2.073899396006778e-06
2.779973046668530e-06
3.727443042677527e-06
4.997440157464556e-06
6.701825642246877e-06
8.986228335104556e-06
1.204949617984765e-05
1.615544698001955e-05
2.165701549802466e-05
2.903630858684222e-05
3.892479263787805e-05
5.221731083485098e-05
6.992854564688881e-05
9.371534889039302e-05
1.254865062955511e-04
1.681659602728525e-04
2.247288209120094e-04
3.003875312657050e-04
4.012658378115798e-04
5.360602422825809e-04
7.154059768504313e-04
9.535091826799566e-04
1.270292943346322e-03
1.689346065816972e-03
2.244564125106792e-03
2.981524244122766e-03
3.940549289513815e-03
5.206904376134685e-03
6.859667261954066e-03
9.018776555695903e-03
1.181616094389507e-02
1.547520211472679e-02
2.018103432354996e-02
2.622041915481787e-02
3.391662774304564e-02
4.369492551703807e-02
5.601393539063037e-02
7.140283044528851e-02
9.045317223088260e-02
1.138661373555428e-01
1.423105092063364e-01
1.764219796321839e-01
2.168898559351843e-01
2.641949179150209e-01
3.185864598520473e-01
3.798869996459777e-01
4.472227611179326e-01
5.192801665540620e-01
5.940571604471913e-01
6.689210851714440e-01
7.409538279490548e-01
8.070651375358773e-01
8.646182162287912e-01
9.114092888314457e-01
9.466173123091917e-01
9.708200450903059e-01
9.857721171620552e-01
9.939320315966127e-01
9.977835906577579e-01
9.993151446656769e-01
9.998226279296122e-01
1.000010018856223e+00
###1.440000000000001e+01
2.749186585367989e-10
2.943188893572280e-10
2.617427150786247e-10
2.635099871544523e-10
2.865510757240269e-10
-1.411510911391125e-09
5.145879655104077e-10
6.406316401156679e-10
8.213029669827445e-10
1.046563468472196e-09
1.316216551764603e-09
1.467090946099310e-09
1.760900284078272e-09
2.186622273058260e-09
2.723513419140902e-09
3.452640625194276e-09
4.394804388488597e-09
5.650131793710949e-09
7.330284068835051e-09
9.550173121603155e-09
1.249405422158953e-08
1.645762135608406e-08
2.176496840251259e-08
2.885803038207169e-08
3.835812347232545e-08
5.109077947807264e-08
6.816346843520981e-08
9.097248527988506e-08
1.216580339658176e-07
1.627535987579979e-07
2.178310323274974e-07
2.917689879653309e-07
3.907333701641113e-07
5.236151908745528e-07
7.018950115722835e-07
9.410524530668235e-07
1.262225102528143e-06
1.692415498422554e-06
2.270061125569695e-06
3.044749000420171e-06
4.084518392530350e-06
5.479215138802848e-06
7.351822166035883e-06
9.863066085805689e-06
1.323138972229944e-05
1.774895857324396e-05
2.380354596049980e-05
3.192917913018825e-05
4.282127755424717e-05
5.746605227815020e-05
7.698252247915883e-05
1.031927675923759e-04
1.382199325872637e-04
1.852744608112553e-04
2.476384439685685e-04
3.310151173688207e-04
4.422003507351553e-04
5.907041244028379e-04
7.882223972829601e-04
1.050363076710966e-03
1.398866335078063e-03
1.859597946970258e-03
2.469527834561102e-03
3.278455701940510e-03
4.330027416157982e-03
5.716722635304082e-03
7.524363725721515e-03
9.882256506225850e-03
1.293251957532463e-02
1.691491344512274e-02
2.202663395666083e-02
2.857248746624551e-02
3.689401640799980e-02
4.743878922843021e-02
6.068435032547893e-02
7.717832395354328e-02
9.752610835782240e-02
1.224355382725742e-01
1.525679947216111e-01
1.885348701630618e-01
2.309751065279686e-01
2.803026920693923e-01
3.366585244149620e-01
3.997155002201613e-01
4.684203959356235e-01
5.412855962070976e-01
6.161426009295154e-01
6.902323255037792e-01
7.606121285023866e-01
8.242512628045700e-01
8.787319901931091e-01
9.221837262224162e-01
9.541647288947542e-01
9.755993202055616e-01
9.884613018251613e-01
9.952493160782250e-01
9.983329867060309e-01
9.995071266389505e-01
9.998779930704464e-01
1.000010018856223e+00
###1.480000000000001e+01
2.973850965102494e-10
3.014741049946719e-10
2.657932916614877e-10
2.786939810787045e-10
3.110706449313443e-10
-1.368016457256847e-09
5.687478044158376e-10
7.004506664751956e-10
8.977673293419804e-10
1.136858407424246e-09
1.419480157168982e-09
1.580377670875853e-09
1.909575077956106e-09
2.367471694477084e-09
2.950613644883568e-09
3.739842335113494e-09
4.762761027510638e-09
6.128771796120692e-09
7.952283056854532e-09
1.036575284137720e-08
1.356225564940672e-08
1.787200900444495e-08
2.364795961185614e-08
3.136704253233890e-08
4.171483553330016e-08
5.558357975493362e-08
7.419062284207244e-08
9.906271849180872e-08
1.325309605449670e-07
1.773790832232379e-07
2.375211291404016e-07
3.183134874059396e-07
4.264755623558633e-07
5.718316702034804e-07
7.669221515908083e-07
1.028703624534922e-06
1.380555678319135e-06
1.852044348617527e-06
2.485468146462098e-06
3.335370652954266e-06
4.476853093967130e-06
6.008691821561498e-06
8.066469111603774e-06
1.082707137734867e-05
1.453146497726864e-05
1.950229873345264e-05
2.616669437387240e-05
3.511389273143036e-05
4.710502393974055e-05
6.324016236754463e-05
8.474133898442184e-05
1.136212620163442e-04
1.522266091216075e-04
2.040819595125911e-04
2.728086401051925e-04
3.646478645745080e-04
4.871082128472223e-04
6.506310698256184e-04
8.680096800186187e-04
1.156419340984280e-03
1.539486684999416e-03
2.045656360355742e-03
2.715094656401729e-03
3.602046470534864e-03
4.753880276361340e-03
6.270578456480265e-03
8.245749091269419e-03
1.081774673800255e-02
1.413950705051694e-02
1.846793159669890e-02
2.401307917096312e-02
3.109847877795728e-02
4.008192572712810e-02
5.143499586502579e-02
6.565326116240362e-02
8.330127735049898e-02
1.049976512378247e-01
1.314491595026260e-01
1.633099212378970e-01
2.011534302098807e-01
2.455701239735691e-01
2.968987837885579e-01
3.551419751280948e-01
4.198444717005208e-01
4.897586898500425e-01
5.632274926822775e-01
6.379236880218749e-01
7.110003322989330e-01
7.794948774846082e-01
8.405076167327556e-01
8.918419178451907e-01
9.319831345954472e-01
9.608667132288390e-01
9.797273146105731e-01
9.907113261647025e-01
9.963121962933084e-01
9.987583230209358e-01
9.996494965517100e-01
9.999171283315718e-01
1.000010018856223e+00
###1.520000000000001e+01
3.102467340017687e-10
3.110512755020416e-10
2.836651041283667e-10
3.055957840293741e-10
3.268758943040709e-10
-1.320908649434145e-09
6.205232362526446e-10
7.623785799476756e-10
9.701910345562572e-10
1.232736228643171e-09
1.518695484116676e-09
1.707350909672882e-09
2.052927786698881e-09
2.562768429572604e-09
3.197194506102766e-09
4.050709894171348e-09
5.163785175413186e-09
6.666074879683915e-09
8.629588613773563e-09
1.125452045945215e-08
1.472561354125871e-08
1.941409887492115e-08
2.569876929517981e-08
3.410655596692867e-08
4.537512283895724e-08
6.049064573300712e-08
8.077493307905920e-08
1.079012878402224e-07
1.444186615820991e-07
1.933824388762339e-07
2.590877903891180e-07
3.473748846329503e-07
4.656456826603403e-07
6.247005817968348e-07
8.382091037904186e-07
1.124909447509975e-06
1.510430312571268e-06
2.027321494170224e-06
2.722058342063188e-06
3.654853806709773e-06
4.907899498169907e-06
6.590989508681511e-06
8.852259486767908e-06
1.188739977820456e-05
1.596134460991175e-05
2.143102645539188e-05
2.876638799494261e-05
3.861631659969353e-05
5.181536622343990e-05
6.958892553211903e-05
9.327477955475356e-05
1.250885715876451e-04
1.676235072540738e-04
2.247420787160981e-04
3.004498076236307e-04
4.015695554707873e-04
5.363729598464287e-04
7.163052068353684e-04
9.553954155396444e-04
1.272439465767007e-03
1.693211735810288e-03
2.248753884163005e-03
2.982874110063485e-03
3.954519743947583e-03
5.214801728838719e-03
6.871753736786857e-03
9.027377079832899e-03
1.182979870254169e-02
1.544261924813624e-02
2.014083137981508e-02
2.614720406512577e-02
3.380464112734029e-02
4.348933983717981e-02
5.569409370747333e-02
7.093367595357554e-02
8.978459529929465e-02
1.128758864275441e-01
1.409148239530640e-01
1.745392220257750e-01
2.142787176058341e-01
2.606638490833212e-01
3.139519863967800e-01
3.740112122816986e-01
4.402247667352497e-01
5.111774028573940e-01
5.850329252683011e-01
6.593379075177509e-01
7.311607784582353e-01
7.975736911449494e-01
8.558164370097912e-01
9.039586192505377e-01
9.408503489434413e-01
9.667820886713819e-01
9.832685257056495e-01
9.925789018029003e-01
9.971612889682903e-01
9.990836679027064e-01
9.997530400744084e-01
9.999440966710806e-01
1.000010018856223e+00
###1.560000000000001e+01
3.196408816059955e-10
3.309469992676873e-10
3.003186381260613e-10
3.315132013453592e-10
3.613531377704321e-10
-1.266704468951026e-09
6.692369371147248e-10
8.293782549890702e-10
1.055910158551036e-09
1.336535436125487e-09
1.628758292016507e-09
1.850090668571220e-09
2.219495782558711e-09
2.801795624862856e-09
3.464901110177184e-09
4.390786963310760e-09
5.601687774333194e-09
7.230358604499941e-09
9.366852677350552e-09
1.222120946238906e-08
1.599640631434127e-08
2.109520943393707e-08
2.793552298715520e-08
3.709176116049189e-08
4.937106623109618e-08
6.584777045984390e-08
8.796696156956666e-08
1.175663690220547e-07
1.574216621925691e-07
2.108927517830076e-07
2.826829656217199e-07
3.792220778177761e-07
5.085750968233395e-07
6.826157549762601e-07
9.163671545283021e-07
1.230495131625348e-06
1.652963559805868e-06
2.219775150546209e-06
2.981822165568157e-06
4.005881201465916e-06
5.381648986120100e-06
7.230776566865720e-06
9.716074935560227e-06
1.305289499663922e-05
1.753426727590010e-05
2.355176193905093e-05
3.162512845675278e-05
4.246771863730464e-05
5.700061533341603e-05
7.656127820622992e-05
1.026590387818420e-04
1.376918821654996e-04
1.845283275724515e-04
2.474282879494048e-04
3.307811557300965e-04
4.420564301454410e-04
5.903715224967539e-04
7.882316370870210e-04
1.051020609428139e-03
1.399263373498578e-03
1.861109655321092e-03
2.470243406741956e-03
3.274542435028002e-03
4.337106743166399e-03
5.715359394382119e-03
7.523640229872424e-03
9.873360429407839e-03
1.292301635867709e-02
1.685022574392158e-02
2.194090073384844e-02
2.843850858094820e-02
3.670196609750505e-02
4.712689068730889e-02
6.022794040119806e-02
7.653586078846210e-02
9.663785768599445e-02
1.211707655621199e-01
1.508388275693233e-01
1.862563815396894e-01
2.279068831717535e-01
2.762465284331322e-01
3.314396069681411e-01
3.932230492983367e-01
4.608126651805949e-01
5.326254760288888e-01
6.066519649920162e-01
6.803284695654701e-01
7.506637578901688e-01
8.148116492200911e-01
8.701709227724581e-01
9.151044955357654e-01
9.488285573071101e-01
9.719714955747840e-01
9.862847669416180e-01
9.941159451433925e-01
9.978336367735253e-01
9.993299796423079e-01
9.998275628735943e-01
9.999625521505483e-01
1.000010018856223e+00
