# NLO BK equation solver 0.0-dev build  (build Feb 16 2026 17:52:53)
# Initial condition: MV model, Q_s0^2 = 0.00680624 GeV^2, \gamma = 1, coefficient of E inside Log is 1, x0=0.01, \Lambda_QCD = 0.241 GeV
# # LO Kernel RC:  Balitsky. NLO Kernel RC:  smallest dipole
# Nc=3, Nf=4
# Using RungeKutta method in K1
# Resumming double log
# Resumming single log, K_sub=0.65 resum rc: smallest
# BK K1 integration relative accuracy: 0.02# NLO BK as^2 terms: MC integration method: Vegas, points=1000000
# Kinematical constraint: none
# Target kinematical constraint: disabled

###1.000000000000000e-05
###1.160836920850890e+00
###100
###1.000000000000000e+00
###0.000000000000000e+00
2.201118584016766e-12
2.931903825190446e-12
3.904783142352519e-12
5.199764057092340e-12
6.923224612943376e-12
9.216579367801645e-12
1.226778380882808e-11
1.632660340903756e-11
2.172487450645912e-11
2.890338246922636e-11
3.844750950809351e-11
5.113450130446885e-11
6.799612279745019e-11
9.040169081064815e-11
1.201680792948266e-10
1.597054163935570e-10
2.122099952812872e-10
2.819196184874095e-10
3.744514718102964e-10
4.972490515800696e-10
6.601731372572343e-10
8.762829522327711e-10
1.162868331167422e-09
1.542813015478790e-09
2.046394574061573e-09
2.713659783588539e-09
3.597558071598021e-09
4.768073051284945e-09
6.317667467179836e-09
8.368455509535042e-09
1.108164558146367e-08
1.466996550045454e-08
1.941400284273043e-08
2.568368133606108e-08
3.396647013555793e-08
4.490441268691735e-08
5.934269954420886e-08
7.839333861717747e-08
1.035185530719886e-07
1.366399337137807e-07
1.802811817642685e-07
2.377546180837230e-07
3.134046575469083e-07
4.129253455603138e-07
5.437740732141892e-07
7.157100400141449e-07
9.414943132667583e-07
1.237798939770981e-06
1.626386127417599e-06
2.135635823201300e-06
2.802522064794228e-06
3.675166524118309e-06
4.816133260725222e-06
6.306673828731679e-06
8.252189010350287e-06
1.078918750496705e-05
1.409447956324250e-05
1.839645478984853e-05
2.398998378283501e-05
3.125523248892481e-05
4.068171952220645e-05
5.289899496607742e-05
6.871573957123456e-05
8.916958290761112e-05
1.155905902968657e-04
1.496822244432261e-04
1.936247226727028e-04
2.502073474879296e-04
3.229980091111750e-04
4.165615190515615e-04
5.367414785111269e-04
6.910258897382393e-04
8.890234714620249e-04
1.143086972134055e-03
1.469132290165764e-03
1.887718917773507e-03
2.425479352732074e-03
3.117014164278009e-03
4.007407117066375e-03
5.155563116983952e-03
6.638632708161007e-03
8.557861872782513e-03
1.104629481009156e-02
1.427885626644831e-02
1.848543704974515e-02
2.396767450199155e-02
3.112010363916717e-02
4.045614929410968e-02
5.263884565237587e-02
6.851488332471412e-02
8.914807399717128e-02
1.158438163520203e-01
1.501486555722050e-01
1.937976655865438e-01
2.485673857763439e-01
3.159772251652789e-01
3.967796820318286e-01
4.902161831293034e-01
5.931345116180846e-01
6.993051575182049e-01
###4.000000000000000e-01
-1.041760023694071e-08
1.034004505555085e-08
1.236821459178940e-10
-3.764832569383962e-09
1.918082389176564e-08
2.713905690767650e-10
3.964721618566381e-10
4.540542331430080e-10
4.697741408028407e-10
4.154531072549733e-10
4.152267858365555e-10
4.192417413253167e-10
4.272062921162622e-10
4.600417201634171e-10
4.936224566856311e-10
5.540628915275863e-10
6.206760836699751e-10
-3.121773833241391e-09
1.233204865757659e-09
1.060130413798730e-09
1.131523909484795e-09
1.344132144105310e-09
1.639763722720822e-09
2.045001618775871e-09
2.587612695122529e-09
3.316018132508970e-09
4.262743875665591e-09
5.530171108035466e-09
7.204447469028401e-09
9.424000986153621e-09
1.235940625677860e-08
1.625501349851350e-08
2.137867655805382e-08
2.816684682270889e-08
3.712813215950877e-08
4.898087500166912e-08
6.459825511214590e-08
8.524789642889814e-08
1.124796946196022e-07
1.483449605782813e-07
1.956751328469895e-07
2.579757465505197e-07
3.401339928774157e-07
4.480547097754533e-07
5.900931703124526e-07
7.767151397298081e-07
1.021815928268040e-06
1.343666696260726e-06
1.765959570635645e-06
2.319429016606407e-06
3.045469791258246e-06
3.995464018889429e-06
5.237102333425805e-06
6.865519258862423e-06
8.981681034667504e-06
1.174546928396354e-05
1.534877479264179e-05
2.004507978095178e-05
2.615456771426411e-05
3.409090882512092e-05
4.440779424411974e-05
5.778163008056089e-05
7.512132632364758e-05
9.756345182811748e-05
1.265951066998038e-04
1.641196663839225e-04
2.125167401731988e-04
2.749467047506643e-04
3.553487725194574e-04
4.591816249274476e-04
5.927038059695156e-04
7.646151982294094e-04
9.857018324015779e-04
1.270437602240529e-03
1.636867491700128e-03
2.108909634933309e-03
2.716688199423775e-03
3.501957028471237e-03
4.515932022414747e-03
5.827860245647974e-03
7.531269217994731e-03
9.738221867738825e-03
1.261964355042046e-02
1.637252243404947e-02
2.126969000303764e-02
2.767225821306157e-02
3.603518853715343e-02
4.694047895966814e-02
6.118771522164095e-02
7.975363801480546e-02
1.039079887845794e-01
1.350861932903397e-01
1.750057978344302e-01
2.254304279793642e-01
2.881982825488868e-01
3.646368913945090e-01
4.559598600128953e-01
5.629589110115953e-01
6.942355135810139e-01
9.531421593493785e-01
###8.000000000000000e-01
-1.027326300992579e-08
1.042790375994093e-08
3.035201351560532e-10
-3.471562098494107e-09
1.915459428327641e-08
7.111248059940860e-10
1.005177209945635e-09
1.175269545595231e-09
1.202085579861191e-09
1.133966613295401e-09
1.078233873023013e-09
1.071555795038337e-09
9.776247225582160e-10
1.116461271724922e-09
1.185657016801396e-09
1.313180640228890e-09
1.425948621369673e-09
-2.189134721937237e-09
2.189901924950787e-09
2.128610443126462e-09
2.013678247170990e-09
2.204329516170943e-09
2.504174667269287e-09
2.987151482298036e-09
3.523192484687625e-09
4.309228004325331e-09
5.334138968988782e-09
6.715592788330630e-09
8.536850943940998e-09
1.094136573389980e-08
1.414088843636039e-08
1.835102653396166e-08
2.390245367497744e-08
3.126648133208608e-08
4.091935103286892e-08
5.382380294331788e-08
7.074810948791086e-08
9.313129888043253e-08
1.226594426878538e-07
1.615789628304282e-07
2.128583041699758e-07
2.804952540656168e-07
3.696177792365110e-07
4.867767183379740e-07
6.410976095565740e-07
8.437964834623971e-07
1.109751961179429e-06
1.459727364336462e-06
1.919623280346503e-06
2.520850051495939e-06
3.311050281050131e-06
4.346916107203362e-06
5.699147847725625e-06
7.476840964296971e-06
9.782454676131876e-06
1.279603544765690e-05
1.672881431641619e-05
2.185906857586760e-05
2.853902537738333e-05
3.722040646449510e-05
4.852179666918562e-05
6.318131312247884e-05
8.221491762356190e-05
1.068708526378311e-04
1.388261496822436e-04
1.801890270726167e-04
2.335931193013521e-04
3.026099742571017e-04
3.916323335576754e-04
5.070443773104770e-04
6.557119835556103e-04
8.476660955173047e-04
1.095095654130292e-03
1.414823194165620e-03
1.827554889849182e-03
2.361021761634909e-03
3.049367295073713e-03
3.942383317860593e-03
5.098776478694575e-03
6.599525640469463e-03
8.555058935416054e-03
1.109637661020699e-02
1.442803896601752e-02
1.877636684042575e-02
2.445949286205789e-02
3.190462674097383e-02
4.162755216169298e-02
5.428605356953509e-02
7.080919487805391e-02
9.229245197698283e-02
1.201539468741246e-01
1.559148246905499e-01
2.013154546988269e-01
2.579986958094734e-01
3.274922117532314e-01
4.105309534546318e-01
5.072939242701978e-01
6.166555143374163e-01
7.418857059291036e-01
9.608335500895751e-01
###1.200000000000000e+00
-1.009931216665301e-08
1.056351560994430e-08
5.462293601054406e-10
-3.109967925406047e-09
1.928170669459672e-08
1.338694185707507e-09
1.839506920269693e-09
2.118582217672259e-09
2.210610712020261e-09
2.028022965746660e-09
2.005430449725521e-09
1.985402359219672e-09
1.904122142712093e-09
2.074694171360780e-09
2.212190823059272e-09
2.490772014954590e-09
2.684636233295986e-09
-6.682529180551737e-10
3.778819350414366e-09
3.886187927223803e-09
3.404314250561954e-09
3.540091056479180e-09
3.831771538386430e-09
4.338938362344925e-09
4.923765907054260e-09
5.739064461402600e-09
6.883499511185225e-09
8.399814083752321e-09
1.038299922605585e-08
1.300108896598882e-08
1.647871021959721e-08
2.105525192375326e-08
2.708512914293436e-08
3.507116483860136e-08
4.556638340920801e-08
5.956136876159236e-08
7.792777471607719e-08
1.021269816165906e-07
1.342372711638442e-07
1.764794075872737e-07
2.320798472063202e-07
3.055300187016501e-07
4.022498966664809e-07
5.294755879424349e-07
6.972085502283275e-07
9.174792812658065e-07
1.206209167439434e-06
1.586935755357463e-06
2.088484427383910e-06
2.741542429088841e-06
3.601829922982259e-06
4.732331714143324e-06
6.205869962485459e-06
8.144805747771312e-06
1.066052752128415e-05
1.395030638905139e-05
1.824639820445494e-05
2.385483378146575e-05
3.116495955212628e-05
4.067486613025582e-05
5.306537787121749e-05
6.915469597765957e-05
9.007106868668263e-05
1.172041176089471e-04
1.524144977705323e-04
1.980763718902464e-04
2.571074335118920e-04
3.335299391592987e-04
4.322990290556710e-04
5.607722177412637e-04
7.266912536872436e-04
9.412828287342356e-04
1.218687017466225e-03
1.578245991207725e-03
2.043741534408209e-03
2.646302023390408e-03
3.427814125156003e-03
4.444054054587105e-03
5.763402498794111e-03
7.480499790963927e-03
9.722415884693886e-03
1.264620142547621e-02
1.648358166778026e-02
2.150715822693965e-02
2.807335556913440e-02
3.667726143248292e-02
4.790001479625552e-02
6.247367078067709e-02
8.144216160896005e-02
1.060004150281946e-01
1.376496888087849e-01
1.779332527890027e-01
2.284606834805835e-01
2.906727229170259e-01
3.654824416057674e-01
4.527823808290693e-01
5.513996184329405e-01
6.584030598215099e-01
7.746250086699679e-01
9.662981239377447e-01
###1.600000000000000e+00
-9.877406838736453e-09
1.080090047670134e-08
9.190780144702549e-10
-2.585503390701417e-09
1.953226330491147e-08
2.116224295946098e-09
2.909332903452050e-09
3.328965906693472e-09
3.471192501850814e-09
3.187578878999197e-09
3.137149187378862e-09
3.122544701929749e-09
3.041199240276149e-09
3.217690137814184e-09
3.400536038508312e-09
3.742363176761845e-09
3.962991928984108e-09
9.796756629307439e-10
5.194486920548768e-09
5.433291686004814e-09
4.863500529021462e-09
5.008796109866245e-09
5.331649042965874e-09
5.885724770823180e-09
6.544460251800499e-09
7.450918356515167e-09
8.707052172851320e-09
1.037089272751102e-08
1.254177253111537e-08
1.539169456320633e-08
1.919160319987178e-08
2.417652320140954e-08
3.073653925040126e-08
3.941261161516002e-08
5.075428164348356e-08
6.601176866262890e-08
8.595980860032728e-08
1.122513342863250e-07
1.471021057008055e-07
1.929734875359772e-07
2.532755827741528e-07
3.330550679830302e-07
4.380251171997086e-07
5.761245516429927e-07
7.585130009907828e-07
9.982261508452915e-07
1.311836598352402e-06
1.726246560024519e-06
2.273644162947637e-06
2.983264709800293e-06
3.920737706509303e-06
5.153202648985782e-06
6.760692071141748e-06
8.876864242856180e-06
1.162630153630564e-05
1.521788660754160e-05
1.991376479266844e-05
2.605227116989568e-05
3.405901601926350e-05
4.448200517442653e-05
5.808523911852889e-05
7.576317028296774e-05
9.877952610451307e-05
1.286723066484514e-04
1.675254371409922e-04
2.180052519241585e-04
2.833477773197053e-04
3.681163856668347e-04
4.778707925578921e-04
6.210906549964999e-04
8.065960320544216e-04
1.046737829685737e-03
1.358162687668484e-03
1.762974277349465e-03
2.288400141147173e-03
2.969018663282440e-03
3.857191542055827e-03
5.013546846333914e-03
6.518120069945543e-03
8.480011546354815e-03
1.104937460392981e-02
1.440193712244515e-02
1.881100920783869e-02
2.458374591103486e-02
3.212862043795120e-02
4.200563080740504e-02
5.485231066720102e-02
7.149487986839338e-02
9.304214264984548e-02
1.207784217706238e-01
1.562316473803277e-01
2.008927135290504e-01
2.561709544896507e-01
3.231400050942699e-01
4.020538622024676e-01
4.919019164619244e-01
5.904137484376185e-01
6.935923832652499e-01
8.012646019982649e-01
9.707585649121901e-01
###2.000000000000000e+00
-9.493533427521903e-09
1.112146333863704e-08
1.366396083514100e-09
-1.935556279524071e-09
1.993563723342653e-08
3.118238233828304e-09
4.219592117287931e-09
4.764002598841197e-09
4.951725829488099e-09
4.635644871853107e-09
4.543033941875577e-09
4.518145392340219e-09
4.436862253777683e-09
4.605999099157411e-09
4.802676180227277e-09
5.137146216021925e-09
5.351006595995570e-09
2.730280283234396e-09
6.564857554229234e-09
6.892588475505489e-09
6.459186520614200e-09
6.669755696553981e-09
7.063816424502502e-09
7.688026297790601e-09
8.446734333609517e-09
9.467053218537088e-09
1.072099673038432e-08
1.268864524212064e-08
1.507686537762334e-08
1.820562854223776e-08
2.235637832720042e-08
2.779611343654085e-08
3.494828448091457e-08
4.436725075153743e-08
5.670048529995044e-08
7.317067020411880e-08
9.497046906392449e-08
1.235532148248531e-07
1.613627693995820e-07
2.112412366514342e-07
2.767024516076237e-07
3.634139386582696e-07
4.774008097089273e-07
6.272415718974894e-07
8.255603884674780e-07
1.086271608908137e-06
1.427553048738366e-06
1.878899819124079e-06
2.476860174771282e-06
3.248171327077902e-06
4.270769523281973e-06
5.615044860735614e-06
7.368811922268763e-06
9.679541633691867e-06
1.268683861708657e-05
1.661131605109650e-05
2.174831591480097e-05
2.847256509675992e-05
3.724993464552307e-05
4.868203749376416e-05
6.363552997089000e-05
8.308104706339492e-05
1.084344093763995e-04
1.414064260637014e-04
1.843382097203805e-04
2.402092665304696e-04
3.126442207045128e-04
4.068060963489116e-04
5.289460808137141e-04
6.887855586001329e-04
8.961248108057077e-04
1.165460814070456e-03
1.515427621238167e-03
1.971459880653018e-03
2.564779258555084e-03
3.334195189071040e-03
4.342741987109405e-03
5.657668437228066e-03
7.371629712718060e-03
9.610219669838204e-03
1.254388763494550e-02
1.637991841671984e-02
2.142628160416922e-02
2.802684186752744e-02
3.664721130055331e-02
4.790779354923118e-02
6.249907532817064e-02
8.133518899001119e-02
1.055749460995594e-01
1.365503809378593e-01
1.757819796512917e-01
2.246353123052466e-01
2.842503051382683e-01
3.552855881184591e-01
4.373109465558055e-01
5.285316241419642e-01
6.258417347825517e-01
7.246914977204262e-01
8.243561022175424e-01
9.745876793769076e-01
###2.400000000000000e+00
-9.147046199102265e-09
1.147330057767099e-08
1.876182094217841e-09
-1.215405132871694e-09
2.051514183771021e-08
4.324922779130365e-09
5.786571402413107e-09
6.555369195508493e-09
6.700505754689286e-09
6.371317427168583e-09
6.177664249083137e-09
6.225613377139289e-09
6.177805085026678e-09
6.316075882720377e-09
6.510172751900621e-09
6.865749347718415e-09
7.112696258839174e-09
4.790830320724628e-09
8.311598678211826e-09
8.731270307799915e-09
8.437472630201724e-09
8.729261130579880e-09
9.207518798262022e-09
9.925474890352806e-09
1.079682335571884e-08
1.195118147192956e-08
1.337898874266112e-08
1.553036175895941e-08
1.816507307266559e-08
2.160778974365699e-08
2.614965310972844e-08
3.209696018513401e-08
3.990331620918465e-08
5.015913537691158e-08
6.362300924785552e-08
8.154287084154806e-08
1.052135495959401e-07
1.359737659085443e-07
1.774191510861243e-07
2.313801672603313e-07
3.027562280345743e-07
3.970246596813732e-07
5.208682278332529e-07
6.834558439316452e-07
8.991055076138135e-07
1.182720880746711e-06
1.555115827045576e-06
2.046239736503627e-06
2.699988565006658e-06
3.538684111940111e-06
4.654663061104173e-06
6.120659629130845e-06
8.036253704023658e-06
1.056447072111101e-05
1.385277732789397e-05
1.814485004921632e-05
2.376913478710724e-05
3.114085295256694e-05
4.077263426929733e-05
5.332501905072060e-05
6.977633793718957e-05
9.118881841668292e-05
1.191499578127812e-04
1.555702673997314e-04
2.030545359248080e-04
2.649699677936135e-04
3.453631102819948e-04
4.500790520509773e-04
5.861739814667210e-04
7.647112903690352e-04
9.967188271879823e-04
1.298991158319427e-03
1.692458656258971e-03
2.206486569419246e-03
2.876403610918326e-03
3.746437017316391e-03
4.890586929126939e-03
6.384174060379610e-03
8.333741965227882e-03
1.088338033340935e-02
1.422391493952374e-02
1.859712194299602e-02
2.434614970034967e-02
3.185730555850302e-02
4.164614026030193e-02
5.439686291289184e-02
7.085111963659396e-02
9.198815061078433e-02
1.190093996592167e-01
1.532574823711391e-01
1.961993280887162e-01
2.490407954499818e-01
3.126051304897527e-01
3.870771953805151e-01
4.714083638362209e-01
5.631400446133428e-01
6.585623695109792e-01
7.528453653029880e-01
8.449267057358975e-01
9.779539627890037e-01
###2.800000000000000e+00
-8.858599731538554e-09
1.183896282624684e-08
2.535268074002449e-09
-3.587681625618347e-10
2.127020699821237e-08
5.759799477318498e-09
7.656419188217006e-09
8.624375231221468e-09
8.815687139993192e-09
8.432981936398881e-09
8.218281081808372e-09
8.269922289438565e-09
8.210311169365858e-09
8.378940583587353e-09
8.605433990970555e-09
8.956720961302200e-09
9.251832809581482e-09
7.229195865933999e-09
1.049188518795045e-08
1.101022576789130e-08
1.086535868508048e-08
1.125303118856438e-08
1.183607129952430e-08
1.266778402784570e-08
1.367380843965818e-08
1.498631035934036e-08
1.661244545173939e-08
1.898332104560900e-08
2.190078904441928e-08
2.569445181730832e-08
3.068909195320731e-08
3.719350852918178e-08
4.573534159734102e-08
5.692949165232400e-08
7.162324445763792e-08
9.114450544725239e-08
1.168756059351131e-07
1.504316186712078e-07
1.956478842401107e-07
2.541731126972166e-07
3.317226371103761e-07
4.342655435931123e-07
5.689442200840820e-07
7.453175366728192e-07
9.798757064566178e-07
1.288737409099834e-06
1.695357919152942e-06
2.229797644452600e-06
2.940961589465259e-06
3.857432486956389e-06
5.075628238218841e-06
6.675653710678867e-06
8.769615263717006e-06
1.153718469151649e-05
1.513545177723319e-05
1.983328243106351e-05
2.599656879644211e-05
3.408384668713346e-05
4.466362066640603e-05
5.846066055039991e-05
7.657551746934860e-05
1.001812851352649e-04
1.310503037898841e-04
1.713084636044947e-04
2.238966128656510e-04
2.925772111619317e-04
3.819001580361951e-04
4.984654172244316e-04
6.502656666329247e-04
8.498619397686812e-04
1.109718311869943e-03
1.449032448414687e-03
1.891540721230452e-03
2.470811489480388e-03
3.227113532254083e-03
4.210600817378955e-03
5.506845317743822e-03
7.200846512542400e-03
9.413872041699512e-03
1.231008044403581e-02
1.610231823127669e-02
2.106816215758157e-02
2.758302181656506e-02
3.609144992294189e-02
4.714404484417472e-02
6.148890371914854e-02
7.991366541421241e-02
1.034490003452343e-01
1.333173519917175e-01
1.708515103912705e-01
2.174192919322095e-01
2.740274323653173e-01
3.411558246173514e-01
4.185137058348274e-01
5.044727886752163e-01
5.960452215626932e-01
6.890825567559820e-01
7.786444810831084e-01
8.634621018981966e-01
9.809439584127300e-01
###3.200000000000000e+00
-8.611587518148882e-09
1.207533797119459e-08
2.899334826284561e-09
1.498097697980825e-10
2.156411436702359e-08
6.529415281030092e-09
8.637426557210303e-09
9.718316652437543e-09
9.962170042086006e-09
9.610268120651900e-09
9.421813369051760e-09
9.501248744053330e-09
9.497076499298629e-09
9.687937480142880e-09
9.981109137265263e-09
1.035941385655621e-08
1.071197738437992e-08
8.977083542375952e-09
1.201737721407313e-08
1.263911953308285e-08
1.264388400003670e-08
1.314155437158159e-08
1.383886483676596e-08
1.479466676760115e-08
1.594953052004435e-08
1.743396526344887e-08
1.927717117201973e-08
2.188051978083611e-08
2.495150126250598e-08
2.929063059744257e-08
3.476257558097990e-08
4.188094145882402e-08
5.118554889745497e-08
6.342991446694180e-08
7.945160656722491e-08
1.007184620519770e-07
1.287139676696028e-07
1.651002331340982e-07
2.143791246313248e-07
2.780650734942123e-07
3.624891985082908e-07
4.739689692539795e-07
6.207037499842809e-07
8.127490673598987e-07
1.067917182339830e-06
1.404268012266117e-06
1.847969185347131e-06
2.430168198477436e-06
3.204197493629069e-06
4.206187992469545e-06
5.536194574195895e-06
7.283595107858903e-06
9.573977642569684e-06
1.260531203970592e-05
1.653987250873634e-05
2.169068216887209e-05
2.845323683350253e-05
3.733217632922028e-05
4.896154781129011e-05
6.414274780582109e-05
8.410714653868619e-05
1.101564678297117e-04
1.442669338158685e-04
1.888760197376227e-04
2.471111917720195e-04
3.233672356241973e-04
4.227184978429767e-04
5.525775831814039e-04
7.220373161462911e-04
9.452926573524200e-04
1.236451014644938e-03
1.617443620310089e-03
2.115158359326609e-03
2.767695182622240e-03
3.621094615876700e-03
4.731744389239899e-03
6.198312438399019e-03
8.116146571909399e-03
1.062223004344085e-02
1.390305674763022e-02
1.819546869892999e-02
2.381149008679839e-02
3.116266175223147e-02
4.074915043609468e-02
5.315941880575605e-02
6.919985987722811e-02
8.969344128282965e-02
1.157109078620038e-01
1.484824969986434e-01
1.892890745542300e-01
2.393791658708359e-01
2.995273286998719e-01
3.698408585821645e-01
4.495741124883376e-01
5.365897804326474e-01
6.274375787092329e-01
7.176885965600979e-01
8.024105768838823e-01
8.802556055813843e-01
9.835908723620411e-01
###3.600000000000000e+00
-8.198147512467103e-09
1.208544575709508e-08
3.063555115830729e-09
4.809797471553052e-10
2.152472704496715e-08
6.859278604699285e-09
8.983236652169938e-09
1.012053237284211e-08
1.038111072887995e-08
1.013176938300654e-08
1.001859471055077e-08
1.014719485293508e-08
1.021168702727655e-08
1.044358596611360e-08
1.080274841535479e-08
1.123069974772032e-08
1.162633725748622e-08
1.017903806749256e-08
1.303018544724803e-08
1.375784345647966e-08
1.391174741936998e-08
1.452303021314692e-08
1.534234951423526e-08
1.642503257535150e-08
1.774108602718386e-08
1.940932225489938e-08
2.148301250629057e-08
2.433952103882135e-08
2.776144999346936e-08
3.249549794569553e-08
3.848474608360554e-08
4.627408147732082e-08
5.644414144610923e-08
6.979969570715491e-08
8.727405948306941e-08
1.104224236898728e-07
1.408929112500116e-07
1.805493186670965e-07
2.340398511260787e-07
3.034003225243950e-07
3.954421430610352e-07
5.166568641277951e-07
6.764913166853811e-07
8.855201563532950e-07
1.163706001663473e-06
1.530023520205861e-06
2.014195909618395e-06
2.648882818131265e-06
3.491870731840301e-06
4.587904484304970e-06
6.040375957447391e-06
7.950231947219740e-06
1.045661882677701e-05
1.377739366018027e-05
1.808184390589017e-05
2.373578405135976e-05
3.116205094023616e-05
4.091834640129055e-05
5.371382933032503e-05
7.043392771911375e-05
9.245626133859428e-05
1.212275657730519e-04
1.589603613161881e-04
2.084495126351236e-04
2.729810997457859e-04
3.577177824280792e-04
4.683022372497469e-04
6.130828618812471e-04
8.023566665654346e-04
1.052168009075289e-03
1.378486926035985e-03
1.806250651485913e-03
2.365922691053361e-03
3.100712686615292e-03
4.062626301998217e-03
5.315575994869684e-03
6.971883514713569e-03
9.138578821805738e-03
1.196995634368272e-02
1.567488458785732e-02
2.051719122662317e-02
2.684354723554274e-02
3.510397382271307e-02
4.585020644277697e-02
5.971151763644526e-02
7.754181342408627e-02
1.001970523400682e-01
1.287689229926926e-01
1.644762505778907e-01
2.085306079228887e-01
2.620214708832795e-01
3.254646151565291e-01
3.986074820135737e-01
4.802429439397900e-01
5.677837936786084e-01
6.574214540189721e-01
7.445492079949948e-01
8.243446752365272e-01
8.954816574735665e-01
9.859577736290038e-01
###4.000000000000000e+00
-8.066646761765671e-09
1.202150214490955e-08
3.253927833038484e-09
7.151001333326815e-10
2.148670339388272e-08
7.168373329993879e-09
9.331613572611568e-09
1.050360535392534e-08
1.082769886902594e-08
1.064618882507088e-08
1.060407802986123e-08
1.080116362826649e-08
1.093071633473718e-08
1.122642587031773e-08
1.164604486606238e-08
1.212937955264618e-08
1.258299698292242e-08
1.140066413804825e-08
1.410102306006745e-08
1.493540022770383e-08
1.524641621545297e-08
1.598024471786416e-08
1.693313919701149e-08
1.815987824445305e-08
1.965042347067791e-08
2.151652254584788e-08
2.384769090186452e-08
2.698269914342809e-08
3.078487581837366e-08
3.595894893953890e-08
4.251804362556325e-08
5.104435156025566e-08
6.216448226255913e-08
7.672077280010603e-08
9.578466527629336e-08
1.209980620337341e-07
1.541573461752835e-07
1.971174822060869e-07
2.555464347523682e-07
3.311956101085585e-07
4.313942032405493e-07
5.633310879172831e-07
7.374383306081659e-07
9.649882021537963e-07
1.268414721961665e-06
1.667587157977631e-06
2.195943174878665e-06
2.888311608310682e-06
3.807240634099564e-06
5.006502981694208e-06
6.593428604206605e-06
8.682548489175716e-06
1.142694304685714e-05
1.506598434662041e-05
1.978150006401144e-05
2.599108143739107e-05
3.415156933074021e-05
4.488110148616880e-05
5.896965592499468e-05
7.740433871125088e-05
1.017169221052678e-04
1.335198542737128e-04
1.752965908680896e-04
2.302235684983287e-04
3.018076036346091e-04
3.960321227388227e-04
5.191954154765345e-04
6.807075638078565e-04
8.921938275720393e-04
1.171757580292803e-03
1.537495909329090e-03
2.017624976282209e-03
2.646604080922404e-03
3.473282132803762e-03
4.556439627915096e-03
5.970982572187487e-03
7.835442749701292e-03
1.027771422489034e-02
1.346791471083199e-02
1.763969403308256e-02
2.308348485710741e-02
3.018217525710528e-02
3.942556600764277e-02
5.141478918072851e-02
6.681683874766160e-02
8.653088384825577e-02
1.114309187702944e-01
1.426187794742524e-01
1.812848392724052e-01
2.285366303736394e-01
2.852928725027609e-01
3.517845592779870e-01
4.273907512789871e-01
5.104836727332589e-01
5.980650692940044e-01
6.860513684193239e-01
7.697499661660032e-01
8.445554385683776e-01
9.092598273085154e-01
9.880479209810141e-01
###4.399999999999999e+00
-7.939253617450013e-09
1.207693555532904e-08
3.414530372265773e-09
9.889833402196750e-10
2.148498831261625e-08
7.562938947969168e-09
9.697238156818226e-09
1.089664359579755e-08
1.126000399728864e-08
1.116078156951404e-08
1.121300557464134e-08
1.145650242587025e-08
1.167731868884176e-08
1.204368867947990e-08
1.253763347256437e-08
1.306932680532724e-08
1.359109411417953e-08
1.266151331975480e-08
1.524180786519897e-08
1.618569653795517e-08
1.665749303440249e-08
1.752558259629600e-08
1.862321013079636e-08
2.001188956387679e-08
2.169501231683888e-08
2.377925089300003e-08
2.638457952728110e-08
2.983514122274066e-08
3.404162211842230e-08
3.971832616548224e-08
4.689504358812436e-08
5.623415109635029e-08
6.838103361923442e-08
8.425764263522397e-08
1.050346085360912e-07
1.325108276232859e-07
1.686373990545054e-07
2.155352712978108e-07
2.790037222051356e-07
3.615166291616958e-07
4.706596204515300e-07
6.143480947417279e-07
8.040020470895288e-07
1.051896350735382e-06
1.383047810551085e-06
1.818243123844375e-06
2.394936573675555e-06
3.150767568078656e-06
4.153142762133647e-06
5.465612680746916e-06
7.201010614982369e-06
9.487206734606253e-06
1.249420593923137e-05
1.648380268986309e-05
2.165450013560756e-05
2.847920688272269e-05
3.745376893207843e-05
4.926325372422425e-05
6.478979160773408e-05
8.512718015140844e-05
1.119891260852158e-04
1.471709602194689e-04
1.934571696451484e-04
2.544432853626034e-04
3.339283788161870e-04
4.387532367597092e-04
5.760049342440851e-04
7.562314875067336e-04
9.925693602260025e-04
1.305451434528934e-03
1.715282828835974e-03
2.253951257165392e-03
2.960422060907577e-03
3.889704005311900e-03
5.107820653614779e-03
6.701514293062628e-03
8.796586254628721e-03
1.154326031256014e-02
1.512837252200048e-02
1.981072186896283e-02
2.591033331210646e-02
3.384559441441520e-02
4.414656415431031e-02
5.746191499005492e-02
7.449035772870712e-02
9.617408622212785e-02
1.233967875669666e-01
1.572508584025055e-01
1.988790938196020e-01
2.492642520718820e-01
3.091270751499706e-01
3.784202216376273e-01
4.561246129837193e-01
5.402460386457778e-01
6.274041650742068e-01
7.133350864655986e-01
7.933484899634899e-01
8.631277367213280e-01
9.216824882164711e-01
9.898897610445276e-01
###4.800000000000000e+00
-7.853867750696343e-09
1.212304942610079e-08
3.586873832699218e-09
1.225240729951531e-09
2.145818964680567e-08
7.877120086512796e-09
1.005444510610953e-08
1.129217017861163e-08
1.171427202187463e-08
1.169197755332889e-08
1.183064222974110e-08
1.214124477015873e-08
1.244027883812024e-08
1.288209327867620e-08
1.345614421608475e-08
1.405686468477958e-08
1.465506811657730e-08
1.396123478628802e-08
1.645228066687412e-08
1.751236476156870e-08
1.815094838629552e-08
1.916400327849712e-08
2.042200872410545e-08
2.198811453772694e-08
2.387870622117993e-08
2.621013143303553e-08
2.911222843883002e-08
3.290467978492974e-08
3.755034421978639e-08
4.378336009659307e-08
5.163949354040601e-08
6.186099222532634e-08
7.514075089057428e-08
9.246320614652070e-08
1.151386876365651e-07
1.450785853264735e-07
1.844227383822229e-07
2.356002652024329e-07
3.046295782807432e-07
3.946044935822766e-07
5.135415188398140e-07
6.700382036422306e-07
8.767606472689102e-07
1.146987574945309e-06
1.508408753871101e-06
1.983121344843888e-06
2.612790274580115e-06
3.438371150773827e-06
4.532792675729404e-06
5.969624579639724e-06
7.868301051030279e-06
1.037222724250117e-05
1.366870435011388e-05
1.804558601397642e-05
2.372145192798051e-05
3.122547477457393e-05
4.110208189433902e-05
5.411111406805582e-05
7.123349165983165e-05
9.369048646431172e-05
1.233906746417154e-04
1.623394980883241e-04
2.136500613326843e-04
2.813939209394633e-04
3.697071581315196e-04
4.863961682663214e-04
6.393695411508217e-04
8.405418424767324e-04
1.104672354574793e-03
1.454765809514579e-03
1.913801266067273e-03
2.517790565391835e-03
3.310501463178310e-03
4.353943573601036e-03
5.721963023862725e-03
7.513672336483700e-03
9.864200449804192e-03
1.294560754600702e-02
1.696294240259929e-02
2.220254594368527e-02
2.901326035008673e-02
3.785085238527878e-02
4.928578959771915e-02
6.401261696037312e-02
8.274954240416825e-02
1.064889204340278e-01
1.360974441738642e-01
1.726594364108983e-01
2.172309587620568e-01
2.706475512831348e-01
3.334729498769138e-01
4.052848297858606e-01
4.847340942128416e-01
5.694545431655194e-01
6.557644384019332e-01
7.392638836689680e-01
8.153690802296726e-01
8.801293248410157e-01
9.328280606909577e-01
9.915210643514575e-01
###5.200000000000000e+00
-7.738055212099567e-09
1.217253703489827e-08
3.781133836463240e-09
1.486781898938209e-09
2.140034904550039e-08
8.230349148561839e-09
1.042938548518174e-08
1.168866671035963e-08
1.217194741519118e-08
1.223685129627761e-08
1.247509032837716e-08
1.285175974557670e-08
1.323930552343101e-08
1.375482134856188e-08
1.440806715653793e-08
1.507971515167865e-08
1.576183190044975e-08
1.530886089615896e-08
1.773331350190904e-08
1.891996397535232e-08
1.973151559038561e-08
2.090355417568870e-08
2.233397472578496e-08
2.409450143955489e-08
2.621222402476981e-08
2.881298115835641e-08
3.197193679534459e-08
3.621052823676829e-08
4.134699484833554e-08
4.818070535985379e-08
5.678055497544802e-08
6.797039211648994e-08
8.248657356931380e-08
1.013884578987468e-07
1.261332334133493e-07
1.587628584159120e-07
2.016318344161420e-07
2.574998669452499e-07
3.325764753000967e-07
4.307214936090316e-07
5.603425127469886e-07
7.309105567261926e-07
9.563224659014943e-07
1.251043928976431e-06
1.645546571906557e-06
2.163794870009246e-06
2.851546236955667e-06
3.753699940194311e-06
4.949570507466378e-06
6.523844419528058e-06
8.602069823993570e-06
1.134585341856125e-05
1.496233087523090e-05
1.976744484335284e-05
2.600204737487669e-05
3.425818296007312e-05
4.513607334392381e-05
5.947545988775153e-05
7.837337650389947e-05
1.031879055664976e-04
1.360478418795807e-04
1.791947226672918e-04
2.361074137340998e-04
3.113780946630455e-04
4.095642065468064e-04
5.394820628290802e-04
7.100104340387276e-04
9.345461950719304e-04
1.229669385672630e-03
1.621278652550190e-03
2.135188177026712e-03
2.811956833069854e-03
3.700498708507226e-03
4.870408808496809e-03
6.404391667416877e-03
8.414412292900086e-03
1.104615860860889e-02
1.449439888838423e-02
1.898452546636697e-02
2.482958527857329e-02
3.240931646182332e-02
4.221596023503957e-02
5.486390299722500e-02
7.107898383828518e-02
9.161025404224128e-02
1.174766470855189e-01
1.495338408525253e-01
1.888268164997679e-01
2.363135679317099e-01
2.926662854742224e-01
3.582607256745474e-01
4.323192713185585e-01
5.131516407937632e-01
5.980493494916518e-01
6.830937038920879e-01
7.638230389127330e-01
8.358366139411998e-01
8.956109435821932e-01
9.427695296830131e-01
9.929403268680139e-01
###5.600000000000001e+00
-7.583874068947564e-09
1.228644872336752e-08
4.021134515232945e-09
1.792092576280778e-09
2.139428709612225e-08
8.557328438548136e-09
1.079875974265091e-08
1.212614036823843e-08
1.264476323597345e-08
1.280206009439370e-08
1.311420565744805e-08
1.358975168740623e-08
1.405322839251036e-08
1.465230924609164e-08
1.539221388086173e-08
1.614828278930604e-08
1.691775389934621e-08
1.670257644217268e-08
1.908813216782186e-08
2.041291197251979e-08
2.140457528095805e-08
2.274831471398517e-08
2.436720931983143e-08
2.634045837437881e-08
2.870660074747207e-08
3.159984996818602e-08
3.512836715131423e-08
3.977833098971690e-08
4.545072241404079e-08
5.292883592376259e-08
6.235026485452582e-08
7.459168919894731e-08
9.045628246709025e-08
1.110925581646556e-07
1.381044833436901e-07
1.736665841422934e-07
2.203118503678984e-07
2.812763230446985e-07
3.630715438957236e-07
4.701392538384529e-07
6.114630782545681e-07
7.974598033599621e-07
1.043308831900278e-06
1.364956441142963e-06
1.795647691015807e-06
2.361781013395598e-06
3.113301166639930e-06
4.099822189358362e-06
5.407120258567072e-06
7.132717901396186e-06
9.409199236741501e-06
1.241869627858225e-05
1.638731416318524e-05
2.166577535453680e-05
2.852072378173835e-05
3.761053409802261e-05
4.959717197137150e-05
6.541498414044079e-05
8.628427190713522e-05
1.137182221075066e-04
1.500971057194735e-04
1.979206477015989e-04
2.610786644373889e-04
3.447163660504604e-04
4.539198736343022e-04
5.986032349861224e-04
7.887157638479926e-04
1.039345377891381e-03
1.368922928224632e-03
1.806800191246819e-03
2.381672963765714e-03
3.139260982911332e-03
4.134081802650586e-03
5.443790962606171e-03
7.161328129866212e-03
9.410953450661471e-03
1.235172582657048e-02
1.620128098686736e-02
2.120525514250369e-02
2.770576692636486e-02
3.611469352638219e-02
4.695890689201943e-02
6.089621645812435e-02
7.867965220771686e-02
1.010845163044335e-01
1.291508226427479e-01
1.637011800060613e-01
2.057376084030234e-01
2.560948198549299e-01
3.152749907314825e-01
3.834273030379417e-01
4.594387019398614e-01
5.412841129803975e-01
6.259455575501552e-01
7.093370877917962e-01
7.869932258902951e-01
8.547682711225362e-01
9.096331095821574e-01
9.515783354043522e-01
9.941669413087116e-01
###6.000000000000001e+00
-7.396183633957987e-09
1.235563952183945e-08
4.226176337506846e-09
2.065986002304575e-09
2.141165268239693e-08
8.900826409128998e-09
1.121148537825267e-08
1.254642430512558e-08
1.314782606086009e-08
1.338904359434334e-08
1.378476151245469e-08
1.435387108155588e-08
1.489792479736856e-08
1.558480122801627e-08
1.641843520627299e-08
1.726719900456217e-08
1.813993798873631e-08
1.815411012596470e-08
2.053026534457468e-08
2.199245412802935e-08
2.317468562374975e-08
2.470395214544432e-08
2.652822839209693e-08
2.873313517695932e-08
3.137340042075770e-08
3.458489241863179e-08
3.850982918800974e-08
4.361538641233240e-08
4.986363385313004e-08
5.800267951178381e-08
6.837949165080198e-08
8.175896701170079e-08
9.910963076430487e-08
1.216462193588083e-07
1.511258887887046e-07
1.899105442332928e-07
2.407819424410598e-07
3.073198136195360e-07
3.963570390010823e-07
5.132047239854346e-07
6.673062051654360e-07
8.702332194795719e-07
1.138411469439230e-06
1.489628382706685e-06
1.960100034295165e-06
2.578653330201033e-06
3.400326372693856e-06
4.479669758959409e-06
5.910136931615670e-06
7.802240718388320e-06
1.029743441463890e-05
1.360164246105006e-05
1.795832480209403e-05
2.375997190774560e-05
3.130183127962495e-05
4.131564068715978e-05
5.453306624469799e-05
7.199235611621078e-05
9.505267801754768e-05
1.254001002333138e-04
1.656924954154228e-04
2.187177247680750e-04
2.888326810623655e-04
3.818074154811949e-04
5.032751851621540e-04
6.644113208976677e-04
8.763247227294091e-04
1.156006834082020e-03
1.523946150674311e-03
2.013171838113482e-03
2.655812864941482e-03
3.502906434998516e-03
4.615155391495056e-03
6.079487620169923e-03
7.998847880960924e-03
1.051125117339264e-02
1.379020173641061e-02
1.807729362936463e-02
2.363875168843074e-02
3.084801906760068e-02
4.014622640989140e-02
5.209650610679439e-02
6.739870354140585e-02
8.682922469938992e-02
1.111833877066177e-01
1.415082449788458e-01
1.785914771487755e-01
2.233646016496085e-01
2.765351949985716e-01
3.384115547947064e-01
4.088984722481822e-01
4.865631969282149e-01
5.690481327843745e-01
6.530756216828502e-01
7.344357478927398e-01
8.087564191495484e-01
8.721942480882993e-01
9.222573541384862e-01
9.593276268781131e-01
9.952180477122541e-01
###6.400000000000001e+00
-7.314403865681976e-09
1.242324673520024e-08
4.413006958255404e-09
2.312538083628944e-09
2.144992139492726e-08
9.250127954972812e-09
1.160988633759261e-08
1.299101792297145e-08
1.365871836666462e-08
1.397820927049513e-08
1.448391594971725e-08
1.513805617105230e-08
1.577368488695915e-08
1.655459509988554e-08
1.748621965303628e-08
1.843564289499224e-08
1.942041160263039e-08
1.966177848005657e-08
2.205183146613525e-08
2.366301350620533e-08
2.504569445240349e-08
2.677647718093897e-08
2.882312656292911e-08
3.128192430092196e-08
3.421798181844396e-08
3.778081941085033e-08
4.213536019731071e-08
4.773914118141159e-08
5.461302184179723e-08
6.340837533488584e-08
7.489438906475297e-08
8.952623112328876e-08
1.085028271019558e-07
1.331282915241934e-07
1.652962688253089e-07
2.076040644194573e-07
2.631146137082652e-07
3.357401589781665e-07
4.326758060685462e-07
5.602345582799915e-07
7.283646398614938e-07
9.499560879028998e-07
1.242572919593223e-06
1.626212214976385e-06
2.140348068767998e-06
2.816647687957114e-06
3.715284706732963e-06
4.896715979863756e-06
6.462845187567290e-06
8.538290739540485e-06
1.127539086960027e-05
1.490481096387955e-05
1.969098424774176e-05
2.607136133952373e-05
3.437495981499602e-05
4.541164201397393e-05
5.999461573023304e-05
7.927638264479140e-05
1.047738737238617e-04
1.383587058947468e-04
1.830049664615238e-04
2.418200716097485e-04
3.196794127429080e-04
4.230313271391656e-04
5.581639514344524e-04
7.375834261390623e-04
9.737707554208579e-04
1.285752275623714e-03
1.696262999096084e-03
2.242447242010687e-03
2.960107899078778e-03
3.906131959862186e-03
5.148148603410282e-03
6.782487882684908e-03
8.923537466696288e-03
1.172347496203464e-02
1.537173151506965e-02
2.013361472915100e-02
2.629876472795022e-02
3.426983000892646e-02
4.451999638218337e-02
5.764766872845466e-02
7.438801929453635e-02
9.554250015253157e-02
1.219144743261399e-01
1.545564296975572e-01
1.941988899281026e-01
2.416907415736355e-01
2.975941406160270e-01
3.620207614969729e-01
4.346040117940804e-01
5.135930923608651e-01
5.963521112451691e-01
6.793611730930169e-01
7.583481706033592e-01
8.291011534090720e-01
8.881476254529445e-01
9.335457032266236e-01
9.660934185843345e-01
9.961135921792021e-01
###6.800000000000002e+00
-7.171159235162662e-09
1.250532553698239e-08
4.590839846483514e-09
2.594117124276362e-09
2.145894118410747e-08
9.609664386125177e-09
1.202322594162091e-08
1.345242971804597e-08
1.417957103534008e-08
1.460756600143867e-08
1.519630652500575e-08
1.594146617689246e-08
1.668038485817948e-08
1.755675688381592e-08
1.859409111413954e-08
1.965583128190378e-08
2.076558583779732e-08
2.122975377557520e-08
2.365920138791450e-08
2.543133984075400e-08
2.702305810586776e-08
2.897154743397297e-08
3.125863919780182e-08
3.399376333455158e-08
3.725363792417186e-08
4.118783142494864e-08
4.601880262211100e-08
5.216239666969108e-08
5.972814120688410e-08
6.940302098089675e-08
8.193073440607194e-08
9.794276451001865e-08
1.186880487471468e-07
1.455910878324311e-07
1.807072515928197e-07
2.268534392939884e-07
2.874372452176406e-07
3.667250585710376e-07
4.723548395238930e-07
6.115938071711516e-07
7.950777565826664e-07
1.037139667535731e-06
1.356532228108559e-06
1.775871236264226e-06
2.337853305440809e-06
3.077766858292401e-06
4.061099712416795e-06
5.355019278425572e-06
7.071156048773485e-06
9.348376834433689e-06
1.235226594410392e-05
1.634076425634191e-05
2.160206064290112e-05
2.862272121744997e-05
3.777058535216713e-05
4.994165103536836e-05
6.603881236158198e-05
8.734473782926894e-05
1.155446907736963e-04
1.527339459982207e-04
2.022134032604781e-04
2.674719907696685e-04
3.539458333665403e-04
4.688313490697218e-04
6.191546734121594e-04
8.188909821833419e-04
1.082048485532926e-03
1.429845256274167e-03
1.887640636496075e-03
2.496856870529641e-03
3.297485717177956e-03
4.352562534118142e-03
5.737556761361819e-03
7.558771965859050e-03
9.942608091011896e-03
1.305628260474040e-02
1.710635555421137e-02
2.238254268794904e-02
2.919883812469498e-02
3.798674642302813e-02
4.925190225612398e-02
6.362736949028808e-02
8.187976664142511e-02
1.048308219527668e-01
1.332883426144967e-01
1.682915222984234e-01
2.105046666373299e-01
2.606879975575419e-01
3.192323443001562e-01
3.860286678327093e-01
4.604564232821825e-01
5.404533474491611e-01
6.231036779152326e-01
7.047178602680187e-01
7.810233538609083e-01
8.480193359446887e-01
9.026630567880792e-01
9.435754272333490e-01
9.719526223131557e-01
9.968727060039937e-01
###7.200000000000002e+00
-7.014823927970521e-09
1.259084297552011e-08
4.782335931081354e-09
2.884883648895076e-09
2.150911728466236e-08
9.961857672097596e-09
1.243196640540941e-08
1.390596430267684e-08
1.471261635982792e-08
1.524286691611669e-08
1.594040585003026e-08
1.677373547112380e-08
1.760241627733570e-08
1.859919701489425e-08
1.974730036319976e-08
2.092746275866306e-08
2.216980225015802e-08
2.285818545619499e-08
2.535267721171889e-08
2.729697684622487e-08
2.911208147923614e-08
3.129333015247961e-08
3.384342417735884e-08
3.687812167881124e-08
4.047767045658015e-08
4.483399225190252e-08
5.017923936528647e-08
5.691424608021041e-08
6.523263389900497e-08
7.586533500619404e-08
8.954736215896378e-08
1.070455449862764e-07
1.297306586607635e-07
1.591170096780646e-07
1.974656013431325e-07
2.478348469808385e-07
3.139554738400786e-07
4.005442840693110e-07
5.156791041215887e-07
6.676853073064602e-07
8.680183884656179e-07
1.132466031795610e-06
1.481381552150304e-06
1.939830807164931e-06
2.554533424880882e-06
3.364168904502982e-06
4.440872590075516e-06
5.858831398951833e-06
7.740793416178003e-06
1.024023994455060e-05
1.353890986683137e-05
1.792415104096782e-05
2.371109160517653e-05
3.144013575170827e-05
4.152407425382149e-05
5.495341718284417e-05
7.272849489366089e-05
9.628118332907276e-05
1.274874941420535e-04
1.686754986907301e-04
2.235264616614747e-04
2.959406432752970e-04
3.919793430217227e-04
5.196812583993931e-04
6.868691279744587e-04
9.091914529577665e-04
1.202226240757272e-03
1.589717461216289e-03
2.099838075471082e-03
2.778767301841559e-03
3.670929591692684e-03
4.846246245347369e-03
6.388058592211878e-03
8.414088175750374e-03
1.106329688054416e-02
1.451857349870543e-02
1.900518692633342e-02
2.483713810807963e-02
3.235319347305252e-02
4.201564671741002e-02
5.436053850831229e-02
7.005309999977104e-02
8.988917663321376e-02
1.147079195346956e-01
1.453068371500152e-01
1.827091866976099e-01
2.274953616753272e-01
2.803150604015122e-01
3.413902676630529e-01
4.103705536582970e-01
4.863747018500258e-01
5.670452831055133e-01
6.492229670749008e-01
7.290900194898998e-01
8.024318222799659e-01
8.655247167515968e-01
9.157896331005857e-01
9.524174018426305e-01
9.769856030209935e-01
9.975015413622140e-01
###7.600000000000002e+00
-6.867863779149192e-09
1.268894314489964e-08
4.970166586784978e-09
3.182969759956654e-09
2.157329497871343e-08
1.032905961835130e-08
1.286061532075765e-08
1.439104077333450e-08
1.526826661814871e-08
1.590143474857731e-08
1.669693906783974e-08
1.763200750935137e-08
1.855904427487081e-08
1.967651712003974e-08
2.094794316472192e-08
2.225647241169731e-08
2.364199892849887e-08
2.455423673879235e-08
2.713512061644825e-08
2.926716370813672e-08
3.131835120339790e-08
3.375085161430565e-08
3.658364052335792e-08
3.994335657073481e-08
4.389622442609312e-08
4.872831758943847e-08
5.463278691341718e-08
6.201369155690743e-08
7.115742888505738e-08
8.283076144691497e-08
9.777953916856934e-08
1.168965653776776e-07
1.417004408624952e-07
1.738079873804662e-07
2.156539990728380e-07
2.706347826139290e-07
3.428358442127848e-07
4.373807570158799e-07
5.630719676698913e-07
7.289765441943367e-07
9.477447135510983e-07
1.236791361111459e-06
1.618136062085808e-06
2.119627400969473e-06
2.792181619709548e-06
3.678707879872425e-06
4.858065170915547e-06
6.412910200752734e-06
8.476826400650110e-06
1.122204439610185e-05
1.484624380082460e-05
1.966992695007209e-05
2.603912875209766e-05
3.455251349332582e-05
4.567308915407463e-05
6.049551610111523e-05
8.013438513651318e-05
1.061790402415975e-04
1.407172544340244e-04
1.863466936142635e-04
2.471629755470894e-04
3.275257053084201e-04
4.341745030341124e-04
5.761131937169416e-04
7.620246795795798e-04
1.009335790026147e-03
1.335481501082164e-03
1.766874758820999e-03
2.334823461037250e-03
3.090603745505746e-03
4.083565955078032e-03
5.390996384779902e-03
7.104947242785003e-03
9.354847578254409e-03
1.229305223825512e-02
1.611979831943458e-02
2.108075789957863e-02
2.750963340530314e-02
3.577656908655057e-02
4.637117944428402e-02
5.986035594857371e-02
7.693984317169215e-02
9.842959196082306e-02
1.251816162894202e-01
1.579750605981922e-01
1.978025465813770e-01
2.451507781601386e-01
3.005425926217222e-01
3.640149083851078e-01
4.349790266175416e-01
5.122774859065508e-01
5.932754250327532e-01
6.746211231432357e-01
7.524057532653897e-01
8.225405979238322e-01
8.816265076967872e-01
9.275823472397324e-01
9.601563969384269e-01
9.812716358181605e-01
9.980228938666198e-01
###8.000000000000002e+00
-6.794124469200363e-09
1.280085931332461e-08
5.172893373560800e-09
3.475580180908883e-09
2.164162862192112e-08
1.070703007551131e-08
1.329091294417869e-08
1.489774761006172e-08
1.584486221640546e-08
1.658284872850298e-08
1.747728275621793e-08
1.852224697442127e-08
1.955558984144647e-08
2.080630738442000e-08
2.219559657970827e-08
2.364496455662049e-08
2.517961257112244e-08
2.632608712014730e-08
2.901274485815182e-08
3.134410381177958e-08
3.364584419551847e-08
3.635150000994834e-08
3.949028036093220e-08
4.320188682326462e-08
4.754410545619733e-08
5.288819803978043e-08
5.939970935509787e-08
6.749078901959794e-08
7.752434831265912e-08
9.033277275436647e-08
1.066679088937062e-07
1.275565580815174e-07
1.546732903054297e-07
1.897514598205553e-07
2.354026247404284e-07
2.953415070793114e-07
3.743036887016136e-07
4.775996406829351e-07
6.148911795663921e-07
7.959540331120489e-07
1.034961860309795e-06
1.350944620085737e-06
1.767956606749686e-06
2.316782711713711e-06
3.052972274365144e-06
4.024097299238642e-06
5.316392568684125e-06
7.022339233016594e-06
9.287169607311812e-06
1.230379891111479e-05
1.628797985535546e-05
2.159566488082198e-05
2.860941825837893e-05
3.799041720827823e-05
5.025953792059622e-05
6.662530548788734e-05
8.833544967981601e-05
1.171404450600773e-04
1.553776539222145e-04
2.059310232700589e-04
2.733710025400665e-04
3.625435273368166e-04
4.809611687982998e-04
6.386776178672613e-04
8.453194079009955e-04
1.120335585674504e-03
1.483087325488923e-03
1.962967506924247e-03
2.594625147286621e-03
3.435136457243737e-03
4.538922854366878e-03
5.991232047512480e-03
7.893416330713991e-03
1.038770420372110e-02
1.364060761940557e-02
1.786940530680518e-02
2.334173564690762e-02
3.041275902716888e-02
3.948234431586929e-02
5.107003047497903e-02
6.576821614990612e-02
8.430301358129644e-02
1.075149872334613e-01
1.362604046712773e-01
1.712917893482571e-01
2.135613781860181e-01
2.634439317894646e-01
3.213262363994971e-01
3.870440443478483e-01
4.597681940676093e-01
5.380676203326362e-01
6.190628988753840e-01
6.992233717475956e-01
7.746171059749710e-01
8.413368529566507e-01
8.963606768106717e-01
9.381185667254581e-01
9.668805861205297e-01
9.848883490558049e-01
9.984470399276684e-01
###8.400000000000002e+00
-6.635082185472866e-09
1.288412188935289e-08
5.368387693673025e-09
3.774351972420050e-09
2.172913567610037e-08
1.108329645549911e-08
1.373893657358345e-08
1.541815569454293e-08
1.644380570367419e-08
1.727976449645643e-08
1.828249205135092e-08
1.944126963050392e-08
2.058536853315528e-08
2.198760145027473e-08
2.349317055648312e-08
2.509081627908617e-08
2.679590448473674e-08
2.817463298741421e-08
3.098770680104260e-08
3.353303341526135e-08
3.610360930466838e-08
3.910070448001744e-08
4.256926416738249e-08
4.666131415270900e-08
5.142997930881655e-08
5.732847020418464e-08
6.448933564285145e-08
7.336392507474306e-08
8.437365052925293e-08
9.841025853138775e-08
1.162608979361628e-07
1.390859850357063e-07
1.687306161435864e-07
2.070551278880785e-07
2.568721484072196e-07
3.224082479307200e-07
4.085903822605959e-07
5.214446851165679e-07
6.714866437935960e-07
8.688578977549318e-07
1.130377240304680e-06
1.475951242446769e-06
1.932150532444514e-06
2.532974818496917e-06
3.339280867731136e-06
4.403534896597715e-06
5.820488641995545e-06
7.692678643799804e-06
1.017945060490581e-05
1.349602741797024e-05
1.787718363836016e-05
2.372073269072310e-05
3.144770995698687e-05
4.178820282814701e-05
5.533111653971205e-05
7.340456493688719e-05
9.740890925312791e-05
1.292785982934087e-04
1.716148228348535e-04
2.276281854643772e-04
3.024135690431310e-04
4.013500721864292e-04
5.328262320564869e-04
7.079917599838347e-04
9.375760634929333e-04
1.243218276640599e-03
1.646389951669589e-03
2.179724633552843e-03
2.881587466061537e-03
3.815224594283296e-03
5.040793711653906e-03
6.651488209421645e-03
8.759092732807545e-03
1.151929328243879e-02
1.511358867627934e-02
1.977755693669587e-02
2.580019830869755e-02
3.356001316277858e-02
4.348598887765909e-02
5.612508453498018e-02
7.210011139506549e-02
9.215754200815264e-02
1.171570387236057e-01
1.479498767179772e-01
1.852538627115195e-01
2.299658679976966e-01
2.823514481532159e-01
3.426233262130163e-01
4.104218224697486e-01
4.846676687455683e-01
5.636700894085142e-01
6.443240583839956e-01
7.229548857083143e-01
7.956844431495731e-01
8.588191742186417e-01
9.097569642596212e-01
9.474555496117012e-01
9.726741210353466e-01
9.879126031910038e-01
9.987976362970660e-01
###8.800000000000002e+00
-6.464841098634438e-09
1.299038910698476e-08
5.578736520337145e-09
4.086798000604686e-09
2.183399774666520e-08
1.148195779191215e-08
1.419896578475756e-08
1.593907181655402e-08
1.705730427796613e-08
1.800069539114607e-08
1.911529367166039e-08
2.039303040829620e-08
2.165042682191953e-08
2.319786971561284e-08
2.485536313395322e-08
2.659932537965971e-08
2.847911834452654e-08
3.010260666535551e-08
3.306469945400090e-08
3.584033348612896e-08
3.869451988646819e-08
4.200483545966185e-08
4.583041402315774e-08
5.033852883894047e-08
5.557051190268289e-08
6.206459112274490e-08
6.990461699958800e-08
7.965419705976480e-08
9.173197530260827e-08
1.071074431356037e-07
1.266162728715505e-07
1.515616113606080e-07
1.839633435690162e-07
2.258411804502966e-07
2.800331955630173e-07
3.518564181101187e-07
4.459519918002257e-07
5.693306004092691e-07
7.332793190235193e-07
9.489391378595914e-07
1.234822456995019e-06
1.612889148255819e-06
2.112172928895924e-06
2.770230165858112e-06
3.653664222003011e-06
4.820584921552982e-06
6.374734648060502e-06
8.430322015004223e-06
1.116197113799129e-05
1.480933276974148e-05
1.963024495318316e-05
2.606586460913148e-05
3.458119027007492e-05
4.598571734551189e-05
6.093723903645251e-05
8.090506843154953e-05
1.074483021883116e-04
1.427112826413071e-04
1.895913659677418e-04
2.516537912746041e-04
3.345731424112704e-04
4.443175532066189e-04
5.902377636830776e-04
7.847175931810915e-04
1.039672282704346e-03
1.379108303166318e-03
1.826860620435026e-03
2.419130514110845e-03
3.198069199352497e-03
4.233930206408536e-03
5.592590879119981e-03
7.376580812788731e-03
9.708121225852365e-03
1.275691064519606e-02
1.672108525386917e-02
2.185647337701752e-02
2.846766504544950e-02
3.696422455290910e-02
4.780178271963918e-02
6.155440866690708e-02
7.886640767180983e-02
1.005149977027461e-01
1.273633585834782e-01
1.602530171822904e-01
1.998573691972629e-01
2.469894610936970e-01
3.018324719149182e-01
3.643787134881946e-01
4.340762902272132e-01
5.095923786086884e-01
5.889881050250749e-01
6.689621305667558e-01
7.457505958678725e-01
8.155633615773179e-01
8.749889718432127e-01
9.218659746784198e-01
9.556737954290491e-01
9.776259488920215e-01
9.904174584911440e-01
9.990765533477137e-01
###9.200000000000003e+00
-6.292825732602117e-09
1.310037082995101e-08
5.810374231147276e-09
4.406635843958715e-09
2.194912230233616e-08
1.188732226608730e-08
1.467326589470083e-08
1.648447747590278e-08
1.769605087617429e-08
1.874218045565161e-08
1.997752319912847e-08
2.138344225636288e-08
2.276644183878305e-08
2.445484502777436e-08
2.626350285911509e-08
2.817373016544999e-08
3.024024599097389e-08
3.211727966378732e-08
3.525013670020632e-08
3.827158938939065e-08
4.142453649966540e-08
4.507844718201963e-08
4.928641319417208e-08
5.424017080076317e-08
5.998146415802126e-08
6.711812044257015e-08
7.571952732372283e-08
8.640169274398423e-08
9.962873306183250e-08
1.164698850025222e-07
1.377964954873036e-07
1.650507091961612e-07
2.004634094476854e-07
2.462115451586057e-07
3.054579540056252e-07
3.838824789103319e-07
4.867008083795242e-07
6.216923991256722e-07
8.007149212138419e-07
1.036549792759611e-06
1.349097120838853e-06
1.762871782893734e-06
2.309460053704220e-06
3.030704996417067e-06
3.998981174491800e-06
5.278810534443717e-06
6.984403193920141e-06
9.242244632334300e-06
1.224418751037998e-05
1.625712747218776e-05
2.156380837177375e-05
2.865385235074181e-05
3.804096956291925e-05
5.062296231087687e-05
6.713551365703979e-05
8.919977488555265e-05
1.185526979245201e-04
1.575757314052613e-04
2.094856458141343e-04
2.782532974099034e-04
3.701757829435525e-04
4.918823351836073e-04
6.537529001357046e-04
8.695824731897504e-04
1.152515886166253e-03
1.529220247724155e-03
2.026076683870364e-03
2.683036090861577e-03
3.546716319875948e-03
4.694425445496424e-03
6.198667713127024e-03
8.171464942463924e-03
1.074649176619387e-02
1.410804882312174e-02
1.847168199398339e-02
2.411482770044335e-02
3.135652923099486e-02
4.064036729355027e-02
5.244420679348040e-02
6.737147803354090e-02
8.608226046712006e-02
1.093884215025970e-01
1.381436578616892e-01
1.731731855973818e-01
2.150926334716397e-01
2.646318273214245e-01
3.218501984091971e-01
3.865401577459580e-01
4.579394022029791e-01
5.344626067826174e-01
6.139388615618971e-01
6.929040203817779e-01
7.675526617433082e-01
8.342323201225931e-01
8.898596778765692e-01
9.327420344520693e-01
9.628595042503527e-01
9.818232881283468e-01
9.924717691499545e-01
9.992967735786371e-01
###9.600000000000003e+00
-6.115160218289528e-09
1.322700843656223e-08
6.050492401306550e-09
4.724893420039580e-09
2.206597100685597e-08
1.230740118204000e-08
1.516485283014971e-08
1.704944168134376e-08
1.834955982824002e-08
1.950902742360278e-08
2.086889914103618e-08
2.240174253940412e-08
2.392648216166796e-08
2.575949255572467e-08
2.772779360404877e-08
2.981485990427411e-08
3.208018159022080e-08
3.421946209656629e-08
3.754352476807238e-08
4.083220359321324e-08
4.430732504719126e-08
4.832540487068671e-08
5.294694206761568e-08
5.838311458148804e-08
6.467624348630762e-08
7.250999348648509e-08
8.194385414585020e-08
9.363266151752089e-08
1.081181161346143e-07
1.265591619720468e-07
1.498560182198670e-07
1.796405728100723e-07
2.183191853095166e-07
2.682910991886391e-07
3.330810905780667e-07
4.187605269794142e-07
5.311116443857685e-07
6.788288947563692e-07
8.744292414940766e-07
1.132337115656113e-06
1.474220414654816e-06
1.927220359303824e-06
2.525904666237963e-06
3.316424886293956e-06
4.378142204817098e-06
5.782560402579695e-06
7.655024709416415e-06
1.013630243629353e-05
1.343694797405265e-05
1.785276602431648e-05
2.369658781485636e-05
3.151076908963141e-05
4.186291957245680e-05
5.574622396171655e-05
7.398654213334759e-05
9.837115115319888e-05
1.308338604000578e-04
1.740186483166907e-04
2.314955408904877e-04
3.076836110086358e-04
4.095597083988822e-04
5.444827204568864e-04
7.239613215269490e-04
9.633580617395708e-04
1.277132288080926e-03
1.694867735404439e-03
2.245633547451138e-03
2.973660983473708e-03
3.930041372212208e-03
5.200196856562310e-03
6.863323978285212e-03
9.041404079378189e-03
1.188088698280768e-02
1.558085014356174e-02
2.037542563092510e-02
2.656270153962229e-02
3.447974739419338e-02
4.460119722608030e-02
5.742854732815043e-02
7.358816303523533e-02
9.376889934436403e-02
1.187876209215086e-01
1.495020379710471e-01
1.867046353224701e-01
2.309455510024293e-01
2.828587255507345e-01
3.423643192467251e-01
4.090540986957000e-01
4.819345763802694e-01
5.591934510594845e-01
6.384403041377437e-01
7.160764925810692e-01
7.883172249480739e-01
8.516846743671923e-01
9.034644779278113e-01
9.424493940870808e-01
9.690943849079020e-01
9.853506921969210e-01
9.941405240872786e-01
9.994694063813662e-01
###1.000000000000000e+01
-5.982808745073805e-09
1.335952247779544e-08
6.272434302116721e-09
5.066259720498879e-09
2.220597968400759e-08
1.274245570241559e-08
1.566945760542215e-08
1.763338238505332e-08
1.902070421331560e-08
2.030523561664921e-08
2.179953007732920e-08
2.345335713480668e-08
2.513151093048662e-08
2.711244541677564e-08
2.925272263023092e-08
3.152837386171269e-08
3.400490240219123e-08
3.641751537858516e-08
3.994900993666817e-08
4.353042333890273e-08
4.734828067394348e-08
5.175955903275811e-08
5.682151211646164e-08
6.278160062005570e-08
6.967263850594698e-08
7.826132248476591e-08
8.857720170409192e-08
1.013845847516177e-07
1.172402536904919e-07
1.374095897408977e-07
1.628683468131547e-07
1.954248229120390e-07
2.376657300563115e-07
2.922539033459404e-07
3.630999933817798e-07
4.567184891886863e-07
5.795267825900798e-07
7.412248447590234e-07
9.549831175548462e-07
1.237103051598182e-06
1.611224389583257e-06
2.107265388327482e-06
2.763362359160647e-06
3.630181529368489e-06
4.794880950521505e-06
6.336699709826081e-06
8.392989926877955e-06
1.112081882829688e-05
1.475111856953176e-05
1.961268925115462e-05
2.604979212925135e-05
3.466375128710490e-05
4.608320069654240e-05
6.140592867688791e-05
8.155685854371961e-05
1.085088685486980e-04
1.444142532308971e-04
1.922016477782279e-04
2.558347397168446e-04
3.402180324267266e-04
4.530851186439905e-04
6.026078280021821e-04
8.015226655465028e-04
1.066875899919816e-03
1.414620940511851e-03
1.877476643812323e-03
2.487472798060017e-03
3.293360462276165e-03
4.351259322530644e-03
5.754979878599954e-03
7.591052853267406e-03
9.992504854971577e-03
1.311805705971318e-02
1.718351374541989e-02
2.244142827425864e-02
2.921128248926660e-02
3.784954592014363e-02
4.886003449817510e-02
6.276852146067025e-02
8.022184451494904e-02
1.019367491469174e-01
1.287247912154136e-01
1.614407361169365e-01
2.008439047690316e-01
2.474015210301997e-01
3.016438197989769e-01
3.633309367555093e-01
4.318577142787289e-01
5.059969166216086e-01
5.837043135852326e-01
6.624092978211756e-01
7.384101683650485e-01
8.079947131898428e-01
8.679094213873288e-01
9.158413337600364e-01
9.510582283869478e-01
9.744634347977083e-01
9.882905268866170e-01
9.954828399022496e-01
9.996071445659173e-01
###1.040000000000000e+01
-5.783918844370599e-09
1.348421258739086e-08
6.512042707889407e-09
5.404165402959109e-09
2.235671411386326e-08
1.318370329560093e-08
1.620170938397066e-08
1.823117510226109e-08
1.971648591303776e-08
2.112905100236952e-08
2.272633756049567e-08
2.454657884358134e-08
2.637866821758223e-08
2.851950392657045e-08
3.084038226817804e-08
3.331697007125415e-08
3.601669100653306e-08
3.871206294124003e-08
4.247351550267265e-08
4.636883500520691e-08
5.055282999790547e-08
5.538982979114470e-08
6.092395212629584e-08
6.744515261815587e-08
7.502052914601807e-08
8.439447265403096e-08
9.566740325512798e-08
1.096842732922320e-07
1.265706258791138e-07
1.491167833869644e-07
1.768975023125149e-07
2.124836922941194e-07
2.585835509704124e-07
3.182632134428120e-07
3.957272552306684e-07
4.980532731861588e-07
6.322942271273727e-07
8.092662949162314e-07
1.042996668672880e-06
1.351732179497256e-06
1.761198328258333e-06
2.304661793728499e-06
3.023922252319447e-06
3.974745349384569e-06
5.252939104536495e-06
6.945988183713791e-06
9.205322549948284e-06
1.220488820135898e-05
1.619932224901595e-05
2.155277948262043e-05
2.864596285779677e-05
3.814325655823624e-05
5.074256501481020e-05
6.765603932599441e-05
8.991958273239331e-05
1.197086125972001e-04
1.594201562509113e-04
2.122978303366755e-04
2.827364413161725e-04
3.761612235785430e-04
5.011635762051572e-04
6.667872487178279e-04
8.871216594954274e-04
1.181010009430047e-03
1.566128223587337e-03
2.078500437188639e-03
2.753421878259461e-03
3.644513620399327e-03
4.813275866283261e-03
6.362661074421992e-03
8.386578507263631e-03
1.102998242305231e-02
1.446506981652059e-02
1.892448817848808e-02
2.468021039330237e-02
3.207332278089649e-02
4.147894748787010e-02
5.343141106759806e-02
6.848178938783145e-02
8.728705371470394e-02
1.105888592959892e-01
1.392071881783115e-01
1.739651832061808e-01
2.155862041707797e-01
2.644423039403148e-01
3.209503029073790e-01
3.847022783192218e-01
4.548824058910482e-01
5.300418543368157e-01
6.079161300777843e-01
6.857691946557491e-01
7.598558572660775e-01
8.265611621519557e-01
8.829171401599609e-01
9.270278857063710e-01
9.586406339110937e-01
9.790542810090509e-01
9.907184241745596e-01
9.965514750591711e-01
9.997107427735230e-01
###1.080000000000000e+01
-5.586400237522923e-09
1.361632064880326e-08
6.751805789280372e-09
5.739135614918256e-09
2.253325593543831e-08
1.363659917782701e-08
1.673636633108500e-08
1.885067161867644e-08
2.043652823826110e-08
2.197953279747489e-08
2.371764127735457e-08
2.567520576261984e-08
2.767062683064573e-08
2.998267092419332e-08
3.249157213039759e-08
3.518241173586052e-08
3.811972260838861e-08
4.111104739493576e-08
4.510947613329164e-08
4.935771638652594e-08
5.393067128805816e-08
5.921881181176218e-08
6.526474155700841e-08
7.239545459110665e-08
8.070300225269149e-08
9.093107557696326e-08
1.032762011737651e-07
1.185653827285583e-07
1.370516828696256e-07
1.616670539784872e-07
1.920202388693220e-07
2.309151640545125e-07
2.812556859451537e-07
3.464842766008572e-07
4.311801308845194e-07
5.430797864389922e-07
6.898371364854517e-07
8.834333884661899e-07
1.139204407399583e-06
1.477176314387662e-06
1.925598205060055e-06
2.521110752148231e-06
3.309893481818092e-06
4.353447456443526e-06
5.756390141982935e-06
7.616554455001421e-06
1.009937965478675e-05
1.339902023672549e-05
1.779516684220632e-05
2.369247482717535e-05
3.150927158183271e-05
4.198417148206998e-05
5.588652114751167e-05
7.455983061852897e-05
9.915686664325074e-05
1.320903082360289e-04
1.759842750187878e-04
2.344908304847591e-04
3.124457166556256e-04
4.158494713142229e-04
5.542354725683008e-04
7.375819045865214e-04
9.815184482459059e-04
1.306776587675013e-03
1.732913519209221e-03
2.299582509356585e-03
3.045594688329964e-03
4.029844363232523e-03
5.319440647636069e-03
7.027217666613069e-03
9.255166244620517e-03
1.216063721326549e-02
1.592958643868686e-02
2.081263710578827e-02
2.710154462040559e-02
3.515945884824144e-02
4.538101833573286e-02
5.832943761393015e-02
7.457935839686759e-02
9.479725394537020e-02
1.197436197212082e-01
1.502371696070385e-01
1.870748992566893e-01
2.309203618914174e-01
2.820475725086514e-01
3.407463308814402e-01
4.064290831779452e-01
4.780658603708459e-01
5.539923762292150e-01
6.317479620416013e-01
7.084512413045853e-01
7.803573400526603e-01
8.440004023950608e-01
8.967293533112146e-01
9.370863018497290e-01
9.652748039381563e-01
9.829463463881799e-01
9.927060376556610e-01
9.973929633264410e-01
9.997907076405433e-01
###1.120000000000000e+01
-5.381774462902438e-09
1.377238392249313e-08
7.009368440522716e-09
6.099135924087461e-09
2.270571940449919e-08
1.410227477189018e-08
1.728703578182602e-08
1.948735955285761e-08
2.118327475894372e-08
2.286141363213322e-08
2.473265716367862e-08
2.684120279332320e-08
2.900660519740694e-08
3.150243013475497e-08
3.421118325104437e-08
3.712852569165239e-08
4.031782371599464e-08
4.361835998656114e-08
4.789419069306562e-08
5.250291117961320e-08
5.749070767631252e-08
6.326574100281071e-08
6.986160642291482e-08
7.764983226255017e-08
8.674626535652539e-08
9.789898580998609e-08
1.114037686074773e-07
1.280833271689158e-07
1.483890439161466e-07
1.751746777977263e-07
2.083319272212963e-07
2.508393034840528e-07
3.058268168861647e-07
3.771311453606654e-07
4.697555407563266e-07
5.922823340200697e-07
7.525979436479553e-07
9.645538125332820e-07
1.244449242417216e-06
1.614519414980001e-06
2.104438167670698e-06
2.758440874848527e-06
3.623828307360199e-06
4.769933606439117e-06
6.309850982021356e-06
8.354215557825201e-06
1.108365092045764e-05
1.471450732070637e-05
1.955415454745259e-05
2.605119112432285e-05
3.466854192528086e-05
4.622131772771706e-05
6.156537110989596e-05
8.218183492297011e-05
1.093575470923412e-04
1.457575196685329e-04
1.942777557847255e-04
2.589999626725760e-04
3.452333375144168e-04
4.596429310856308e-04
6.127581455611159e-04
8.156360132047212e-04
1.085475655567244e-03
1.445233334899546e-03
1.916322534048783e-03
2.542406159248980e-03
3.366135506038039e-03
4.451968490162924e-03
5.873136207789612e-03
7.753035691689636e-03
1.020206654657992e-02
1.339064530128971e-02
1.751918729410823e-02
2.285690263564458e-02
2.971598810616688e-02
3.848166006050172e-02
4.956782966225141e-02
6.356665927141393e-02
8.107469760596563e-02
1.027625828743498e-01
1.294097973114605e-01
1.618230516764327e-01
2.007634646078762e-01
2.468328009458903e-01
3.001861167797985e-01
3.609878609778390e-01
4.284521998115641e-01
5.013383887910822e-01
5.777798962556792e-01
6.551205142933649e-01
7.303880270972007e-01
7.998681879103668e-01
8.602985057606976e-01
9.093685315233274e-01
9.460719410690416e-01
9.710385781498359e-01
9.862214633147151e-01
9.943180666556778e-01
9.980490967344345e-01
9.998487444461966e-01
###1.160000000000000e+01
-5.165693755333194e-09
1.391897419998427e-08
7.273372017862628e-09
6.459941263338914e-09
2.289936361963266e-08
1.458935330372571e-08
1.785866632921099e-08
2.014744609264030e-08
2.194252815038303e-08
2.376396096138120e-08
2.578571424306803e-08
2.805115198244854e-08
3.039667826608160e-08
3.308144133777300e-08
3.600108258648617e-08
3.915841749681506e-08
4.261440300097792e-08
4.624186243269692e-08
5.081915748685180e-08
5.581214064691040e-08
6.124406179135682e-08
6.753812976725982e-08
7.472873399595468e-08
8.322085372783167e-08
9.317138896526653e-08
1.053260923292662e-07
1.200845003028227e-07
1.382801415859749e-07
1.605077691221081e-07
1.897106031357290e-07
2.259377991662022e-07
2.723764231269845e-07
3.324350406441754e-07
4.103971941585489e-07
5.117968758932330e-07
6.458482551199701e-07
8.210602661313970e-07
1.053123425917443e-06
1.359509041437415e-06
1.764841285090490e-06
2.302029795580201e-06
3.018907234882859e-06
3.968518551567632e-06
5.228384611698274e-06
6.918559311356859e-06
9.165544942089579e-06
1.216732477968610e-05
1.616370917274064e-05
2.149305268474513e-05
2.865218857101684e-05
3.815324955378126e-05
5.089665382249634e-05
6.783132202162650e-05
9.059370328096353e-05
1.206167150663554e-04
1.608414451242457e-04
2.144648772011833e-04
2.860407759581948e-04
3.813964762438096e-04
5.079288703785038e-04
6.772669253095453e-04
9.016124808043988e-04
1.199899431741161e-03
1.597459222389788e-03
2.117807022728039e-03
2.808859918081558e-03
3.717401815854227e-03
4.913874162568153e-03
6.478129706115295e-03
8.544538491659559e-03
1.123268086559361e-02
1.472660537063862e-02
1.924193525541875e-02
2.506728419790353e-02
3.253404830047184e-02
4.205219167626292e-02
5.405291891292018e-02
6.915650985305254e-02
8.797877879011763e-02
1.111958067229394e-01
1.395983039062204e-01
1.739673419837193e-01
2.150276933767096e-01
2.633074165595595e-01
3.188646150947340e-01
3.816367515498340e-01
4.507149951708000e-01
5.246335007704414e-01
6.013195566060165e-01
6.779642644838804e-01
7.515263663249003e-01
8.183633611577388e-01
8.754568045037709e-01
9.208728932789549e-01
9.540485916199344e-01
9.760102128352932e-01
9.889541733388844e-01
9.956133999207195e-01
9.985548497550369e-01
9.998920935356853e-01
###1.200000000000001e+01
-4.956347266293427e-09
1.406500337855820e-08
7.543009928861500e-09
6.832318808145307e-09
2.311531397566925e-08
1.506946628742282e-08
1.844200074488473e-08
2.083548313540810e-08
2.273949519958383e-08
2.470047341283079e-08
2.687318460629688e-08
2.930008655712313e-08
3.183739381742605e-08
3.472713129999898e-08
3.786773184362637e-08
4.127590919368409e-08
4.501428406716364e-08
4.898154743925965e-08
5.388959705819827e-08
5.929288790644700e-08
6.519959504301832e-08
7.204835236967842e-08
7.988097580590058e-08
8.913370337569128e-08
1.000024833945562e-07
1.132375085368150e-07
1.293620188400026e-07
1.491989128382229e-07
1.734978053010697e-07
2.053648890934097e-07
2.449327577663473e-07
2.956691892021905e-07
3.612710807547743e-07
4.465031002068259e-07
5.576378367136172e-07
7.041474273951904e-07
8.957615180686391e-07
1.149833767292691e-06
1.485326854664288e-06
1.929427821823150e-06
2.518588874880545e-06
3.304578294228067e-06
4.346939191392735e-06
5.732059560154060e-06
7.587841783824936e-06
1.005842117920364e-05
1.336016291641980e-05
1.775972526927548e-05
2.363015101627817e-05
3.151930398117120e-05
4.199474308563108e-05
5.605445304157651e-05
7.474335737803356e-05
9.987268975814708e-05
1.330464770592303e-04
1.774788024782279e-04
2.367324313734749e-04
3.158578278777666e-04
4.212702056762057e-04
5.611840132207482e-04
7.482963928363026e-04
9.961926858875277e-04
1.325692236366887e-03
1.764712187620337e-03
2.338880857586301e-03
3.100931188191021e-03
4.101864701014590e-03
5.418683874556127e-03
7.138097820142229e-03
9.406656621208128e-03
1.235307399912515e-02
1.617563676263136e-02
2.110572396023903e-02
2.745252247369591e-02
3.556727995145990e-02
4.588015740060102e-02
5.884852077288689e-02
7.511309799646039e-02
9.530487772943382e-02
1.201052263041848e-01
1.503133437057009e-01
1.866685237341802e-01
2.298591114978985e-01
2.803246939623150e-01
3.380097930891323e-01
4.026389093978383e-01
4.731589780002007e-01
5.478790179957622e-01
6.245426435121948e-01
7.002088064702964e-01
7.718065633488916e-01
8.358108943164920e-01
8.894833187441875e-01
9.312826167573648e-01
9.610830508027013e-01
9.802664216769426e-01
9.912134226886098e-01
9.966380458818431e-01
9.989336165869404e-01
9.999312014739820e-01
###1.240000000000001e+01
-4.737740910355240e-09
1.421601866153887e-08
7.823952268351142e-09
7.196959324387300e-09
2.334472202734086e-08
1.556716420845416e-08
1.904663987532229e-08
2.154025715126851e-08
2.356318501843639e-08
2.566871327317999e-08
2.799463914907296e-08
3.059941103080766e-08
3.333536718288590e-08
3.643289847652464e-08
3.980846107934760e-08
4.348531835902386e-08
4.752374475291879e-08
5.184916563220721e-08
5.711301556124657e-08
6.295149413523705e-08
6.936429347072625e-08
7.680817186032072e-08
8.474784140735076e-08
9.539894722170576e-08
1.072606341886010e-07
1.216753997569501e-07
1.392663424913293e-07
1.608973245830057e-07
1.874471456732465e-07
2.221972626641095e-07
2.654048570236184e-07
3.208432683374351e-07
3.924860383382196e-07
4.856972646232107e-07
6.044236157977949e-07
7.675576363119464e-07
9.772572295758927e-07
1.255493598138252e-06
1.622961807293415e-06
2.109740760979381e-06
2.755950475598910e-06
3.618113069270354e-06
4.762464632902859e-06
6.285405835976803e-06
8.323792187408634e-06
1.104055976317114e-05
1.467385230121356e-05
1.951814170608926e-05
2.598803662643532e-05
3.468019730953418e-05
4.623046371955984e-05
6.174066105859841e-05
8.236562464854517e-05
1.101066985447853e-04
1.467592217905278e-04
1.958242102648284e-04
2.612829051381587e-04
3.487241037077125e-04
4.651862508120414e-04
6.198699702082134e-04
8.264549075823473e-04
1.100192299182415e-03
1.463870441627293e-03
1.948235434243080e-03
2.581183726316625e-03
3.420664883797453e-03
4.522159841899210e-03
5.969584143493855e-03
7.857372721297839e-03
1.034419219621468e-02
1.356885335095476e-02
1.774468145194249e-02
2.311950264407359e-02
3.002312253638752e-02
3.882655181716516e-02
4.997752664829067e-02
6.396847206685220e-02
8.144752513015720e-02
1.030648257190220e-01
1.295008590118566e-01
1.615490216370205e-01
1.999223915148662e-01
2.452464177350195e-01
2.978614310304046e-01
3.575855619073547e-01
4.239490955054931e-01
4.957156189954177e-01
5.710060056758101e-01
6.473774979712652e-01
7.217953163876352e-01
7.911856499977419e-01
8.521974495843412e-01
9.023956323109544e-01
9.406493873205097e-01
9.672487047620918e-01
9.838861026964164e-01
9.930712813561484e-01
9.974553649153726e-01
9.992303353684387e-01
9.999514595473442e-01
###1.280000000000001e+01
-4.518730063001936e-09
1.436487333915669e-08
8.109928830340015e-09
7.587444513347820e-09
2.358786266588543e-08
1.609044772005081e-08
1.967208363648822e-08
2.226710541438454e-08
2.440947298521664e-08
2.666794993543770e-08
2.915992813017778e-08
3.194644042523127e-08
3.488883835240987e-08
3.820752139603546e-08
4.182990745211236e-08
4.578863973049354e-08
5.014421289579381e-08
5.484844117799531e-08
6.049619684286102e-08
6.679727853179160e-08
7.374393707600560e-08
8.182244398835429e-08
9.056825519858466e-08
1.020329616324107e-07
1.149694293041445e-07
1.306674126273183e-07
1.498432338168176e-07
1.734258618269960e-07
2.024263981959934e-07
2.403235863799235e-07
2.874795769194235e-07
3.480528991220337e-07
4.263386197456182e-07
5.281790177433774e-07
6.576514226349533e-07
8.363664278842022e-07
1.066133807052753e-06
1.370682839656495e-06
1.773489519241267e-06
2.307191478922306e-06
3.016132117683106e-06
3.962188154545172e-06
5.219060877063084e-06
6.893366444551784e-06
9.133504167291466e-06
1.212195639977073e-05
1.612013521114454e-05
2.145467296405567e-05
2.858517418949859e-05
3.816302319156537e-05
5.089956426398869e-05
6.801041041474971e-05
9.077083602896566e-05
1.213907987191533e-04
1.618737675338479e-04
2.160458900492901e-04
2.883261477059419e-04
3.849089129213543e-04
5.135228599344558e-04
6.843915416797569e-04
9.123678454365235e-04
1.214404226277368e-03
1.615525977069348e-03
2.149398789392369e-03
2.846473423921523e-03
3.770227046376304e-03
4.981108330128051e-03
6.570276635419399e-03
8.640083053617440e-03
1.136253901381773e-02
1.488681159112554e-02
1.944180220405749e-02
2.529207711297547e-02
3.278847495118598e-02
4.232284615303281e-02
5.436182162082213e-02
6.942437192467692e-02
8.817302265403777e-02
1.112682021010806e-01
1.393908874787620e-01
1.733149033404105e-01
2.137289101397307e-01
2.611762215505750e-01
3.158929183768150e-01
3.775602710697037e-01
4.455052409769903e-01
5.183258432965104e-01
5.939381918444361e-01
6.697532816598970e-01
7.426581462872115e-01
8.096283730193704e-01
8.675151743253864e-01
9.142230398623810e-01
9.490273242935218e-01
9.726148717157537e-01
9.869375510158480e-01
9.945812022029952e-01
9.980901167410936e-01
9.994477687473254e-01
9.999619993887402e-01
###1.320000000000001e+01
-4.294679484733185e-09
1.453282075265901e-08
8.400230259736881e-09
7.988435726247523e-09
2.384266247038288e-08
1.663863169158288e-08
2.032239005135250e-08
2.301359239122925e-08
2.528679406031491e-08
2.769974851479879e-08
3.036304604758727e-08
3.334065218916531e-08
3.649942978465705e-08
4.005212791527345e-08
4.393245829199907e-08
4.819360029394564e-08
5.288350946340873e-08
5.798518483305067e-08
6.405149227850920e-08
7.084406433418874e-08
7.835682069278291e-08
8.711411339901993e-08
9.672191965650344e-08
1.090747138759376e-07
1.231676919175724e-07
1.402503757649268e-07
1.611454210850196e-07
1.868541434477319e-07
2.185839996844791e-07
2.598388813923301e-07
3.113160431721985e-07
3.774951881743220e-07
4.630156361591925e-07
5.743345950315174e-07
7.167252921445955e-07
9.114446579332358e-07
1.163224054217475e-06
1.496572092635409e-06
1.938259664865642e-06
2.523570016127730e-06
3.301506933609438e-06
4.339799365892072e-06
5.720600081767700e-06
7.561094660559813e-06
1.002397915262341e-05
1.331210179685169e-05
1.771240536113929e-05
2.358717474539030e-05
3.144548908225842e-05
4.200042219529765e-05
5.604604080080060e-05
7.491951242292036e-05
1.000329973183943e-04
1.338239499452253e-04
1.785254234080924e-04
2.383183256061403e-04
3.181048247585786e-04
4.247247234974434e-04
5.666910533104302e-04
7.552923863936196e-04
1.006716776469462e-03
1.339740071056275e-03
1.781773448545825e-03
2.369674379331709e-03
3.136627845798304e-03
4.152110597055404e-03
5.481616549934632e-03
7.224249078258505e-03
9.490801509076555e-03
1.246715352497382e-02
1.631324771241249e-02
2.127461410814490e-02
2.763217440714476e-02
3.575896973524173e-02
4.606757337674511e-02
5.904269842679379e-02
7.522971461021727e-02
9.530115904321197e-02
1.199291597586278e-01
1.497816241901440e-01
1.856132184816040e-01
2.280798584285685e-01
2.776285192928306e-01
3.343902756460597e-01
3.978872167216345e-01
4.672612505013053e-01
5.409226973325902e-01
6.166043126568697e-01
6.915977273207198e-01
7.627457422321718e-01
8.270983341535177e-01
8.817631822367488e-01
9.249960114706139e-01
9.564752331032188e-01
9.772520818701392e-01
9.894910381433849e-01
9.957979290962730e-01
9.985774668318291e-01
9.996044463398084e-01
9.999993970280873e-01
###1.360000000000001e+01
-4.055731739600128e-09
1.471328807746866e-08
8.701039706657428e-09
8.394519944839725e-09
2.412164541366250e-08
1.718323448917144e-08
2.099353156770886e-08
2.378784310422532e-08
2.619429479883896e-08
2.876281124458489e-08
3.161106848329441e-08
3.478391534463339e-08
3.817140940906185e-08
4.197202478451562e-08
4.612410851161780e-08
5.070172571820529e-08
5.574939518151814e-08
6.142339264389275e-08
6.777726175254988e-08
7.509758484037842e-08
8.321830166857865e-08
9.271301927174161e-08
1.032186377594041e-07
1.165459840223994e-07
1.318899622197981e-07
1.504700161730322e-07
1.732308362496604e-07
2.012431778185617e-07
2.359331376215657e-07
2.808520185331858e-07
3.370414757461788e-07
4.093513763140902e-07
5.027884018223826e-07
6.244574928418144e-07
7.809258504996504e-07
9.932827533455527e-07
1.269079123354389e-06
1.634240136590293e-06
2.118442222808584e-06
2.760586975194658e-06
3.614454872173943e-06
4.754018960250091e-06
6.271527225046755e-06
8.295117651982101e-06
1.100332206710011e-05
1.462148116611823e-05
1.946486043100490e-05
2.593571718690061e-05
3.459664818712777e-05
4.622810846230364e-05
6.171356242022589e-05
8.252929350165135e-05
1.102354035107008e-04
1.475174176071369e-04
1.968562477287456e-04
2.628320597166395e-04
3.508689332190372e-04
4.685272931458511e-04
6.251273922178146e-04
8.331578873528221e-04
1.110235802150778e-03
1.477116999543009e-03
1.963810862418352e-03
2.610611446749616e-03
3.453663979486408e-03
4.568695891255427e-03
6.026835778128570e-03
7.935382337665112e-03
1.041408917531292e-02
1.366379587828260e-02
1.785542778986369e-02
2.325108444854546e-02
3.014959639618348e-02
3.894556689985465e-02
5.007255192665522e-02
6.403271025312424e-02
8.139442529609793e-02
1.028418330904139e-01
1.290507947677844e-01
1.606760112392701e-01
1.984450665220415e-01
2.429625609573750e-01
2.945849448513378e-01
3.533211721052413e-01
4.185261636853810e-01
4.891547050048315e-01
5.634403696157869e-01
6.389419621191191e-01
7.128482242504027e-01
7.820065638923565e-01
8.435865707555066e-01
8.949542340163705e-01
9.347536145258145e-01
9.630554807884235e-01
9.812338336798498e-01
9.916116447899761e-01
9.967713790322696e-01
9.989541561745181e-01
9.997248045001410e-01
9.999993970280873e-01
###1.400000000000001e+01
-3.806277551606565e-09
1.488883550591882e-08
9.014632582469583e-09
8.819886879487032e-09
2.441785876240298e-08
1.776455123562110e-08
2.168163639123893e-08
2.460215658396637e-08
2.713012020876380e-08
2.986974077662165e-08
3.290556979434780e-08
3.628327526270960e-08
3.990688882075981e-08
4.396256182483195e-08
4.841138967392116e-08
5.332090092549883e-08
5.874660130990758e-08
6.484557243364022e-08
7.168960621442892e-08
7.957413554684163e-08
8.835881072378844e-08
9.862910414315965e-08
1.101016888198627e-07
1.244764064071276e-07
1.411589322110576e-07
1.613622721472741e-07
1.861586974687173e-07
2.166579930443227e-07
2.545561671187878e-07
3.034666780949766e-07
3.648075069079792e-07
4.438022365112206e-07
5.459060705824711e-07
6.789502480546181e-07
8.507741112116934e-07
1.082514998526081e-06
1.384697015352316e-06
1.784717855132220e-06
2.315716830734542e-06
3.020220065087763e-06
3.957557325675158e-06
5.208997346102493e-06
6.876384453298418e-06
9.101639788179436e-06
1.208037856912545e-05
1.606219891899382e-05
2.139365933563577e-05
2.852079432158067e-05
3.806574861170203e-05
5.088286166551278e-05
6.795471614166028e-05
9.091097750914213e-05
1.214643921688822e-04
1.625917921962971e-04
2.170226990242635e-04
2.897971696291315e-04
3.868957403930196e-04
5.166462842680677e-04
6.892883776437968e-04
9.185913205674339e-04
1.223740465380587e-03
1.627636902357016e-03
2.162992357515254e-03
2.873935718701198e-03
3.799596875433475e-03
5.022629686235058e-03
6.619879499597075e-03
8.707914616203427e-03
1.141490404729545e-02
1.495853013493178e-02
1.952010816638758e-02
2.537996285713285e-02
3.285411660937717e-02
4.235953440248159e-02
5.434872260712101e-02
6.934461910387488e-02
8.793186119489332e-02
1.108062731899774e-01
1.386412536501699e-01
1.720758013973865e-01
2.118023802903966e-01
2.583664678515600e-01
3.120194357379388e-01
3.726444608849847e-01
4.394247851216209e-01
5.111312072158265e-01
5.858052756498745e-01
6.608741856322292e-01
7.334561177821435e-01
8.004068408156156e-01
8.590699251760948e-01
9.071042274898096e-01
9.435407829827968e-01
9.688299204634211e-01
9.846256643237284e-01
9.933567644564718e-01
9.975407592742188e-01
9.992376587471763e-01
9.998084112080837e-01
9.999993970280873e-01
###1.440000000000001e+01
-3.570155729619957e-09
1.507326581342871e-08
9.321012665423063e-09
9.253005231603441e-09
2.472892797179910e-08
1.835881463257801e-08
2.238837297291081e-08
2.542749454037435e-08
2.809904849462546e-08
3.101514842583870e-08
3.424272603523939e-08
3.783863737373647e-08
4.170341695245447e-08
4.603626053537298e-08
5.079409930971326e-08
5.605419304543229e-08
6.187939969150422e-08
6.842846291997625e-08
7.579272394115166e-08
8.428363721385592e-08
9.377692349530710e-08
1.048776950772400e-07
1.173776027913481e-07
1.328956117605922e-07
1.510186623417039e-07
1.729882777492345e-07
1.999641900124572e-07
2.331845521413335e-07
2.745729796526873e-07
3.278272471618131e-07
3.947957278821631e-07
4.810877433747576e-07
5.926829650588069e-07
7.381883809511540e-07
9.266420641612175e-07
1.179830834219122e-06
1.510851039506581e-06
1.949455340865752e-06
2.531808504511920e-06
3.304794540590062e-06
4.333833201042479e-06
5.708525216969940e-06
7.540985726242487e-06
9.987978176266872e-06
1.326413684249912e-05
1.764688330805259e-05
2.351537923842846e-05
3.136649730244057e-05
4.188272924732055e-05
5.600753610777547e-05
7.482603826456427e-05
1.001280914011679e-04
1.338220641046126e-04
1.791768772839564e-04
2.392026313826374e-04
3.194457374982754e-04
4.264821901058003e-04
5.694902566363259e-04
7.597272511664010e-04
1.012263488017557e-03
1.348075753372151e-03
1.792328918744520e-03
2.380638967174873e-03
3.161303985388372e-03
4.176696415119663e-03
5.516615791871507e-03
7.264205447919572e-03
9.545566375018322e-03
1.249858027722187e-02
1.635746644847618e-02
2.131457937494782e-02
2.766916678982964e-02
3.575424687900134e-02
4.600996063356432e-02
5.890787229408066e-02
7.498820864831404e-02
9.485137538475752e-02
1.192056097463183e-01
1.487093433239817e-01
1.839877995519702e-01
2.256849307917351e-01
2.742764457846810e-01
3.299052349973201e-01
3.923231665342214e-01
4.605320696571858e-01
5.331186357646223e-01
6.079605327027580e-01
6.823473877785343e-01
7.533599503567784e-01
8.179152250052877e-01
8.735421296725351e-01
9.182381952432390e-01
9.514109334304558e-01
9.738663692909403e-01
9.874937583574140e-01
9.947814225601407e-01
9.981435083292294e-01
9.994496086473437e-01
9.998678507929437e-01
9.999993970280873e-01
###1.480000000000001e+01
-3.308911946237708e-09
1.527061911318276e-08
9.646836556217795e-09
9.699728832310099e-09
2.506290389801369e-08
1.898308075850504e-08
2.312465894418502e-08
2.628521724393748e-08
2.911561393853749e-08
3.220222561689610e-08
3.563645242123044e-08
3.945146670003918e-08
4.357186219055055e-08
4.819200054829899e-08
5.327443981124172e-08
5.877738202737077e-08
6.515255886035081e-08
7.218389064486036e-08
8.010532015410610e-08
8.923609165566776e-08
9.948894920688601e-08
1.114805663272255e-07
1.250834378581848e-07
1.418318772862006e-07
1.615154870975138e-07
1.853791008894719e-07
2.147214054884138e-07
2.509054979361387e-07
2.960537735363405e-07
3.540792328159432e-07
4.271758746894877e-07
5.207974254383631e-07
6.434034844798530e-07
8.025164646284401e-07
1.009285850711232e-06
1.286038004156550e-06
1.648701175977024e-06
2.129793884687634e-06
2.768384170721013e-06
3.616633783052973e-06
4.746701218004878e-06
6.256643242409152e-06
8.270648206010505e-06
1.096207625127239e-05
1.456631555588715e-05
1.938945466297262e-05
2.585060966268638e-05
3.449617937131178e-05
4.607785233041938e-05
6.164747066009505e-05
8.238795810484467e-05
1.102651556458252e-04
1.474194890246555e-04
1.974114086199661e-04
2.635816618991767e-04
3.520127470288076e-04
4.699419360536655e-04
6.274437529441762e-04
8.369302259598699e-04
1.114860156066083e-03
1.484173350465829e-03
1.972346020090777e-03
2.618371688519271e-03
3.474773532079783e-03
4.587313635525133e-03
6.053787818293386e-03
7.963900580495609e-03
1.045341153649118e-02
1.367048129119706e-02
1.786674576622030e-02
2.324661471918809e-02
3.012711522868567e-02
3.886047924155616e-02
4.990804398390362e-02
6.376274158012249e-02
8.097773723704411e-02
1.021668005534499e-01
1.280447480064051e-01
1.592630623923728e-01
1.964096397277578e-01
2.400812891888770e-01
2.906726327582925e-01
3.482232529275190e-01
4.123215376957697e-01
4.817996143677992e-01
5.550634422053392e-01
6.298353451536883e-01
7.033008037678047e-01
7.725159165050622e-01
8.345014422349754e-01
8.870130345459862e-01
9.283863819351246e-01
9.584175077970156e-01
9.782283670798010e-01
9.899004534917197e-01
9.959339295952707e-01
9.986112742208870e-01
9.996063910069785e-01
9.999096535201371e-01
9.999993970280873e-01
###1.520000000000001e+01
-3.041483977484685e-09
1.540978946179476e-08
9.994262099711450e-09
1.014968416199199e-08
2.541081662663930e-08
1.961477352108437e-08
2.388051191688969e-08
2.716886564467900e-08
3.015481144738090e-08
3.342892958152233e-08
3.707527713752083e-08
4.112519700181423e-08
4.551438700140776e-08
5.043473140432333e-08
5.585746858357462e-08
6.171016814702017e-08
6.856712067202418e-08
7.611689881720080e-08
8.462742970693860e-08
9.444527552871038e-08
1.055065010201720e-07
1.184546983525632e-07
1.332278704666536e-07
1.513149633232991e-07
1.726756237666918e-07
1.985948214516505e-07
2.305059868788538e-07
2.698890963591607e-07
3.191447519996947e-07
3.823467968209517e-07
4.621417913857265e-07
5.643046253871267e-07
6.984144141545340e-07
8.724815261142791e-07
1.099231315630544e-06
1.401871334350528e-06
1.799442087441145e-06
2.326982410494669e-06
3.027360060047256e-06
3.958404626829237e-06
5.199255997964117e-06
6.858230598273091e-06
9.070114538067229e-06
1.203257086711834e-05
1.599788083384804e-05
2.130586420736257e-05
2.841810132922873e-05
3.794086995108635e-05
5.069294045938255e-05
6.785193523066327e-05
9.070095702156654e-05
1.214246293159146e-04
1.623671386559324e-04
2.174491205488843e-04
2.903603076904498e-04
3.877618067473098e-04
5.176097948437606e-04
6.910083687056243e-04
9.214816318602063e-04
1.227120973577820e-03
1.632914232621642e-03
2.168960676813907e-03
2.877662170369229e-03
3.815935112511977e-03
5.034071424451981e-03
6.636710415857384e-03
8.722317772714204e-03
1.143583367351961e-02
1.493626492601586e-02
1.949361400741378e-02
2.532409623564988e-02
3.276333818791838e-02
4.218306709181550e-02
5.406580790528748e-02
6.892139131456218e-02
8.732012226604058e-02
1.098868780515586e-01
1.373334045177186e-01
1.703001826668620e-01
2.093355155356548e-01
2.549824928847296e-01
3.075408614665723e-01
3.669297768272239e-01
4.325861879110082e-01
5.031700113476941e-01
5.768998381272028e-01
6.513624546499568e-01
7.236718123319613e-01
7.908752261497610e-01
8.501492088343655e-01
8.994880119497469e-01
9.375918227116272e-01
9.646184948739051e-01
9.819815401862672e-01
9.919052493764022e-01
9.968589212876249e-01
9.989709175623686e-01
9.997212399999604e-01
9.999387552887381e-01
9.999993970280873e-01
###1.560000000000001e+01
-2.762642125065727e-09
1.562595612354524e-08
1.034212771760737e-08
1.062159987060995e-08
2.579031630600756e-08
2.026727298272359e-08
2.465749841644824e-08
2.808235274196588e-08
3.123471597009060e-08
3.470044128885255e-08
3.856291875770968e-08
4.286982188932572e-08
4.753250410328292e-08
5.275780737334351e-08
5.854901669346613e-08
6.483313412682430e-08
7.214484506834781e-08
8.023604707325590e-08
8.937578775184949e-08
9.992359697044256e-08
1.118494690676791e-07
1.258195943400046e-07
1.418425848933582e-07
1.613858847198084e-07
1.845524765353447e-07
2.126970206925561e-07
2.473926676752262e-07
2.902467659261205e-07
3.439724986149403e-07
4.128204389370127e-07
4.998892435440629e-07
6.117330324764786e-07
7.581232941729837e-07
9.485733194669696e-07
1.197128510717983e-06
1.528137080966765e-06
1.964253528888549e-06
2.542671410653537e-06
3.310951976023112e-06
4.333086450349325e-06
5.695890468656331e-06
7.518368109668746e-06
9.949883794548256e-06
1.320832981875800e-05
1.757119626434635e-05
2.341396073910320e-05
3.124150635208633e-05
4.172824235442714e-05
5.576910903223242e-05
7.466692532794902e-05
9.984266394762558e-05
1.336912342320168e-04
1.787874792483096e-04
2.394518833712659e-04
3.197483128133689e-04
4.269805888631249e-04
5.698893220904363e-04
7.606380085220291e-04
1.014050711879754e-03
1.349918714507995e-03
1.795372960667590e-03
2.383468753188892e-03
3.160174239843666e-03
4.185629770553378e-03
5.519272250189495e-03
7.269072099816763e-03
9.543508451636911e-03
1.249768558780149e-02
1.630166928744171e-02
2.124458053495688e-02
2.755496354762693e-02
3.558728767536314e-02
4.573223014723759e-02
5.849435080501958e-02
7.439511001248893e-02
9.402897924434694e-02
1.180209677773876e-01
1.470788590542685e-01
1.818265781916687e-01
2.227646975404138e-01
2.703709787909782e-01
3.248543595372253e-01
3.859955781353744e-01
4.530837623117482e-01
5.245831599701256e-01
5.985720056894441e-01
6.724895602379368e-01
7.434069044526288e-01
8.084049540120590e-01
8.648470309686159e-01
9.109861217965874e-01
9.458904725793780e-01
9.700699351704003e-01
9.851876580114716e-01
9.935611960800250e-01
9.975937808940458e-01
9.992443391428392e-01
9.998043323647171e-01
9.999587220725370e-01
9.999993970280873e-01
