# NLO BK equation solver 0.0-dev build  (build Feb 16 2026 17:52:53)
# Initial condition: MV model, Q_s0^2 = 0.00719208 GeV^2, \gamma = 1, coefficient of E inside Log is 1, x0=0.01, \Lambda_QCD = 0.241 GeV
# # LO Kernel RC:  Balitsky. NLO Kernel RC:  smallest dipole
# Nc=3, Nf=4
# Using RungeKutta method in K1
# Resumming double log
# Resumming single log, K_sub=0.65 resum rc: smallest
# BK K1 integration relative accuracy: 0.02# NLO BK as^2 terms: MC integration method: Vegas, points=1000000
# Kinematical constraint: none
# Target kinematical constraint: disabled

###1.000000000000000e-05
###1.160836920850890e+00
###100
###1.000000000000000e+00
###0.000000000000000e+00
2.325897697150717e-12
3.098110390233248e-12
4.126141219568879e-12
5.494533249566176e-12
7.315694983918914e-12
9.739057624081815e-12
1.296323165743565e-11
1.725214150074354e-11
2.295643494738523e-11
3.054188502754830e-11
4.062705865799633e-11
5.403326276586854e-11
7.185075196682910e-11
9.552646822476516e-11
1.269802821767157e-10
1.687589496129760e-10
2.242399582290523e-10
2.979013471527165e-10
3.956787345772694e-10
5.254375808639541e-10
6.975976627598494e-10
9.259585173876798e-10
1.228790122073315e-09
1.630273473629868e-09
2.162402544703280e-09
2.867494321901114e-09
3.801499880495341e-09
5.038370131604673e-09
6.675809436156055e-09
8.842854510280909e-09
1.170985249305879e-08
1.550159051972629e-08
2.051456238308705e-08
2.713966240059799e-08
3.589199384454019e-08
4.744999693283719e-08
6.270677518914216e-08
8.283737508994680e-08
1.093869117051981e-07
1.443859088153919e-07
1.905011336281226e-07
2.512326790130209e-07
3.311712401857176e-07
4.363336520385230e-07
5.746000573722447e-07
7.562828945175391e-07
9.948666423557707e-07
1.307968468602505e-06
1.718584257980011e-06
2.256702787031053e-06
2.961394112998555e-06
3.883507875115496e-06
5.089154824112123e-06
6.664192579828753e-06
8.719996984714924e-06
1.140081178718777e-05
1.489347493588422e-05
1.943932045755936e-05
2.534993366465343e-05
3.302702970864324e-05
4.298787413370420e-05
5.589769991565241e-05
7.261102163502731e-05
9.422427525607180e-05
1.221428999099716e-04
1.581668822983051e-04
2.045999829728418e-04
2.643894654283940e-04
3.413053037607527e-04
4.401707584718029e-04
5.671601620539368e-04
7.301851201934051e-04
9.393976043338137e-04
1.207848228590103e-03
1.552351189713641e-03
1.994624936882738e-03
2.562800906943052e-03
3.293423155298680e-03
4.234101235717547e-03
5.447029210135956e-03
7.013647100133746e-03
9.040798652011461e-03
1.166883028475685e-02
1.508217546025603e-02
1.952306243698465e-02
2.530904022903258e-02
3.285497493599188e-02
4.269990869579932e-02
5.553848644971993e-02
7.225518631958860e-02
9.395677332634678e-02
1.219934154355732e-01
1.579507520309538e-01
2.035831088910519e-01
2.606426803417707e-01
3.305457786220062e-01
4.138194921912149e-01
5.093203292499471e-01
6.133562181918892e-01
7.191066316029842e-01
###4.000000000000000e-01
-4.636622669005134e-11
1.753284366831949e-11
7.977658869604552e-12
-4.040602226091585e-12
2.152005642100551e-11
3.743479791236479e-11
1.143512090512941e-08
6.568288533740183e-11
8.021813876327916e-11
1.160767979612867e-10
9.894056175899720e-11
1.180186549991272e-10
-4.094459413940183e-10
1.529089958663991e-10
1.994523320821897e-10
2.368645007492255e-10
2.935909155976180e-10
3.642039626087021e-10
4.671201608655566e-10
6.050442594546717e-10
7.905222297011535e-10
1.029450471932414e-09
1.360486444065030e-09
1.788979882250353e-09
2.356789381219284e-09
3.116856518860848e-09
4.114265379883905e-09
5.442168353863952e-09
7.209680504328458e-09
9.548770029532106e-09
1.264745922566788e-08
1.675005187404443e-08
2.216417424919477e-08
2.932904158424270e-08
3.879785573093691e-08
5.130653541849348e-08
6.781963935589044e-08
8.961890350548902e-08
1.183692965305656e-07
1.563022388808319e-07
2.062472150961386e-07
2.720982647384711e-07
3.587980307553019e-07
4.728776766050866e-07
6.229006004178849e-07
8.200899579343781e-07
1.079168188815412e-06
1.419245296837566e-06
1.865227597112803e-06
2.450593918364937e-06
3.216992076632186e-06
4.220508300804717e-06
5.532850411784344e-06
7.250389685833335e-06
9.488256541381567e-06
1.241031213538862e-05
1.621990402888136e-05
2.118151153214334e-05
2.763833758270305e-05
3.602316681399870e-05
4.692861644182000e-05
6.106305514105552e-05
7.938910215720619e-05
1.031045777710305e-04
1.337870045667623e-04
1.734458965401854e-04
2.245924648901546e-04
2.905741938897158e-04
3.755435945248215e-04
4.852809415427469e-04
6.263895718752323e-04
8.080745435407043e-04
1.041737490285289e-03
1.342642194375542e-03
1.729879116346430e-03
2.228672237255257e-03
2.871019965823993e-03
3.700757220158748e-03
4.772078377610927e-03
6.158392267188092e-03
7.957071523809771e-03
1.028978668480971e-02
1.333253900841593e-02
1.729496020938791e-02
2.246363831060672e-02
2.921871997988226e-02
3.803743052442779e-02
4.952524835039050e-02
6.452203344975112e-02
8.404797797051360e-02
1.094062534531586e-01
1.420590200376378e-01
1.837472889507924e-01
2.362055342575395e-01
3.011616053594722e-01
3.797404321151970e-01
4.727061220771023e-01
5.801526248897816e-01
7.091929222970283e-01
9.555668575047320e-01
###8.000000000000000e-01
-7.028518740229946e-11
5.296065666974233e-11
-1.464798554980821e-12
3.549905263275803e-11
1.585734529684006e-11
8.306936680786830e-11
1.114024763201618e-08
1.815484173316080e-10
1.103553569891091e-10
2.074606149824216e-10
1.742250008284131e-10
1.877561252108688e-10
-3.237605860619475e-10
2.251973286484439e-10
2.844742863775095e-10
3.069880558460110e-10
3.738563199307948e-10
4.455022810969934e-10
5.445414365205258e-10
6.977732750122261e-10
8.967336417773324e-10
1.158660165097290e-09
1.510093338787364e-09
1.973279894500575e-09
2.588867158276733e-09
3.406758459499447e-09
4.483191342244553e-09
5.904081128865509e-09
7.803882519858883e-09
1.032594901574856e-08
1.367571577208305e-08
1.810769629959240e-08
2.396382059550373e-08
3.171615537804655e-08
4.196341418404396e-08
5.550620724870394e-08
7.338637126808941e-08
9.699716302979528e-08
1.281453023552884e-07
1.692719539509257e-07
2.233877174647059e-07
2.948196865449750e-07
3.888822770022680e-07
5.126909226191021e-07
6.755299848292775e-07
8.896489750606407e-07
1.171125959031286e-06
1.540697017462791e-06
2.025163473455103e-06
2.662379984967607e-06
3.496321055653154e-06
4.588886033625028e-06
6.018421558718247e-06
7.891675194091560e-06
1.033100001065696e-05
1.351810780150386e-05
1.767587325052100e-05
2.309702984486889e-05
3.015711602861938e-05
3.933204359218039e-05
5.127755729157009e-05
6.677183858348523e-05
8.689040002849145e-05
1.129529628024983e-04
1.467236431855642e-04
1.904469058217880e-04
2.468933073700582e-04
3.198409264908562e-04
4.139321358074505e-04
5.359251615154179e-04
6.930755452668120e-04
8.959591573373451e-04
1.157518409726598e-03
1.495404641754005e-03
1.931634934719195e-03
2.495247701687205e-03
3.222806241181620e-03
4.166493371962753e-03
5.388383150398686e-03
6.974533702866449e-03
9.038295038548146e-03
1.172473284763999e-02
1.523912101455976e-02
1.983127222334358e-02
2.582672744462566e-02
3.367509934688369e-02
4.391727304138916e-02
5.723596278836249e-02
7.460090067926349e-02
9.716079060866130e-02
1.263345684405922e-01
1.636721966052656e-01
2.108923928318490e-01
2.695849464615276e-01
3.410797001666023e-01
4.258327154002273e-01
5.235074513951571e-01
6.323135850208823e-01
7.544909374154556e-01
9.628942996826994e-01
###1.200000000000000e+00
-1.086403766914546e-10
6.916224413954103e-11
3.550733395913369e-11
-4.090609315107570e-10
4.144685935129489e-11
1.410071814081108e-10
1.082153921096494e-08
2.460373392092663e-10
1.478966454324112e-10
2.928156834168589e-10
2.578904013713126e-10
2.586942582612434e-10
-2.145534827201960e-10
3.023965004912004e-10
3.828411412421018e-10
4.016629807717943e-10
4.676904206192019e-10
5.416079343083869e-10
6.468487928119917e-10
8.072974605655600e-10
1.022182013491970e-09
1.301309085332382e-09
1.684402320948765e-09
2.183244674315371e-09
2.850072813397406e-09
3.735259313608674e-09
4.894694828675216e-09
6.433500361366818e-09
8.487460121312717e-09
1.119152224026634e-08
1.480755865281173e-08
1.959336223971399e-08
2.593085867306226e-08
3.432442537385493e-08
4.541562824851048e-08
6.007569214250330e-08
7.944686680731434e-08
1.050288052714918e-07
1.387872520649024e-07
1.833788275189457e-07
2.420560550459329e-07
3.195460392083347e-07
4.216472484304343e-07
5.560625032401421e-07
7.328853206300390e-07
9.654997052389323e-07
1.271423707483442e-06
1.673236507746732e-06
2.199881676716226e-06
2.893754157131790e-06
3.801725975014229e-06
4.991942762990454e-06
6.550086484672317e-06
8.594686369862004e-06
1.125533172187788e-05
1.473398546648159e-05
1.927557429268864e-05
2.520419555062426e-05
3.293041087609015e-05
4.297903645480035e-05
5.607927434394724e-05
7.308655975548873e-05
9.520046904877102e-05
1.238770140031361e-04
1.610981169850592e-04
2.093587475235414e-04
2.717695067076814e-04
3.525593380123640e-04
4.569553552507960e-04
5.927767796477202e-04
7.682377140664599e-04
9.950018356346820e-04
1.288297450961490e-03
1.668329028256894e-03
2.160280033480893e-03
2.796699435318802e-03
3.622952007769842e-03
4.696819559865660e-03
6.090618583125484e-03
7.904526808146779e-03
1.027180469624317e-02
1.336014441443966e-02
1.741191200974765e-02
2.270814403071361e-02
2.963026635043395e-02
3.869167719545476e-02
5.049543359811272e-02
6.580856315412374e-02
8.571017087638612e-02
1.114454912067618e-01
1.445010169607571e-01
1.864330719455587e-01
2.387987017873236e-01
3.029448359112202e-01
3.795316640312945e-01
4.681454584259308e-01
5.671269924892370e-01
6.730281821303481e-01
7.860309960344750e-01
9.681519800645184e-01
###1.600000000000000e+00
-1.123528213533592e-10
-2.133634308836499e-11
-2.381458750593978e-11
-2.855438975029226e-10
7.168787351421327e-11
1.626330934984846e-10
1.048460134724863e-08
2.994287863430084e-10
2.439547395252645e-10
4.169266504555873e-10
3.440934727141304e-10
3.509971130087999e-10
-7.226437752633962e-11
4.307767524095572e-10
4.909655952496487e-10
5.211479083361320e-10
5.773291093619514e-10
6.523339415454591e-10
7.641097244066826e-10
9.297891724940880e-10
1.167821376011490e-09
1.471882208076918e-09
1.880930099359145e-09
2.445199077316849e-09
3.139429039361215e-09
4.095507242459973e-09
5.352398743888822e-09
7.015337720901712e-09
9.238170193494500e-09
1.215918327691958e-08
1.606378728767842e-08
2.121929922292983e-08
2.808038665437711e-08
3.717103611395633e-08
4.917729705974385e-08
6.505662074250932e-08
8.604745470069638e-08
1.137734217636104e-07
1.503670180045061e-07
1.987348542249734e-07
2.623789039293724e-07
3.464922991336275e-07
4.573376686868469e-07
6.033256776906693e-07
7.954386905539915e-07
1.048235776214239e-06
1.380875679913695e-06
1.817941401564371e-06
2.390826580741585e-06
3.146612775552547e-06
4.135754963229496e-06
5.433137623073699e-06
7.132559723159105e-06
9.364931515046314e-06
1.226966668649561e-05
1.606940017244913e-05
2.103429081485906e-05
2.752353327768807e-05
3.598654282870495e-05
4.699846835212230e-05
6.138407769773356e-05
8.007190246808465e-05
1.044070590887831e-04
1.360056836241205e-04
1.770815375036180e-04
2.304406813243309e-04
2.995274940574622e-04
3.891421408270005e-04
5.051768282877312e-04
6.565965415757036e-04
8.528323887632374e-04
1.106587738881647e-03
1.435845646077606e-03
1.863693103749633e-03
2.418984698887387e-03
3.137938659711931e-03
4.076649207330506e-03
5.298429828942738e-03
6.887663835588703e-03
8.959228525926901e-03
1.166949469887662e-02
1.521175494228221e-02
1.986119465819889e-02
2.594705698715382e-02
3.389345358106769e-02
4.428310272558985e-02
5.777644672296794e-02
7.523469798725450e-02
9.780011914459814e-02
1.268055047173829e-01
1.637421903545757e-01
2.100983147354979e-01
2.672277455786360e-01
3.359876537361479e-01
4.164420452387536e-01
5.072634323704592e-01
6.057312878853980e-01
7.074768444207572e-01
8.118690474716989e-01
9.724625055213981e-01
###2.000000000000000e+00
-8.712526520495483e-11
5.384872506428921e-11
-8.751978814743674e-11
-3.156015783906857e-10
8.783123109699193e-11
1.530222458344316e-10
1.015266656173053e-08
3.401510295424800e-10
3.099703463551753e-10
4.879602185214792e-10
4.226844544198011e-10
4.454594151695847e-10
5.656058844205177e-11
5.179273715764576e-10
5.883847465561000e-10
6.194669727351153e-10
6.837095758800844e-10
7.613292988181656e-10
8.735671513463341e-10
1.060100232817029e-09
1.313083778686509e-09
1.642040602600758e-09
2.087445633769557e-09
2.690621407523266e-09
3.445814078282479e-09
4.477586380283056e-09
5.838465938306376e-09
7.639601786885178e-09
1.004388433766585e-08
1.320754709819161e-08
1.741526634693675e-08
2.298772125828294e-08
3.041581323782792e-08
4.026112138464578e-08
5.326093179109392e-08
7.047025029335442e-08
9.321762755709439e-08
1.232773633611058e-07
1.629615806675883e-07
2.154497881938179e-07
2.845089149197930e-07
3.758238779836613e-07
4.962018307926759e-07
6.548085682474735e-07
8.636185488672625e-07
1.138492042907445e-06
1.500315167211803e-06
1.975938942034182e-06
2.599482914743536e-06
3.423129089016846e-06
4.501223695040777e-06
5.916318537892222e-06
7.770727925342670e-06
1.020957291361091e-05
1.338203725653168e-05
1.753699085029684e-05
2.297037358879450e-05
3.007772994001592e-05
3.935652143647965e-05
5.143773250962178e-05
6.724914544688748e-05
8.780793507003606e-05
1.146279578668582e-04
1.495135469105999e-04
1.948664169249173e-04
2.539321521764629e-04
3.305146915771488e-04
4.300641154864321e-04
5.592053870595361e-04
7.282030617547647e-04
9.474959596923917e-04
1.232147557834896e-03
1.602127775672797e-03
2.084161692136065e-03
2.711147470560843e-03
3.523962646718426e-03
4.589610299544530e-03
5.978603411074472e-03
7.788320869769621e-03
1.015098997733179e-02
1.324503102492695e-02
1.729502866323674e-02
2.260817562468498e-02
2.956467348222937e-02
3.863286970855457e-02
5.046509657788565e-02
6.577221132623991e-02
8.550001930858601e-02
1.108386770367058e-01
1.431624801760145e-01
1.839372205645667e-01
2.345117862499034e-01
2.959782762027722e-01
3.686378143687923e-01
4.519667788233702e-01
5.438430135329901e-01
6.407766076265625e-01
7.379522034119552e-01
8.343007214863482e-01
9.761685808425287e-01
###2.400000000000000e+00
-2.837454240091234e-10
6.634087003501110e-11
-1.662460847379550e-10
-2.562906378029830e-10
1.194383420953676e-10
1.865586859360762e-10
9.869469097888257e-09
3.884337375975478e-10
3.829522122625149e-10
5.716306913825505e-10
4.964325953809310e-10
5.227330470215865e-10
1.501844988885038e-10
5.729336943644706e-10
6.547811668408632e-10
6.903469361562046e-10
7.625325978658335e-10
8.525248532985528e-10
9.761458542938035e-10
1.184174801985619e-09
1.463943066104053e-09
1.809424761711446e-09
2.292982797255926e-09
2.943103269980018e-09
3.761820960757629e-09
4.881190183217742e-09
6.352388651870685e-09
8.302677465930186e-09
1.090320050571719e-08
1.433224490537648e-08
1.886377058769023e-08
2.490328390588434e-08
3.294365074666240e-08
4.361329649572136e-08
5.769680399714840e-08
7.635178843450103e-08
1.010021480261382e-07
1.336075044477222e-07
1.766555859760932e-07
2.336139521658807e-07
3.085848592879474e-07
4.077570701277070e-07
5.385524861828527e-07
7.109211312475882e-07
9.379725196527555e-07
1.236989291203473e-06
1.630745780366293e-06
2.148560452286515e-06
2.827536084923101e-06
3.725525071820712e-06
4.901254785141807e-06
6.446563159437792e-06
8.470459905119916e-06
1.113610664838373e-05
1.460357611094727e-05
1.915019828253702e-05
2.509787092612801e-05
3.289314574785258e-05
4.307538443276018e-05
5.634401438798483e-05
7.374687895651554e-05
9.638162203361038e-05
1.259761169515794e-04
1.645529223592645e-04
2.146625083544275e-04
2.801176191836605e-04
3.651273897158003e-04
4.758238303163507e-04
6.197227438668573e-04
8.085158056094260e-04
1.053901193130260e-03
1.373377687861250e-03
1.789322201071344e-03
2.332545647760510e-03
3.040513397204673e-03
3.959458284714848e-03
5.167975171481391e-03
6.745336684872723e-03
8.802670248908647e-03
1.149276565258517e-02
1.501420896144202e-02
1.962703431938556e-02
2.567540163788288e-02
3.358395137851638e-02
4.387170765689911e-02
5.725410149194866e-02
7.449049512288185e-02
9.659296548840990e-02
1.247880551198792e-01
1.604566275127340e-01
2.049852481792611e-01
2.595557731848673e-01
3.249230183518090e-01
4.008711580790157e-01
4.862716214268758e-01
5.783666073536218e-01
6.731260889952423e-01
7.655318616662592e-01
8.542681878359795e-01
9.794183833507180e-01
###2.800000000000000e+00
-2.448670536553330e-10
9.689601563250685e-11
-1.671259091561402e-10
-2.371782206091007e-10
1.412024195852890e-10
2.088824476176963e-10
9.597625261469848e-09
4.592578188136801e-10
4.583340252112660e-10
6.518817539812365e-10
5.687121547819030e-10
5.877593797121615e-10
2.512769917254017e-10
6.430439687882892e-10
7.272880126238852e-10
7.567350917488118e-10
8.527415469082232e-10
9.504425850013352e-10
1.091007745917926e-09
1.319054299023623e-09
1.618541289887751e-09
1.991912413813237e-09
2.516808396436520e-09
3.217905093828933e-09
4.104345936305362e-09
5.318909239023646e-09
6.913978218330529e-09
9.027959960163159e-09
1.183824882528481e-08
1.555357711958641e-08
2.044854003382996e-08
2.699072130953480e-08
3.569748448745464e-08
4.725473552456062e-08
6.252410751252816e-08
8.273931789505361e-08
1.094788147409551e-07
1.448479938401401e-07
1.915723601370025e-07
2.533959051998826e-07
3.348126463671828e-07
4.425473301706197e-07
5.847094708302956e-07
7.720989868646934e-07
1.019089557731893e-06
1.344462838886953e-06
1.773206317074358e-06
2.337233506222670e-06
3.077016907569908e-06
4.056476970182269e-06
5.339445092527222e-06
7.027265531151673e-06
9.238136199502907e-06
1.215358609516699e-05
1.594642156071322e-05
2.092477126069671e-05
2.743645638278310e-05
3.599806701254713e-05
4.718187657714762e-05
6.177011011496318e-05
8.094477323364319e-05
1.058874764907261e-04
1.385572913869807e-04
1.812669534674569e-04
2.367141633021780e-04
3.093233628357868e-04
4.037840340722364e-04
5.270456104571869e-04
6.875026841797304e-04
8.985814055665736e-04
1.173344318529371e-03
1.532039835105773e-03
1.999789161212500e-03
2.611905945829794e-03
3.411015015059401e-03
4.449548002569966e-03
5.818381653204504e-03
7.606627134728354e-03
9.941146860029157e-03
1.299513832840287e-02
1.699155767168527e-02
2.222514444484261e-02
2.907926376120778e-02
3.802479534950055e-02
4.962764200834317e-02
6.466494635945860e-02
8.393790145232735e-02
1.085093507361329e-01
1.396250115648212e-01
1.786323758178449e-01
2.268211686723794e-01
2.851385740986700e-01
3.539618730961373e-01
4.326605102365975e-01
5.194728698432068e-01
6.111347739045546e-01
7.032482230434469e-01
7.907554890423505e-01
8.722223692461510e-01
9.822723960876120e-01
###3.200000000000000e+00
-2.455004477167199e-10
1.056696072867296e-10
-1.498933258310059e-10
-2.184825605729697e-10
1.641775796195200e-10
2.363995835204713e-10
9.336995280160677e-09
5.007818376976716e-10
5.175551916737634e-10
7.236739650424058e-10
6.506610887483054e-10
6.681293133123523e-10
3.543623406941376e-10
7.179446535808685e-10
8.039334985210730e-10
8.356769806698160e-10
9.491023424543603e-10
1.055140686933392e-09
1.222241232984129e-09
1.458160194223900e-09
1.786976954893708e-09
2.192083538984265e-09
2.760050681468904e-09
3.515288494374855e-09
4.481676231724002e-09
5.793262095953625e-09
7.521716174173630e-09
9.813465936240683e-09
1.285577179431418e-08
1.688162944199810e-08
2.217396189731555e-08
2.927211533155717e-08
3.869485363652895e-08
5.121902941715318e-08
6.777324152211844e-08
8.969414777535104e-08
1.187068526193592e-07
1.570775135758459e-07
2.078016563470682e-07
2.749417010346810e-07
3.633948544463679e-07
4.804795311566135e-07
6.350312111890044e-07
8.388787732689074e-07
1.107660404373858e-06
1.461894500038906e-06
1.928844793486909e-06
2.543522939580920e-06
3.350082818065978e-06
4.418956632339990e-06
5.819647948965265e-06
7.663923414082941e-06
1.008101111501341e-05
1.327147720556093e-05
1.742309482859536e-05
2.287940477546528e-05
3.001598389281725e-05
3.942450889064425e-05
5.172136268544339e-05
6.777442631556634e-05
8.891737610477097e-05
1.164333936298779e-04
1.525340638412970e-04
1.998520160849391e-04
2.612755076633513e-04
3.419018556561541e-04
4.469583967891244e-04
5.843258697824829e-04
7.634074749593474e-04
9.995035049777646e-04
1.307348728418433e-03
1.710062419100710e-03
2.236080751122651e-03
2.925624786002818e-03
3.826963321264763e-03
4.999663993213947e-03
6.547668126201373e-03
8.571129668696336e-03
1.121393483216091e-02
1.467141852737482e-02
1.919178253309389e-02
2.510644948533646e-02
3.283874030222383e-02
4.290538766730816e-02
5.591775006194666e-02
7.270997626335345e-02
9.412111213074140e-02
1.212395542756665e-01
1.553191887862528e-01
1.976449364968607e-01
2.493709457222889e-01
3.111898446673911e-01
3.830686362119416e-01
4.640000199124005e-01
5.516421196798248e-01
6.423218385622897e-01
7.314065574440526e-01
8.139291398046204e-01
8.884317140133657e-01
9.848246333069308e-01
###3.600000000000000e+00
-2.315419150796850e-10
9.665547704974278e-11
-1.174880793121297e-10
-1.906619109181505e-10
1.822243178079124e-10
2.771290282146604e-10
9.065992814765172e-09
5.363239620948223e-10
5.809991249765286e-10
8.016154034914520e-10
6.864785760751423e-10
7.413852637566103e-10
4.444288562202410e-10
8.042999871189545e-10
8.712681213797691e-10
9.274790382546246e-10
1.047581204173376e-09
1.170516957761142e-09
1.356029238933485e-09
1.610565370751556e-09
1.969783967679138e-09
2.410082989535340e-09
3.021679100467762e-09
3.838961778323797e-09
4.891290202519665e-09
6.309643350505724e-09
8.182128461031557e-09
1.066421310451077e-08
1.396378441405120e-08
1.830792377127595e-08
2.404947496089012e-08
3.175405269528324e-08
4.195803369998028e-08
5.553278485517427e-08
7.348624809732060e-08
9.724818408852884e-08
1.287478033178351e-07
1.703955219544639e-07
2.254842535270533e-07
2.984007030920453e-07
3.945485529324139e-07
5.218304519958664e-07
6.899397622947087e-07
9.117673688233632e-07
1.204355515883795e-06
1.590185896788123e-06
2.099003943606468e-06
2.769261878513904e-06
3.648978493546450e-06
4.816102735732513e-06
6.346083531795226e-06
8.362234442989802e-06
1.100694199780771e-05
1.450005428947312e-05
1.904883342332027e-05
2.503217500491681e-05
3.286214245150910e-05
4.320939293818702e-05
5.674090765531375e-05
7.442192809703739e-05
9.774612284255630e-05
1.281411976482300e-04
1.680720009005001e-04
2.205277120999254e-04
2.886453675070247e-04
3.782425418977401e-04
4.951710579583266e-04
6.483536439485694e-04
8.483393410005895e-04
1.112503761051634e-03
1.457477442951244e-03
1.909601304339170e-03
2.500939510616084e-03
3.277207691019668e-03
4.293000472037754e-03
5.616125154672231e-03
7.363342218037030e-03
9.648176355158919e-03
1.263242099976487e-02
1.653492991135268e-02
2.163098451228286e-02
2.828861328041884e-02
3.697299738560101e-02
4.824528552342396e-02
6.276000103004016e-02
8.140287167110333e-02
1.050385927505037e-01
1.347761319973421e-01
1.718433044525332e-01
2.174549863399483e-01
2.725788705597491e-01
3.376382785076123e-01
4.122138972567268e-01
4.948792253181107e-01
5.828174951473164e-01
6.720306826610124e-01
7.577712950569651e-01
8.352360704729447e-01
9.030666626663618e-01
9.870781997107089e-01
###4.000000000000000e+00
-2.449537070680085e-10
1.159669918825098e-10
-9.614887947634910e-11
-1.757997465549702e-10
2.193310232021646e-10
3.271726530292325e-10
8.812625653198249e-09
5.808457656002662e-10
6.470893061575625e-10
8.658931588150515e-10
7.649382369603693e-10
8.166174785324661e-10
5.366436844906592e-10
8.833286575052052e-10
9.537011444795462e-10
1.026999790768316e-09
1.149721065411543e-09
1.295364467241544e-09
1.501833742291842e-09
1.777094445185476e-09
2.162893978228480e-09
2.648241995926159e-09
3.307200053130684e-09
4.189176976277440e-09
5.331335293065264e-09
6.869576643690966e-09
8.898118579484349e-09
1.158920490158471e-08
1.514847284679513e-08
1.985721956646152e-08
2.609445777669741e-08
3.445411556568602e-08
4.550683283480029e-08
6.022719938139194e-08
7.969531101680748e-08
1.054745838226428e-07
1.396660763663002e-07
1.849029952987291e-07
2.447768421069504e-07
3.239603140727302e-07
4.285100408279913e-07
5.669244259696493e-07
7.498427611553037e-07
9.912852178316777e-07
1.309998055576009e-06
1.730404223758185e-06
2.285155465031747e-06
3.016315018712239e-06
3.976578234061361e-06
5.251488294497935e-06
6.924104734518718e-06
9.130479254362331e-06
1.202470398324687e-05
1.585230076212512e-05
2.083934581850141e-05
2.740551250660991e-05
3.600556594944213e-05
4.739057187537134e-05
6.229273585649524e-05
8.178542304829703e-05
1.075270610564254e-04
1.411410144852259e-04
1.853430195812286e-04
2.435248652109163e-04
3.191507813744925e-04
4.187700205990523e-04
5.490010347712651e-04
7.198796053144622e-04
9.433073744765371e-04
1.238923479762125e-03
1.625540161313482e-03
2.132947962529264e-03
2.797428320793716e-03
3.670518668553229e-03
4.814041032329859e-03
6.307604679254185e-03
8.273176116649995e-03
1.084754644166206e-02
1.420826808297790e-02
1.859897669276801e-02
2.432425674728565e-02
3.178937791855069e-02
4.150024762126286e-02
5.406369623804577e-02
7.017102937937539e-02
9.075802996172364e-02
1.167001009428915e-01
1.491115812179939e-01
1.891796976869430e-01
2.380140547671233e-01
2.963841991261328e-01
3.644226183839587e-01
4.413302259696686e-01
5.252563619143861e-01
6.130031892299564e-01
7.003151613697930e-01
7.824246273947038e-01
8.547901082544033e-01
9.162501765724007e-01
9.890676614475106e-01
###4.399999999999999e+00
-2.592265511797680e-10
1.229320396440630e-10
-1.013908428421888e-10
-1.479273697850949e-10
2.281317625998347e-10
3.577574322665984e-10
8.570985460912708e-09
6.262251330054102e-10
7.282360518078814e-10
9.393113040453451e-10
8.446833360624475e-10
8.938546588104338e-10
6.379644831659646e-10
9.704318391439893e-10
1.047889510431871e-09
1.129405949486191e-09
1.263511852755158e-09
1.422288713322847e-09
1.652639382809837e-09
1.949334084728086e-09
2.372408322091491e-09
2.902684468625580e-09
3.615477353514700e-09
4.577606970581635e-09
5.810051516775043e-09
7.479125292755235e-09
9.677035399640869e-09
1.259300330887445e-08
1.643628169140798e-08
2.154315403033640e-08
2.831664980812537e-08
3.738872331717724e-08
4.936739432273393e-08
6.533598495534418e-08
8.645903161195612e-08
1.144305915440146e-07
1.515670462137715e-07
2.007104756504792e-07
2.658027989567196e-07
3.518466859356031e-07
4.655534248601635e-07
6.161496680899508e-07
8.152507881476214e-07
1.078161191664244e-06
1.425471785702092e-06
1.883795160430383e-06
2.488887288865651e-06
3.286892351450064e-06
4.335653357555410e-06
5.729051425000501e-06
7.558433438447868e-06
9.974097975940782e-06
1.314395988805261e-05
1.734044404766631e-05
2.281252481319923e-05
3.002476656345523e-05
3.947769883968719e-05
5.201475523830663e-05
6.843825193563628e-05
8.994676890417138e-05
1.183843710545715e-04
1.555808800942902e-04
2.045474736653690e-04
2.691220030444553e-04
3.531282249856006e-04
4.639646674896060e-04
6.090697193033268e-04
7.997609456213341e-04
1.049413545904731e-03
1.380196277083978e-03
1.813358282708160e-03
2.382531467187398e-03
3.128669073172192e-03
4.109735525021050e-03
5.395477206816832e-03
7.077401419781855e-03
9.285190024530368e-03
1.217895921765929e-02
1.595324738144353e-02
2.087859990513819e-02
2.728875772134438e-02
3.562651023658986e-02
4.644063657165148e-02
6.037919356562827e-02
7.816691905655582e-02
1.007832017009485e-01
1.291064024904801e-01
1.642328850274796e-01
2.072978176117805e-01
2.592767380448002e-01
3.207263504575754e-01
3.914674982614858e-01
4.703229860190539e-01
5.550780798430426e-01
6.421731276913946e-01
7.271912728690828e-01
8.054204064021758e-01
8.726832390579418e-01
9.280756613520920e-01
9.908071991760554e-01
###4.800000000000000e+00
-2.255977704899898e-10
1.272227708307557e-10
-8.866030515218401e-11
-1.444733616838438e-10
2.677870833528809e-10
3.771130637840512e-10
8.285319180257156e-09
6.799038406674569e-10
7.843431891379631e-10
1.008853953485617e-09
9.117194991880775e-10
9.699632799511820e-10
7.444940143281849e-10
1.058619736036043e-09
1.144761732221002e-09
1.237257005648378e-09
1.386244920177057e-09
1.564828198434481e-09
1.812796212558684e-09
2.138265468894995e-09
2.595223243502042e-09
3.178788365632895e-09
3.951657101856852e-09
4.987065407543601e-09
6.330514298228589e-09
8.138371602866233e-09
1.051950483399619e-08
1.368185739920823e-08
1.784139691869907e-08
2.337773192411997e-08
3.073514764665971e-08
4.057756610817208e-08
5.357061637885255e-08
7.089453689639245e-08
9.382092269116200e-08
1.241958778871574e-07
1.645254016123450e-07
2.179313976697450e-07
2.887022041781681e-07
3.822601961238792e-07
5.059713943737075e-07
6.698792592752940e-07
8.867086517396246e-07
1.173165859278647e-06
1.551712860900644e-06
2.051610374883702e-06
2.711964194878825e-06
3.583407113623210e-06
4.729738619401083e-06
6.253486567705032e-06
8.255231745354372e-06
1.090130295010797e-05
1.437583645888296e-05
1.897998270216450e-05
2.498822646515105e-05
3.291556162980024e-05
4.331408101996482e-05
5.712931840059815e-05
7.524358181410590e-05
9.899552339479487e-05
1.304293232787005e-04
1.716123827979126e-04
2.259032114638575e-04
2.976071313827789e-04
3.909591945861396e-04
5.143382810949442e-04
6.760777881854742e-04
8.889016139120496e-04
1.167833285758596e-03
1.537890625820562e-03
2.023045479676277e-03
2.661079445252034e-03
3.498074994458616e-03
4.599222148287206e-03
6.042777369299344e-03
7.932545893031058e-03
1.040843606924698e-02
1.365311228440336e-02
1.788013520429801e-02
2.338783093705373e-02
3.053991808893603e-02
3.981873592938241e-02
5.181110997900127e-02
6.720716105027909e-02
8.676415348030601e-02
1.114891701152560e-01
1.422573008463280e-01
1.801319334373021e-01
2.261712648093257e-01
2.811749249071420e-01
3.455390813407598e-01
4.187016295236156e-01
4.991305124904123e-01
5.842784006839022e-01
6.702783374490431e-01
7.526450331895075e-01
8.267989922853403e-01
8.889888417906743e-01
9.386314541571510e-01
9.923255097027713e-01
###5.200000000000000e+00
-2.286813314116861e-10
1.122025078054131e-10
-6.589188113951307e-11
-1.262444924768556e-10
2.885151028788299e-10
4.055862503009904e-10
8.074307531251665e-09
7.384691371610733e-10
8.455163665449840e-10
1.072069712468457e-09
9.840692643881426e-10
1.047244946189017e-09
8.454678086693292e-10
1.128220922751649e-09
1.239424466147895e-09
1.346825173135977e-09
1.516677405590562e-09
1.709270743687237e-09
1.981374629267601e-09
2.339737994559673e-09
2.831917581483891e-09
3.471127773171607e-09
4.310779851014888e-09
5.432449656535544e-09
6.889660640947515e-09
8.849923770359533e-09
1.143217979543062e-08
1.486222788291082e-08
1.936437432511417e-08
2.537191878209400e-08
3.336501113807345e-08
4.404498578092929e-08
5.814433186990060e-08
7.694423450405092e-08
1.018360844021125e-07
1.348391617345174e-07
1.786452838818355e-07
2.367017216181382e-07
3.136281161938108e-07
4.154254067420241e-07
5.500790485259676e-07
7.285435632007313e-07
9.647468187944397e-07
1.276987662647627e-06
1.689814463613757e-06
2.235331398690883e-06
2.956347965994751e-06
3.908516911633808e-06
5.162183053628160e-06
6.829909713898995e-06
9.021222385952915e-06
1.192163855798703e-05
1.573271474574829e-05
2.078717205617478e-05
2.738896559405747e-05
3.610903094546196e-05
4.755641402080083e-05
6.278816732934330e-05
8.278123072623352e-05
1.090259756065247e-04
1.437992306852058e-04
1.894248096008896e-04
2.496458543314012e-04
3.292963100715178e-04
4.330961055996003e-04
5.704657432400827e-04
7.507545140219971e-04
9.882855741985296e-04
1.299898031679533e-03
1.713749756167778e-03
2.256752190234105e-03
2.971391069514960e-03
3.909363844761399e-03
5.143613558938076e-03
6.761765499781963e-03
8.880348605440937e-03
1.165151668812682e-02
1.528049534042018e-02
2.000146476927041e-02
2.614161669532461e-02
3.409507706810824e-02
4.438322804468832e-02
5.763176090677383e-02
7.456686674824899e-02
9.597532339771375e-02
1.228830302390227e-01
1.561471729175661e-01
1.967951811036044e-01
2.457609138929906e-01
3.036870423933729e-01
3.707541970406897e-01
4.460445998567715e-01
5.276789325171704e-01
6.127839641953157e-01
6.972862170328851e-01
7.766705121124681e-01
8.465944519363442e-01
9.037658387348347e-01
9.479916531436047e-01
9.936486073833859e-01
###5.600000000000001e+00
-2.189155527629259e-10
1.212370167465282e-10
-3.256758650946748e-11
-3.737415417495398e-11
3.153811850970275e-10
4.314162003231188e-10
7.872832393395825e-09
7.841384345195404e-10
9.042020111641756e-10
1.156184052668597e-09
1.052217373475704e-09
1.123627150298826e-09
9.489296863054580e-10
1.226575493705819e-09
1.338965234977008e-09
1.466159400463647e-09
1.653524710224756e-09
1.875396564626527e-09
2.162888472177232e-09
2.557498029777248e-09
3.090059124691764e-09
3.784621126724186e-09
4.697716799786745e-09
5.917951485246470e-09
7.495333560862375e-09
9.623009943015008e-09
1.242012668396700e-08
1.613978446040737e-08
2.102462029552083e-08
2.753945592456433e-08
3.622583485147766e-08
4.781516491331211e-08
6.311724555038448e-08
8.352782738913109e-08
1.105652243242796e-07
1.464287284144579e-07
1.940351126503672e-07
2.571628415627018e-07
3.408193205963206e-07
4.516073695297803e-07
5.982314527784863e-07
7.926220194096900e-07
1.050069861582685e-06
1.390590272198030e-06
1.841014916306083e-06
2.436553974596626e-06
3.224213386127187e-06
4.265095955608021e-06
5.637647648789235e-06
7.463228145163224e-06
9.863477466164588e-06
1.304459005462686e-05
1.722708503046344e-05
2.277998879212225e-05
3.003826975620708e-05
3.963597267901178e-05
5.224843303886603e-05
6.905356848728920e-05
9.113449553654735e-05
1.201516071448111e-04
1.586417941830285e-04
2.092161644455303e-04
2.760440831001080e-04
3.645452072051962e-04
4.799932534036272e-04
6.329497481413192e-04
8.339431337491091e-04
1.099008961720552e-03
1.447016981385393e-03
1.909641136368595e-03
2.516927084909672e-03
3.316597088060706e-03
4.366406784118817e-03
5.747849260292632e-03
7.558582718005023e-03
9.928460315952436e-03
1.302382199927677e-02
1.707248741316751e-02
2.233066195091232e-02
2.915443527553852e-02
3.797086187363263e-02
4.933683283114602e-02
6.391903779349753e-02
8.247541477493509e-02
1.058104397064050e-01
1.349724819449673e-01
1.707701309295524e-01
2.141934771520011e-01
2.660370110583096e-01
3.267564698334412e-01
3.963016355854339e-01
4.734168137523955e-01
5.558720580554785e-01
6.405251477029276e-01
7.231397519413030e-01
7.992522779678111e-01
8.648200841220213e-01
9.170835801212565e-01
9.562381207838384e-01
9.947837195319597e-01
###6.000000000000001e+00
-1.802545874011330e-10
1.414393012259829e-10
-8.990102274731909e-12
-3.044964616915705e-12
3.397128248490197e-10
4.611714082744302e-10
7.692151948258151e-09
8.277854132343613e-10
9.760558388904000e-10
1.227303775157738e-09
1.134137770892236e-09
1.201983177439547e-09
1.052424947033866e-09
1.323279415089765e-09
1.453399046277918e-09
1.591247088486680e-09
1.801191547590163e-09
2.043981749504681e-09
2.356524125328123e-09
2.788591701925051e-09
3.367118420860127e-09
4.123018619041482e-09
5.118079212082787e-09
6.441024030264226e-09
8.143793431728589e-09
1.044662513666560e-08
1.348125192509491e-08
1.751627221340283e-08
2.282737042754646e-08
2.990154335361200e-08
3.933312998289919e-08
5.191500485863449e-08
6.853172822910518e-08
9.069758884607152e-08
1.200720724163786e-07
1.590627722226718e-07
2.108055402788277e-07
2.794726301697529e-07
3.704862955592402e-07
4.911179458620744e-07
6.508332410776593e-07
8.626445796352551e-07
1.143364944135144e-06
1.514870726372470e-06
2.006563614173756e-06
2.657074759451282e-06
3.517933819581053e-06
4.656509202819864e-06
6.159919178551213e-06
8.159367375418016e-06
1.079011144293925e-05
1.428093760104559e-05
1.887436726232234e-05
2.497845039553956e-05
3.296480300597587e-05
4.353408051972964e-05
5.743875196448861e-05
7.598911328890755e-05
1.003897435860667e-04
1.324901978807735e-04
1.751121660340160e-04
2.311949568967505e-04
3.053765610554563e-04
4.037357324276736e-04
5.321581294731128e-04
7.024886129368545e-04
9.264987926879076e-04
1.222200065138334e-03
1.610716874872243e-03
2.127443672372183e-03
2.806084106265014e-03
3.699961782314839e-03
4.873474973480428e-03
6.417216993783825e-03
8.439779300437721e-03
1.108524159859279e-02
1.453499317650081e-02
1.904055767694617e-02
2.488045895745945e-02
3.244258142187662e-02
4.218425197618626e-02
5.469848642702645e-02
7.068938328070404e-02
9.094464851270730e-02
1.162831718255990e-01
1.477543668910896e-01
1.861249330551099e-01
2.323059230436886e-01
2.869538636292189e-01
3.503273883576813e-01
4.221094369309743e-01
5.007238774974898e-01
5.836246125258219e-01
6.674250348071765e-01
7.477903532709470e-01
8.203859608197578e-01
8.815317479758524e-01
9.290115786029498e-01
9.634498640841691e-01
9.957511468226585e-01
###6.400000000000001e+00
-1.710669290999725e-10
1.735509150937899e-10
1.316562905866524e-11
2.354919197766267e-11
3.689750115305387e-10
4.966200023718972e-10
7.492469015448179e-09
8.974578376682021e-10
1.035284688459666e-09
1.288445124546592e-09
1.211725436665930e-09
1.283777362644511e-09
1.158835269304115e-09
1.425764853688924e-09
1.558791033293231e-09
1.723478153183570e-09
1.951504406898394e-09
2.216381360206651e-09
2.564861186272306e-09
3.033864325668867e-09
3.665049429989260e-09
4.486253450206056e-09
5.566715625672410e-09
6.999725667610643e-09
8.855171860114736e-09
1.135379127252850e-08
1.464725857138242e-08
1.901804209614940e-08
2.478118477429028e-08
3.246750259142891e-08
4.271155101656620e-08
5.637434562594916e-08
7.442515738043143e-08
9.850291323973786e-08
1.304317815676618e-07
1.728162531526587e-07
2.290957864564124e-07
3.038121905255515e-07
4.028722224788936e-07
5.342705131644865e-07
7.083171246109818e-07
9.392134912724643e-07
1.245467479756503e-06
1.650905305358925e-06
2.187951588406879e-06
2.898812251539980e-06
3.840261821944024e-06
5.086268727407877e-06
6.733652707166581e-06
8.924923847438089e-06
1.181019599837845e-05
1.564298369755608e-05
2.069039378561535e-05
2.740414712716470e-05
3.619724745714414e-05
4.784427741704428e-05
6.318306604387537e-05
8.367067081944675e-05
1.106483269561746e-04
1.461744271747183e-04
1.933941774372723e-04
2.555975375736674e-04
3.379684126346952e-04
4.472851604785812e-04
5.901419114655288e-04
7.797969842168954e-04
1.029404931391402e-03
1.359135250091162e-03
1.792614141517384e-03
2.369324119547924e-03
3.126979144856368e-03
4.125067504530329e-03
5.434769222691102e-03
7.157228155198137e-03
9.412252631352895e-03
1.235888357143486e-02
1.619476229120178e-02
2.119674487991706e-02
2.766596475978897e-02
3.602068082584070e-02
4.675054386261972e-02
6.048615319826815e-02
7.796125593168145e-02
9.999066421093039e-02
1.273979729695933e-01
1.612311852198547e-01
2.021958873592762e-01
2.511077577550564e-01
3.084699965997867e-01
3.743324097628210e-01
4.481032167791903e-01
5.278856346184380e-01
6.108581637430341e-01
6.934076375082870e-01
7.711900946882390e-01
8.400620496388264e-01
8.967564223938855e-01
9.396220015883610e-01
9.697083951089144e-01
9.965760490650588e-01
###6.800000000000002e+00
-1.912063769851643e-10
1.868742941734692e-10
3.495583493761986e-11
7.043471380598416e-11
3.903782560684151e-10
5.204158614572684e-10
7.284470444059585e-09
9.437418330182474e-10
1.093932178038143e-09
1.363546112763213e-09
1.288902427842904e-09
1.366562426471225e-09
1.264307817813125e-09
1.532503400763723e-09
1.680974315148743e-09
1.859557692177986e-09
2.111264489632130e-09
2.403374940369994e-09
2.782352644381467e-09
3.297701072113878e-09
3.981873857296239e-09
4.877743195087571e-09
6.050540749777754e-09
7.605433617598814e-09
9.625943621825420e-09
1.233610816977973e-08
1.591120428995161e-08
2.065861477215089e-08
2.690876507069226e-08
3.525974057563424e-08
4.638829437570527e-08
6.123039583823207e-08
8.084407450644564e-08
1.070022537723117e-07
1.417229818735432e-07
1.878236848030836e-07
2.490508315235431e-07
3.303646670893699e-07
4.382537370470438e-07
5.814039459637592e-07
7.711625585634182e-07
1.023004510791839e-06
1.357224492576459e-06
1.799941043775724e-06
2.386700408182569e-06
3.164046981258558e-06
4.194052992980127e-06
5.558452421703959e-06
7.364549558039256e-06
9.767171579969601e-06
1.293357892275106e-05
1.714401249527477e-05
2.269354574195054e-05
3.008196552120006e-05
3.976721970206377e-05
5.261107555474990e-05
6.954163788790651e-05
9.217778205521935e-05
1.220150885793736e-04
1.613476828504547e-04
2.136840019887152e-04
2.826929338018924e-04
3.741614278537181e-04
4.956646244833540e-04
6.545615508322912e-04
8.656844128209053e-04
1.143707163295797e-03
1.511200891598911e-03
1.994479454261212e-03
2.637551245218805e-03
3.482534556061301e-03
4.595474230100646e-03
6.055202630856648e-03
7.973943699769625e-03
1.048338816933620e-02
1.375812112762642e-02
1.801417239757118e-02
2.355333492048474e-02
3.070067883854042e-02
3.990483085106607e-02
5.168849590902874e-02
6.671384983095595e-02
8.574858450331997e-02
1.096254680567629e-01
1.391630755531330e-01
1.753981542934899e-01
2.189616002038501e-01
2.705604095202301e-01
3.305365541266719e-01
3.986975446691555e-01
4.741891605257260e-01
5.548044752480614e-01
6.374769271391840e-01
7.184086674487062e-01
7.933117429722470e-01
8.582916895180834e-01
9.105431752910638e-01
9.489950655369350e-01
9.750938810085427e-01
9.972558110273066e-01
###7.200000000000002e+00
-1.764888812070798e-10
2.058498545303818e-10
5.513812966312019e-11
1.034608403152102e-10
3.798666374710665e-10
5.757130583972069e-10
7.117379190799925e-09
9.891456564964121e-10
1.162366529291401e-09
1.435921948701743e-09
1.368314653978239e-09
1.457881531487955e-09
1.377940204900387e-09
1.637381828769439e-09
1.805812571342506e-09
2.003134937507853e-09
2.278245515292265e-09
2.602006589097876e-09
3.018171739586270e-09
3.577171625127596e-09
4.322141142427664e-09
5.297007309848149e-09
6.573765291817382e-09
8.259242011239966e-09
1.045747965454581e-08
1.340029627527042e-08
1.728221583851847e-08
2.244009621066351e-08
2.922328130971373e-08
3.829701438670337e-08
5.038926102514394e-08
6.651726609004528e-08
8.783660046099629e-08
1.162732070011957e-07
1.540287967344426e-07
2.041911424297814e-07
2.708268083042131e-07
3.593639918011816e-07
4.768924558669058e-07
6.329253791809850e-07
8.398606220545902e-07
1.114682094621835e-06
1.479545402106455e-06
1.963186076476655e-06
2.604604751158307e-06
3.455109051258534e-06
4.582578661839029e-06
6.077549349382302e-06
8.058183906283109e-06
1.069419810662491e-05
1.417118412504660e-05
1.879992408341743e-05
2.490460234828262e-05
3.303915290771614e-05
4.371427921413313e-05
5.788278347080256e-05
7.657783053294169e-05
1.015981357335395e-04
1.346112438853249e-04
1.781717291300048e-04
2.361878778735762e-04
3.127498307248735e-04
4.143258313842045e-04
5.493519284663703e-04
7.260782485242445e-04
9.610213008666332e-04
1.270546277287526e-03
1.679848434570535e-03
2.218231226626882e-03
2.934718221686484e-03
3.875848132089035e-03
5.115119955331281e-03
6.739734808086882e-03
8.873113103871557e-03
1.166032817125599e-02
1.529216428058603e-02
2.000397509604835e-02
2.612290213332227e-02
3.399877648336650e-02
4.411134972934044e-02
5.701311658988190e-02
7.340030654220803e-02
9.406443860911283e-02
1.198579099255622e-01
1.515815598974338e-01
1.902495945539835e-01
2.364066147279056e-01
2.906337426573283e-01
3.530935035650777e-01
4.233566494681388e-01
5.002877613092515e-01
5.813964062797580e-01
6.633848179061868e-01
7.423583211666157e-01
8.141161963372970e-01
8.750849958643283e-01
9.229509597315124e-01
9.572155028101049e-01
9.796903538852074e-01
9.978230573550705e-01
###7.600000000000002e+00
-1.728692456127008e-10
2.177994550076622e-10
7.613149252974225e-11
1.308417428913184e-10
4.107835136618254e-10
6.238629013485781e-10
6.947674155023424e-09
1.033298013748569e-09
1.228279533936518e-09
1.504408937291279e-09
1.445508763362218e-09
1.543226015339703e-09
1.491824150794497e-09
1.753863279106535e-09
1.940440591777200e-09
2.157898665783902e-09
2.453736931335109e-09
2.810120409684200e-09
3.267728587312595e-09
3.877368602389647e-09
4.689485164655255e-09
5.748241352552418e-09
7.137088734505538e-09
8.966633008946358e-09
1.135846136480857e-08
1.455405783656882e-08
1.876971912109729e-08
2.437351687153840e-08
3.174084928110107e-08
4.160379254686541e-08
5.474555414358966e-08
7.227106507738452e-08
9.545060534936583e-08
1.263683703161105e-07
1.674499466729739e-07
2.220425933310281e-07
2.945939676230435e-07
3.910434731457977e-07
5.191109672587200e-07
6.892495200886116e-07
9.150564660043694e-07
1.215041569169075e-06
1.613550591398875e-06
2.142155921449733e-06
2.843741513457297e-06
3.774565261986820e-06
5.009382578532952e-06
6.648132497496799e-06
8.821308078397761e-06
1.171505432118864e-05
1.553475484383200e-05
2.062651932314314e-05
2.734476186041541e-05
3.630535691045897e-05
4.807683662225548e-05
6.371457833652999e-05
8.436664246710828e-05
1.120302038744420e-04
1.485673798970374e-04
1.968212701205374e-04
2.611419364322902e-04
3.461071132849817e-04
4.588883526034997e-04
6.089307530932904e-04
8.053981807895728e-04
1.066715965541031e-03
1.411167015421352e-03
1.866705892526469e-03
2.465923307385376e-03
3.263337195402958e-03
4.310382697390492e-03
5.688365330445754e-03
7.493448878886315e-03
9.861638753834232e-03
1.295122567284084e-02
1.697107605442698e-02
2.217538344253571e-02
2.891818662946508e-02
3.757470178748001e-02
4.865551464734624e-02
6.274152781428959e-02
8.055744112492577e-02
1.029242555645622e-01
1.306967942500322e-01
1.646549504706845e-01
2.057781418560224e-01
2.545040777315940e-01
3.112859214777660e-01
3.760827713911179e-01
4.482295380296998e-01
5.263083871400751e-01
6.075636298590814e-01
6.885072547260707e-01
7.651984852697736e-01
8.335886723063906e-01
8.904695029796897e-01
9.340451223337145e-01
9.643650700196997e-01
9.835751313040916e-01
9.982896992595783e-01
###8.000000000000002e+00
-1.711484246127222e-10
2.448797445295616e-10
9.128981320037172e-11
1.747515189301824e-10
4.322486050244395e-10
6.673142017572696e-10
6.789023502130398e-09
1.067405715239661e-09
1.289618367557787e-09
1.581989435158963e-09
1.526453712626194e-09
1.635289609205761e-09
1.611427584816733e-09
1.875098467512901e-09
2.079730495871398e-09
2.319645728288006e-09
2.642643214013629e-09
3.033767637642608e-09
3.533387572823008e-09
4.199475552781577e-09
5.083222445627394e-09
6.234549341777992e-09
7.745204370516262e-09
9.730706856585466e-09
1.233322425100391e-08
1.580438464002052e-08
2.038286145628101e-08
2.647406140029873e-08
3.447886551507424e-08
4.519911896088007e-08
5.948273761783231e-08
7.853580373979571e-08
1.037474043217510e-07
1.373825450777077e-07
1.820918108831166e-07
2.415203286855489e-07
3.205372423799638e-07
4.256391748050243e-07
5.652559962385966e-07
7.508764904375467e-07
9.973670423968297e-07
1.324945255878587e-06
1.760404573049395e-06
2.338408595364057e-06
3.106164279880973e-06
4.125380061739062e-06
5.478562562100069e-06
7.275819525158874e-06
9.661167989527475e-06
1.283932009654412e-05
1.703841984004992e-05
2.264337884442579e-05
3.003781941141119e-05
3.991445659861566e-05
5.289943992429850e-05
7.016413635142383e-05
9.298338702850681e-05
1.235818831707720e-04
1.640263063337351e-04
2.174822559291462e-04
2.887925907216954e-04
3.830774594557933e-04
5.082777633866741e-04
6.749589079123062e-04
8.933101207355839e-04
1.183805038566389e-03
1.566832487367011e-03
2.073461992518587e-03
2.739740017921737e-03
3.626225965985459e-03
4.789599054603269e-03
6.319664493416269e-03
8.322249745517971e-03
1.094602527084298e-02
1.436450675107376e-02
1.880435412560657e-02
2.453960583362052e-02
3.195321850328284e-02
4.144367910973767e-02
5.355349873033168e-02
6.888841534636993e-02
8.820503329302588e-02
1.123383623020343e-01
1.421490397613112e-01
1.783804240764483e-01
2.219718612302278e-01
2.732331877440605e-01
3.324744665784318e-01
3.994534198654887e-01
4.732387112836577e-01
5.521643227543702e-01
6.332229818878886e-01
7.127758047926274e-01
7.868831131570948e-01
8.517226278763221e-01
9.044826664990783e-01
9.439006712216537e-01
9.705420303444314e-01
9.868338853789969e-01
9.986810525460404e-01
###8.400000000000002e+00
-1.523463223253139e-10
2.624983169527023e-10
1.216576087391025e-10
2.116570086761445e-10
4.605795145129225e-10
6.901780106783326e-10
6.624656583888663e-09
1.113238913709455e-09
1.348418162183210e-09
1.652222321640704e-09
1.612071669286099e-09
1.731492405053231e-09
1.734552780250948e-09
2.001511705926935e-09
2.231680975593123e-09
2.488726800574877e-09
2.843154129430173e-09
3.270495075836748e-09
3.816865675991925e-09
4.545192244118508e-09
5.505792614932388e-09
6.757274761694032e-09
8.403567566305029e-09
1.055622474650818e-08
1.338671245383669e-08
1.715705624573856e-08
2.213442044720034e-08
2.875174757476605e-08
3.745575880102992e-08
4.911121431521015e-08
6.464382808694489e-08
8.536037438067634e-08
1.127870198201624e-07
1.493869561501727e-07
1.980540750928173e-07
2.627882858393919e-07
3.488808145099792e-07
4.634585108535146e-07
6.157375413189310e-07
8.182842060581626e-07
1.087453992582311e-06
1.445371010286525e-06
1.921459836064267e-06
2.553753189200706e-06
3.394289943048589e-06
4.510804313704022e-06
5.994421848236887e-06
7.966283625331896e-06
1.058597942502458e-05
1.407844326346975e-05
1.869659714799848e-05
2.486763994671099e-05
3.301170783724182e-05
4.390088141252442e-05
5.822997450404942e-05
7.729768824529146e-05
1.025213012209358e-04
1.363721674495221e-04
1.811518580765873e-04
2.403778753605997e-04
3.194427999541422e-04
4.240416294772650e-04
5.630015892571236e-04
7.481009753652529e-04
9.906531976990069e-04
1.313424107655214e-03
1.739056110286596e-03
2.301897155203045e-03
3.042024385034748e-03
4.026316414053217e-03
5.317563305344387e-03
7.013756170233333e-03
9.231619940386520e-03
1.213342687521963e-02
1.590868551880890e-02
2.080288887936718e-02
2.711135472828568e-02
3.524033315027766e-02
4.562007527168579e-02
5.881875808923037e-02
7.547012385091123e-02
9.635514341304810e-02
1.223185412678742e-01
1.542172201987239e-01
1.927552526334185e-01
2.387885018629757e-01
2.925565640345169e-01
3.541491545369634e-01
4.231289027114720e-01
4.983091873158851e-01
5.777674508918703e-01
6.582900402999755e-01
7.361127061986497e-01
8.073807712365527e-01
8.685185527681329e-01
9.171687606913815e-01
9.525911147675086e-01
9.758304482550240e-01
9.895373032885671e-01
9.989786986997995e-01
###8.800000000000002e+00
-1.238145923750211e-10
2.819073358465226e-10
1.481165079826106e-10
2.443856855348392e-10
4.867458889535153e-10
7.260340180965800e-10
6.485030985649896e-09
1.159159909433327e-09
1.413343409965341e-09
1.727588162659267e-09
1.700193997620661e-09
1.827863041056505e-09
1.856184047883085e-09
2.137499182682748e-09
2.386053321747057e-09
2.670463789999701e-09
3.054481936016358e-09
3.523155507973080e-09
4.121630097137876e-09
4.917518143132272e-09
5.960887318563558e-09
7.320262648766999e-09
9.109680929433938e-09
1.145064839085082e-08
1.452742846917676e-08
1.862359001081086e-08
2.403425344935526e-08
3.121536919935664e-08
4.069395203419405e-08
5.337073515487424e-08
7.025382398310115e-08
9.279653963952188e-08
1.226434535398190e-07
1.624813680104256e-07
2.154831881679546e-07
2.860013717028913e-07
3.798405023135545e-07
5.047951125780535e-07
6.709434485429402e-07
8.920676573595871e-07
1.186121176210845e-06
1.577338640162601e-06
2.098022060907179e-06
2.790075257231893e-06
3.710703669221409e-06
4.934496302062693e-06
6.561787351018726e-06
8.726218237539997e-06
1.160458362441066e-05
1.544382974451450e-05
2.052504136600258e-05
2.732228869684329e-05
3.629565608199218e-05
4.830570385652631e-05
6.412177501007679e-05
8.518705020662496e-05
1.131152395684121e-04
1.505292531202072e-04
2.001086246705802e-04
2.657208934280242e-04
3.533772804846782e-04
4.693729320808732e-04
6.235722220686091e-04
8.290530418226370e-04
1.098329618498807e-03
1.456704163533455e-03
1.929239546658096e-03
2.553972905762354e-03
3.375255743575966e-03
4.466905517857766e-03
5.897905299107008e-03
7.775587820503501e-03
1.022785411456262e-02
1.343129465775992e-02
1.759277411786586e-02
2.297857780052425e-02
2.989845235395546e-02
3.879458127056367e-02
5.011849523256553e-02
6.446731778867498e-02
8.249414120892765e-02
1.050176747189707e-01
1.328727013558419e-01
1.669064778613167e-01
2.077708349363089e-01
2.562356412494675e-01
3.124315197567116e-01
3.762565829063484e-01
4.470380151638452e-01
5.233542522878213e-01
6.030336740015566e-01
6.826744948084954e-01
7.584653070533586e-01
8.266566922359307e-01
8.839945846838264e-01
9.285846050921166e-01
9.602034564122535e-01
9.803237420588653e-01
9.917612813841508e-01
9.992198799719952e-01
###9.200000000000003e+00
-1.065063586985365e-10
2.979416311960718e-10
1.785154979640151e-10
2.729951539127770e-10
5.152258838258271e-10
7.573954596626037e-10
6.351215134336424e-09
1.212428846390368e-09
1.481666396417675e-09
1.805926130109362e-09
1.790889837186272e-09
1.929339556692334e-09
1.986583985257148e-09
2.277449262601039e-09
2.547532379323635e-09
2.865009224622399e-09
3.278757938169439e-09
3.791544457163506e-09
4.446177644142190e-09
5.308225823910667e-09
6.445763496212774e-09
7.925302552249161e-09
9.869011200640349e-09
1.241591772794027e-08
1.576055787312669e-08
2.021273983553441e-08
2.609380128011172e-08
3.389328277722209e-08
4.421320588262328e-08
5.800223755704695e-08
7.636244646159922e-08
1.008947184945088e-07
1.333880761913760e-07
1.767663573581664e-07
2.345199580615767e-07
3.113642670597436e-07
4.137108385635256e-07
5.499984150738150e-07
7.313426865968183e-07
9.728548126593175e-07
1.294246884009340e-06
1.722075930590654e-06
2.291783153130343e-06
3.049586103503337e-06
4.058276720008419e-06
5.400181303997936e-06
7.185961434320702e-06
9.562989844186989e-06
1.272667863723105e-05
1.694911480783777e-05
2.254163690294847e-05
3.003074578646390e-05
3.992171429333320e-05
5.317282124719641e-05
7.063676726315686e-05
9.391492165241051e-05
1.248367772206436e-04
1.661950343732350e-04
2.210825800265644e-04
2.937717486680646e-04
3.909259870871817e-04
5.195385031344961e-04
6.905650388070525e-04
9.185327353147697e-04
1.217302483971861e-03
1.614908151774141e-03
2.139086809742210e-03
2.831927455117080e-03
3.742125085985917e-03
4.951147828381920e-03
6.534893349573963e-03
8.610264534575602e-03
1.131736761870955e-02
1.484799740127834e-02
1.942605720894682e-02
2.534006056991667e-02
3.291472974624388e-02
4.262817038057835e-02
5.495344902706138e-02
7.051283248373456e-02
8.998324940128870e-02
1.142056151882957e-01
1.440077026387499e-01
1.802139193008026e-01
2.234114443359272e-01
2.742843581507602e-01
3.328296747035385e-01
3.987337730584039e-01
4.711126880826613e-01
5.482912796816447e-01
6.278713045243304e-01
7.063087028044923e-01
7.797794072245610e-01
8.446988103489677e-01
8.981742290982917e-01
9.387908876368283e-01
9.668218266819708e-01
9.841091393054101e-01
9.935723566277388e-01
9.994109356871209e-01
###9.600000000000003e+00
-9.126215406128628e-11
3.143728962720514e-10
2.028361025297917e-10
3.302117529145023e-10
5.421550054152238e-10
7.945912765928362e-10
6.220761695464180e-09
1.278153374512220e-09
1.548608727572536e-09
1.885486948622789e-09
1.886786307459017e-09
2.037398880613254e-09
2.121702543439638e-09
2.421561138584065e-09
2.716614711448486e-09
3.067534905794114e-09
3.519765104013524e-09
4.075795105022264e-09
4.793224642521530e-09
5.732185323001100e-09
6.970614337953884e-09
8.577884463842573e-09
1.068929995998474e-08
1.346104878449297e-08
1.709595684919428e-08
2.193477141756664e-08
2.832819084898127e-08
3.681555253007962e-08
4.803790298723348e-08
6.304379260588854e-08
8.301826093640175e-08
1.097196590251435e-07
1.451043672752641e-07
1.923578159353514e-07
2.553035063470644e-07
3.390796853972810e-07
4.507488420243401e-07
5.994601598719486e-07
7.974991760787523e-07
1.061405536132339e-06
1.412764027621878e-06
1.880758191841498e-06
2.504488301614082e-06
3.334646127650216e-06
4.440383937435069e-06
5.912469884360532e-06
7.873000004340167e-06
1.048441685367617e-05
1.396327660509653e-05
1.860911918931503e-05
2.476726724558917e-05
3.301619449342500e-05
4.392730382322153e-05
5.855074612746094e-05
7.783930028642304e-05
1.035716221868644e-04
1.377933729147637e-04
1.835213327181371e-04
2.442890435442519e-04
3.247971292523615e-04
4.324484436561195e-04
5.750049321111028e-04
7.645950794838395e-04
1.017378202057202e-03
1.348649108360981e-03
1.789447925831242e-03
2.370377674930943e-03
3.137841173290221e-03
4.145451811336182e-03
5.482916639817137e-03
7.232922153395814e-03
9.523593828075159e-03
1.250693348906200e-02
1.639089242558578e-02
2.141786467455448e-02
2.789866114543258e-02
3.617687759123080e-02
4.675630859221881e-02
6.014006606406209e-02
7.697009513190230e-02
9.795661993093338e-02
1.239295797708881e-01
1.557285416227731e-01
1.941378153609413e-01
2.396686306796220e-01
2.929114780378048e-01
3.537060233280625e-01
4.215312386756806e-01
4.952783886056225e-01
5.730337497203656e-01
6.522003884513107e-01
7.291175712582254e-01
8.000112109923105e-01
8.615022419755576e-01
9.110953159432040e-01
9.478585905007672e-01
9.725347640237063e-01
9.872708723600366e-01
9.950329241431392e-01
9.995604879420258e-01
###1.000000000000000e+01
-8.440610793807510e-11
3.341061827021565e-10
2.347378994522150e-10
3.589043449462427e-10
5.661429626180521e-10
8.290862669188467e-10
6.100051727117879e-09
1.331773424581876e-09
1.616682053136854e-09
1.970410052511571e-09
1.983325045186044e-09
2.150335719874878e-09
2.260012002485371e-09
2.571222177871070e-09
2.894575134576106e-09
3.268829588434498e-09
3.771654791702492e-09
4.377990358219989e-09
5.165691644378541e-09
6.185426775377502e-09
7.530379227796884e-09
9.278498182998198e-09
1.157456227553037e-08
1.458533113899360e-08
1.854108461677087e-08
2.380201807840908e-08
3.075513482546261e-08
3.998332136644721e-08
5.220276619381171e-08
6.853138514953060e-08
9.027844806484774e-08
1.193459045535373e-07
1.578905738067226e-07
2.093778765284195e-07
2.780159501928051e-07
3.693726700652164e-07
4.912496274729768e-07
6.536178459067572e-07
8.699362107397134e-07
1.158379325978314e-06
1.542723774527213e-06
2.054879603550574e-06
2.737987904271142e-06
3.647920106809943e-06
4.860479006637547e-06
6.476028842777273e-06
8.629076016718934e-06
1.149909415315995e-05
1.532507579137282e-05
2.043932651373187e-05
2.722277058505510e-05
3.631250243228974e-05
4.835084451701478e-05
6.449090463893544e-05
8.579543023160845e-05
1.142450623865092e-04
1.521123470913573e-04
2.026783651939035e-04
2.699411104922624e-04
3.590810456067335e-04
4.783407212568519e-04
6.362859992373499e-04
8.463552077613983e-04
1.126503262202080e-03
1.493486832414067e-03
1.981761949017630e-03
2.624937298850685e-03
3.474203960851678e-03
4.588299899703507e-03
6.065864622197889e-03
7.997054446941470e-03
1.052114122197974e-02
1.380341198959543e-02
1.806884920239737e-02
2.357873613702129e-02
3.066532889997121e-02
3.969294961082425e-02
5.119215145965552e-02
6.569254586824451e-02
8.385580011541356e-02
1.064110882051595e-01
1.341993068320366e-01
1.680362286201852e-01
2.086709984430219e-01
2.565481145596688e-01
3.120835866681274e-01
3.750084189711130e-01
4.445776202230529e-01
5.194583358911610e-01
5.975043252400588e-01
6.759442365807679e-01
7.510480399398920e-01
8.191240697554724e-01
8.770678299840823e-01
9.227943222659615e-01
9.558610097994241e-01
9.774273268945578e-01
9.898883767894451e-01
9.961986608941805e-01
9.996754166481964e-01
###1.040000000000000e+01
-7.863812870305311e-11
3.435558828796547e-10
2.655559591237981e-10
3.799844238881310e-10
5.973486716388075e-10
8.710340080906195e-10
5.992101536134658e-09
1.392264201790605e-09
1.692366146334825e-09
2.055240954343637e-09
2.066415832228250e-09
2.264801836377635e-09
2.398015569767570e-09
2.732399868321486e-09
3.087983385386452e-09
3.485584301051622e-09
4.046609990034907e-09
4.700379793797681e-09
5.558394517810518e-09
6.671193988732273e-09
8.129805761574127e-09
1.003192613028946e-08
1.252658678810550e-08
1.581593134916350e-08
2.010572706137869e-08
2.582006192442841e-08
3.338693950902605e-08
4.342349990176750e-08
5.673253450181312e-08
7.450724630536828e-08
9.818782063353356e-08
1.298334272814504e-07
1.718258286482139e-07
2.279585533625916e-07
3.028219532927270e-07
4.024969012771295e-07
5.355533423322291e-07
7.128674186783652e-07
9.494460382345205e-07
1.264705548839507e-06
1.685347084424166e-06
2.246032106027749e-06
2.994447533713664e-06
3.992264877865281e-06
5.322563176792905e-06
7.096326049123390e-06
9.461705204554676e-06
1.261719858655450e-05
1.682445528666878e-05
2.245762999721512e-05
2.993055081098087e-05
3.995110449658966e-05
5.323267686316876e-05
7.105031715489761e-05
9.458571566375131e-05
1.260342675854406e-04
1.679266285896685e-04
2.238474648475370e-04
2.982828304430662e-04
3.969722785022004e-04
5.290133114554821e-04
7.039320908860166e-04
9.365577696731729e-04
1.246738275762155e-03
1.653071542304016e-03
2.193366645035796e-03
2.904815489954352e-03
3.843523882974112e-03
5.073933974611136e-03
6.704173559681203e-03
8.832188326510792e-03
1.160939823746524e-02
1.521439270711266e-02
1.989060197825879e-02
2.591861718224643e-02
3.365253060583517e-02
4.347722140971815e-02
5.594985586422187e-02
7.162938588436432e-02
9.118177325880046e-02
1.153641518259066e-01
1.450191823945145e-01
1.809309011245324e-01
2.238032272718995e-01
2.739975129383744e-01
3.317576467546464e-01
3.966848671729831e-01
4.678156626976993e-01
5.435760332114008e-01
6.216260033314228e-01
6.990300230850550e-01
7.720442656962300e-01
8.371062016953416e-01
8.914159247478749e-01
9.333310743224709e-01
9.628758857439021e-01
9.815860354846557e-01
9.920370255069885e-01
9.971206518064021e-01
9.997586005163246e-01
###1.080000000000000e+01
-5.423849989478120e-11
3.542081339079647e-10
2.981977270790782e-10
4.294367008834240e-10
6.270551719525131e-10
9.027360049712361e-10
5.884507181855876e-09
1.450674438681621e-09
1.768324521806051e-09
2.140081888651407e-09
2.172943781771243e-09
2.384376112011449e-09
2.548831518457342e-09
2.903602349151517e-09
3.286189986188984e-09
3.717082403780089e-09
4.327731166118530e-09
5.046253447730317e-09
5.979012915792759e-09
7.190289546699040e-09
8.738503017949563e-09
1.084411425154790e-08
1.355481194374824e-08
1.712457760746179e-08
2.180044179052757e-08
2.801415043941427e-08
3.624566344630245e-08
4.716360277424094e-08
6.166069395831122e-08
8.101385790451294e-08
1.068085716864465e-07
1.412788881386088e-07
1.869739860726943e-07
2.482608990025883e-07
3.299361065162361e-07
4.387222900964941e-07
5.840493576695593e-07
7.777666880398200e-07
1.036595119566159e-06
1.381295507803577e-06
1.841686602029343e-06
2.455887642849399e-06
3.276232719437460e-06
4.370667303226421e-06
5.830610918364724e-06
7.778642173348988e-06
1.037848728145167e-05
1.384892248821786e-05
1.847714160236433e-05
2.468261727733246e-05
3.291809617339564e-05
4.396614120513139e-05
5.862418440243230e-05
7.829480294077358e-05
1.042942456953384e-04
1.390581929131411e-04
1.853774281795723e-04
2.472275093808055e-04
3.295807242487758e-04
4.387877227553821e-04
5.849277379049525e-04
7.785268069266534e-04
1.035988346227976e-03
1.379207891219267e-03
1.828631392272007e-03
2.426053021999143e-03
3.212153395160748e-03
4.248510871075684e-03
5.605693935240919e-03
7.401785772741143e-03
9.743138439212110e-03
1.279419999474851e-02
1.674763007584887e-02
2.186533956121554e-02
2.844768452766561e-02
3.687194650406650e-02
4.754196948567845e-02
6.104398585841388e-02
7.795943548267642e-02
9.896168639941998e-02
1.248276482120565e-01
1.563957351083630e-01
1.944140997406379e-01
2.395250154932019e-01
2.919990782852487e-01
3.519047489694601e-01
4.186877890485627e-01
4.911684306006067e-01
5.675546058715332e-01
6.453120831211896e-01
7.213881276105231e-01
7.920517717414651e-01
8.539348555298437e-01
9.045667825492552e-01
9.427604843976749e-01
9.689799894979547e-01
9.850907531889478e-01
9.937819092238972e-01
9.978387455526123e-01
9.998272008736592e-01
###1.120000000000000e+01
-5.440618532018674e-11
3.591840907631183e-10
3.321890006086125e-10
4.553188042112721e-10
6.602863276722334e-10
9.471249210865809e-10
5.786184290296394e-09
1.510068075130499e-09
1.843430145099229e-09
2.229158151803647e-09
2.277661879176170e-09
2.510060535831599e-09
2.698927184011713e-09
3.081900178633475e-09
3.494937442883658e-09
3.968718046441204e-09
4.631647697813202e-09
5.411957383197707e-09
6.427006646934134e-09
7.741198792006097e-09
9.433399712840852e-09
1.171770140957402e-08
1.466400187440039e-08
1.854548564431485e-08
2.363320640628538e-08
3.039316887687310e-08
3.935163329692879e-08
5.123128139529181e-08
6.702648527627706e-08
8.810327753913839e-08
1.162087251819196e-07
1.537651613671130e-07
2.036092250735836e-07
2.704384263347028e-07
3.595674244725041e-07
4.783598738027394e-07
6.371305482892486e-07
8.488898692547958e-07
1.132100014250163e-06
1.509142495692859e-06
2.013357344178607e-06
2.686389116262299e-06
3.585852415186079e-06
4.786613489288987e-06
6.389583792976435e-06
8.529892950175938e-06
1.138801832393315e-05
1.520583969726779e-05
2.029881939446227e-05
2.713637348561893e-05
3.621357663444005e-05
4.839717474465148e-05
6.457323230960651e-05
8.629107423421864e-05
1.150106653893594e-04
1.534331389988573e-04
2.046370867809394e-04
2.730298552103168e-04
3.641069777322501e-04
4.849145472065144e-04
6.465841283457799e-04
8.607519262691495e-04
1.145472646572938e-03
1.524975794844807e-03
2.021661413805148e-03
2.681529558374877e-03
3.549176559733743e-03
4.692095851168642e-03
6.187195034805767e-03
8.163363154836970e-03
1.073601280776929e-02
1.408226679955882e-02
1.841080836725495e-02
2.400226460951842e-02
3.117661895362065e-02
4.033504442962535e-02
5.190059511414510e-02
6.648590209575451e-02
8.469440535721878e-02
1.072070061379041e-01
1.348109100310809e-01
1.683312989327480e-01
2.084774378261283e-01
2.558211494018033e-01
3.105184143807798e-01
3.724741266448395e-01
4.409543188579443e-01
5.145679245682714e-01
5.913144500300950e-01
6.684893582851643e-01
7.429542445451078e-01
8.110416151009459e-01
8.696104429556115e-01
9.165554119490105e-01
9.511451174607372e-01
9.742577074695842e-01
9.880229747977275e-01
9.951883091908439e-01
9.983949748446370e-01
9.998762823161140e-01
###1.160000000000000e+01
-3.328304394282826e-11
3.741660554074064e-10
3.818280480576820e-10
4.745629646886418e-10
7.080458793390617e-10
9.993403343162115e-10
5.691144127103257e-09
1.573188141450095e-09
1.924279762919833e-09
2.318469005677689e-09
2.387711617805059e-09
2.641557404134284e-09
2.866603361690848e-09
3.266600554912887e-09
3.713542735508418e-09
4.237407326199772e-09
4.947557123198181e-09
5.802582419557461e-09
6.900597846409167e-09
8.330601473848603e-09
1.018080375851148e-08
1.265872290963205e-08
1.586033928983136e-08
2.008155987321299e-08
2.562008057447671e-08
3.297445545389963e-08
4.272518543967200e-08
5.565849489427810e-08
7.286510529985454e-08
9.583184434462159e-08
1.264569461746051e-07
1.673957586357611e-07
2.217773450271257e-07
2.946771969697850e-07
3.919759201891363e-07
5.217434976672688e-07
6.952703912579324e-07
9.268317403577451e-07
1.236801595513399e-06
1.649493394059177e-06
2.201797313056729e-06
2.939489598568456e-06
3.926018689298161e-06
5.244057396628079e-06
7.004531026957720e-06
9.356663681264893e-06
1.249934102564014e-05
1.670060172803938e-05
2.230743275998325e-05
2.984198160315175e-05
3.984833866970996e-05
5.328490328046450e-05
7.113831055599824e-05
9.511703089241875e-05
1.268427293342514e-04
1.692983468801079e-04
2.258853832603273e-04
3.014975140285112e-04
4.021893793199130e-04
5.357657236179048e-04
7.145075694590098e-04
9.512664636714463e-04
1.265917166492740e-03
1.685190673750084e-03
2.233603063035313e-03
2.961764555570988e-03
3.918363220063983e-03
5.177192281134318e-03
6.822050978688240e-03
8.993463572370282e-03
1.181599428492735e-02
1.548056723098321e-02
2.021215187808875e-02
2.631074526978630e-02
3.411704009535983e-02
4.405218021318066e-02
5.656612419575695e-02
7.229083437816052e-02
9.185025901780217e-02
1.159284544722278e-01
1.453212056320576e-01
1.808302962675413e-01
2.231153612588246e-01
2.726702450948465e-01
3.295259959069472e-01
3.934147858639345e-01
4.634253875286669e-01
5.379444032466461e-01
6.147860285955165e-01
6.910887239635942e-01
7.636779638196924e-01
8.289846821805594e-01
8.841389682673001e-01
9.274253648520630e-01
9.585551160774946e-01
9.787858363991212e-01
9.904553323851469e-01
9.963103424620822e-01
9.988202836724127e-01
9.999131824680080e-01
###1.200000000000001e+01
-1.743780294295236e-11
3.872099675561783e-10
4.046867496437273e-10
5.204443089785318e-10
7.529027651197490e-10
1.052231731144702e-09
5.600469878931302e-09
1.631527156699160e-09
2.014678346378735e-09
2.412491459790025e-09
2.504204883499687e-09
2.778503545967542e-09
3.051762296918249e-09
3.460412332082901e-09
3.945419346259684e-09
4.519757917834910e-09
5.286650014310007e-09
6.224064881104267e-09
7.399343594867595e-09
8.970682127615093e-09
1.098514583768151e-08
1.367367930423198e-08
1.715300014026391e-08
2.174302625217792e-08
2.777206615019935e-08
3.577227784835488e-08
4.638835073152772e-08
6.047121797226209e-08
7.922289475220470e-08
1.042561323596020e-07
1.376388817226573e-07
1.822847682567094e-07
2.416288881577585e-07
3.211850378909851e-07
4.274388756072948e-07
5.692203929465274e-07
7.589755305229306e-07
1.012267294227126e-06
1.351433753198068e-06
1.803463081388107e-06
2.408691387724024e-06
3.217641006281645e-06
4.300119290673405e-06
5.747275598504277e-06
7.681267665756209e-06
1.026667481094251e-05
1.372408134228157e-05
1.834773463151616e-05
2.452147044040137e-05
3.282460441625489e-05
4.385639805861098e-05
5.867695512881251e-05
7.838102139098272e-05
1.048519086601316e-04
1.398849847168881e-04
1.867995497513769e-04
2.493182445386613e-04
3.328869456841396e-04
4.441599917122169e-04
5.918222579076017e-04
7.892758954549002e-04
1.050847372507288e-03
1.398324140524591e-03
1.861143948352846e-03
2.466105778085891e-03
3.268729541099260e-03
4.322288984886079e-03
5.707184348609186e-03
7.514583007675934e-03
9.897096429609852e-03
1.298898690456847e-02
1.699644988759743e-02
2.216004735889782e-02
2.880058862498480e-02
3.727931664476095e-02
4.803473726404357e-02
6.155146029394325e-02
7.847046337157468e-02
9.943625691006228e-02
1.251349876744895e-01
1.563605411465564e-01
1.938882223596059e-01
2.383186185383114e-01
2.900536828665756e-01
3.489899030786968e-01
4.146834716194348e-01
4.860388199652648e-01
5.612272830461398e-01
6.378872512765837e-01
7.130439100547837e-01
7.835055816995349e-01
8.458628780917991e-01
8.975373893352941e-01
9.372199656340162e-01
9.650609247646053e-01
9.826431110250903e-01
9.924567685680014e-01
9.971976025285021e-01
9.991423984409999e-01
9.999371862291901e-01
###1.240000000000001e+01
1.119150591635455e-11
4.072279127873993e-10
4.237243687512845e-10
5.577427396772833e-10
7.903671082226244e-10
1.094807749603550e-09
5.508126773292405e-09
1.696136446327213e-09
2.098400176958921e-09
2.512442539199566e-09
2.624803419370637e-09
2.924329493751886e-09
3.224082395030672e-09
3.664628806015085e-09
4.186279570325556e-09
4.815915849657227e-09
5.645789830788976e-09
6.665435507633132e-09
7.949067652043905e-09
9.655649889055568e-09
1.184770500321134e-08
1.476365044889866e-08
1.854828080383952e-08
2.353980954657459e-08
3.010210244845528e-08
3.880711493398908e-08
5.036726739748949e-08
6.570768617122110e-08
8.614591639473883e-08
1.134320053679433e-07
1.498349769489061e-07
1.985295244402142e-07
2.633106153648758e-07
3.501643246689879e-07
4.662344490418025e-07
6.212148128374899e-07
8.287258276442225e-07
1.105872476161273e-06
1.477096369008318e-06
1.972472042795960e-06
2.635912183810145e-06
3.523336140727156e-06
4.711409389204733e-06
6.300701413228655e-06
8.425816924341590e-06
1.126878974341624e-05
1.507243212832194e-05
2.016228649907953e-05
2.696469208377917e-05
3.611233886641747e-05
4.827605639711370e-05
6.462006616452003e-05
8.636655661334902e-05
1.155894414109566e-04
1.542736172328039e-04
2.060854140404094e-04
2.751442286067672e-04
3.674673107544277e-04
4.903798254906564e-04
6.535802050358586e-04
8.715201872875570e-04
1.160275251802110e-03
1.543726168793703e-03
2.054103877344418e-03
2.720874325642226e-03
3.604669842490138e-03
4.763670153306543e-03
6.285312130933675e-03
8.268763376572246e-03
1.087944103544843e-02
1.426189041787481e-02
1.863755255329490e-02
2.426354078291732e-02
3.148204442239468e-02
4.067466036232509e-02
5.229940625242300e-02
6.686894201166364e-02
8.503735051629670e-02
1.074646355779434e-01
1.348341114376182e-01
1.679308067057985e-01
2.075011406819482e-01
2.540685918447375e-01
3.079463524665690e-01
3.688713105953212e-01
4.362283345682486e-01
5.087264731378192e-01
5.843448435180137e-01
6.605486773500114e-01
7.342906216047140e-01
8.024039443197096e-01
8.616582601438869e-01
9.098222469936864e-01
9.459958185713950e-01
9.707326224189979e-01
9.859012975044537e-01
9.940866974196826e-01
9.978883344534718e-01
9.993795485026460e-01
9.999625362074031e-01
###1.280000000000001e+01
3.021873877806451e-11
4.351893477077215e-10
4.506436377882939e-10
5.843781798737645e-10
8.321659544093155e-10
1.139921336033693e-09
5.435733167310132e-09
1.762663492640144e-09
2.177664424951866e-09
2.614967565194197e-09
2.744023907011752e-09
3.071180557881689e-09
3.400698411298062e-09
3.875930585280460e-09
4.442138148775496e-09
5.127436210141133e-09
6.025759666972945e-09
7.132041418970131e-09
8.532266516755459e-09
1.038746775595362e-08
1.277338579235136e-08
1.593659120251605e-08
2.005335944158045e-08
2.548354757277917e-08
3.262611156581503e-08
4.210360929635610e-08
5.468993932471015e-08
7.140164790486376e-08
9.368456075290775e-08
1.234336850354351e-07
1.631396756372282e-07
2.162721545027578e-07
2.870062578651228e-07
3.818501129314269e-07
5.086753738741058e-07
6.781782513623283e-07
9.051948040489774e-07
1.208503436412087e-06
1.615001622147854e-06
2.158072921326038e-06
2.885589801615439e-06
3.859260488982373e-06
5.163545586318139e-06
6.909366635983933e-06
9.245409048291955e-06
1.237214059951006e-05
1.655742678501040e-05
2.216180009009053e-05
2.965708812969348e-05
3.973639044285206e-05
5.314701742162221e-05
7.116416742052037e-05
9.517030789475242e-05
1.274223583944356e-04
1.701318496935424e-04
2.273317194531445e-04
3.035886709121768e-04
4.055316222283373e-04
5.412431330699165e-04
7.214750332967719e-04
9.619216865671240e-04
1.280408516794542e-03
1.703165117884025e-03
2.265549605498985e-03
2.999690851457924e-03
3.971884972004768e-03
5.245377248658882e-03
6.915293269353744e-03
9.089066565620410e-03
1.194596381664723e-02
1.564107618956048e-02
2.041130851373158e-02
2.653177401969496e-02
3.436522091008372e-02
4.431418794326354e-02
5.685738101889848e-02
7.253136722127033e-02
9.200423104802842e-02
1.159468727488800e-01
1.450353120051041e-01
1.800369155354539e-01
2.216644604262671e-01
2.703537210142556e-01
3.263131604404010e-01
3.891271550669026e-01
4.579949553900987e-01
5.314261525322719e-01
6.072223992494851e-01
6.827067107432950e-01
7.547766951725414e-01
8.203311159329366e-01
8.763756509533758e-01
9.210309138264250e-01
9.538109477102047e-01
9.756440841171820e-01
9.886343335421630e-01
9.954042226504352e-01
9.984249164587284e-01
9.995567837330768e-01
9.999820802006812e-01
###1.320000000000001e+01
4.320701487267506e-11
4.500108806997983e-10
4.745336670052980e-10
6.058624171531701e-10
8.751076162977979e-10
1.185873298416653e-09
5.359196872585632e-09
1.823114353103780e-09
2.259346034579348e-09
2.716745091287584e-09
2.871247516914709e-09
3.224165451441689e-09
3.586799803784385e-09
4.092775403625176e-09
4.712265616572399e-09
5.458140338352986e-09
6.428397043729285e-09
7.632173403059163e-09
9.158761596408449e-09
1.117153997138697e-08
1.376775503750531e-08
1.720385290031717e-08
2.167970056762933e-08
2.758490322908544e-08
3.536295893830393e-08
4.568338030643570e-08
5.939208566942215e-08
7.759936458104711e-08
1.018977780478815e-07
1.343414035057918e-07
1.776598785342284e-07
2.356499338521064e-07
3.129049808736513e-07
4.165177115251381e-07
5.551647625595698e-07
7.405606610164518e-07
9.890251898242776e-07
1.321128070295142e-06
1.766396421037826e-06
2.361836633708014e-06
3.159785281527773e-06
4.228500007861866e-06
5.660688506469759e-06
7.578967954887717e-06
1.014746461660519e-05
1.358673943774523e-05
1.819321543205634e-05
2.436458552713056e-05
3.262362994491912e-05
4.372903649173581e-05
5.851553369690895e-05
7.837591012927274e-05
1.048696675956529e-04
1.404606804686131e-04
1.876114226514038e-04
2.507335576744971e-04
3.348995698763899e-04
4.474126100364902e-04
5.971777323501028e-04
7.960683443596410e-04
1.061171907078465e-03
1.412202643840818e-03
1.877926570026946e-03
2.497059223385603e-03
3.304504211225238e-03
4.372687851863809e-03
5.770390006407878e-03
7.600910775857433e-03
9.980215681018086e-03
1.310217630971942e-02
1.713264658286047e-02
2.232612071228864e-02
2.897341931048368e-02
3.746099948153749e-02
4.821167778475722e-02
6.172154704516557e-02
7.855149133594069e-02
9.938273120422655e-02
1.248905320225275e-01
1.557401841443402e-01
1.926785403582757e-01
2.363668063932818e-01
2.871555442394289e-01
3.451297470063576e-01
4.097185235478837e-01
4.799191700967742e-01
5.540706527130261e-01
6.297886357233230e-01
7.042913229046809e-01
7.744478783274236e-01
8.372646066822236e-01
8.900210634412693e-01
9.312015469382952e-01
9.607273720683993e-01
9.798688638447333e-01
9.909090248360485e-01
9.964599980345079e-01
9.988384136536377e-01
9.996897945998804e-01
9.999946199715863e-01
###1.360000000000001e+01
6.495732724590043e-11
5.154302493236568e-10
5.052368546151427e-10
6.395279281529936e-10
9.131171844944258e-10
1.232675694379689e-09
5.293366505617872e-09
1.891317240614097e-09
2.350608295121047e-09
2.821389212031839e-09
3.004236259833003e-09
3.381296980963359e-09
3.771830965113982e-09
4.326003108311700e-09
4.996427059764057e-09
5.795366154253402e-09
6.857265477961148e-09
8.165632813662723e-09
9.828079455921331e-09
1.201381100586696e-08
1.483747126637715e-08
1.856866243550163e-08
2.343239140795092e-08
2.986228595858953e-08
3.833034812920054e-08
4.956792860869044e-08
6.450455521606678e-08
8.434614068302439e-08
1.108484209346926e-07
1.462335167592814e-07
1.935139867825120e-07
2.568242260491015e-07
3.412421699580012e-07
4.544600121162958e-07
6.060877730640390e-07
8.089254177865031e-07
1.080947036724201e-06
1.444713696138318e-06
1.932559332098327e-06
2.585619725657855e-06
3.461075512861345e-06
4.634171920978377e-06
6.207776313085280e-06
8.315650181678934e-06
1.114004329232650e-05
1.492477487431504e-05
1.999443102586518e-05
2.679017588088532e-05
3.589146160548849e-05
4.812857756003208e-05
6.442915174247026e-05
8.632149552852444e-05
1.155540232474027e-04
1.548154439648729e-04
2.068567409272977e-04
2.764833673371171e-04
3.693470790959318e-04
4.934512146606556e-04
6.586148869202381e-04
8.779511886553481e-04
1.170032913608149e-03
1.556609167027662e-03
2.069277785122912e-03
2.750178595683511e-03
3.637324485726000e-03
4.809806008346028e-03
6.342057032117277e-03
8.346107601703340e-03
1.094722936351645e-02
1.435442900997284e-02
1.874420342958074e-02
2.438940258261791e-02
3.159876242956101e-02
4.077977985331948e-02
5.237633335451475e-02
6.690217826988908e-02
8.494151254438509e-02
1.071834973421052e-01
1.343036343900304e-01
1.669545416746619e-01
2.058545807977736e-01
2.516003017787710e-01
3.044502060247650e-01
3.643584030286522e-01
4.305837287968193e-01
5.019510617699399e-01
5.765949852160690e-01
6.519835384520059e-01
7.252434686536752e-01
7.932597895049613e-01
8.531944286986196e-01
9.026125589396530e-01
9.403774103239281e-01
9.668109590149015e-01
9.834762912030690e-01
9.927854093167001e-01
9.972979148371500e-01
9.991518639317969e-01
9.997840981727859e-01
9.999946199715863e-01
###1.400000000000001e+01
9.414884724069650e-11
5.416502122708495e-10
5.304364912219154e-10
6.723338745775740e-10
9.488100702069898e-10
1.281897445846682e-09
5.233646770668406e-09
1.959270839574459e-09
2.441806567304525e-09
2.929318971317248e-09
3.141153322851409e-09
3.545074964915628e-09
3.976399196654878e-09
4.574451467562030e-09
5.297165287260910e-09
6.153589805473468e-09
7.313538919076856e-09
8.735536218654904e-09
1.054622012436907e-08
1.291788553334921e-08
1.599055211989137e-08
2.004250414500744e-08
2.533475689962820e-08
3.232852958424496e-08
4.155118559697156e-08
5.379352937008502e-08
7.006532133243767e-08
9.169242319862216e-08
1.206095745557811e-07
1.592122658525813e-07
2.108311549003593e-07
2.799758088118994e-07
3.722205840770158e-07
4.960038190941585e-07
6.618549774421787e-07
8.838578663093071e-07
1.181692532526799e-06
1.580287005798373e-06
2.114995534478538e-06
2.831478613052332e-06
3.792331651852159e-06
5.080485181228375e-06
6.809216542832053e-06
9.126003934182826e-06
1.223236183016531e-05
1.639668622382501e-05
2.197788832738133e-05
2.946222865740338e-05
3.949085073949052e-05
5.297372668124928e-05
7.094202832010211e-05
9.507478880596261e-05
1.273133828504839e-04
1.706209489083294e-04
2.280307952251774e-04
3.048070900275506e-04
4.072085253640144e-04
5.440301722366405e-04
7.260688322088428e-04
9.677536194490558e-04
1.289357572057432e-03
1.714791703253734e-03
2.278544849417853e-03
3.026682454760952e-03
4.000327188281066e-03
5.285987554183224e-03
6.963830443737670e-03
9.155364829253975e-03
1.199526625877179e-02
1.570835134213963e-02
2.048311142556463e-02
2.661031087621733e-02
3.441748814821106e-02
4.433278818772103e-02
5.681952196314047e-02
7.241397374737221e-02
9.171084705503188e-02
1.154151968333795e-01
1.441951663609156e-01
1.786827394001052e-01
2.195576697130409e-01
2.673477307692402e-01
3.222120453523576e-01
3.839635978204325e-01
4.516854323177810e-01
5.240179766366131e-01
5.989232373081436e-01
6.737338766834705e-01
7.455130263452998e-01
8.111874428559316e-01
8.681124478594883e-01
9.141684349673925e-01
9.486117645674483e-01
9.721255080893968e-01
9.865328925599289e-01
9.943208620655231e-01
9.979558631657277e-01
9.993863613367218e-01
9.998508068672968e-01
9.999946199715863e-01
###1.440000000000001e+01
1.341672498977506e-10
5.634479921324351e-10
5.632656553429934e-10
7.013148563065661e-10
9.939819078264390e-10
1.328143693557427e-09
5.178920698755497e-09
2.036982091535591e-09
2.536085804756547e-09
3.045044681401961e-09
3.284444526001748e-09
3.721047429111348e-09
4.191087099742887e-09
4.835909543540892e-09
5.615663173593323e-09
6.553824372447879e-09
7.798952328868802e-09
9.344299860076727e-09
1.131416575554686e-08
1.388795170402427e-08
1.723193728160205e-08
2.163219281187049e-08
2.738967220685578e-08
3.500024412544535e-08
4.504615117501056e-08
5.838291314563081e-08
7.611732562041829e-08
9.970005061681293e-08
1.312492158351204e-07
1.733833604076295e-07
2.297528437742755e-07
3.052904762091877e-07
4.061356977308321e-07
5.415018068199397e-07
7.229757588668769e-07
9.660065430631629e-07
1.292274818638248e-06
1.729114643475999e-06
2.315366079662500e-06
3.101456084846026e-06
4.156161122878246e-06
5.571051961489968e-06
7.470466873136446e-06
1.001747675750797e-05
1.343445862206343e-05
1.801688988220869e-05
2.416136061334368e-05
3.240358734794040e-05
4.345235426375257e-05
5.830790080430225e-05
7.810968177752946e-05
1.047079406722558e-04
1.402558225196556e-04
1.880036402332894e-04
2.513109019255332e-04
3.359422595648551e-04
4.488037759407472e-04
5.995445081034283e-04
8.000646993761759e-04
1.066170665874479e-03
1.420026898162763e-03
1.887819791141362e-03
2.507131763467233e-03
3.328086024969553e-03
4.396074166844656e-03
5.803968212759801e-03
7.639051434637881e-03
1.003264026778635e-02
1.313331629647171e-02
1.717011705253975e-02
2.235724053286712e-02
2.899751582661598e-02
3.743815910130779e-02
4.812893387645923e-02
6.155503197408767e-02
7.826488463215094e-02
9.887403631952178e-02
1.240862508430724e-01
1.545691507338366e-01
1.909181354832247e-01
2.337805972093449e-01
2.835983803910427e-01
3.404133867974470e-01
4.039006634467994e-01
4.729620539376479e-01
5.460689593617054e-01
6.209988825531181e-01
6.949798780621297e-01
7.650397980136564e-01
8.281967281211057e-01
8.820107685440046e-01
9.247142093834555e-01
9.559522391840379e-01
9.767377280380487e-01
9.891042848477842e-01
9.955658924654079e-01
9.984674076667214e-01
9.995601543058753e-01
9.998977302240376e-01
9.999946199715863e-01
###1.480000000000001e+01
1.512137143295420e-10
5.820701226362820e-10
6.006771904640080e-10
7.460636530247058e-10
1.029807580433255e-09
1.381575077001226e-09
5.122606910389524e-09
2.118262884295906e-09
2.641147415288547e-09
3.164433523042528e-09
3.436216465568292e-09
3.904819031727175e-09
4.444646070480280e-09
5.111302148445378e-09
5.953023314441547e-09
6.973544378277850e-09
8.318131753767618e-09
9.995957808929991e-09
1.213770505177553e-08
1.493228325097184e-08
1.856826301271356e-08
2.334929635960526e-08
2.961529160490705e-08
3.789608201281229e-08
4.883945765011094e-08
6.336971739942873e-08
8.270600957027244e-08
1.084311070861485e-07
1.428634195810947e-07
1.888622952618181e-07
2.504334803690250e-07
3.329814552275637e-07
4.432599722004432e-07
5.913223833484840e-07
7.899221985831825e-07
1.056104625732345e-06
1.413531241302652e-06
1.892531337347573e-06
2.535452010668475e-06
3.398054485842770e-06
4.556005147048163e-06
6.110278666163064e-06
8.197880973986730e-06
1.099819694652780e-05
1.475717348411370e-05
1.979958818561207e-05
2.656403800780038e-05
3.564087642942065e-05
4.781186268524514e-05
6.417937369266143e-05
8.599801388679062e-05
1.153090317396021e-04
1.544844452045966e-04
2.071114526626848e-04
2.768867666871467e-04
3.701263421181193e-04
4.944433857644941e-04
6.604416038634510e-04
8.811625049539331e-04
1.173938670842454e-03
1.562940426174809e-03
2.076863453360582e-03
2.756608062115821e-03
3.655320521595296e-03
4.826709975424399e-03
6.366949959376431e-03
8.372067817479520e-03
1.098317066252103e-02
1.436371568561714e-02
1.874779173233412e-02
2.437352471838600e-02
3.156008274696188e-02
4.067218470601646e-02
5.218210722850401e-02
6.659331037838441e-02
8.446988829415567e-02
1.064390034547794e-01
1.332069716266103e-01
1.654304752168918e-01
2.036684130548495e-01
2.485144553055027e-01
3.003291186938534e-01
3.590286639209273e-01
4.241363077796493e-01
4.943747831610416e-01
5.680378984321125e-01
6.427547073213635e-01
7.156586147209234e-01
7.837814277492309e-01
8.442595823508642e-01
8.949049005154969e-01
9.342964176558920e-01
9.624583597458549e-01
9.807126509252919e-01
9.912495640294194e-01
9.965667746897650e-01
9.988615783699352e-01
9.996877669755682e-01
9.999304837601645e-01
9.999946199715863e-01
###1.520000000000001e+01
1.278221639453964e-10
6.049302916174546e-10
6.378518806497624e-10
7.903747206814046e-10
1.081540348143849e-09
1.435127806176615e-09
5.079784853986755e-09
2.200949836770311e-09
2.742674905941959e-09
3.288715050823398e-09
3.590495181513115e-09
4.096832025366463e-09
4.680044765065373e-09
5.402038274508840e-09
6.310703667215335e-09
7.431180334207171e-09
8.872758739607830e-09
1.069297622779891e-08
1.302101314746853e-08
1.605684447713540e-08
2.000882135027204e-08
2.520421780702168e-08
3.202469801520460e-08
4.103850018799338e-08
5.296199906159609e-08
6.879793549855412e-08
8.991334228247436e-08
1.179504553700426e-07
1.555381525048119e-07
2.057742462696142e-07
2.730334857505269e-07
3.632676454623448e-07
4.838902757674655e-07
6.459120945866836e-07
8.633048817764857e-07
1.154904804692415e-06
1.546554515241705e-06
2.071857033812962e-06
2.777128955932430e-06
3.723985778543568e-06
4.995704897908945e-06
6.703410995042955e-06
8.998011218046666e-06
1.207713653140898e-05
1.621228347414216e-05
2.176137310905716e-05
2.920635457757395e-05
3.920126197562140e-05
5.260781330394140e-05
7.063629088675006e-05
9.467594184104454e-05
1.269658860233337e-04
1.701291886200877e-04
2.281052264627478e-04
3.049851830740636e-04
4.076574444553536e-04
5.445097390191056e-04
7.271957865972509e-04
9.699748194456054e-04
1.291859432949175e-03
1.719123229590942e-03
2.283214548344540e-03
3.028594178905949e-03
4.011917584421705e-03
5.294855080137456e-03
6.977746807544922e-03
9.166353967246356e-03
1.201137329676377e-02
1.569158329194932e-02
2.044692450652785e-02
2.654065499549146e-02
3.430717311477274e-02
4.412899913156899e-02
5.650087546114940e-02
7.194436285352977e-02
9.103656858690232e-02
1.144140029011986e-01
1.427863663553906e-01
1.767807103100674e-01
2.169222984297375e-01
2.637467432784569e-01
3.175138565222472e-01
3.780176620683291e-01
4.446129222413501e-01
5.158552390803197e-01
5.898595691010751e-01
6.641268172745705e-01
7.357207554744352e-01
8.017035744320378e-01
8.593691273290049e-01
9.068045693078133e-01
9.429518576066725e-01
9.681906767460586e-01
9.841152396280578e-01
9.930255539034980e-01
9.973645833278104e-01
9.991622214429995e-01
9.997804345664967e-01
9.999530712526186e-01
9.999946199715863e-01
###1.560000000000001e+01
1.537841852491951e-10
6.197608862814038e-10
6.681249707865696e-10
8.261837727154646e-10
1.130727678958829e-09
1.488868414678395e-09
5.045127401888612e-09
2.288040721388517e-09
2.841727302544720e-09
3.423793133335095e-09
3.756432761792060e-09
4.297970953385154e-09
4.928612659615110e-09
5.714342838585671e-09
6.690974385066772e-09
7.905241071111774e-09
9.465694956311009e-09
1.144017728420763e-08
1.396978295801910e-08
1.726656563245983e-08
2.156261902113073e-08
2.721162064824617e-08
3.463255377375635e-08
4.444925542891010e-08
5.743773230436767e-08
7.470667417745016e-08
9.773145567193775e-08
1.283361711278148e-07
1.693738555749262e-07
2.242497058508529e-07
2.977565701039711e-07
3.964069328749223e-07
5.283831082006480e-07
7.057136463540761e-07
9.437640147132395e-07
1.263213696156691e-06
1.692582765631824e-06
2.268703737824568e-06
3.042542791236591e-06
4.082136317197557e-06
5.478750067036794e-06
7.355292692793009e-06
9.877601992734155e-06
1.326387335761012e-05
1.781281572489097e-05
2.391924160649537e-05
3.211298623502977e-05
4.311845417665358e-05
5.788106928658986e-05
7.773629938217406e-05
1.042118842952003e-04
1.397745455414821e-04
1.873206670903720e-04
2.511687712905560e-04
3.358062122533419e-04
4.488181661226134e-04
5.993894784793474e-04
8.002943019843615e-04
1.067141746052247e-03
1.420725237082158e-03
1.889678087023630e-03
2.508289192686415e-03
3.324875970102757e-03
4.399959608213093e-03
5.803247766246654e-03
7.640255090714727e-03
1.002589057863982e-02
1.312218154216650e-02
1.712214034230834e-02
2.227508734082973e-02
2.886653762065011e-02
3.724772590082935e-02
4.781895561871576e-02
6.109727618031263e-02
7.762003705475637e-02
9.797741533870803e-02
1.228120991116758e-01
1.528256299423305e-01
1.886206935171286e-01
2.306816951694289e-01
2.794619335175772e-01
3.351326334764508e-01
3.973418582634689e-01
4.652870103074379e-01
5.373412642069744e-01
6.114750053200629e-01
6.850550071153924e-01
7.551104385688236e-01
8.187726660329735e-01
8.735205538101438e-01
9.177346150607559e-01
9.507250798654708e-01
9.732120159938549e-01
9.870084255765271e-01
9.944844864748998e-01
9.979945574507855e-01
9.993892648028750e-01
9.998470090976234e-01
9.999684890116923e-01
9.999946199715863e-01
