# NLO BK equation solver 0.0-dev build  (build Feb 16 2026 17:52:53)
# Initial condition: MV model, Q_s0^2 = 0.00710285 GeV^2, \gamma = 1, coefficient of E inside Log is 1, x0=0.01, \Lambda_QCD = 0.241 GeV
# # LO Kernel RC:  Balitsky. NLO Kernel RC:  smallest dipole
# Nc=3, Nf=4
# Using RungeKutta method in K1
# Resumming double log
# Resumming single log, K_sub=0.65 resum rc: smallest
# BK K1 integration relative accuracy: 0.02# NLO BK as^2 terms: MC integration method: Vegas, points=1000000
# Kinematical constraint: none
# Target kinematical constraint: disabled

###1.000000000000000e-05
###1.160836920850890e+00
###100
###1.000000000000000e+00
###0.000000000000000e+00
2.297042154052431e-12
3.059674624980915e-12
4.074951502180731e-12
5.426366992218722e-12
7.224935036840848e-12
9.618232964702920e-12
1.280240726251818e-11
1.703810804896177e-11
2.267163291210278e-11
3.016297641054638e-11
4.012303139854354e-11
5.336291550838100e-11
7.095935744308758e-11
9.434134812070228e-11
1.254049398865233e-10
1.666652929789184e-10
2.214579933184876e-10
2.942055246011342e-10
3.907698665764727e-10
5.189188991615504e-10
6.889431293090918e-10
9.144708943772449e-10
1.213545510769184e-09
1.610047981108014e-09
2.135575354538824e-09
2.831919624832075e-09
3.754337727244085e-09
4.975863123383400e-09
6.592988034708806e-09
8.733148322538482e-09
1.156457776592786e-08
1.530927474681766e-08
2.026005469785531e-08
2.680296242491430e-08
3.544671072803283e-08
4.686132296270241e-08
6.192882263506315e-08
8.180967836451253e-08
1.080298362203371e-07
1.425946289066875e-07
1.881377391940454e-07
2.481158371132938e-07
3.270626648146689e-07
4.309204111564952e-07
5.674714563421588e-07
7.469003005694125e-07
9.825241316293909e-07
1.291741555199050e-06
1.697263164543731e-06
2.228705689561559e-06
2.924654476700998e-06
3.835328314595611e-06
5.026017771033254e-06
6.581515299379960e-06
8.611814991535426e-06
1.125937187596016e-05
1.470870492303877e-05
1.919815474960007e-05
2.503544135157298e-05
3.261729658154966e-05
4.245456945539683e-05
5.520424122695822e-05
7.171022735663612e-05
9.305536480430643e-05
1.206276625320690e-04
1.562047861934923e-04
2.020619319130779e-04
2.611098261219302e-04
3.370717169212112e-04
4.347111008126125e-04
5.601258328017389e-04
7.211295674348639e-04
9.277486612118135e-04
1.192872367581033e-03
1.533107186811433e-03
1.969903618084468e-03
2.531046567175066e-03
3.252630823567970e-03
4.181682129546060e-03
5.379634395646593e-03
6.926936486667201e-03
8.929138991639718e-03
1.152490193655431e-02
1.489646370557896e-02
1.928320600984190e-02
2.499900934469557e-02
3.245405708789739e-02
4.218149943953087e-02
5.486872572072754e-02
7.139156726197926e-02
9.284700869575335e-02
1.205751150921364e-01
1.561528847924319e-01
2.013308062308616e-01
2.578675954442144e-01
3.272045816173343e-01
4.099222743993245e-01
5.049670751028464e-01
6.087710983710550e-01
7.146466413786774e-01
###4.000000000000000e-01
-2.083412908747968e-11
-7.938272250396505e-09
2.299630800921354e-11
3.095909067552328e-11
5.583836619670527e-11
1.294520339274620e-09
3.662493926803995e-09
1.212788838722705e-10
6.872144151622624e-11
8.374356842743031e-11
6.532332724667945e-11
1.217855577012545e-10
1.182090559506059e-10
-8.309935579893313e-10
-1.534802512341910e-09
2.153673296061867e-10
2.769828024934804e-10
3.436991719117004e-10
4.586694614037029e-10
5.910512203444442e-10
7.748179848080966e-10
1.017081777566372e-09
1.341400159606410e-09
1.768359616591466e-09
2.331080935644877e-09
3.085086194726809e-09
4.080750020160487e-09
5.402521560791328e-09
7.145885370662407e-09
9.443065364172227e-09
1.250543467768414e-08
1.654988303168772e-08
2.190198359277506e-08
2.897522412304269e-08
3.833427041360269e-08
5.068061757743183e-08
6.699517932675539e-08
8.852374238182861e-08
1.169167199334617e-07
1.543648029678222e-07
2.037120361698255e-07
2.687420781976451e-07
3.543746077727870e-07
4.670403169797950e-07
6.152084942697595e-07
8.099695319583146e-07
1.065845777948410e-06
1.401728577137873e-06
1.842153148102894e-06
2.420340352691383e-06
3.177224900341328e-06
4.168984012540805e-06
5.464573800365302e-06
7.160897055184294e-06
9.371016645116130e-06
1.225716954522760e-05
1.601992087093169e-05
2.092048454640903e-05
2.729780534914367e-05
3.557948138014755e-05
4.635033674252062e-05
6.031104486426304e-05
7.841090677218554e-05
1.018350206843665e-04
1.321416918181875e-04
1.713134587831717e-04
2.218318535765183e-04
2.870049925445844e-04
3.709322634028927e-04
4.793267936377756e-04
6.187114977394775e-04
7.981837336842344e-04
1.028988831464551e-03
1.326232994349051e-03
1.708773094460135e-03
2.201700286226009e-03
2.836111825814515e-03
3.655821854469695e-03
4.714349989625868e-03
6.083562102070809e-03
7.859453466716574e-03
1.016721878965090e-02
1.317467969944668e-02
1.709215078606274e-02
2.220233209624676e-02
2.888319494984375e-02
3.761103386665676e-02
4.897461591082449e-02
6.382132031223144e-02
8.317115678051293e-02
1.083073142127239e-01
1.407068523990081e-01
1.821121341972608e-01
2.342806937243913e-01
2.989825248540487e-01
3.774155506266918e-01
4.704422219298879e-01
5.782723357696568e-01
7.080531522740668e-01
9.553085266045532e-01
###8.000000000000000e-01
4.136105887470499e-11
-7.939111086948167e-09
-3.892471844900908e-11
3.796708463926511e-11
7.741823958429375e-11
1.271862789621086e-09
3.575458813636916e-09
1.300188087942152e-10
1.467958750872703e-10
1.510229107898114e-10
1.181953333578034e-10
1.712937910723329e-10
1.632400706910972e-10
-7.675940523723331e-10
-1.468114200397296e-09
2.758977042981244e-10
3.406848526423723e-10
4.135441369371839e-10
5.275944209352412e-10
6.734788075191431e-10
8.687554601241713e-10
1.132705657180917e-09
1.479896214637656e-09
1.944695735247661e-09
2.545785194674141e-09
3.362199460712995e-09
4.440766392559094e-09
5.864066318571051e-09
7.748399170196563e-09
1.021606974637167e-08
1.352992693587799e-08
1.790007682326024e-08
2.368630489932573e-08
3.133775750615955e-08
4.146874996930613e-08
5.483355890938853e-08
7.250040173305927e-08
9.582292986795955e-08
1.265833556847192e-07
1.671670769046321e-07
2.206639031101923e-07
2.911924976551316e-07
3.841143599067904e-07
5.063958833001994e-07
6.672437236187622e-07
8.787386656671441e-07
1.156740209744561e-06
1.521777802628434e-06
2.000270526291660e-06
2.629681243364047e-06
3.453343538311097e-06
4.533109316244030e-06
5.944758428125061e-06
7.795382110507407e-06
1.020451956825838e-05
1.335246263622661e-05
1.745910662733748e-05
2.281481741392950e-05
2.978858759911328e-05
3.885176287291916e-05
5.065109317045673e-05
6.595846039506804e-05
8.583022012208726e-05
1.115760042587489e-04
1.449383820747190e-04
1.881307398512016e-04
2.438927651158598e-04
3.159610555085788e-04
4.089111642650692e-04
5.294447936614523e-04
6.847131953299020e-04
8.851712492901881e-04
1.143593952954098e-03
1.477493643148713e-03
1.908550014200216e-03
2.465776158372432e-03
3.184680366021344e-03
4.117345187667178e-03
5.325071699540765e-03
6.892759492507566e-03
8.929713853922286e-03
1.159154284591485e-02
1.506834979631960e-02
1.961283457354350e-02
2.554728051900998e-02
3.331940811398731e-02
4.346874337883269e-02
5.666805272720231e-02
7.389051031156989e-02
9.628406882238674e-02
1.252865490070369e-01
1.624341313016341e-01
2.094646828489848e-01
2.680263529374457e-01
3.394728640833564e-01
4.243253741200625e-01
5.222901368632312e-01
6.315278474509022e-01
7.541180314807743e-01
9.627739579461090e-01
###1.200000000000000e+00
-1.411903300670684e-10
-7.930560011620548e-09
-1.236636091769505e-11
2.949525118860256e-11
4.647614613969227e-11
1.268301785276128e-09
3.481106487719697e-09
1.645914693580841e-10
2.081292721924525e-10
2.190617536296019e-10
1.702156172447071e-10
2.237888161907129e-10
2.145915226628650e-10
-6.944570665451563e-10
-1.456414759087647e-09
3.362275258193311e-10
4.146882293600813e-10
4.884676486832432e-10
6.095080535061573e-10
7.638263497821614e-10
9.734148852524305e-10
1.257166159451293e-09
1.633235317824299e-09
2.131903681482904e-09
2.784112441898091e-09
3.664246816458675e-09
4.827844879856941e-09
6.367712897259060e-09
8.400695798018070e-09
1.105832007181207e-08
1.463867383293475e-08
1.936838962915733e-08
2.562606275773787e-08
3.390729414280594e-08
4.487788585949518e-08
5.934272104515998e-08
7.848343541530271e-08
1.037567710895733e-07
1.370922695022703e-07
1.810942648134522e-07
2.391060039545220e-07
3.156296575011074e-07
4.164998097900462e-07
5.492661313348813e-07
7.239506291775847e-07
9.537200047504418e-07
1.255890574291432e-06
1.652791107559607e-06
2.173011710531264e-06
2.858413772651561e-06
3.755291471219248e-06
4.931545565340997e-06
6.470528092545515e-06
8.490317748688489e-06
1.111843409998549e-05
1.455521133261666e-05
1.904116500092831e-05
2.489874516025711e-05
3.253149873036447e-05
4.245838158622816e-05
5.540077755959317e-05
7.220439380735625e-05
9.404995562253592e-05
1.223867148903942e-04
1.591610441190878e-04
2.068443949298601e-04
2.685155664390575e-04
3.483470588200804e-04
4.514950675467641e-04
5.857402761087673e-04
7.591757166217376e-04
9.832691048343519e-04
1.273130251746605e-03
1.648835847736206e-03
2.135145022049925e-03
2.764827198077482e-03
3.581450055804074e-03
4.643220890805104e-03
6.021772112339191e-03
7.815610477038272e-03
1.015477494493370e-02
1.321683483426272e-02
1.722867761601796e-02
2.247600038968547e-02
2.933488848977980e-02
3.831960301965509e-02
5.003283340455899e-02
6.523379852981706e-02
8.500495159470239e-02
1.105940111744945e-01
1.435265811786076e-01
1.853276861405685e-01
2.375996331755146e-01
3.017238572871703e-01
3.783950867813581e-01
4.672273868033029e-01
5.665367818226927e-01
6.727836084598861e-01
7.860120869402312e-01
9.681057604779376e-01
###1.600000000000000e+00
-1.671941089270514e-10
-7.932272745293565e-09
2.202589240505600e-11
1.279969612506747e-11
5.651003879808489e-11
1.263063933289116e-09
3.380335679158369e-09
2.050462898200585e-10
2.540954321530405e-10
2.910178254722511e-10
2.244995049628958e-10
2.683651749241096e-10
2.746325220687185e-10
-6.148267857335884e-10
-1.376278179700436e-09
3.993572939382317e-10
4.975815924292434e-10
5.670312585956695e-10
6.988868942728785e-10
8.632814383059307e-10
1.089433088139064e-09
1.386230472094345e-09
1.803749110491214e-09
2.340953358525495e-09
3.044943225109618e-09
3.995471494202269e-09
5.252005233720731e-09
6.919039303789709e-09
9.115144057651121e-09
1.198368651411645e-08
1.584832589364504e-08
2.096503613698274e-08
2.773598381890104e-08
3.670174593110344e-08
4.858174466035421e-08
6.424250474021986e-08
8.498613589540381e-08
1.123819534470041e-07
1.485220564661211e-07
1.962486432993764e-07
2.591822300268891e-07
3.422456035104716e-07
4.517695555286619e-07
5.959551915630066e-07
7.857603880169961e-07
1.035511192720440e-06
1.364065000026192e-06
1.795838827239957e-06
2.361771555422342e-06
3.108483287039538e-06
4.085505932926852e-06
5.367798657289815e-06
7.046500230369400e-06
9.252100902851416e-06
1.212049701647289e-05
1.587607443857333e-05
2.078135679171121e-05
2.719311629586572e-05
3.555506506573295e-05
4.643500207075869e-05
6.065075552640736e-05
7.911750883715294e-05
1.031741430691320e-04
1.344432087719265e-04
1.749811319910296e-04
2.277177343204838e-04
2.960016619150928e-04
3.845798313010786e-04
4.992553875347898e-04
6.489666680685566e-04
8.429805433582970e-04
1.093855172805033e-03
1.419381040124865e-03
1.842544178387520e-03
2.391713855366385e-03
3.103131192818410e-03
4.031573434714110e-03
5.240213978470088e-03
6.813082515742125e-03
8.863506134038057e-03
1.154304255156682e-02
1.505816555089081e-02
1.966683832689240e-02
2.570217154371757e-02
3.358503162632393e-02
4.390000624996990e-02
5.730463876654605e-02
7.465820867208517e-02
9.711489017375213e-02
1.259894949728821e-01
1.628531577040193e-01
2.091368004727224e-01
2.662133149555121e-01
3.350651301383522e-01
4.156855823622402e-01
5.067673821513429e-01
6.055408824086063e-01
7.075571681847475e-01
8.120655566307337e-01
9.724534377296785e-01
###2.000000000000000e+00
-1.511579664699175e-10
-7.929555228717174e-09
3.689916625460727e-11
1.597435402760088e-11
1.132963506565833e-10
1.248688974050505e-09
3.288070346439374e-09
2.374609364792342e-10
3.049925824038672e-10
3.436828858182740e-10
2.733472447243208e-10
3.006036374391683e-10
3.295076796358844e-10
-5.229164391140387e-10
-1.276704902873734e-09
4.711660356453881e-10
5.844411651154347e-10
6.530851900271279e-10
7.920009360740073e-10
9.687629458904600e-10
1.214239343671643e-09
1.536632670539041e-09
1.983568875089438e-09
2.567196588148801e-09
3.329204377235750e-09
4.353881097829971e-09
5.712459995517296e-09
7.514161401780373e-09
9.877685877648529e-09
1.299930118541371e-08
1.717194354469453e-08
2.270505223282896e-08
3.003183355897733e-08
3.974128911529042e-08
5.260566509013534e-08
6.957796136769220e-08
9.205658373857244e-08
1.217660208338210e-07
1.609592838597076e-07
2.127476481998037e-07
2.810389580966418e-07
3.712300828500209e-07
4.901890452225543e-07
6.468348514933841e-07
8.531562606161688e-07
1.124730089429752e-06
1.482140554126974e-06
1.952079467996728e-06
2.568050739566717e-06
3.381896068686536e-06
4.446751289165836e-06
5.845470767531709e-06
7.677638985780930e-06
1.008741689524505e-05
1.322021509423564e-05
1.732808916161665e-05
2.269772801210642e-05
2.972060669857851e-05
3.889006716617053e-05
5.082855980322406e-05
6.645642006997330e-05
8.677569912691831e-05
1.133033831294918e-04
1.478394953735410e-04
1.925954078651168e-04
2.509887149298329e-04
3.267056770855504e-04
4.251199949912684e-04
5.527913808199826e-04
7.199325239339719e-04
9.368445417077507e-04
1.218374910998069e-03
1.584276762254994e-03
2.061241250313093e-03
2.681591860028451e-03
3.486195331184180e-03
4.540995400162400e-03
5.915921946503502e-03
7.708087257319074e-03
1.004815928671351e-02
1.310857064295869e-02
1.713218405705915e-02
2.240411228061774e-02
2.930898311941467e-02
3.831578913485903e-02
5.007507072145077e-02
6.529971999727430e-02
8.493354234405236e-02
1.101764683526616e-01
1.424135005583380e-01
1.831389552596832e-01
2.336911901783618e-01
2.951296627323907e-01
3.679650072886154e-01
4.515085921417282e-01
5.436524518792799e-01
6.408661802376667e-01
7.382425108741903e-01
8.346303576417106e-01
9.761823063709113e-01
###2.400000000000000e+00
-1.614039387775975e-10
-7.915005357871928e-09
5.110620063118678e-11
4.312943891913015e-11
1.283957141778868e-10
1.221582856761045e-09
3.210360646669496e-09
2.661908083394092e-10
3.364234228427934e-10
3.895081075712460e-10
3.235031977840494e-10
3.543351685572577e-10
3.792424124398834e-10
-4.307392958568097e-10
-1.180416885372998e-09
5.460981319264184e-10
6.754298755316323e-10
7.485131046469356e-10
8.974363903048997e-10
1.089351996502841e-09
1.347527981407593e-09
1.696796328577913e-09
2.178766857799219e-09
2.812361001159485e-09
3.636854162351198e-09
4.744317373096056e-09
6.213960051936687e-09
8.160256701875474e-09
1.072005974682500e-08
1.410332368957276e-08
1.860899979146082e-08
2.459388700310250e-08
3.252590337088350e-08
4.304350072854008e-08
5.697786676319813e-08
7.537876686341839e-08
9.974289963651066e-08
1.319698888928954e-07
1.744937776343324e-07
2.306999573988462e-07
3.048433112629317e-07
4.028031944036433e-07
5.320596619900999e-07
7.023211237838926e-07
9.266788008745949e-07
1.222135113817889e-06
1.611088092218363e-06
2.122782317661621e-06
2.793631799093840e-06
3.681415279123097e-06
4.842453936023126e-06
6.368856946662095e-06
8.369968800821119e-06
1.100422003110271e-05
1.442883416933725e-05
1.892456880101156e-05
2.480333329010754e-05
3.250695673574071e-05
4.257152858162311e-05
5.568586319787123e-05
7.289252622923175e-05
9.526631955519274e-05
1.245285014606987e-04
1.627276715104094e-04
2.122087671277637e-04
2.769365555975138e-04
3.610032201555240e-04
4.704782694189006e-04
6.127874193456495e-04
7.995466658611794e-04
1.042375499281158e-03
1.358432611451582e-03
1.770018645805256e-03
2.307761624511467e-03
3.008578854570162e-03
3.918724102379186e-03
5.115655680886451e-03
6.678053257981736e-03
8.716925438604479e-03
1.138294735449475e-02
1.486792347956579e-02
1.945541315765772e-02
2.546276528670792e-02
3.332080756426020e-02
4.354765608048716e-02
5.686017755238073e-02
7.402196163645257e-02
9.604325019628249e-02
1.241599482186529e-01
1.597771207217039e-01
2.042927108906505e-01
2.588756256265344e-01
3.242435001440462e-01
4.004042351526108e-01
4.860506431195270e-01
5.784078611355478e-01
6.734101804460251e-01
7.659657840352625e-01
8.546787925813565e-01
9.794457299299164e-01
###2.800000000000000e+00
-1.428927284258203e-10
-7.923258860479182e-09
3.889093714654229e-11
7.638810979237919e-11
1.442876001562303e-10
1.217681367300800e-09
3.148719639734523e-09
2.903528406101958e-10
3.737536995336353e-10
4.347924531228562e-10
3.791167474612892e-10
4.100424455911429e-10
4.364810050104392e-10
-3.359333932039567e-10
-1.060611883864903e-09
6.271206762208377e-10
7.762769629152190e-10
8.510401460684303e-10
1.006372475356677e-09
1.213002909362605e-09
1.500713744722037e-09
1.872717188628313e-09
2.392648102105838e-09
3.078986021520133e-09
3.971645717718997e-09
5.169252042543264e-09
6.759367209155975e-09
8.864500798274164e-09
1.163767324097138e-08
1.530253445981451e-08
2.016422515890321e-08
2.664832237998358e-08
3.523888898423072e-08
4.663431148492070e-08
6.173522346341717e-08
8.168874497001969e-08
1.081073025539058e-07
1.430698327789077e-07
1.892230585719121e-07
2.502498152048241e-07
3.307740494845479e-07
4.372036175469889e-07
5.776978613062912e-07
7.628116395207790e-07
1.006899632137453e-06
1.328426705670685e-06
1.751953662166107e-06
2.309398466347770e-06
3.040392101393472e-06
4.009288931174770e-06
5.275914577731931e-06
6.942677149207387e-06
9.129560166700951e-06
1.201081830342009e-05
1.575782411804180e-05
2.068110222206826e-05
2.711795773065547e-05
3.558029636313847e-05
4.663829969928713e-05
6.105938965203057e-05
8.002081106678728e-05
1.046822018569041e-04
1.369885097820423e-04
1.792751946625782e-04
2.340649844829499e-04
3.058873742457401e-04
3.993299209885054e-04
5.212505474066473e-04
6.800208014969036e-04
8.888975534878974e-04
1.160894882630362e-03
1.515874739030954e-03
1.978975354478851e-03
2.585174907445577e-03
3.376610998153828e-03
4.405706709263307e-03
5.762239945934335e-03
7.534705036949116e-03
9.849694222083304e-03
1.287867808090360e-02
1.683613917729358e-02
2.204545889509748e-02
2.885912144031814e-02
3.775540918113764e-02
4.929916680164630e-02
6.427044691363776e-02
8.347775510993452e-02
1.079807411102115e-01
1.390375824024725e-01
1.780277971135192e-01
2.262277195595295e-01
2.845936032246223e-01
3.534774797154897e-01
4.323876508834889e-01
5.194466861065133e-01
6.113526409807004e-01
7.036721176313837e-01
7.912848589028217e-01
8.726873621555826e-01
9.823266736662242e-01
###3.200000000000000e+00
-1.304176211373852e-10
-7.914676846781881e-09
7.244145365406510e-11
8.322866328602227e-11
2.681850249468472e-10
1.196296447237831e-09
3.071928216570993e-09
3.063715400752378e-10
4.394294458898529e-10
4.867798519170462e-10
4.397173862204249e-10
4.645711086779895e-10
4.949165878769482e-10
-2.299598138440350e-10
-9.420471972566758e-10
7.178181594277922e-10
8.858695793202659e-10
9.591761225069620e-10
1.124559882741877e-09
1.349982693937267e-09
1.656270322271146e-09
2.065095950430723e-09
2.625733063530118e-09
3.368825711971679e-09
4.337254067866477e-09
5.631851874390366e-09
7.352180095603035e-09
9.630831099411082e-09
1.263528971209204e-08
1.659950989780759e-08
2.187448903144893e-08
2.888370566523746e-08
3.819039189427396e-08
5.054006075665428e-08
6.691092934409046e-08
8.855084176162458e-08
1.172050021506993e-07
1.551548462413888e-07
2.052597873024906e-07
2.715362528483199e-07
3.590269759563501e-07
4.747040306598189e-07
6.274632395814874e-07
8.288088992409290e-07
1.094453797578990e-06
1.444559074847143e-06
1.905902155854936e-06
2.513533493648660e-06
3.310581786986872e-06
4.367925353642701e-06
5.751075584739831e-06
7.572182992154892e-06
9.963685991390140e-06
1.311720014619959e-05
1.721985345381646e-05
2.261548954130104e-05
2.967181287093566e-05
3.897426295964604e-05
5.113279782708890e-05
6.700613775173226e-05
8.791841349930074e-05
1.151341592422463e-04
1.508402432272067e-04
1.976853042164181e-04
2.584201142342411e-04
3.381905733854589e-04
4.421497714359777e-04
5.780642167772400e-04
7.553334830087051e-04
9.890549156401026e-04
1.293881512521461e-03
1.692636353891328e-03
2.213690732674952e-03
2.896865069074188e-03
3.790104614796091e-03
4.952616075695868e-03
6.487676934528628e-03
8.494822271136147e-03
1.111727888099050e-02
1.454835469480300e-02
1.902790490330103e-02
2.492030468372972e-02
3.261197297342096e-02
4.263137352784722e-02
5.558757316325866e-02
7.232139924242882e-02
9.367252846688497e-02
1.207379740744098e-01
1.547769062502106e-01
1.971160498784688e-01
2.488794028629689e-01
3.107758818084461e-01
3.827714713267644e-01
4.639086948500424e-01
5.517841329020911e-01
6.426859930844933e-01
7.319400538410475e-01
8.145193175914146e-01
8.889203860644983e-01
9.848701992715224e-01
###3.600000000000000e+00
-1.332397122340956e-10
-7.907137608764022e-09
9.316142321946499e-11
1.071249242249342e-10
2.761507148563319e-10
1.204720406181735e-09
3.011441277390817e-09
3.397216218596832e-10
4.853105759831332e-10
5.308279785209602e-10
4.725596686593117e-10
5.132765595488526e-10
5.526432143588640e-10
-1.050845898871434e-10
-8.059901059798808e-10
8.134145456304234e-10
1.020392509361994e-09
1.084499858724882e-09
1.260288602542700e-09
1.500560596816678e-09
1.832466711755131e-09
2.275841900145578e-09
2.880109658292511e-09
3.680285290372831e-09
4.734351386997274e-09
6.136065851902358e-09
7.997737719108655e-09
1.046544864451156e-08
1.372007624065005e-08
1.799938344394127e-08
2.372060833956694e-08
3.131510669257627e-08
4.139974832134658e-08
5.478971512672496e-08
7.254591280190813e-08
9.602133615866691e-08
1.271100861877357e-07
1.683073480419801e-07
2.227255076584751e-07
2.947236738921220e-07
3.898148179750955e-07
5.155910625779773e-07
6.817619591561404e-07
9.008787756221752e-07
1.190063288381521e-06
1.571516343402384e-06
2.074292964019712e-06
2.736791409899306e-06
3.606448412652164e-06
4.760797519580977e-06
6.272335429302390e-06
8.263267570673448e-06
1.088029468175165e-05
1.433396361940539e-05
1.882993068649819e-05
2.474760600491081e-05
3.249028623842901e-05
4.272306216659802e-05
5.610501739155373e-05
7.359266704345558e-05
9.667535681126592e-05
1.267352125061177e-04
1.662415601120877e-04
2.181763774228532e-04
2.855582080535069e-04
3.742362106801359e-04
4.899855964673288e-04
6.416128286688432e-04
8.396170290971035e-04
1.101243225805998e-03
1.442969273804114e-03
1.890867496661079e-03
2.476870983423368e-03
3.246309862671719e-03
4.253429125013980e-03
5.565372954075271e-03
7.299406325713044e-03
9.567340638391453e-03
1.253013244572269e-02
1.640548734666624e-02
2.145872141410408e-02
2.809626364374601e-02
3.674125077520033e-02
4.796839073334046e-02
6.243059189698726e-02
8.102193431610509e-02
1.046105545928166e-01
1.343060153450741e-01
1.713541867260577e-01
2.170017741613629e-01
2.721877690892330e-01
3.373516660880369e-01
4.120802145101516e-01
4.949473257542625e-01
5.831067333948244e-01
6.725152487521798e-01
7.583787832573433e-01
8.358602559610016e-01
9.035652020949941e-01
9.871297460651455e-01
###4.000000000000000e+00
-1.210616457519161e-10
-7.854161600153864e-09
1.101859128895232e-10
9.374015987401369e-11
2.940223537767011e-10
1.181158375414542e-09
2.955414280551234e-09
3.716708216555591e-10
5.314335129611400e-10
5.731314392081536e-10
5.353507101283982e-10
5.785374434167468e-10
6.172065099078761e-10
1.844227323518858e-11
-6.579414657528948e-10
9.287042423048914e-10
1.161612369150043e-09
1.230020454744898e-09
1.406144070787389e-09
1.665222478011880e-09
2.027713218911434e-09
2.506558987373927e-09
3.160190553411300e-09
4.026491084133337e-09
5.168672296194220e-09
6.687450418041403e-09
8.702710627658991e-09
1.137690400522334e-08
1.490279542151766e-08
1.951902535276366e-08
2.572148606754925e-08
3.396017845156545e-08
4.489117737178172e-08
5.941294422239088e-08
7.867712951550772e-08
1.041523710860271e-07
1.378947352403045e-07
1.826398247890126e-07
2.417501835343709e-07
3.199932110894771e-07
4.233995585747834e-07
5.601991780748309e-07
7.410191842996631e-07
9.796007540524994e-07
1.294570801058750e-06
1.710256685986516e-06
2.258537029669820e-06
2.981317896709306e-06
3.930645606160261e-06
5.191798652372024e-06
6.844311687926898e-06
9.023372011122101e-06
1.188788706034044e-05
1.567309008505082e-05
2.060377342428073e-05
2.709922499000724e-05
3.560339318330830e-05
4.686633983567616e-05
6.160548567925497e-05
8.089166765829890e-05
1.063821340136100e-04
1.396235293629231e-04
1.833688632081119e-04
2.409840962214853e-04
3.158028891724803e-04
4.144493336806150e-04
5.434044905344173e-04
7.126387021291185e-04
9.339322450723457e-04
1.226782390809910e-03
1.609915988547166e-03
2.112776855187374e-03
2.771568964488874e-03
3.637510308815995e-03
4.771837526323280e-03
6.252049225376534e-03
8.205224564831503e-03
1.076200187311841e-02
1.410037721291229e-02
1.846418369108810e-02
2.414485953837369e-02
3.159168742431804e-02
4.126530084967571e-02
5.378645101122135e-02
6.984617753705530e-02
9.038283240702896e-02
1.162907322000920e-01
1.486767838526292e-01
1.887416607309032e-01
2.376375009795440e-01
2.960900036035833e-01
3.642504906922293e-01
4.413312077747795e-01
5.254627710496608e-01
6.134112498382999e-01
7.008923766358114e-01
7.830887636152438e-01
8.554378090773389e-01
9.167467040407350e-01
9.891167681986290e-01
###4.399999999999999e+00
-9.412842299728268e-11
-7.830341517627269e-09
1.286436247366140e-10
1.112660375975684e-10
2.853782139021443e-10
1.192125736625118e-09
2.916532836171850e-09
3.985358009683535e-10
5.751418661824892e-10
6.248162332982311e-10
5.920896810787611e-10
6.452857698414700e-10
6.820606744345161e-10
1.564385789836529e-10
-4.605643416539700e-10
1.096939984047065e-09
1.381418656139619e-09
1.424025092173798e-09
1.602301777839375e-09
1.872946838536498e-09
2.261887077468640e-09
2.778925748830149e-09
3.486498653615643e-09
4.422750909324982e-09
5.663584512693438e-09
7.304413920611512e-09
9.488394595981367e-09
1.238260146054148e-08
1.620479500599149e-08
2.118428856793862e-08
2.791176447949227e-08
3.685191451500613e-08
4.870512775821506e-08
6.445494566826295e-08
8.536318432132837e-08
1.130166224249450e-07
1.496501885031915e-07
1.982627686516847e-07
2.625435965468691e-07
3.475194831294174e-07
4.600460508093555e-07
6.088958597333477e-07
8.057210723317973e-07
1.065517826729758e-06
1.408798675272658e-06
1.862010424154640e-06
2.460052779328099e-06
3.249188317926976e-06
4.285914584305447e-06
5.664394766365337e-06
7.472280650239928e-06
9.858991596005565e-06
1.299627773849435e-05
1.714745123111110e-05
2.255886893122606e-05
2.969339565638158e-05
3.904275421225597e-05
5.144865052497502e-05
6.769582883212301e-05
8.898208381476547e-05
1.171398957360092e-04
1.539417133922553e-04
2.024193472978507e-04
2.663763860382555e-04
3.495139914842304e-04
4.593069387485960e-04
6.030412301077499e-04
7.919533105574991e-04
1.039343898462220e-03
1.367163526461336e-03
1.796572901177798e-03
2.360952098489165e-03
3.100959404928003e-03
4.074420743573077e-03
5.350453638886666e-03
7.018945987263490e-03
9.213507808500210e-03
1.208875795437665e-02
1.584087325301649e-02
2.073793458475588e-02
2.710196311360692e-02
3.542436876465769e-02
4.620357002458536e-02
6.010223034619260e-02
7.784784759599191e-02
1.004160878840306e-01
1.287222584021074e-01
1.638396638746660e-01
2.069158891925268e-01
2.589747509509424e-01
3.205219093338354e-01
3.914098261965769e-01
4.704499658970560e-01
5.553974552194044e-01
6.426758288295982e-01
7.278356965919104e-01
8.061227398065062e-01
8.733355357657125e-01
9.285529259835331e-01
9.908556536147205e-01
###4.800000000000000e+00
-8.489117747896523e-11
-7.842314825644544e-09
1.540838471562983e-10
1.458537969463397e-10
3.029899588158644e-10
1.192206719167786e-09
2.852686143296471e-09
4.526619399121978e-10
6.274643390115793e-10
6.797510544079218e-10
6.579206193135925e-10
7.254268341457377e-10
7.649626328821355e-10
3.115616411210080e-10
-2.122446654606093e-10
1.311502719370376e-09
1.648956165585763e-09
1.658825457117561e-09
1.828355318736590e-09
2.119180007751895e-09
2.534714696325115e-09
3.089972739558076e-09
3.857912781020960e-09
4.871400691943361e-09
6.214961178687802e-09
7.992911558101157e-09
1.036070993721818e-08
1.349642800807609e-08
1.764206963812554e-08
2.301245029913102e-08
3.031074248550169e-08
4.001325607600346e-08
5.287308155499982e-08
6.995904180892987e-08
9.265684051823457e-08
1.226878537195770e-07
1.624812598234295e-07
2.153084642790942e-07
2.852310709748989e-07
3.775306645911191e-07
5.000512862440184e-07
6.620704193828961e-07
8.764171506963789e-07
1.159328322123047e-06
1.533732981833344e-06
2.028085208584663e-06
2.680845627249143e-06
3.542626831114574e-06
4.675689462903036e-06
6.183330899408881e-06
8.162328658807540e-06
1.077793822285353e-05
1.421625276302193e-05
1.877166351130876e-05
2.471448079005222e-05
3.255797245825415e-05
4.284709198555525e-05
5.651804167046800e-05
7.444223043980044e-05
9.795249669102799e-05
1.290897810604963e-04
1.698502912411344e-04
2.236093723940926e-04
2.946352628404319e-04
3.870751120987760e-04
5.093179117220601e-04
6.695928381237982e-04
8.805087226337450e-04
1.157031756631625e-03
1.523967085804317e-03
2.005068758517472e-03
2.637991888903622e-03
3.468541336937352e-03
4.561612152343943e-03
5.995115098234216e-03
7.871078176370552e-03
1.033285288404264e-02
1.355836097254344e-02
1.776304821019065e-02
2.324201220015612e-02
3.034705989057258e-02
3.961258276623983e-02
5.157267171608209e-02
6.693296449166070e-02
8.645113885861319e-02
1.111329810594339e-01
1.418961731917626e-01
1.797834297235140e-01
2.258455205300255e-01
2.809536503467659e-01
3.454306342130404e-01
4.187444769422839e-01
4.993640504361741e-01
5.846982296317171e-01
6.708645629267304e-01
7.533394203966163e-01
8.275187500021584e-01
8.896271934243482e-01
9.390831665699293e-01
9.923797490602755e-01
###5.200000000000000e+00
-3.887328813849941e-11
-7.821367462048067e-09
1.748766095752308e-10
1.473763342780802e-10
2.992020109655989e-10
1.197853082650992e-09
2.805123994609133e-09
4.735900418870290e-10
6.697436025375904e-10
7.340100839748867e-10
7.464315616290461e-10
8.199959298689485e-10
8.669842297681461e-10
4.691979527818056e-10
6.382230100215922e-11
1.524712317877580e-09
1.935018543646985e-09
1.903853156316160e-09
2.075680651176273e-09
2.381546601991095e-09
2.832205661608931e-09
3.432333510516581e-09
4.262262563539352e-09
5.362863092374567e-09
6.816495410157677e-09
8.744845939216779e-09
1.130864044531384e-08
1.471032459858272e-08
1.920299281159596e-08
2.503621172667078e-08
3.292790296582028e-08
4.346083947368216e-08
5.741527524028013e-08
7.596284864716849e-08
1.006078472056871e-07
1.332370493475741e-07
1.764707114804397e-07
2.338938577968223e-07
3.099749075536954e-07
4.103386233197738e-07
5.437356848467936e-07
7.201522692735101e-07
9.536843115441994e-07
1.262172032327109e-06
1.670485621771436e-06
2.209943766610315e-06
2.922746829863749e-06
3.864396642415875e-06
5.103720418914819e-06
6.753443830462742e-06
8.920786311005115e-06
1.178885858955550e-05
1.556001920920815e-05
2.056199614531872e-05
2.709378189067984e-05
3.572311863522440e-05
4.705303330561743e-05
6.213012117187509e-05
8.191856806268245e-05
1.079034934729076e-04
1.423504786770694e-04
1.875294713089080e-04
2.471759557196672e-04
3.260899033185032e-04
4.289140061527970e-04
5.650755546075895e-04
7.437925869005238e-04
9.792765616890131e-04
1.288330363136246e-03
1.698873880105137e-03
2.237560873691541e-03
2.946821151284506e-03
3.878018599366949e-03
5.103707815656744e-03
6.711336669141804e-03
8.815983795231176e-03
1.157210396333363e-02
1.518154608874115e-02
1.988009460308855e-02
2.599062073416005e-02
3.389572757941035e-02
4.417367006177150e-02
5.739239599543353e-02
7.429794574498814e-02
9.566994714125808e-02
1.225407813921560e-01
1.558162841876795e-01
1.964886812261592e-01
2.454970451830608e-01
3.035360627131492e-01
3.707331625583803e-01
4.461809144127165e-01
5.280094662904724e-01
6.132855033822210e-01
6.979313721474637e-01
7.773952622674670e-01
8.473106990812282e-01
9.043815696795353e-01
9.484167330403909e-01
9.936959542483779e-01
###5.600000000000001e+00
-2.518795793112007e-11
-7.810734284711099e-09
1.951037829491768e-10
1.268686034255703e-10
3.350701027998139e-10
1.179503247654348e-09
2.762221724674718e-09
5.071518956134422e-10
7.101582829103445e-10
7.751833245226900e-10
7.910990650050425e-10
9.047115788521922e-10
9.263501156837039e-10
5.663589409871263e-10
2.132134379732592e-10
1.573546872385885e-09
2.012756901580806e-09
2.015935837911594e-09
2.228699799567109e-09
2.570971723623204e-09
3.062816257212402e-09
3.721084889464647e-09
4.625110243600212e-09
5.819047795916604e-09
7.396094763613739e-09
9.487915255546520e-09
1.226978259136908e-08
1.595784999945012e-08
2.082296209302035e-08
2.717807458149746e-08
3.574498375638265e-08
4.717660906350927e-08
6.232443762680530e-08
8.246560992054129e-08
1.092362991160527e-07
1.446869929595647e-07
1.916995238392201e-07
2.541269511766839e-07
3.369215229376849e-07
4.461396343015196e-07
5.913888882757738e-07
7.835520619007582e-07
1.038078288016329e-06
1.374601288094311e-06
1.820105200813627e-06
2.409149113381145e-06
3.187929681487597e-06
4.217562597069956e-06
5.574088705611948e-06
7.380685106308833e-06
9.755347437258441e-06
1.290155601676375e-05
1.704090414776487e-05
2.253668866664599e-05
2.972072703731955e-05
3.922030924990561e-05
5.170574220488253e-05
6.834339157562064e-05
9.020476535137077e-05
1.189435203971978e-04
1.570797246964101e-04
2.071734033366556e-04
2.733857032900710e-04
3.610892616196673e-04
4.755130608551953e-04
6.271686255782177e-04
8.264478954762598e-04
1.089347488874831e-03
1.434640140334667e-03
1.893715773667884e-03
2.496489094665108e-03
3.290619142859249e-03
4.333154174930576e-03
5.705656785677696e-03
7.505366256577673e-03
9.861135805189089e-03
1.294068798686116e-02
1.696936732069483e-02
2.220512915925908e-02
2.899940147391173e-02
3.776591738623322e-02
4.912657418153464e-02
6.368193730217529e-02
8.221117553597913e-02
1.055177920689618e-01
1.346444482610317e-01
1.704714074615317e-01
2.139286152398135e-01
2.658298252276216e-01
3.266780230139431e-01
3.963637903466730e-01
4.736408312020799e-01
5.562961455527958e-01
6.410979540462539e-01
7.238292026587021e-01
7.999951506117633e-01
8.655308724738165e-01
9.176681628574553e-01
9.566307355907639e-01
9.948298149067909e-01
###6.000000000000001e+00
-7.227610908073367e-11
-7.815745585023243e-09
2.081714004033333e-10
1.921358143324457e-10
3.732356420740876e-10
1.175311138441461e-09
2.708868870193322e-09
5.369378521958952e-10
7.481002182050077e-10
8.532081943049657e-10
8.396235794001869e-10
9.586921649557884e-10
9.841719564732577e-10
6.637379405034281e-10
3.633056772843347e-10
1.641204078755863e-09
2.087002556659339e-09
2.141748426092758e-09
2.390406104175706e-09
2.773306967006201e-09
3.311765351425476e-09
4.032494906078934e-09
5.015545581913551e-09
6.309035594174965e-09
8.023301456578530e-09
1.029387573895697e-08
1.331249566631614e-08
1.731154615735216e-08
2.258486577929135e-08
2.950364614375227e-08
3.880623483109526e-08
5.121823714104177e-08
6.766739942039363e-08
8.954547820726282e-08
1.186319193211886e-07
1.571636823331855e-07
2.083052594307276e-07
2.761937266046728e-07
3.662681070283955e-07
4.852421675561970e-07
6.434380970872807e-07
8.528721708007994e-07
1.130447956380855e-06
1.497678739198046e-06
1.983955483107939e-06
2.627465130890920e-06
3.478804621722605e-06
4.605270787924215e-06
6.091002088289757e-06
8.070226723029030e-06
1.067359966748086e-05
1.412698073075906e-05
1.867328609081573e-05
2.471586350432438e-05
3.262206591655579e-05
4.308683815159567e-05
5.685429550960682e-05
7.522525009696740e-05
9.938997705609813e-05
1.311884259880734e-04
1.734318508155051e-04
2.289986450509802e-04
3.025171682601522e-04
4.000124683174926e-04
5.273406002727198e-04
6.962701463620656e-04
9.184790928493863e-04
1.211863558187345e-03
1.597440558576875e-03
2.110459183112680e-03
2.784386545231137e-03
3.672332599861340e-03
4.838187288197777e-03
6.372659151192092e-03
8.383912267972833e-03
1.101480638776859e-02
1.444808988410260e-02
1.893361730086250e-02
2.475151044721006e-02
3.228428869875977e-02
4.197486838064898e-02
5.448830948550500e-02
7.045560979709628e-02
9.068813688710765e-02
1.160027725352299e-01
1.474433574932213e-01
1.858565761762061e-01
2.320822125475615e-01
2.868052601464895e-01
3.503156453469983e-01
4.222497674855396e-01
5.010275741626320e-01
5.841236961840199e-01
6.680492300868025e-01
7.485093093296582e-01
8.211291166682071e-01
8.822166707486411e-01
9.295592019826777e-01
9.638076852894095e-01
9.957876935227977e-01
###6.400000000000001e+00
-7.900006290868459e-11
-7.808736968578216e-09
2.222533140858313e-10
2.130510045706507e-10
3.905919638579796e-10
1.176293362317583e-09
2.663593987042005e-09
5.693008052703814e-10
7.900274454392184e-10
9.014286789889673e-10
8.905330633023722e-10
1.008725351916209e-09
1.047751421446587e-09
7.663117026740123e-10
5.174416189941422e-10
1.710570675603145e-09
2.172563494855683e-09
2.283686462408719e-09
2.562508638623261e-09
2.995291678694016e-09
3.573347778127040e-09
4.367018114552402e-09
5.434601488285177e-09
6.840126557282357e-09
8.703425184052017e-09
1.116577121591743e-08
1.444222772289947e-08
1.877934491927132e-08
2.449952939302353e-08
3.203047948541579e-08
4.213142444713626e-08
5.561510152097707e-08
7.348312246299188e-08
9.725392044647303e-08
1.288679426716164e-07
1.707617171342202e-07
2.264049310985582e-07
3.002624320430181e-07
3.983011607097986e-07
5.279599544649671e-07
7.003220830413417e-07
9.286708978064068e-07
1.231479509267479e-06
1.632388805074054e-06
2.163538168457293e-06
2.866880742439183e-06
3.798083379598544e-06
5.030995642591935e-06
6.659762500700215e-06
8.828847482316057e-06
1.168479659933584e-05
1.547758568777161e-05
2.047437001798242e-05
2.712140197200650e-05
3.582775929361025e-05
4.736327639304665e-05
6.255384580768691e-05
8.284666689705284e-05
1.095693552646503e-04
1.447747093049587e-04
1.915865547212419e-04
2.532339956961479e-04
3.348960058724355e-04
4.432912463626248e-04
5.849805400808421e-04
7.731326949953052e-04
1.020822350635821e-03
1.348098410241889e-03
1.778462811481309e-03
2.351279871569768e-03
3.103934714115560e-03
4.095633370111432e-03
5.397733979016756e-03
7.110541034588024e-03
9.353741086592348e-03
1.228552199403720e-02
1.610453416247412e-02
2.108621264628164e-02
2.753334857198720e-02
3.585941508337154e-02
4.653775942080579e-02
6.027559682932835e-02
7.773054975055139e-02
9.974237166716605e-02
1.271333083375847e-01
1.609408981046915e-01
2.019570098037940e-01
2.509247175211987e-01
3.083765107197247e-01
3.743832588554061e-01
4.483090026769204e-01
5.282596851451061e-01
6.114089917882954e-01
6.940727859703166e-01
7.719234492273804e-01
8.407926344262245e-01
8.974046364115351e-01
9.401257046184969e-01
9.700274417345732e-01
9.966011699826229e-01
###6.800000000000002e+00
-1.304551211182932e-10
-7.803001256734350e-09
2.429653794322488e-10
2.429848109087549e-10
4.073713002372097e-10
1.172339318097127e-09
2.625622434107197e-09
6.125582580977628e-10
8.461095875602945e-10
9.248277408323802e-10
9.459052145926226e-10
1.067548169346696e-09
1.117213617726897e-09
8.730616643306463e-10
6.720253913329965e-10
1.799407218800499e-09
2.267230319317719e-09
2.428279172544704e-09
2.744873021705517e-09
3.225371955974959e-09
3.858773463759615e-09
4.729307262698400e-09
5.887131159168968e-09
7.414337036746943e-09
9.436727339180900e-09
1.210842023887884e-08
1.566686437010732e-08
2.037290816844551e-08
2.658077760303974e-08
3.477828728698303e-08
4.574472510407134e-08
6.039713943264975e-08
7.981362338617952e-08
1.056504684988521e-07
1.400200568202528e-07
1.855872266541908e-07
2.461392351460361e-07
3.265350870269305e-07
4.332839960772807e-07
5.746128665950908e-07
7.624910579409869e-07
1.011586780646088e-06
1.342091910074819e-06
1.779949906680525e-06
2.360382795937222e-06
3.129562468824232e-06
4.148569051208293e-06
5.498875268556167e-06
7.284908438314764e-06
9.663606980532692e-06
1.279836461582740e-05
1.696607739293385e-05
2.246075002348791e-05
2.977735596686511e-05
3.937029718347619e-05
5.209163771256775e-05
6.886192703650891e-05
9.128940335583806e-05
1.208561611774003e-04
1.598446152381279e-04
2.117387665105163e-04
2.801528862505220e-04
3.708628148308340e-04
4.913838792810345e-04
6.490270649172530e-04
8.585556716272933e-04
1.134532995189376e-03
1.499399119978977e-03
1.979413029295727e-03
2.618480566324632e-03
3.458082158175977e-03
4.564361395511841e-03
6.016193280439099e-03
7.924832658499021e-03
1.042208257386173e-02
1.368189369686237e-02
1.792102888889833e-02
2.343965300497462e-02
3.056477281446610e-02
3.974089898431882e-02
5.147166821915702e-02
6.650518016725650e-02
8.552363550113840e-02
1.093876691362478e-01
1.389164215164658e-01
1.751326616543764e-01
2.187583559781768e-01
2.704222701476438e-01
3.304957220444208e-01
3.988109551378980e-01
4.744579941048496e-01
5.552391468070293e-01
6.380632102589380e-01
7.190976865283911e-01
7.940441532594106e-01
8.589980025679469e-01
9.111528125095634e-01
9.494526975183166e-01
9.753733994408758e-01
9.972799843040837e-01
###7.200000000000002e+00
-1.220030632175064e-10
-7.788466425509041e-09
2.396446538546352e-10
2.562327083704478e-10
4.202749956093241e-10
1.182284259838093e-09
2.591643584504447e-09
6.517873535337148e-10
8.885997808830955e-10
9.700319354148758e-10
1.003829260899659e-09
1.126371976783703e-09
1.183488999412023e-09
9.831592034643851e-10
8.214052423618487e-10
1.893733761464088e-09
2.369752426577574e-09
2.583703716220889e-09
2.943839342674459e-09
3.471019003850562e-09
4.167264211210622e-09
5.116149321006163e-09
6.371664615805189e-09
8.033645918454751e-09
1.022951161401964e-08
1.313191321848035e-08
1.699368475873853e-08
2.210275417729274e-08
2.884150506133029e-08
3.776103134322988e-08
4.967796323973814e-08
6.560156452951243e-08
8.670601557408709e-08
1.148000805210773e-07
1.521754508446344e-07
2.017608725600523e-07
2.676642364981427e-07
3.552239629702494e-07
4.714913143187715e-07
6.256107958251369e-07
8.304919145372472e-07
1.102329133757928e-06
1.463218975654676e-06
1.941659371249013e-06
2.576311681437671e-06
3.417822142274475e-06
4.533608208882574e-06
6.013218946604014e-06
7.972493057046971e-06
1.058260344808624e-05
1.402578461186171e-05
1.860770623707925e-05
2.465310033780591e-05
3.271092552386237e-05
4.328579077004690e-05
5.732373746809592e-05
7.584622099626979e-05
1.006439262184666e-04
1.333673127648969e-04
1.765611354249975e-04
2.340965917231808e-04
3.100275330815736e-04
4.107979549302564e-04
5.447834999598222e-04
7.201536837982309e-04
9.533949566181781e-04
1.260762823774959e-03
1.667321841223659e-03
2.202245824658321e-03
2.914476821679973e-03
3.850068385036399e-03
5.082413145090775e-03
6.698661572003889e-03
8.821861323090676e-03
1.159653264699807e-02
1.521372498602809e-02
1.990768553662306e-02
2.600623145340503e-02
3.386034288357942e-02
4.394519160931726e-02
5.679404013541457e-02
7.319368476720761e-02
9.384747907006991e-02
1.196313769267995e-01
1.513551329068982e-01
1.900106845795374e-01
2.362397532913904e-01
2.905418397523186e-01
3.531058093937214e-01
4.235290571358857e-01
5.006166821047014e-01
5.818769914217008e-01
6.640071847512714e-01
7.430593065890883e-01
8.148400485328070e-01
8.757610544129376e-01
9.235151962669089e-01
9.576234316701481e-01
9.799322689933186e-01
9.978461109664745e-01
###7.600000000000002e+00
-1.104395509687029e-10
-7.768855037206250e-09
2.528145278352794e-10
2.737087034797889e-10
4.433002739393606e-10
1.175406457616861e-09
2.549746218947377e-09
6.869669088676890e-10
9.320002412992428e-10
1.020942188324421e-09
1.059314732431426e-09
1.184874540933902e-09
1.256884583587020e-09
1.091869829566269e-09
9.796792979249474e-10
1.996053098045505e-09
2.487930566523682e-09
2.749702062261051e-09
3.150334094227418e-09
3.740157843507655e-09
4.498600364404935e-09
5.531897074148095e-09
6.896763263293617e-09
8.702993874404764e-09
1.108728437636472e-08
1.423925757175710e-08
1.842965319759016e-08
2.397389923867597e-08
3.129992801320510e-08
4.100235052251891e-08
5.395877071566877e-08
7.126445884423462e-08
9.421048193739632e-08
1.247673409563394e-07
1.654237464622942e-07
2.193995050854381e-07
2.911801958883082e-07
3.865413158652110e-07
5.132561788436543e-07
6.813624749435617e-07
9.049064716252835e-07
1.201682494812288e-06
1.595979860962500e-06
2.118965225915952e-06
2.813212824427348e-06
3.734424036541706e-06
4.956630860770242e-06
6.578774184257152e-06
8.729110913578701e-06
1.159513682306308e-05
1.537815210954362e-05
2.041811092877938e-05
2.707342676032299e-05
3.595169669054104e-05
4.761535406927571e-05
6.311126608152580e-05
8.359149551242046e-05
1.110072574808194e-04
1.472334315496702e-04
1.950908187788216e-04
2.588964641610965e-04
3.431788578779931e-04
4.551109393385820e-04
6.040393375942758e-04
7.990873821156040e-04
1.058615437736747e-03
1.400753756115070e-03
1.853406130946765e-03
2.448908326575025e-03
3.241872542738461e-03
4.283233489128086e-03
5.654060203513259e-03
7.450677403766245e-03
9.808072815565850e-03
1.288514173334585e-02
1.688988538640268e-02
2.207643923478616e-02
2.879926294626829e-02
3.743428412726790e-02
4.848756365048047e-02
6.252097533217833e-02
8.035647430611691e-02
1.027166888166805e-01
1.304833196350048e-01
1.644495970972543e-01
2.055642810753643e-01
2.543761125437435e-01
3.112404965372737e-01
3.761506267366452e-01
4.484577415342495e-01
5.266889406965939e-01
6.080877028855304e-01
6.891575714614787e-01
7.659089230004977e-01
8.342955037545048e-01
8.911105696314735e-01
9.345619410926367e-01
9.647293361649746e-01
9.837849315042625e-01
9.983106497496221e-01
###8.000000000000002e+00
-9.700788645423038e-11
-7.738410632803872e-09
2.682800661437942e-10
2.948594700483696e-10
4.670428328640783e-10
1.180853478924319e-09
2.505528962712741e-09
7.255967052223162e-10
9.790843888718508e-10
1.074110391438947e-09
1.121413755212790e-09
1.247421263916000e-09
1.333693379068555e-09
1.199977001797922e-09
1.135205993145449e-09
2.106094909806617e-09
2.615649135143412e-09
2.927623038866476e-09
3.377854013262951e-09
4.022878513386543e-09
4.854868691445663e-09
5.978708448622380e-09
7.462612736050784e-09
9.425303162249064e-09
1.201417393650445e-08
1.543947170328128e-08
1.998785619051114e-08
2.600466756933653e-08
3.397032235173659e-08
4.452577524251989e-08
5.861440479543411e-08
7.742901804474285e-08
1.023864670637271e-07
1.356281865914901e-07
1.798759743444308e-07
2.386421740473980e-07
3.168440633433901e-07
4.207632746545814e-07
5.589131608602241e-07
7.423542162034794e-07
9.863559110525519e-07
1.310480911680115e-06
1.741477420915900e-06
2.313521753308167e-06
3.073226431294465e-06
4.082150132740588e-06
5.421685356077968e-06
7.201019597652209e-06
9.562357848139893e-06
1.271033504706015e-05
1.686974800637397e-05
2.241946863993064e-05
2.974690821489949e-05
3.953413781668477e-05
5.240448837061444e-05
6.951735853502550e-05
9.218771871027066e-05
1.224862550620567e-04
1.625980599698560e-04
2.156304109217104e-04
2.863869635785927e-04
3.799352970191845e-04
5.042362413607350e-04
6.697435388763793e-04
8.865944058379240e-04
1.175192113937016e-03
1.555776371967435e-03
2.059352230589578e-03
2.721763612925913e-03
3.603591974816598e-03
4.761040309336108e-03
6.283687909984760e-03
8.277323288142503e-03
1.089027203821735e-02
1.429573627883475e-02
1.872075714449427e-02
2.443859807114336e-02
3.183180069720950e-02
4.130158705955186e-02
5.338390574585051e-02
6.866632999046719e-02
8.800851883947626e-02
1.121405273636525e-01
1.419522451819586e-01
1.781966053075598e-01
2.217830243376797e-01
2.731395610525686e-01
3.324735211307767e-01
3.995676924264920e-01
4.735154997287163e-01
5.525906893755673e-01
6.337792898604356e-01
7.134392030184156e-01
7.875913809894907e-01
8.524047843006951e-01
9.050815591245650e-01
9.443683958531321e-01
9.708591979318234e-01
9.870105674306858e-01
9.986852937579176e-01
###8.400000000000002e+00
-9.494580050902315e-11
-7.727589511336093e-09
2.834321889700244e-10
3.118946332056737e-10
4.846946241202273e-10
1.183113354074268e-09
2.472662947501167e-09
7.579356869093301e-10
1.023349666194657e-09
1.116751339699156e-09
1.180356975417108e-09
1.316341585968446e-09
1.414100161446966e-09
1.317533608169023e-09
1.286253503635151e-09
2.226903530144182e-09
2.756700907833739e-09
3.115768096689990e-09
3.601973835398299e-09
4.325351571548300e-09
5.236742965055242e-09
6.459273365450406e-09
8.072352588711330e-09
1.020473783771276e-08
1.301627224682039e-08
1.673792876320770e-08
2.167809020570681e-08
2.820719790204284e-08
3.687155744242632e-08
4.835601958708096e-08
6.368057458005554e-08
8.414092603695489e-08
1.112451154672439e-07
1.474735884574360e-07
1.956430534020054e-07
2.596585431169420e-07
3.448749411175363e-07
4.581600864622446e-07
6.088589646717643e-07
8.091005451136936e-07
1.075558248056842e-06
1.429710970657427e-06
1.900988249502004e-06
2.526963333627729e-06
3.358771557854735e-06
4.464286703207705e-06
5.933055819688793e-06
7.885730530582241e-06
1.047974943570678e-05
1.393939536389966e-05
1.851459008647406e-05
2.462737117815154e-05
3.269939992097142e-05
4.349315704128527e-05
5.769962184037693e-05
7.660554374777074e-05
1.017004555566074e-04
1.351979229295448e-04
1.796128754046196e-04
2.383921261579821e-04
3.168620354729344e-04
4.206747831983449e-04
5.586852506019245e-04
7.425345222469428e-04
9.834696500614709e-04
1.304236532105493e-03
1.727293253812303e-03
2.286974853587487e-03
3.023011060665706e-03
4.002485655789701e-03
5.287443578925862e-03
6.976100299869959e-03
9.184829413211401e-03
1.207578740342188e-02
1.583796285996357e-02
2.071908303197762e-02
2.700604682960271e-02
3.511813085470295e-02
4.547687283860326e-02
5.865012000987320e-02
7.524927500562982e-02
9.616282797650465e-02
1.221318019957091e-01
1.540401898489177e-01
1.925964832831635e-01
2.386477919587953e-01
2.925011795053599e-01
3.541903743366282e-01
4.232874070544413e-01
4.986355486956155e-01
5.782379413493712e-01
6.588691343743753e-01
7.367886963894443e-01
8.080752327709264e-01
8.691725405750254e-01
9.177262976718041e-01
9.530109967076557e-01
9.761063435770989e-01
9.896866914778131e-01
9.989853937346168e-01
###8.800000000000002e+00
-8.068594411201421e-11
-7.722235268290225e-09
2.993802049074872e-10
3.297750316213602e-10
5.072075222327405e-10
1.189190632131802e-09
2.446979442899997e-09
7.798269321773770e-10
1.066088972729712e-09
1.170535354697928e-09
1.242388656274530e-09
1.388010194601295e-09
1.497067029766209e-09
1.435618077841605e-09
1.452795547702656e-09
2.357899548301051e-09
2.904969895204755e-09
3.318302509891396e-09
3.862248311685491e-09
4.649996137150047e-09
5.644409409695792e-09
6.975513745954339e-09
8.728173637484361e-09
1.104409239284718e-08
1.409989795221013e-08
1.814338975532848e-08
2.351080117422638e-08
3.060122071180753e-08
4.002854171380937e-08
5.252123168213422e-08
6.919243340346679e-08
9.144970873205929e-08
1.209594732480404e-07
1.603864663388480e-07
2.128450624955273e-07
2.825987240619125e-07
3.755032016519703e-07
4.990512749507666e-07
6.636230184856520e-07
8.821628998032214e-07
1.173275364603373e-06
1.560502832677249e-06
2.076040317055313e-06
2.761276964133182e-06
3.672515093891885e-06
4.884359745797185e-06
6.495846244380489e-06
8.639661196940300e-06
1.148955921107908e-05
1.529507580224745e-05
2.032952666445074e-05
2.706502033314723e-05
3.596185949055960e-05
4.786851248837597e-05
6.355466784931762e-05
8.444612937025650e-05
1.122241087025118e-04
1.492716836991608e-04
1.984613776458135e-04
2.635983372951626e-04
3.506164293256306e-04
4.657968717778035e-04
6.189476474479258e-04
8.231041688790652e-04
1.090683562136781e-03
1.446940478469425e-03
1.916807826517019e-03
2.538201246627029e-03
3.355255601782714e-03
4.441766617791803e-03
5.866308743417300e-03
7.736044528645196e-03
1.017933525489350e-02
1.337182883553054e-02
1.752015933997401e-02
2.289249621605268e-02
2.979138734221074e-02
3.867099710603816e-02
4.997451807120170e-02
6.429993153669973e-02
8.227399673458440e-02
1.048334806749295e-01
1.326986627596889e-01
1.667483760971801e-01
2.076383680825975e-01
2.561391636699814e-01
3.124204472427753e-01
3.763401338654261e-01
4.472455852252890e-01
5.237249395052407e-01
6.035341020076769e-01
6.832786023525480e-01
7.591444955614899e-01
8.273336194670531e-01
8.846133001530221e-01
9.290960510029159e-01
9.605779841189629e-01
9.805631389701979e-01
9.918867176588321e-01
9.992303761403131e-01
###9.200000000000003e+00
-7.777256718324577e-11
-7.691386976998359e-09
3.153061158198446e-10
3.477674370716302e-10
5.290376284654843e-10
1.192346995834139e-09
2.420609775697259e-09
8.219371615347490e-10
1.111206632750683e-09
1.224364450605369e-09
1.305626131894032e-09
1.460120864457556e-09
1.587397013700838e-09
1.559336437598333e-09
1.618140989802412e-09
2.499292924355037e-09
3.070482885711711e-09
3.536271649443694e-09
4.140784276783828e-09
4.994895848890302e-09
6.083753076714343e-09
7.530531041422511e-09
9.436486203022621e-09
1.195369458186292e-08
1.527180494097350e-08
1.966672881655668e-08
2.550389518132395e-08
3.320293136263460e-08
4.345682532544052e-08
5.705083758861851e-08
7.519609845165998e-08
9.941407063749949e-08
1.315487134068303e-07
1.744699141293984e-07
2.316284296643570e-07
3.076595440500172e-07
4.089866281781894e-07
5.437991635148396e-07
7.235564846623202e-07
9.621509532802118e-07
1.280345871916423e-06
1.703855161010886e-06
2.268019350769036e-06
3.018473613345309e-06
4.017181042720771e-06
5.346134885952165e-06
7.114860909031537e-06
9.469871569741504e-06
1.260146377058056e-05
1.678928540739046e-05
2.233204754556416e-05
2.975345382311530e-05
3.956408557685558e-05
5.270349047736590e-05
7.002872811696632e-05
9.312400848161344e-05
1.238667436603856e-04
1.648513624345068e-04
2.193200643868594e-04
2.914999384606629e-04
3.879693312907698e-04
5.157255089372984e-04
6.856321260836579e-04
9.122023743906842e-04
1.209198804860166e-03
1.604580910340710e-03
2.125951827112916e-03
2.815224864583218e-03
3.721073926945469e-03
4.924857630114346e-03
6.501990025778009e-03
8.569303897896676e-03
1.126725099044091e-02
1.478645555604766e-02
1.935183942494376e-02
2.525208279019980e-02
3.280651050696863e-02
4.250471843873486e-02
5.480938587949243e-02
7.034698304530303e-02
8.976328187308992e-02
1.140293669733614e-01
1.438485610420443e-01
1.800780631046694e-01
2.233106280405536e-01
2.742352549024100e-01
3.328623117051023e-01
3.988655203394570e-01
4.713653174613091e-01
5.487031516897093e-01
6.283990947851117e-01
7.069259707627019e-01
7.804523705243344e-01
8.453547049513230e-01
8.987591273552855e-01
9.392575797627386e-01
9.671523912025957e-01
9.843128209578541e-01
9.936759345193208e-01
9.994173093282646e-01
###9.600000000000003e+00
-7.570060423214592e-11
-7.677387302638757e-09
3.263578518170452e-10
3.624489492539821e-10
5.539308583004014e-10
1.206424946279101e-09
2.398454141938015e-09
8.666620016606865e-10
1.154974278956613e-09
1.281421390351054e-09
1.374343355285322e-09
1.539381353175283e-09
1.675216785364514e-09
1.683926309672565e-09
1.787182470022361e-09
2.642247378709122e-09
3.249607458441919e-09
3.767570979418712e-09
4.437905610441023e-09
5.367783192570044e-09
6.555515403805152e-09
8.128577195123235e-09
1.019934944091704e-08
1.293636325547103e-08
1.654060858728397e-08
2.131689310927711e-08
2.765994882041906e-08
3.602956383907756e-08
4.718457059928545e-08
6.198150613290421e-08
8.173142280781542e-08
1.080961756554950e-07
1.430923349484161e-07
1.898477790332197e-07
2.521336882709892e-07
3.350365488266472e-07
4.455937597677045e-07
5.927334364995906e-07
7.891386556863150e-07
1.049625164962054e-06
1.397742507993357e-06
1.861137356527970e-06
2.478791798512366e-06
3.301099690274289e-06
4.396165005307483e-06
5.854171145273150e-06
7.796269454976647e-06
1.038398473592111e-05
1.382715945586220e-05
1.843707149233043e-05
2.454238172789225e-05
3.271901257897997e-05
4.354326518895589e-05
5.804665576593915e-05
7.718434049756074e-05
1.027222829255914e-04
1.367385531469202e-04
1.820836041344572e-04
2.424022577935544e-04
3.223712790511482e-04
4.293017329541338e-04
5.709473515944068e-04
7.593820225011650e-04
1.010655479811347e-03
1.340050869605335e-03
1.778522397173754e-03
2.356510581126915e-03
3.120253516128765e-03
4.123435333361567e-03
5.455437951998571e-03
7.198865683821353e-03
9.481306333054914e-03
1.245520528892861e-02
1.632801246802859e-02
2.134227812779275e-02
2.780918621726747e-02
3.606416212613026e-02
4.663280599305998e-02
5.999761637916050e-02
7.680806228632042e-02
9.773992041441487e-02
1.237640864209132e-01
1.555829294636694e-01
1.940212061612569e-01
2.395948716226596e-01
2.928978078498057e-01
3.537760229118126e-01
4.217064876825840e-01
4.955740456998274e-01
5.734798378564839e-01
6.527582952644171e-01
7.297477722126527e-01
8.006729524549924e-01
8.621292950534213e-01
9.116377164340795e-01
9.482795597569766e-01
9.728229264264314e-01
9.874415618551279e-01
9.951156850889911e-01
9.995640090113195e-01
###1.000000000000000e+01
-9.009662377704990e-12
-7.683033244170820e-09
3.412768210337620e-10
3.805724706080103e-10
5.681473902688481e-10
1.231455539849784e-09
2.381531906380312e-09
9.093218975138699e-10
1.205189558041769e-09
1.339791042952733e-09
1.448332400539119e-09
1.617402173513414e-09
1.761682306923338e-09
1.815330770577924e-09
1.960533497958549e-09
2.804564247124699e-09
3.442663183270904e-09
4.010590538825522e-09
4.756759301819880e-09
5.768128854374309e-09
7.062013073832845e-09
8.773343685116030e-09
1.101914851899888e-08
1.399764610878164e-08
1.791488576050473e-08
2.310697053110418e-08
2.999980803847431e-08
3.910171237486807e-08
5.124017585546455e-08
6.734810875979519e-08
8.884952083569778e-08
1.175570949638489e-07
1.556869815914008e-07
2.066352225206555e-07
2.745375391693928e-07
3.649714986375859e-07
4.856432632293529e-07
6.463121724521771e-07
8.609518924656607e-07
1.145506810122373e-06
1.526459271564792e-06
2.033723539498790e-06
2.710258529061072e-06
3.611680642794651e-06
4.812836960570160e-06
6.413284243525644e-06
8.546661136634082e-06
1.139125880318531e-05
1.517827510884751e-05
2.025415564708479e-05
2.698076788232353e-05
3.599369613266645e-05
4.793761783452794e-05
6.395076173436930e-05
8.509686600842118e-05
1.133336398963103e-04
1.509684018967212e-04
2.011395685544767e-04
2.679269373225709e-04
3.565069980689109e-04
4.749790201682928e-04
6.319715879619083e-04
8.408291847923011e-04
1.119380219186772e-03
1.484401268708548e-03
1.970210076735525e-03
2.610346730539397e-03
3.455739648702807e-03
4.565228323385711e-03
6.037283944928425e-03
7.961681932009189e-03
1.047735157987615e-02
1.375019133311915e-02
1.800460596906426e-02
2.350195992304631e-02
3.057398814470061e-02
3.957697492232760e-02
5.106832520840449e-02
6.555125421671877e-02
8.369672133116354e-02
1.061985813837114e-01
1.340431238313949e-01
1.679070112724865e-01
2.085758838655534e-01
2.565038091608651e-01
3.121061222150496e-01
3.751197014137486e-01
4.447951263234394e-01
5.197910667919261e-01
5.979840441276034e-01
6.765226756984793e-01
7.516820142719060e-01
8.197757057311221e-01
8.776666921555468e-01
9.232954873264398e-01
9.562388320129824e-01
9.776773251558938e-01
9.900305615194451e-01
9.962651093781958e-01
9.996796715519352e-01
###1.040000000000000e+01
1.080195301406778e-12
-7.655756819499510e-09
3.632235452970068e-10
3.892477569396823e-10
5.889573533421446e-10
1.245303714235387e-09
2.365860582163387e-09
9.541360581031793e-10
1.258679128271185e-09
1.397720406576974e-09
1.518884976486902e-09
1.705768352991220e-09
1.866029245670165e-09
1.949160154939167e-09
2.139504756571588e-09
2.979436291967643e-09
3.649894612804281e-09
4.279652443189651e-09
5.097608546176634e-09
6.196924682143250e-09
7.608091368219845e-09
9.467219609130708e-09
1.190958763511794e-08
1.514517597059621e-08
1.940222425647256e-08
2.504763235753105e-08
3.253942133540812e-08
4.244131473215776e-08
5.565218539358645e-08
7.319561703505241e-08
9.660589814321253e-08
1.278696514516363e-07
1.694279917342327e-07
2.249671883618591e-07
2.990177405372048e-07
3.977030527335552e-07
5.294577784996352e-07
7.049538768249002e-07
9.396187913438984e-07
1.250636023162510e-06
1.667680891625550e-06
2.223197562779166e-06
2.964462666870662e-06
3.953140402727001e-06
5.271126091433967e-06
7.028472742136403e-06
9.372818878074850e-06
1.250087766945577e-05
1.666779824265610e-05
2.225855051343043e-05
2.967125526505565e-05
3.960878342088505e-05
5.279115777378776e-05
7.047238487558847e-05
9.383882211078870e-05
1.250625526873419e-04
1.666857621368017e-04
2.222034274115248e-04
2.961358858386120e-04
3.942207340233357e-04
5.254496865536637e-04
6.993386663181619e-04
9.307115136484968e-04
1.239218378560427e-03
1.643473982222497e-03
2.181247440885545e-03
2.889497340281147e-03
3.824215324500843e-03
5.049739006198187e-03
6.674218911590135e-03
8.795385914715936e-03
1.156412863142919e-02
1.515987068702617e-02
1.982507490403559e-02
2.584027815014629e-02
3.355980931782410e-02
4.335900805923548e-02
5.582621727983869e-02
7.148888316965446e-02
9.102787762603791e-02
1.151614611833396e-01
1.448763270554788e-01
1.808228397951332e-01
2.237338338155399e-01
2.739864223424061e-01
3.318202120937541e-01
3.968388405679422e-01
4.680690284657181e-01
5.439441876377712e-01
6.221288041751841e-01
6.996223162159566e-01
7.726734120526665e-01
8.377348823043849e-01
8.919797758911359e-01
9.337897566978670e-01
9.632111228202105e-01
9.818004258485873e-01
9.921535051064574e-01
9.971719426787788e-01
9.997664478139777e-01
###1.080000000000000e+01
1.646939484380876e-11
-7.641401369448555e-09
3.776352088378224e-10
4.140455995906357e-10
6.131167381339328e-10
1.260581173512900e-09
2.358543098155480e-09
1.004848364008929e-09
1.314117259552438e-09
1.466517020174482e-09
1.598172444400281e-09
1.797356925252105e-09
1.976070349857600e-09
2.095330777328523e-09
2.330008241250750e-09
3.169492086139356e-09
3.876164892802192e-09
4.569263495973806e-09
5.463701447389809e-09
6.660084332401366e-09
8.194152583246555e-09
1.021773540514250e-08
1.287252201728238e-08
1.638712696934518e-08
2.101553280520181e-08
2.715551331516333e-08
3.530352003822926e-08
4.607465411507922e-08
6.045471513316476e-08
7.956648842149557e-08
1.050632946907028e-07
1.391290237225169e-07
1.844312812645361e-07
2.449924540085270e-07
3.257811998786833e-07
4.335220738629999e-07
5.774219188212258e-07
7.692250295474230e-07
1.025837569252266e-06
1.365922351563517e-06
1.822621657695455e-06
2.431251370070246e-06
3.243856733765382e-06
4.328496724572443e-06
5.775049116903762e-06
7.705729180876999e-06
1.028289056006757e-05
1.372376496574935e-05
1.831022189045512e-05
2.446918347897303e-05
3.264090820144670e-05
4.359959722823447e-05
5.815035158428776e-05
7.767759676881676e-05
1.034968284439227e-04
1.380150316000981e-04
1.840416692940096e-04
2.454724382963153e-04
3.272924533262474e-04
4.358684733382659e-04
5.811512406921041e-04
7.736829372010404e-04
1.029817930275547e-03
1.371276557079094e-03
1.818541525421015e-03
2.413297419435713e-03
3.196032943049752e-03
4.228301896317324e-03
5.580535428919170e-03
7.370701663328546e-03
9.705342902897898e-03
1.274733159578310e-02
1.669171339700512e-02
2.179832558547164e-02
2.836826271207950e-02
3.677864051739722e-02
4.742685650978430e-02
6.092084274628622e-02
7.782314120490609e-02
9.881528401847602e-02
1.246413085980607e-01
1.562682852592781e-01
1.943263044634952e-01
2.394846211358671e-01
2.920179139739194e-01
3.520064356550922e-01
4.188804689330520e-01
4.914591651320054e-01
5.679579336541263e-01
6.458405260669203e-01
7.219943039660432e-01
7.926806678583682e-01
8.545401776069906e-01
9.050972565096366e-01
9.431806534088575e-01
9.692778678104021e-01
9.852752137882841e-01
9.938787466922806e-01
9.978805802485586e-01
9.998316472886394e-01
###1.120000000000000e+01
2.996971667820116e-11
-7.616865499608834e-09
4.030130504050939e-10
4.544110708318561e-10
6.366799035062982e-10
1.281410995610899e-09
2.355329059544900e-09
1.056157374134450e-09
1.362142575603470e-09
1.534608178762216e-09
1.680109162542203e-09
1.896622734881311e-09
2.096770179521368e-09
2.255725893086165e-09
2.527788436661311e-09
3.370248333463122e-09
4.106336068280635e-09
4.880045619804285e-09
5.859512672937324e-09
7.162784265415217e-09
8.827649104039242e-09
1.102921974882097e-08
1.391834062025913e-08
1.773297265673272e-08
2.276510551205483e-08
2.944086525827779e-08
3.830645363048240e-08
5.002810861598158e-08
6.568240459696425e-08
8.650350279785515e-08
1.142820690497359e-07
1.514101226690167e-07
2.008185494816316e-07
2.668767648555201e-07
3.550492916776690e-07
4.727000331083702e-07
6.299304263851402e-07
8.396100038742483e-07
1.120355778612730e-06
1.492459795226677e-06
1.992739518989268e-06
2.659719986699409e-06
3.550964572506206e-06
4.741248978983078e-06
6.329730179929519e-06
8.451451909115143e-06
1.128532292076680e-05
1.507186636938522e-05
2.012094043782623e-05
2.690735710653047e-05
3.591743761730490e-05
4.800517914609392e-05
6.406644435142270e-05
8.563226429788300e-05
1.141564172337046e-04
1.523199925938934e-04
2.032044447429773e-04
2.711636092218248e-04
3.616838455178449e-04
4.818225961509128e-04
6.425798912066441e-04
8.556127462574558e-04
1.138956134684311e-03
1.516588443085804e-03
2.010994322579064e-03
2.668105793774606e-03
3.532260071009814e-03
4.670931229667425e-03
6.160971340694903e-03
8.130983605276854e-03
1.069683569130011e-02
1.403433824864663e-02
1.835390095144916e-02
2.393432740681256e-02
3.109706477319650e-02
4.024119253277260e-02
5.178931754088203e-02
6.636489468201626e-02
8.456273139168809e-02
1.070678511573509e-01
1.346401080581266e-01
1.682221753690295e-01
2.084113901544593e-01
2.558051536724649e-01
3.105713304820790e-01
3.726108578623702e-01
4.411872197945110e-01
5.148997445838100e-01
5.917523451547496e-01
6.690410504003247e-01
7.435670811011382e-01
8.116610453196629e-01
8.701918288307745e-01
9.170517814966406e-01
9.515258914082338e-01
9.745176538059109e-01
9.881795277000307e-01
9.952672683823542e-01
9.984276657100141e-01
9.998789678954225e-01
###1.160000000000000e+01
3.955585541373223e-11
-7.600782558842765e-09
4.115560076735773e-10
4.845035030592334e-10
6.596367118652689e-10
1.304243902479552e-09
2.353749431890440e-09
1.114169120811557e-09
1.428616818207165e-09
1.611829135243554e-09
1.769718355483005e-09
2.002572750824389e-09
2.224990506190920e-09
2.420428207295659e-09
2.732744397748224e-09
3.588421828879613e-09
4.370509830736337e-09
5.212895337218306e-09
6.283717989382038e-09
7.698610943997025e-09
9.510700258661083e-09
1.190270114048351e-08
1.504269335906619e-08
1.919125790277304e-08
2.466325515306932e-08
3.191993290743091e-08
4.157152120534009e-08
5.432895006579321e-08
7.137836208618073e-08
9.406140032927594e-08
1.243422629818629e-07
1.648196355905216e-07
2.187142583841874e-07
2.907967525561871e-07
3.870454655594852e-07
5.155878377436781e-07
6.874502031934700e-07
9.167507996486323e-07
1.224017276819195e-06
1.631588505982818e-06
2.179485461442256e-06
2.910790583466962e-06
3.888452230934535e-06
5.195075224335066e-06
6.940116629692734e-06
9.272264179382897e-06
1.238923034026549e-05
1.655676251890454e-05
2.211740045936679e-05
2.959699350220104e-05
3.953113744435394e-05
5.286636513311239e-05
7.059622671460260e-05
9.441202023462493e-05
1.259243739635397e-04
1.681082362253216e-04
2.243590035020807e-04
2.995132318018439e-04
3.996169845968635e-04
5.324823049459371e-04
7.102703276105169e-04
9.458210058359657e-04
1.259051589636458e-03
1.676376208668610e-03
2.222422676989903e-03
2.947641461383028e-03
3.900620411747579e-03
5.155276184446209e-03
6.794968745044047e-03
8.960136208553793e-03
1.177562472122634e-02
1.543184187573774e-02
2.015413312827505e-02
2.624190071326055e-02
3.403723180239721e-02
4.395593124686910e-02
5.645868083681314e-02
7.217325547439844e-02
9.172383554842209e-02
1.157972853926870e-01
1.451613807044748e-01
1.807369768114707e-01
2.230718362206965e-01
2.726846745961023e-01
3.296136323732762e-01
3.935891242552594e-01
4.636962980695192e-01
5.383146336964498e-01
6.152503899785227e-01
6.916577945842631e-01
7.642878969049022e-01
8.295901453745332e-01
8.846915478127080e-01
9.278828295418675e-01
9.588968314749313e-01
9.790122615457238e-01
9.905861081133266e-01
9.963735705862528e-01
9.988451242858853e-01
9.999135447913893e-01
###1.200000000000001e+01
5.200958381705225e-11
-7.579640361434545e-09
4.408709153702888e-10
5.098435139317095e-10
6.874730357119635e-10
1.323413118355559e-09
2.352495986087380e-09
1.165745706105854e-09
1.491697667564403e-09
1.691777639235033e-09
1.862562350396196e-09
2.113099355600798e-09
2.359817066443886e-09
2.591419598410915e-09
2.950436817310014e-09
3.828608865401265e-09
4.661262214850481e-09
5.574042960413851e-09
6.739893749531461e-09
8.275367272109608e-09
1.024538958702103e-08
1.284524214050125e-08
1.625385114161479e-08
2.077032810710052e-08
2.671983779273361e-08
3.460803596053053e-08
4.511794088968942e-08
5.901043717283787e-08
7.758292400212799e-08
1.023062768980683e-07
1.353230014305578e-07
1.794615243205125e-07
2.382660306694109e-07
3.169566864199043e-07
4.220770782630144e-07
5.625443119343556e-07
7.504589454131132e-07
1.001337536095542e-06
1.337730454893406e-06
1.784355402285159e-06
2.384691802977957e-06
3.186691639730566e-06
4.259634307098096e-06
5.694517472935944e-06
7.612044032839295e-06
1.017619120297111e-05
1.360575347709674e-05
1.819391857369655e-05
2.431840170258270e-05
3.256276408903184e-05
4.351621238039621e-05
5.822918586303520e-05
7.780141490657292e-05
1.041007555168971e-04
1.389109876114319e-04
1.855301275431172e-04
2.476911576535071e-04
3.307686548219298e-04
4.414357778535603e-04
5.883846827594104e-04
7.848115116504163e-04
1.045095523327618e-03
1.391078607002686e-03
1.851873390620025e-03
2.454377714003310e-03
3.253980807095065e-03
4.303823479269882e-03
5.684433619130499e-03
7.486616141236492e-03
9.862800894790594e-03
1.294770451840049e-02
1.694725056303789e-02
2.210157043223836e-02
2.873157006487496e-02
3.719976454001529e-02
4.794096046949327e-02
6.144677963443362e-02
7.835728415740369e-02
9.931668101138559e-02
1.250129595565538e-01
1.562064708633833e-01
1.938136422348777e-01
2.382997808412146e-01
2.900971687169918e-01
3.491096739014753e-01
4.148941748566324e-01
4.863442353172566e-01
5.616308256123881e-01
6.383791474651722e-01
7.136225610052623e-01
7.841169364928995e-01
8.464500928273654e-01
8.980574259126695e-01
9.376408236350932e-01
9.653649907862630e-01
9.828375296892569e-01
9.925644625164475e-01
9.972471807240452e-01
9.991607292762181e-01
9.999387387119578e-01
###1.240000000000001e+01
6.113574426321962e-11
-7.557673024644975e-09
4.588421895480070e-10
5.334632451160918e-10
7.153871391765318e-10
1.350089228062426e-09
2.360444817772198e-09
1.225534154435436e-09
1.567974415362375e-09
1.775195300774734e-09
1.961241207763704e-09
2.234335586874105e-09
2.503396558807371e-09
2.773040507050401e-09
3.178094720191114e-09
4.075954567976655e-09
4.964718177413342e-09
5.960417792807254e-09
7.229205797575431e-09
8.895891692279454e-09
1.103833915578530e-08
1.386415203640506e-08
1.756913559065855e-08
2.247973387677639e-08
2.895250062593130e-08
3.753042741473794e-08
4.897551658349586e-08
6.410589260772852e-08
8.434106882698587e-08
1.112923138111754e-07
1.472996381608874e-07
1.954567092878227e-07
2.596434847373608e-07
3.455604547144456e-07
4.604127307855626e-07
6.139654863745942e-07
8.195180827399434e-07
1.094114770532831e-06
1.462398997617562e-06
1.952065120350049e-06
2.610085424814044e-06
3.489990916596359e-06
4.667792389883682e-06
6.243842832180485e-06
8.351568722613816e-06
1.117171039489240e-05
1.494561643996608e-05
1.999745813480652e-05
2.674588952410038e-05
3.583258241051199e-05
4.791170661633882e-05
6.413728117892029e-05
8.574864813600685e-05
1.147853451215103e-04
1.532370595297818e-04
2.047402475452209e-04
2.734149439148142e-04
3.652173735025918e-04
4.875001336130103e-04
6.499274013390948e-04
8.668147784913776e-04
1.154207632976373e-03
1.536084683638412e-03
2.044416475964691e-03
2.708601345948958e-03
3.589329160914105e-03
4.744465680813134e-03
6.261864542769072e-03
8.239975544229500e-03
1.084452951272165e-02
1.421990840243396e-02
1.858747141617821e-02
2.420476106065579e-02
3.141319326596277e-02
4.059552636119468e-02
5.220779625201260e-02
6.676844178718716e-02
8.493025363553551e-02
1.073535123126703e-01
1.347244310174282e-01
1.677869133369985e-01
2.074485549168637e-01
2.540764579935594e-01
3.080181150952562e-01
3.690218482356558e-01
4.364714907836844e-01
5.090682000065460e-01
5.847764957874049e-01
6.610608031069012e-01
7.348770007962994e-01
8.030030870010875e-01
8.622273852627171e-01
9.103129058096838e-01
9.463817007068454e-01
9.710014737478948e-01
9.860684876046502e-01
9.941760348953170e-01
9.979301160341345e-01
9.993964562800244e-01
9.999588156192906e-01
###1.280000000000001e+01
8.600412272977500e-11
-7.537427159437024e-09
4.771787647938656e-10
5.437666777658438e-10
7.485868596588176e-10
1.376029410518055e-09
2.370660188803343e-09
1.290557306884120e-09
1.644987669434764e-09
1.864130524777434e-09
2.072044729474306e-09
2.357222693969645e-09
2.655289202631563e-09
2.964278156362314e-09
3.416126525268483e-09
4.339670081136353e-09
5.292615225548827e-09
6.373802342932386e-09
7.756317036500248e-09
9.564230816825187e-09
1.189329541108140e-08
1.496515825030357e-08
1.899288953933481e-08
2.433118702705242e-08
3.137346397010179e-08
4.070522541740755e-08
5.317040706231932e-08
6.965588484444477e-08
9.170638096212333e-08
1.210949373500333e-07
1.603704374834671e-07
2.129291286743604e-07
2.830098259196378e-07
3.768622456891238e-07
5.023764509798608e-07
6.703006852929408e-07
8.952055397927570e-07
1.195800483528700e-06
1.598945481598842e-06
2.136196619688144e-06
2.857705271398752e-06
3.823214259276838e-06
5.116807368213216e-06
6.848309160988806e-06
9.165512975798915e-06
1.226805312449019e-05
1.642144766798932e-05
2.198467239834508e-05
2.942352481737401e-05
3.943544736436763e-05
5.275656170028492e-05
7.064685622116313e-05
9.450611758300314e-05
1.265647882955283e-04
1.690350813076679e-04
2.259085927413704e-04
3.017471570871317e-04
4.031543350202072e-04
5.381795470517804e-04
7.175850487246390e-04
9.569268279803162e-04
1.274036004108198e-03
1.695144679003004e-03
2.255479538405959e-03
2.986939618840171e-03
3.955908916347514e-03
5.225449866083367e-03
6.891176808803759e-03
9.059536433175169e-03
1.191058012425143e-02
1.559816910999023e-02
2.036098301594697e-02
2.647335913268687e-02
3.429694888941821e-02
4.423703251126893e-02
5.676907654619241e-02
7.243562279846247e-02
9.190225954246474e-02
1.158443699882627e-01
1.449366418683611e-01
1.799085867624989e-01
2.216289469946568e-01
2.703864364772239e-01
3.264181529866571e-01
3.893043084669955e-01
4.582685046461277e-01
5.317987401281683e-01
6.076789346404636e-01
6.832371705598383e-01
7.553622469321363e-01
8.209194720092919e-01
8.769210126316418e-01
9.214901167659135e-01
9.541608609456169e-01
9.758822404648506e-01
9.887772476340968e-01
9.954782944201144e-01
9.984591163768688e-01
9.995707849364956e-01
9.999821078151594e-01
###1.320000000000001e+01
9.138769458106917e-11
-7.532533227513824e-09
4.963042478989774e-10
5.721117486461295e-10
7.814678404519531e-10
1.404137042609222e-09
2.385643845812746e-09
1.356642159608045e-09
1.722128293002075e-09
1.952752964096347e-09
2.179025123779623e-09
2.478906029466734e-09
2.811485483941743e-09
3.164870851632008e-09
3.664699563888938e-09
4.624482506875650e-09
5.643472049488124e-09
6.817848762940710e-09
8.322032019055590e-09
1.028062568590306e-08
1.281518334552719e-08
1.615626602397009e-08
2.053635234083353e-08
2.633927676440372e-08
3.400319845881485e-08
4.415692156096054e-08
5.773456650846031e-08
7.569925628611556e-08
9.973861785409235e-08
1.317871056845997e-07
1.746475847049031e-07
2.320152249993934e-07
3.085646427403074e-07
4.111178216550246e-07
5.483397176812994e-07
7.320297708415723e-07
9.781882745215443e-07
1.307391416126979e-06
1.748928467747161e-06
2.338335900480106e-06
3.129805946794093e-06
4.189646992938356e-06
5.610296539799128e-06
7.513295574371160e-06
1.006153854694317e-05
1.347524611018693e-05
1.804737310178214e-05
2.417482371499340e-05
3.237441111861613e-05
4.340855104702396e-05
5.809807164435336e-05
7.782519637567239e-05
1.041652586005179e-04
1.395506041256871e-04
1.864514468248574e-04
2.492187689000948e-04
3.329470971902773e-04
4.448804374643093e-04
5.939296941340159e-04
7.919536636359539e-04
1.055928385730129e-03
1.405551975028327e-03
1.869575632523075e-03
2.486547624029071e-03
3.291284895492519e-03
4.356130696182272e-03
5.749887111854166e-03
7.576147498421210e-03
9.949896415792936e-03
1.306619982640417e-02
1.708946388555759e-02
2.227523880234301e-02
2.891537743656242e-02
3.739339198600263e-02
4.813538036044628e-02
6.163609779720575e-02
7.846048857158017e-02
9.928776470496591e-02
1.247966875321582e-01
1.556542261771479e-01
1.925678636533596e-01
2.363548373017224e-01
2.872170682785723e-01
3.452626153573201e-01
4.099269940440481e-01
4.802261339701966e-01
5.544725214357012e-01
6.302729887668196e-01
7.048339858920060e-01
7.750332049481682e-01
8.378414034948987e-01
8.905382334756237e-01
9.316266618907623e-01
9.610429756921887e-01
9.800760287361121e-01
9.910277188757233e-01
9.965187216271894e-01
9.988628722466998e-01
9.996979049924918e-01
9.999937946122416e-01
###1.360000000000001e+01
9.814905534969388e-11
-7.511236030790769e-09
5.162551571201656e-10
5.982219161327920e-10
8.169821393298632e-10
1.437814787475777e-09
2.403635286625313e-09
1.423261493126643e-09
1.801035472013432e-09
2.042998066658999e-09
2.304901217977202e-09
2.614393304751933e-09
2.986588624585812e-09
3.376059364575347e-09
3.928785590181799e-09
4.928891213901172e-09
6.019471911394358e-09
7.295261243671539e-09
8.929063090606228e-09
1.105249470350585e-08
1.380843612045842e-08
1.744099476304210e-08
2.220597839923346e-08
2.851710011896421e-08
3.685891692432632e-08
4.791124070004659e-08
6.270475087852391e-08
8.228503430800774e-08
1.084965321387166e-07
1.434666485376498e-07
1.902401557490637e-07
2.528844572406730e-07
3.365206508760313e-07
4.485955764617727e-07
5.986670115867888e-07
7.996745817337069e-07
1.069180731021438e-06
1.429845991321010e-06
1.913599366380832e-06
2.560394088457843e-06
3.429021860387818e-06
4.592495997771895e-06
6.153681052441863e-06
8.245159247426074e-06
1.104806671492681e-05
1.480449416989581e-05
1.983810929307664e-05
2.658731613501493e-05
3.562499584502366e-05
4.778697385030993e-05
6.398289823064215e-05
8.573552569204730e-05
1.148023501691583e-04
1.538514226179789e-04
2.056256972731181e-04
2.748751827461616e-04
3.672716747160124e-04
4.907795612311176e-04
6.552125470072490e-04
8.736341140704938e-04
1.164571476469735e-03
1.549716963873485e-03
2.060525559875114e-03
2.739177762568666e-03
3.623590935693317e-03
4.792760680221732e-03
6.321007572199973e-03
8.320696041383529e-03
1.091614084912705e-02
1.431760202399793e-02
1.870093655301742e-02
2.433871107699139e-02
3.154066188355754e-02
4.071349022264605e-02
5.230201463878437e-02
6.682224295665079e-02
8.485572651603837e-02
1.070962972587812e-01
1.342210854230459e-01
1.668855909312169e-01
2.057580168620744e-01
2.516105058433216e-01
3.045355618506219e-01
3.645220927505783e-01
4.308242827905193e-01
5.022819223231079e-01
5.770182455838964e-01
6.524822515928232e-01
7.257947056651457e-01
7.938445591177012e-01
8.537527189920315e-01
9.031000726172161e-01
9.407680982663977e-01
9.670926098626249e-01
9.836556588081078e-01
9.928844057538604e-01
9.973444561414938e-01
9.991700808918732e-01
9.997897194001847e-01
9.999937946122416e-01
###1.400000000000001e+01
1.224183098651804e-10
-7.491406304974938e-09
5.321096367628632e-10
6.262402797254971e-10
8.580086011477219e-10
1.470160619064713e-09
2.422527791410910e-09
1.495967123753232e-09
1.888203465736608e-09
2.140531700729953e-09
2.414760942564358e-09
2.756134805229029e-09
3.164467818111673e-09
3.599856309153061e-09
4.207490543175248e-09
5.255501940491503e-09
6.427735658606697e-09
7.805966806183825e-09
9.582423581810024e-09
1.188830814533409e-08
1.488205352976625e-08
1.883080867959514e-08
2.401327744132795e-08
3.087695546387164e-08
3.995979493943166e-08
5.199922352501832e-08
6.811191584779496e-08
8.946183508802862e-08
1.180542477857940e-07
1.562091963300760e-07
2.072715625374776e-07
2.757026559739867e-07
3.671069867087643e-07
4.896466052169437e-07
6.538096650416722e-07
8.738432187079533e-07
1.169021945673878e-06
1.564278760376765e-06
2.094448702871666e-06
2.804334601600508e-06
3.757688032804270e-06
5.035438294049851e-06
6.750823558633516e-06
9.050225815949769e-06
1.213370242261632e-05
1.626754686466470e-05
2.181031754644141e-05
2.924281488467215e-05
3.920612832721247e-05
5.260781242443869e-05
7.046530512442186e-05
9.445580141493027e-05
1.265159839155996e-04
1.695949487017466e-04
2.267252929127136e-04
3.031016855118977e-04
4.050141635513175e-04
5.412138268569824e-04
7.224845318804298e-04
9.632209082827093e-04
1.283641888837745e-03
1.707538661147255e-03
2.269401880110653e-03
3.015307073322033e-03
3.986163512089738e-03
5.268454116317632e-03
6.942267751718571e-03
9.129387070200536e-03
1.196338971119065e-02
1.567110515304631e-02
2.044006471989938e-02
2.656029787559762e-02
3.435919157967807e-02
4.426770601803804e-02
5.674955800375576e-02
7.233679411238397e-02
9.163266983141938e-02
1.153352986165771e-01
1.441252499138483e-01
1.786289217794296e-01
2.194742225192702e-01
2.673834012794057e-01
3.223244614206343e-01
3.841611127029850e-01
4.519591279401124e-01
5.243827188447611e-01
5.993704887681618e-01
6.742476162285054e-01
7.460678263451450e-01
8.117604201266531e-01
8.686443788355991e-01
9.146233471629386e-01
9.489677162795891e-01
9.723735485997576e-01
9.866866503989783e-01
9.944020015479863e-01
9.979922503441429e-01
9.993999187490450e-01
9.998547332994050e-01
9.999937946122416e-01
###1.440000000000001e+01
1.375699462133597e-10
-7.471943629238554e-09
5.531302585611928e-10
6.477662525057253e-10
8.926477766645908e-10
1.487967919235668e-09
2.427657643487164e-09
1.563455619031994e-09
1.973490726447607e-09
2.236052958174760e-09
2.541013738423964e-09
2.912258931326057e-09
3.354472978852375e-09
3.836223964887854e-09
4.503821089034795e-09
5.604561367693582e-09
6.860594259984025e-09
8.358114907626587e-09
1.028520588805598e-08
1.278917845905877e-08
1.604295443441411e-08
2.033258037889623e-08
2.597035296154636e-08
3.343733059309741e-08
4.332878437245107e-08
5.645059496560375e-08
7.400261305359847e-08
9.728939945170275e-08
1.284745076000434e-07
1.701265889236280e-07
2.258955454711929e-07
3.006530156046101e-07
4.006313718498403e-07
5.346035461355815e-07
7.142650064795119e-07
9.551977781874132e-07
1.278511036504827e-06
1.711740083466617e-06
2.293184935587546e-06
3.072380235551825e-06
4.119052567371135e-06
5.522642090885599e-06
7.407731683116209e-06
9.936034545484709e-06
1.332863964584267e-05
1.787845389306760e-05
2.398122412416390e-05
3.216841931406048e-05
4.314806296329509e-05
5.791722291354450e-05
7.760261317251208e-05
1.040484453328902e-04
1.394074179840529e-04
1.869145099743728e-04
2.499265481510122e-04
3.341310562931470e-04
4.464709065179363e-04
5.965810564200282e-04
7.963077720433465e-04
1.061449738023483e-03
1.414007006295149e-03
1.880248286835673e-03
2.497705019238829e-03
3.316591025456746e-03
4.381424717889952e-03
5.786033796267217e-03
7.616991745070138e-03
1.000630454405579e-02
1.309663047105968e-02
1.713336541949563e-02
2.231373025458088e-02
2.894822105379690e-02
3.738198397763038e-02
4.806707117785830e-02
6.148751540967441e-02
7.819397285878926e-02
9.880099525674194e-02
1.240173403080786e-01
1.545115067070243e-01
1.908796929419204e-01
2.337128299371517e-01
2.836550401687314e-01
3.405569868676750e-01
4.041269378245400e-01
4.732731818169018e-01
5.464802064904223e-01
6.214696955235746e-01
6.955053712790989e-01
7.655880911495784e-01
8.287535901122082e-01
8.825212182677542e-01
9.251419902950779e-01
9.562759615246663e-01
9.769567412731409e-01
9.892345697794181e-01
9.956327683900482e-01
9.984960675852571e-01
9.995702953834037e-01
9.999005676060112e-01
9.999937946122416e-01
###1.480000000000001e+01
1.558441461169648e-10
-7.450802444412606e-09
5.772820996678628e-10
6.868900007647581e-10
9.346981349987759e-10
1.522155031828753e-09
2.459245475583604e-09
1.639526421752387e-09
2.062599814813202e-09
2.345426126726882e-09
2.668995862112769e-09
3.076595236280156e-09
3.552476588366543e-09
4.086567613171210e-09
4.818690676383122e-09
5.978161207454863e-09
7.326056852961721e-09
8.950980228016831e-09
1.104213685937489e-08
1.376051729082297e-08
1.729946815339663e-08
2.196061371731892e-08
2.809041420274938e-08
3.621682915423170e-08
4.699022426830826e-08
6.129267739526250e-08
8.041723572926412e-08
1.058251240304013e-07
1.398538480223692e-07
1.853373365062699e-07
2.462535214880249e-07
3.279678786491839e-07
4.372737099146625e-07
5.838678657790258e-07
7.805423756869210e-07
1.044382844700746e-06
1.398690683260437e-06
1.873742903555159e-06
2.511442134858461e-06
3.366908748796748e-06
4.516231040830579e-06
6.058517819801054e-06
8.130553453826087e-06
1.091115439514632e-05
1.464341591946868e-05
1.965152231503885e-05
2.637159195166141e-05
3.538902887502159e-05
4.748486899013679e-05
6.376086324917418e-05
8.545662024129585e-05
1.146076570905910e-04
1.535906535998322e-04
2.059585388411595e-04
2.754241602598796e-04
3.682186296509059e-04
4.919910247665837e-04
6.573325365574866e-04
8.772271535534243e-04
1.168988259026118e-03
1.556690948464666e-03
2.068971476942523e-03
2.746861696032665e-03
3.645074184047037e-03
4.811732605965887e-03
6.348536826712383e-03
8.349292900107335e-03
1.095616802754627e-02
1.432183699507545e-02
1.871049466799469e-02
2.433027099694786e-02
3.151139540896160e-02
4.061653646782545e-02
5.212167764125036e-02
6.652909098935764e-02
8.440453682401958e-02
1.063737675553944e-01
1.331515556445304e-01
1.653879025025211e-01
2.036462810801875e-01
2.484665782116880e-01
3.004106495311532e-01
3.591982444789783e-01
4.243901133539638e-01
4.947185156160715e-01
5.684877454124151e-01
6.432505304765489e-01
7.161966299177829e-01
7.843317411171151e-01
8.448060100947462e-01
8.953904640197494e-01
9.346930618892170e-01
9.627524241459738e-01
9.809048223416208e-01
9.913597461583596e-01
9.966211936143092e-01
9.988838489947529e-01
9.996952665731144e-01
9.999324543283995e-01
9.999937946122416e-01
###1.520000000000001e+01
1.683440787820562e-10
-7.430220837342267e-09
6.004872641966691e-10
7.224680627223360e-10
9.723526084907330e-10
1.564432362869738e-09
2.494056020799889e-09
1.721517107248425e-09
2.159408411924838e-09
2.459191739353356e-09
2.814884524960663e-09
3.243702200271044e-09
3.764030774416321e-09
4.353689199350508e-09
5.153316568734153e-09
6.377047709848221e-09
7.824899264638977e-09
9.587795427406630e-09
1.185749039451867e-08
1.480884694094789e-08
1.865219396355243e-08
2.372223633163138e-08
3.039217303763382e-08
3.923309119324588e-08
5.097244241475991e-08
6.656336255597472e-08
8.740726872590201e-08
1.151332074173873e-07
1.522775454715408e-07
2.019515871659764e-07
2.685148605048294e-07
3.578409884819454e-07
4.773954461317566e-07
6.378441649500594e-07
8.531658028033056e-07
1.142210695477848e-06
1.530606756027390e-06
2.051552630713943e-06
2.751225023395368e-06
3.690424688447945e-06
4.952709162015021e-06
6.647551606790923e-06
8.925557277462846e-06
1.198338584584842e-05
1.608980663852464e-05
2.160226956600912e-05
2.900113283831391e-05
3.893264544369076e-05
5.225143695596246e-05
7.018745310475136e-05
9.409717197772064e-05
1.262183715450235e-04
1.691814853636625e-04
2.268905181295559e-04
3.034307955596400e-04
4.056381630084812e-04
5.419287777941006e-04
7.239238896710248e-04
9.658760477811276e-04
1.286665690077923e-03
1.712616159079141e-03
2.275022410772426e-03
3.018645146209137e-03
4.002805684655560e-03
5.279644669633758e-03
6.959419692944559e-03
9.143100625328781e-03
1.198343577908716e-02
1.564566161417258e-02
2.040917629763735e-02
2.649777500025181e-02
3.425874737824834e-02
4.407584527955889e-02
5.644326960561279e-02
7.188490126792867e-02
9.097784656162021e-02
1.143599759020182e-01
1.427418724850693e-01
1.767533310229957e-01
2.169187423598526e-01
2.637226394950262e-01
3.176224553627298e-01
3.782161460098998e-01
4.448962714061226e-01
5.162270293167834e-01
5.903413437606622e-01
6.646421258128082e-01
7.362620051289716e-01
8.022496177116923e-01
8.599004065225169e-01
9.072679211475286e-01
9.433172206601000e-01
9.684547358929464e-01
9.842825065954196e-01
9.931182316220227e-01
9.974083610103222e-01
9.991794408057877e-01
9.997859365651718e-01
9.999544407786296e-01
9.999937946122416e-01
###1.560000000000001e+01
1.883481334737705e-10
-7.400536462204611e-09
6.232079134264879e-10
7.606559524808229e-10
1.009964654222420e-09
1.608159817665160e-09
2.533626707226843e-09
1.808945024024242e-09
2.263657716680233e-09
2.570639551085379e-09
2.968076231505226e-09
3.420147950836347e-09
3.987517329927731e-09
4.632423571878387e-09
5.506677305116188e-09
6.805546715710440e-09
8.362620632084703e-09
1.027349727472842e-08
1.273525382172570e-08
1.594054990964246e-08
2.011703170235587e-08
2.563035996271397e-08
3.288804301614224e-08
4.250467436481312e-08
5.530515719844421e-08
7.229739186464204e-08
9.502716035731571e-08
1.252895562661050e-07
1.658718208705801e-07
2.201132912349561e-07
2.928740242727666e-07
3.905466039271889e-07
5.213562633618473e-07
6.970063499209478e-07
9.327873151164622e-07
1.249593797898815e-06
1.675368906288809e-06
2.246759489685162e-06
3.014696357371333e-06
4.045890544824820e-06
5.432434248862505e-06
7.295161302836274e-06
9.799955436143532e-06
1.316315737021826e-05
1.768177566407646e-05
2.374888957837949e-05
3.189415062541952e-05
4.283187218645833e-05
5.749759530528041e-05
7.724901246253790e-05
1.035990518505666e-04
1.389836842300049e-04
1.863121509041360e-04
2.498878490869593e-04
3.341717431849416e-04
4.467039095053597e-04
5.966712466409392e-04
7.968677910887019e-04
1.062876685777204e-03
1.415338029537239e-03
1.882938014606516e-03
2.499863371493086e-03
3.314712403767087e-03
4.390896023365734e-03
5.787916815213240e-03
7.621348833957456e-03
1.000223929433864e-02
1.309395867886659e-02
1.707758993092829e-02
2.223675185619878e-02
2.882381096281384e-02
3.719969039074922e-02
4.776690027958796e-02
6.104303480846109e-02
7.756720837257007e-02
9.792562685408246e-02
1.227653610237164e-01
1.527944922495157e-01
1.886106127418595e-01
2.306967494180374e-01
2.794585619355236e-01
3.352664734150928e-01
3.975721257290316e-01
4.656052791410957e-01
5.377462209023877e-01
6.119848205519610e-01
6.855823539225998e-01
7.556526362086237e-01
8.193091463181018e-01
8.740316651782281e-01
9.181699332959257e-01
9.510589076606364e-01
9.734443862934175e-01
9.871510574499388e-01
9.945611521778887e-01
9.980292164265987e-01
9.994022648701057e-01
9.998509582292201e-01
9.999694077005128e-01
9.999937946122416e-01
