# NLO BK equation solver 0.0-dev build  (build Feb 16 2026 17:52:53)
# Initial condition: MV model, Q_s0^2 = 0.00698975 GeV^2, \gamma = 1, coefficient of E inside Log is 1, x0=0.01, \Lambda_QCD = 0.241 GeV
# # LO Kernel RC:  Balitsky. NLO Kernel RC:  smallest dipole
# Nc=3, Nf=4
# Using RungeKutta method in K1
# Resumming double log
# Resumming single log, K_sub=0.65 resum rc: smallest
# BK K1 integration relative accuracy: 0.02# NLO BK as^2 terms: MC integration method: Vegas, points=1000000
# Kinematical constraint: none
# Target kinematical constraint: disabled

###1.000000000000000e-05
###1.160836920850890e+00
###100
###1.000000000000000e+00
###0.000000000000000e+00
2.260465952263754e-12
3.010954893697986e-12
4.010065340575083e-12
5.339962006686934e-12
7.109891139474245e-12
9.465080168117608e-12
1.259855230470272e-11
1.676680729072506e-11
2.231062855752054e-11
2.968268609032178e-11
3.948414539019689e-11
5.251320852228009e-11
6.982945925116525e-11
9.283913442393099e-11
1.234080952145636e-10
1.640114525274442e-10
2.179316791683349e-10
2.895208388559596e-10
3.845475700166903e-10
5.106560632644354e-10
6.779729680196805e-10
8.999096152541757e-10
1.194222014505379e-09
1.584410907037534e-09
2.101570216685898e-09
2.786826476034420e-09
3.694556754547410e-09
4.896631589320072e-09
6.488006739384116e-09
8.594088882670529e-09
1.138043298250663e-08
1.506550250198095e-08
1.993745032267175e-08
2.637617419185621e-08
3.488228658716711e-08
4.611514196565614e-08
6.094271921974746e-08
8.050700862514871e-08
1.063096583464475e-07
1.403240698263192e-07
1.851419892463630e-07
2.441650454792735e-07
3.218547891103859e-07
4.240587904911917e-07
5.584355096313562e-07
7.350072771603931e-07
9.668792289717184e-07
1.271172929717612e-06
1.670237347936352e-06
2.193217621184075e-06
2.878084694725839e-06
3.774257714688252e-06
4.945987615791013e-06
6.476716686415591e-06
8.474687563402925e-06
1.108008793226922e-05
1.447449735103579e-05
1.889246207964490e-05
2.463680257480672e-05
3.209793402980665e-05
4.177857208254032e-05
5.432523836823577e-05
7.056841322294893e-05
9.157369588974618e-05
1.187070012876879e-04
1.537177013902769e-04
1.988447845323593e-04
2.569526631523988e-04
3.317053556114447e-04
4.277906011285193e-04
5.512093103005045e-04
7.096509712087862e-04
9.129827035788685e-04
1.173889206382728e-03
1.508713679043705e-03
1.938566923562979e-03
2.490794506840976e-03
3.200921597867779e-03
4.115233675204721e-03
5.294200698723550e-03
6.817014490514861e-03
8.787585321572755e-03
1.134243364971665e-02
1.466101214091009e-02
1.897908869037568e-02
2.460588412194398e-02
3.194562983891192e-02
4.152397987730316e-02
5.401907957271490e-02
7.029572075848656e-02
9.143835906014230e-02
1.187740378277348e-01
1.538684581486215e-01
1.984667157167889e-01
2.543350279949356e-01
3.229454299818217e-01
4.049450484013023e-01
4.993935053818392e-01
6.028809475682341e-01
7.088914105045405e-01
###4.000000000000000e-01
-2.753462710271592e-11
3.645262220257119e-09
-1.066655714087849e-09
2.274918742426918e-11
3.658117608383783e-12
3.791265138017222e-11
4.596608086533583e-11
5.119068734829809e-11
3.913646851400572e-11
5.756861387584684e-11
7.476819439909618e-11
3.174443616702525e-09
1.287991429950807e-10
1.416394297461204e-10
1.178520792649976e-10
2.044165764122837e-10
2.591399562017463e-10
3.334306054376405e-10
4.344532890977539e-10
5.687791751403666e-10
7.494444470699493e-10
9.867170302569861e-10
1.306786604189474e-09
1.722731168995060e-09
2.285186547701459e-09
3.020284355483264e-09
3.996505032672590e-09
5.294169571313670e-09
7.012900894781499e-09
9.287814155358760e-09
1.229772694283138e-08
1.628527193054157e-08
2.155496895726699e-08
2.852295128537978e-08
3.772078405817715e-08
4.987707281021100e-08
6.592114378374666e-08
8.710930027262574e-08
1.150529493072364e-07
1.519038852616546e-07
2.004736925410484e-07
2.644585640332050e-07
3.487027006810927e-07
4.595888234360203e-07
6.053859839657405e-07
7.970527343199219e-07
1.048817386835313e-06
1.379316897573653e-06
1.812713939370421e-06
2.381612786064138e-06
3.126391157995074e-06
4.101630250500359e-06
5.377161175161812e-06
7.046369089022848e-06
9.221843452886916e-06
1.206116758268430e-05
1.576237528400997e-05
2.058552110104266e-05
2.686052136621137e-05
3.500960898327487e-05
4.560801760568273e-05
5.934400374723082e-05
7.715442671293787e-05
1.002039725312709e-04
1.300219820985651e-04
1.685648142729315e-04
2.182753853242523e-04
2.823946955533378e-04
3.649741345136073e-04
4.716207202286401e-04
6.087694297411426e-04
7.853463437056947e-04
1.012435274841026e-03
1.304888969687478e-03
1.681258539101933e-03
2.166089567693844e-03
2.790409419610758e-03
3.596943839331039e-03
4.638350384812028e-03
5.985676509868010e-03
7.734236059911782e-03
1.000266214257629e-02
1.296170235092274e-02
1.681564990364310e-02
2.184375130201655e-02
2.841718734969153e-02
3.700070851037587e-02
4.818952718710332e-02
6.280449431604188e-02
8.184498613624981e-02
1.065975954167972e-01
1.385164817349540e-01
1.793333011877758e-01
2.308059669543299e-01
2.947262122569881e-01
3.723407897570238e-01
4.646418971832403e-01
5.720824468354669e-01
7.024067549347119e-01
9.544365670317609e-01
###8.000000000000000e-01
-2.698479781032837e-11
3.619877840658368e-09
-1.095381699854550e-09
4.795417735460021e-11
6.706460170313416e-11
3.355933280310970e-11
5.664900921588055e-11
8.840711414631531e-11
6.637699502957733e-11
9.317649041721105e-11
1.054996445992546e-10
3.008556097428974e-09
1.773115291954858e-10
1.813090625768228e-10
1.524851869722273e-10
2.407887455035361e-10
3.034386368069040e-10
3.851503454368265e-10
4.790721603742092e-10
6.330833003768801e-10
8.263079083448682e-10
1.084553547882919e-09
1.427128026249220e-09
1.875130520446603e-09
2.480382274979982e-09
3.276604283865493e-09
4.329182649700147e-09
5.728981936181486e-09
7.583307190937606e-09
1.004349397786313e-08
1.329419779754858e-08
1.761514426550647e-08
2.331542011498641e-08
3.085067702714211e-08
4.080157673872755e-08
5.396053429232121e-08
7.132780185899256e-08
9.428242402006599e-08
1.245549146050591e-07
1.644954115859691e-07
2.171491951156258e-07
2.865426919651298e-07
3.779395441838449e-07
4.982874705010509e-07
6.565605474645004e-07
8.646785463062480e-07
1.138176696898577e-06
1.497331239840145e-06
1.968103593161375e-06
2.587423806484415e-06
3.397823789411787e-06
4.459711102535520e-06
5.849117632129247e-06
7.670024005857750e-06
1.004080038884206e-05
1.313785861581370e-05
1.717750281427455e-05
2.244739331147466e-05
2.930844433406359e-05
3.822534909697691e-05
4.983456479048447e-05
6.489247277433647e-05
8.444525911346081e-05
1.097746347040447e-04
1.425960588553832e-04
1.850873204015400e-04
2.399482468864576e-04
3.108423739416752e-04
4.022860631626586e-04
5.208562868775795e-04
6.735980978600548e-04
8.707777289921138e-04
1.124991269301307e-03
1.453422351987507e-03
1.877449129021683e-03
2.425366319196446e-03
3.132705863244079e-03
4.050017966277487e-03
5.238019593444658e-03
6.780110725788990e-03
8.787544566800507e-03
1.140055441407600e-02
1.482026428506835e-02
1.928783389483313e-02
2.512556955027653e-02
3.276939744486540e-02
4.274918668911169e-02
5.573630027934502e-02
7.268436177203322e-02
9.472147345284890e-02
1.232580506569197e-01
1.598439355749291e-01
2.062206831755954e-01
2.639953730286673e-01
3.346149016771397e-01
4.186908107009206e-01
5.161116950000785e-01
6.253605292190535e-01
7.490236854077663e-01
9.619775334873909e-01
###1.200000000000000e+00
1.705995079297091e-12
3.556808618377730e-09
-1.035010446268762e-09
7.103351531215518e-11
8.433525353691014e-11
8.286915619571679e-11
1.361848407175060e-10
1.595271251520910e-10
6.160377493230888e-11
1.203209643829286e-10
1.221947563538990e-10
2.873893049407545e-09
2.463127960014090e-10
2.467401635860226e-10
2.139584279546190e-10
3.090640098400097e-10
3.688868200754846e-10
4.570026333565150e-10
5.592771317269211e-10
7.231761428892036e-10
9.256625965371264e-10
1.206048925145475e-09
1.575621600599389e-09
2.059289329674870e-09
2.712850215930457e-09
3.565819321820330e-09
4.705150408053081e-09
6.214112119441468e-09
8.214156077687007e-09
1.087229609574147e-08
1.438854621820877e-08
1.906736119419547e-08
2.523431038743066e-08
3.338670389732094e-08
4.415817483698344e-08
5.840490729793253e-08
7.721364187137589e-08
1.020850876638495e-07
1.348992914866819e-07
1.782052998787959e-07
2.353043539400928e-07
3.105846706648836e-07
4.097771601696667e-07
5.404677580922194e-07
7.123329891320160e-07
9.384180264340351e-07
1.235691213276179e-06
1.626116251016287e-06
2.137862991101945e-06
2.812257678172686e-06
3.694560798637998e-06
4.851410530978874e-06
6.365910424576088e-06
8.353094692906666e-06
1.093907974008290e-05
1.431966292696821e-05
1.873182990379741e-05
2.449547626732524e-05
3.200414495215460e-05
4.177192179314237e-05
5.450161671585254e-05
7.102951206454753e-05
9.251999908254785e-05
1.203945247800559e-04
1.565688121449683e-04
2.034703364268525e-04
2.641278733424954e-04
3.426513358839466e-04
4.441114896842216e-04
5.761455090464306e-04
7.466963813276811e-04
9.671191030135444e-04
1.252177349568418e-03
1.621608176234755e-03
2.099922766381153e-03
2.719017655946465e-03
3.522132768155621e-03
4.566167482782109e-03
5.921813451734042e-03
7.686122815413782e-03
9.988827355848566e-03
1.299495371542124e-02
1.693882335762747e-02
2.209594771195528e-02
2.884060085996064e-02
3.767483700309431e-02
4.919322934890339e-02
6.414295463098718e-02
8.359309018838780e-02
1.087736303315247e-01
1.411707552850143e-01
1.823463979567292e-01
2.338919789754419e-01
2.972106370720070e-01
3.730787548572196e-01
4.612372935082681e-01
5.602198418476442e-01
6.667478212308564e-01
7.812208922123458e-01
9.673528229628243e-01
###1.600000000000000e+00
2.328162254953147e-11
3.582225145079991e-09
-9.800733703622375e-10
1.343295805721344e-10
1.050002027046596e-10
1.615477593990566e-10
2.141606997232139e-10
2.499086198492030e-10
1.365208478672760e-10
2.068620083510567e-10
2.155109287368755e-10
2.778893761425398e-09
3.371175219233162e-10
3.535527377414347e-10
3.132463319542752e-10
4.052766587583116e-10
4.654179492330181e-10
5.650325702155817e-10
6.779150296751170e-10
8.565768845843748e-10
1.074055006894062e-09
1.372590312567029e-09
1.776978444298596e-09
2.296247259682208e-09
2.997407132100105e-09
3.911439779009329e-09
5.135649647495089e-09
6.773405964743139e-09
8.923496850847048e-09
1.179575058981145e-08
1.559990881950030e-08
2.066490073827482e-08
2.733533866536357e-08
3.616421706094479e-08
4.782132249766943e-08
6.325772987924814e-08
8.363298989644553e-08
1.105710517308647e-07
1.461714181819845e-07
1.931432713748664e-07
2.550842386376078e-07
3.367565085362998e-07
4.444449160228091e-07
5.864723252467394e-07
7.731713019205187e-07
1.018830183642431e-06
1.342166635269150e-06
1.766757150717021e-06
2.323372784852410e-06
3.058011066206681e-06
4.019089202014594e-06
5.280239989236169e-06
6.931950102431683e-06
9.102657006592187e-06
1.192465583588241e-05
1.561784032940489e-05
2.044145185260435e-05
2.674952168189845e-05
3.497482247085507e-05
4.567762654067522e-05
5.965835030663052e-05
7.782043881349446e-05
1.014776759202004e-04
1.322053236686542e-04
1.721083445920961e-04
2.239628313989137e-04
2.911177760139322e-04
3.782211034526252e-04
4.909994983021401e-04
6.382132828573983e-04
8.289014302929113e-04
1.075660889049605e-03
1.395722731316761e-03
1.811716463810886e-03
2.351644363839905e-03
3.051060814447088e-03
3.963898131805671e-03
5.152080413276371e-03
6.698355414592982e-03
8.714423728418385e-03
1.135337352879247e-02
1.480191933344539e-02
1.933357892731167e-02
2.526058417164048e-02
3.300992473488625e-02
4.314951212408247e-02
5.632934664311400e-02
7.339692138347764e-02
9.548320727826562e-02
1.239054119762750e-01
1.601694364268335e-01
2.057728944290156e-01
2.620967730905129e-01
3.301360162175955e-01
4.100090482953158e-01
5.005420248486837e-01
5.991740001089266e-01
7.016536352708012e-01
8.074908919608530e-01
9.717458727762538e-01
###2.000000000000000e+00
6.549908917844972e-11
3.579334882757358e-09
-9.335229608097052e-10
1.781627558245524e-10
1.684786377495792e-10
2.718770616099300e-10
2.867096547174780e-10
3.558969981621563e-10
2.373600035518744e-10
3.213921790171174e-10
3.407103772518393e-10
2.718176157408067e-09
4.632075358247057e-10
4.421167415031161e-10
4.436102163220880e-10
5.300934583411946e-10
6.113944693709322e-10
7.042903440166186e-10
8.228143141018345e-10
1.015218999623081e-09
1.254197443791339e-09
1.580373416298354e-09
2.015947881685166e-09
2.576729920126509e-09
3.336433320808659e-09
4.332203965484727e-09
5.637250973449802e-09
7.421286516097374e-09
9.722455138454896e-09
1.281990704936634e-08
1.693459075909714e-08
2.241466448556208e-08
2.963702808031871e-08
3.920019107120662e-08
5.182053830871312e-08
6.855014849892714e-08
9.062685467147824e-08
1.198301073120187e-07
1.584450616005827e-07
2.094110991192269e-07
2.766350445881940e-07
3.652599642019223e-07
4.822328421773668e-07
6.366368491600774e-07
8.395384661654542e-07
1.106570913471639e-06
1.458427785658506e-06
1.920350101553754e-06
2.526129224787650e-06
3.326720034371696e-06
4.374270547611522e-06
5.749705944410560e-06
7.552327073189749e-06
9.924816832661713e-06
1.300675735548508e-05
1.704428593626408e-05
2.232225846990246e-05
2.923257634644410e-05
3.825098822159265e-05
4.999202392811840e-05
6.535952289732747e-05
8.534186819139149e-05
1.114236937304791e-04
1.453664901090191e-04
1.894024075032786e-04
2.468061044890003e-04
3.212548594926420e-04
4.180184285066406e-04
5.435479576551475e-04
7.078697221725641e-04
9.210426524489837e-04
1.197852181714730e-03
1.557577324129372e-03
2.026303140085342e-03
2.636114125950202e-03
3.426994457560128e-03
4.463617136232081e-03
5.815094322160185e-03
7.576514865842864e-03
9.877088451593073e-03
1.289125959723870e-02
1.683655360616520e-02
2.201638356260649e-02
2.880058625165626e-02
3.765139855121523e-02
4.920934084969558e-02
6.417625367729146e-02
8.348461740905332e-02
1.083183377609719e-01
1.400389022974134e-01
1.801307910756802e-01
2.299650754303570e-01
2.906811237751065e-01
3.626845352259473e-01
4.455535483180123e-01
5.372820909662378e-01
6.345083218399453e-01
7.324894085910432e-01
8.302673014968351e-01
9.755116854161663e-01
###2.400000000000000e+00
2.763190779336925e-11
3.607369942124744e-09
-8.407391500734491e-10
2.329859247612318e-10
2.362622714439248e-10
4.080236580259278e-10
3.881203703174716e-10
4.758346202815958e-10
3.570639587604883e-10
4.404135443217725e-10
4.684009158431008e-10
2.697496973011226e-09
6.037137225392655e-10
5.881180782808576e-10
5.759275544158332e-10
6.725773934970876e-10
7.621083293637423e-10
8.690688311734163e-10
9.999770960458130e-10
1.208913604897822e-09
1.467810471365270e-09
1.818448938349207e-09
2.289760296654716e-09
2.897725594544530e-09
3.721112142587669e-09
4.800740236343846e-09
6.212758077518043e-09
8.143669931664986e-09
1.063144719558387e-08
1.395289950149339e-08
1.840237659826158e-08
2.433218763182573e-08
3.215640595476182e-08
4.251470529248898e-08
5.618972785655149e-08
7.431943234384406e-08
9.824930031487928e-08
1.299218154265029e-07
1.718126255401956e-07
2.271418595128655e-07
3.001162941251995e-07
3.963265367289206e-07
5.234623033905114e-07
6.913352857822255e-07
9.118694031762944e-07
1.202335997935503e-06
1.585401039733354e-06
2.088180452901838e-06
2.747886223001171e-06
3.620724284828134e-06
4.763058004164658e-06
6.264151514437936e-06
8.232603610959145e-06
1.082698615179235e-05
1.419491493056888e-05
1.861330247128223e-05
2.439587384860787e-05
3.196966702641814e-05
4.186647867908908e-05
5.476102224632859e-05
7.166891561372050e-05
9.367672733342855e-05
1.224431105964789e-04
1.599855808682451e-04
2.086566238253766e-04
2.722809081156465e-04
3.549165186269952e-04
4.625385961213226e-04
6.024306083441940e-04
7.860291629242935e-04
1.024613413214533e-03
1.335267223973524e-03
1.739825617294954e-03
2.268149169028346e-03
2.956848980101816e-03
3.851220261667528e-03
5.027332464959703e-03
6.562534918196578e-03
8.566243728553618e-03
1.118648221113230e-02
1.461890349409114e-02
1.911539542209742e-02
2.501485646413565e-02
3.273387347471435e-02
4.278506943340266e-02
5.586980486390369e-02
7.274086398909989e-02
9.439743092696452e-02
1.220619008188888e-01
1.571094753672963e-01
2.009572979954987e-01
2.548030834727495e-01
3.194717625875297e-01
3.948398736192615e-01
4.798787779931655e-01
5.719469454237620e-01
6.671043600373107e-01
7.603766270126550e-01
8.505203803127929e-01
9.788183473325187e-01
###2.800000000000000e+00
6.795921390040646e-11
3.599179072485535e-09
-8.130091834678103e-10
2.770287326909931e-10
2.992665253349633e-10
4.821084706081782e-10
4.867911174639352e-10
5.761894999773728e-10
4.719501407557847e-10
5.740108050230934e-10
5.899238567556958e-10
2.659749054647942e-09
7.315784516589310e-10
7.341892345526944e-10
7.144910373792078e-10
8.282973291196627e-10
9.209129304321410e-10
1.038118130460778e-09
1.182077574945727e-09
1.413003676174838e-09
1.701570701498836e-09
2.072120320727479e-09
2.585836564934176e-09
3.248010743958665e-09
4.135463843440552e-09
5.308091721316258e-09
6.842224825374842e-09
8.926545177193365e-09
1.162846144023626e-08
1.519336138320631e-08
2.000430773707843e-08
2.642303566275743e-08
3.489782267782591e-08
4.612022371917087e-08
6.094305395515297e-08
8.060082744067620e-08
1.065500029742950e-07
1.409086328489230e-07
1.863707052589665e-07
2.464270539502640e-07
3.256938752316960e-07
4.301867099119199e-07
5.684056989471783e-07
7.509889122888756e-07
9.908088389839732e-07
1.306924536718673e-06
1.724101241648374e-06
2.271630581066175e-06
2.990482446942823e-06
3.942498055566577e-06
5.188995182204427e-06
6.828156662568733e-06
8.979061553793710e-06
1.181711921127807e-05
1.550003367950361e-05
2.034025267283806e-05
2.668053445298134e-05
3.498844605440057e-05
4.585988944277832e-05
6.003605696191283e-05
7.866768981156002e-05
1.029205114230914e-04
1.346757510963638e-04
1.762368532389280e-04
2.301018426485655e-04
3.006900606510211e-04
3.925249817598397e-04
5.123487892655015e-04
6.684001665698431e-04
8.736849527344880e-04
1.140876701174247e-03
1.489721952426190e-03
1.944782251600608e-03
2.540298757582269e-03
3.317896082336177e-03
4.328802960928762e-03
5.661593287881534e-03
7.402906234140957e-03
9.677481543097015e-03
1.265399077808649e-02
1.655116216005495e-02
2.165658756626421e-02
2.834698829908136e-02
3.708468830604517e-02
4.842958252065616e-02
6.314532129446192e-02
8.202824625884887e-02
1.061296030365418e-01
1.366921110753215e-01
1.750711695818593e-01
2.225798817611080e-01
2.801999145118445e-01
3.483757753439937e-01
4.265837944295706e-01
5.131253068045809e-01
6.048614546369028e-01
6.974639718208742e-01
7.858980703593736e-01
8.687494772207827e-01
9.817415364145770e-01
###3.200000000000000e+00
6.905844178924700e-11
3.605659254625505e-09
-7.759323271349572e-10
3.443075557965351e-10
3.733386496067210e-10
6.097233870628016e-10
5.954848202941492e-10
7.085037558648147e-10
6.119566756765758e-10
7.145556932151693e-10
7.359593211046002e-10
2.671820513844173e-09
8.920714563933889e-10
9.000192685462875e-10
8.852884235812536e-10
1.001160568081861e-09
1.102339419828516e-09
1.223354899429153e-09
1.394963466922734e-09
1.644373138213587e-09
1.954179569735862e-09
2.363115384113531e-09
2.921842689577353e-09
3.642361105439421e-09
4.605979610948669e-09
5.885098556035943e-09
7.536237245829543e-09
9.797737458649508e-09
1.273190302764470e-08
1.658020907289400e-08
2.176278052744417e-08
2.871586104545635e-08
3.789741110690005e-08
5.006278275111928e-08
6.612926502000797e-08
8.745218356837501e-08
1.156028799915507e-07
1.528843196044280e-07
2.022553505032273e-07
2.674639332155374e-07
3.535816725713282e-07
4.671339025640488e-07
6.174229823546133e-07
8.160668355839575e-07
1.077083491677018e-06
1.421147430688031e-06
1.875649627094019e-06
2.472264334263680e-06
3.255969906356078e-06
4.294964265701376e-06
5.655915263878847e-06
7.447513300757010e-06
9.798721808308485e-06
1.290521613114325e-05
1.693633953019564e-05
2.224171828123064e-05
2.919335636292098e-05
3.832138841478260e-05
5.027269734575061e-05
6.587471662730908e-05
8.641976423445660e-05
1.131791705271975e-04
1.482727616333645e-04
1.943080172603463e-04
2.540016301440565e-04
3.323851426392674e-04
4.345284729277641e-04
5.680903052342935e-04
7.422681883753346e-04
9.719150149114552e-04
1.271340526551131e-03
1.663108784430502e-03
2.174972883558192e-03
2.845969336207570e-03
3.723445160660996e-03
4.865169312639642e-03
6.373138741468982e-03
8.344490926327957e-03
1.092061826767535e-02
1.429204638480220e-02
1.870267834459653e-02
2.447642533780905e-02
3.202969520083581e-02
4.187079335518040e-02
5.460274121334668e-02
7.105004183355028e-02
9.204565238001583e-02
1.186738307697640e-01
1.521813979858899e-01
1.938741979850142e-01
2.449273810201729e-01
3.060743633462447e-01
3.773681628056949e-01
4.578861258635701e-01
5.453570217719724e-01
6.362076631857317e-01
7.258743693138666e-01
8.093593605124786e-01
8.852248505679717e-01
9.843347446674322e-01
###3.600000000000000e+00
1.177048697064136e-10
3.611835218869384e-09
-7.254291213089681e-10
4.374521891181178e-10
4.029381330918089e-10
7.695132372278647e-10
7.359006852961413e-10
8.735752488307276e-10
7.636586594782256e-10
8.607275207341582e-10
8.935438355284740e-10
2.712037735544574e-09
1.064451150389949e-09
1.026105053560328e-09
1.074388017894724e-09
1.195856913586927e-09
1.306884336760879e-09
1.445586332164966e-09
1.638493571904418e-09
1.903973957763681e-09
2.247851146613899e-09
2.689253966436196e-09
3.296768545783702e-09
4.081583535541977e-09
5.127255035564797e-09
6.514794822662099e-09
8.310886926287938e-09
1.075808101003350e-08
1.394504010736093e-08
1.809063269018822e-08
2.369569468760103e-08
3.122322762849833e-08
4.117044102788887e-08
5.436462459640897e-08
7.178653248376025e-08
9.492565123730175e-08
1.254678309110039e-07
1.659397468361195e-07
2.195675369620090e-07
2.904105002249422e-07
3.839988041631929e-07
5.074399233294382e-07
6.709160633280749e-07
8.871392106632539e-07
1.171255581089485e-06
1.545995088088416e-06
2.041340497875061e-06
2.691891984392761e-06
3.546833965257077e-06
4.681170384655760e-06
6.167947924079226e-06
8.127716196986198e-06
1.069932454746817e-05
1.410149649993487e-05
1.851748774142759e-05
2.433666612912367e-05
3.195879261347071e-05
4.200134012164634e-05
5.515265207925258e-05
7.233971728333714e-05
9.500022442782740e-05
1.245634770752312e-04
1.633846081206811e-04
2.144157095043306e-04
2.806187585973381e-04
3.677428649285816e-04
4.814546153173261e-04
6.304104370359047e-04
8.249636785070221e-04
1.081956535429301e-03
1.417574146737455e-03
1.857498042248208e-03
2.433096072427113e-03
3.188640780883263e-03
4.177927336035499e-03
5.466181591415492e-03
7.169239629760209e-03
9.396770351982147e-03
1.230675269225486e-02
1.611426289979600e-02
2.108951760163192e-02
2.759247547756052e-02
3.608211102255873e-02
4.710952072021114e-02
6.132276297618978e-02
7.959958832339079e-02
1.027984393574464e-01
1.320236812202807e-01
1.685068253476424e-01
2.134760235698559e-01
2.679379628852667e-01
3.323660894003320e-01
4.064177987141213e-01
4.887394784556320e-01
5.766094632395055e-01
6.660944091631615e-01
7.524852879710533e-01
8.309492966655150e-01
9.001192667381375e-01
9.866345999526578e-01
###4.000000000000000e+00
9.456119091966970e-11
3.645532436519514e-09
-6.685059523534002e-10
5.035997925754118e-10
5.031694045321453e-10
9.194719796788124e-10
8.832869351939742e-10
1.025587765069432e-09
9.158303952773744e-10
1.021958203460097e-09
1.066139074410750e-09
2.765611435949454e-09
1.257187095486440e-09
1.222996362212758e-09
1.279701525229077e-09
1.406795315302647e-09
1.525629068821383e-09
1.682471606782384e-09
1.901092472500070e-09
2.185853971012253e-09
2.564092392251553e-09
3.047585356556521e-09
3.696474541919705e-09
4.562065794466540e-09
5.697804701480220e-09
7.211190524147404e-09
9.156806218986904e-09
1.180988969510600e-08
1.526632595876536e-08
1.972870854480605e-08
2.580985204161197e-08
3.396259257057844e-08
4.474341011608380e-08
5.903552023110148e-08
7.795806161763231e-08
1.030696830412121e-07
1.362269065285917e-07
1.801741151816447e-07
2.384359103197232e-07
3.154301341423777e-07
4.171780723871161e-07
5.514285565699402e-07
7.293265506707785e-07
9.646312198290001e-07
1.274124311055518e-06
1.682497523478908e-06
2.222621482450922e-06
2.932301321215173e-06
3.865442358284564e-06
5.104677190828386e-06
6.729897475425830e-06
8.874499058688672e-06
1.168916850316454e-05
1.541749832173155e-05
2.025916614373109e-05
2.664622454039402e-05
3.501339612652595e-05
4.606854509173087e-05
6.055362117151710e-05
7.950145337956583e-05
1.045174093354815e-04
1.372056227378032e-04
1.801884952167828e-04
2.367924536302992e-04
3.102958415660630e-04
4.071876362383023e-04
5.338550545059500e-04
7.000725949609159e-04
9.174451930689075e-04
1.205080735984106e-03
1.581286561428793e-03
2.075149009531018e-03
2.722066870527522e-03
3.572283412658262e-03
4.686236898576596e-03
6.140673610003338e-03
8.057707330657539e-03
1.056857505138662e-02
1.384734407143027e-02
1.813384584348740e-02
2.372650931160165e-02
3.102231570657757e-02
4.052185631079196e-02
5.282073193978107e-02
6.860608984350745e-02
8.880412847823183e-02
1.142864215873848e-01
1.461689789101865e-01
1.856430620275750e-01
2.338354455884029e-01
2.915612908238771e-01
3.590079276530029e-01
4.354502088525437e-01
5.191219621149025e-01
6.068897864072818e-01
6.945733628764195e-01
7.773999355417183e-01
8.507968066939304e-01
9.135567364732698e-01
9.886673054886468e-01
###4.399999999999999e+00
1.033908161270338e-10
3.749675783874156e-09
-6.079938486297734e-10
5.854949247822266e-10
5.853319552870485e-10
1.067539519977717e-09
1.034865183933751e-09
1.191286272858950e-09
1.083473699856085e-09
1.219111365638835e-09
1.253482288114607e-09
2.841574566201568e-09
1.449762106653592e-09
1.437993455307018e-09
1.493962010567184e-09
1.637104920315754e-09
1.769531166394329e-09
1.943898450877712e-09
2.187366520167910e-09
2.503338446257215e-09
2.911264587580442e-09
3.390760787490285e-09
4.148224308942514e-09
5.091814856023563e-09
6.325429700045022e-09
7.968044348750576e-09
1.008764206815689e-08
1.296343503738080e-08
1.671402662893922e-08
2.152398200900582e-08
2.812527192903227e-08
3.695928651106083e-08
4.864681151904557e-08
6.412576045090463e-08
8.469003338986624e-08
1.119573550602936e-07
1.479581041112426e-07
1.957004824872428e-07
2.590248855598402e-07
3.427205677625681e-07
4.533656166628112e-07
5.994502054832490e-07
7.931201953200854e-07
1.048981432545319e-06
1.386639168479054e-06
1.831739449975813e-06
2.421019945663736e-06
3.195663438373962e-06
4.214934349413688e-06
5.569249547600536e-06
7.346880015673479e-06
9.695015557911597e-06
1.277817775933366e-05
1.686608019200030e-05
2.217878592412560e-05
2.919456293010490e-05
3.838851193302053e-05
5.056536350242884e-05
6.652974213694264e-05
8.744080424367578e-05
1.150817938338049e-04
1.512518948216289e-04
1.988778798761867e-04
2.616905250066392e-04
3.433663177904397e-04
4.511792764671460e-04
5.923388651728436e-04
7.778700576470644e-04
1.020801374005558e-03
1.342742508092395e-03
1.764309862726116e-03
2.318459564733246e-03
3.045094663935394e-03
4.000770795470072e-03
5.253768806301721e-03
6.892618066159466e-03
9.046756862504930e-03
1.187015626740008e-02
1.555470657442210e-02
2.036512283246956e-02
2.662989802705586e-02
3.478503286744530e-02
4.536970668350092e-02
5.902364158948536e-02
7.647051764973298e-02
9.867491769564310e-02
1.265166027103642e-01
1.610988663035642e-01
2.035639700974889e-01
2.549052200576374e-01
3.157309647194564e-01
3.859300216864668e-01
4.643881950706913e-01
5.489695317118889e-01
6.361816741749727e-01
7.216576996655937e-01
8.006760219952266e-01
8.689851630124411e-01
9.256295490616238e-01
9.904550085656928e-01
###4.800000000000000e+00
1.265031394235982e-10
3.790107377011551e-09
-6.065541486824991e-10
6.671775555998035e-10
6.985079336261170e-10
1.181271210159133e-09
1.217322771028328e-09
1.359996961343361e-09
1.271484741403595e-09
1.401556116154200e-09
1.450021009341619e-09
2.937495248158168e-09
1.663422608212088e-09
1.668145479598220e-09
1.734231638856628e-09
1.885304586890835e-09
2.034449758078998e-09
2.231511887293841e-09
2.496218065997988e-09
2.851419099882496e-09
3.292741409904116e-09
3.827293823919091e-09
4.644331443849645e-09
5.671255652847785e-09
7.015701366418893e-09
8.798144224712428e-09
1.110513828106531e-08
1.414226926079148e-08
1.829454484241378e-08
2.349024903541930e-08
3.065532002858366e-08
4.023935032564352e-08
5.291099897810223e-08
6.968783656040876e-08
9.203391286103042e-08
1.216452136888009e-07
1.607591637043937e-07
2.126358203808994e-07
2.814854119237438e-07
3.725076712390382e-07
4.928903570243914e-07
6.518974096323337e-07
8.628080341509971e-07
1.141665197242612e-06
1.509654325806831e-06
1.995206559757146e-06
2.638295507501540e-06
3.484212972149521e-06
4.598211455702449e-06
6.079462584342609e-06
8.024908390468293e-06
1.059742209709560e-05
1.397633288795947e-05
1.846196485383195e-05
2.429549346472947e-05
3.200799209869350e-05
4.211962496503118e-05
5.554030982814925e-05
7.315094718500937e-05
9.624307811539460e-05
1.268052303616658e-04
1.668527476299450e-04
2.196589976577770e-04
2.894146843032060e-04
3.802049445721427e-04
5.002284840272704e-04
6.575865681036782e-04
8.647101641341766e-04
1.136187413198229e-03
1.496464314418784e-03
1.968740588236769e-03
2.590151345046193e-03
3.405542130307897e-03
4.478499528392387e-03
5.885917959393156e-03
7.728327433152573e-03
1.014462309639114e-02
1.331178874560390e-02
1.744012355572098e-02
2.282265325135424e-02
2.981718046899747e-02
3.889645567342175e-02
5.064257207807695e-02
6.573513822143152e-02
8.492778893629432e-02
1.092227615378233e-01
1.394884327014786e-01
1.768095539053099e-01
2.222401209813821e-01
2.766213962815748e-01
3.403887327608366e-01
4.130520186811731e-01
4.931531220997497e-01
5.782195288869721e-01
6.644373242481749e-01
7.473391501255404e-01
8.223366163017368e-01
8.855779749137688e-01
9.364206505376534e-01
9.920195204695954e-01
###5.200000000000000e+00
1.615006058000165e-10
3.819408480413350e-09
-5.079809818772052e-10
7.545282570983026e-10
8.157935766169507e-10
1.383264297007998e-09
1.385256845842316e-09
1.539705360806965e-09
1.473380222294518e-09
1.602220129975188e-09
1.659714266695205e-09
3.062388364022387e-09
1.893924495692743e-09
1.917853375652281e-09
1.992438150171056e-09
2.160442398007300e-09
2.330771127851740e-09
2.550468216706735e-09
2.845837115056935e-09
3.232845021475750e-09
3.717296540611208e-09
4.315924668423166e-09
5.196794352791552e-09
6.315522124858022e-09
7.778849078975600e-09
9.716904299525711e-09
1.222729222524445e-08
1.553639254593614e-08
2.002950918571418e-08
2.568218722001236e-08
3.342725559581968e-08
4.381613400776937e-08
5.757088593184227e-08
7.576758487406720e-08
1.000515827763547e-07
1.322148091294805e-07
1.747262432401380e-07
2.311130795721653e-07
3.059881894515599e-07
4.050234768993883e-07
5.360497881155803e-07
7.092039748191850e-07
9.389903510077009e-07
1.243085531015690e-06
1.644192497718111e-06
2.174153964709234e-06
2.876350261995580e-06
3.800646497486019e-06
5.019221027323957e-06
6.640283238944350e-06
8.770140090838253e-06
1.158995657645303e-05
1.529626520846524e-05
2.022111459888857e-05
2.663122617338898e-05
3.511451358054011e-05
4.624537347155555e-05
6.104666303614686e-05
8.048545445398158e-05
1.060028278964290e-04
1.398186588045685e-04
1.841886486232071e-04
2.427663510745101e-04
3.202571059115184e-04
4.212234033552458e-04
5.548774209583665e-04
7.303258619212955e-04
9.615511070081842e-04
1.264928427465503e-03
1.667937502836504e-03
2.196689052391369e-03
2.892885563273435e-03
3.806851130642703e-03
5.010039296300983e-03
6.588107209421941e-03
8.654708759208048e-03
1.136003728845921e-02
1.490416091377253e-02
1.951752811440264e-02
2.552083017356683e-02
3.330401390727106e-02
4.337608780282286e-02
5.635964165944504e-02
7.297361288818088e-02
9.399433057645441e-02
1.204541651793356e-01
1.531996320274362e-01
1.932811757319930e-01
2.416442016989976e-01
2.989575615441304e-01
3.654628981387827e-01
4.403093056856089e-01
5.216859561715563e-01
6.068014979262303e-01
6.916080212068183e-01
7.716079953059719e-01
8.424188662732744e-01
9.006466707962614e-01
9.460146444430341e-01
9.933790837121742e-01
###5.600000000000001e+00
1.951313827899547e-10
3.886765736967785e-09
-4.259187524151938e-10
8.503739310361409e-10
9.480158129829673e-10
1.571552839156745e-09
1.560388690602719e-09
1.742196593269282e-09
1.687419844319144e-09
1.817624845598584e-09
1.888329585771055e-09
3.215984395696115e-09
2.152902838649627e-09
2.196181587150424e-09
2.286079826457347e-09
2.466383133962131e-09
2.659836730473395e-09
2.898295913034484e-09
3.231659790708594e-09
3.651667601740099e-09
4.185088391285309e-09
4.854846214171138e-09
5.810502000413663e-09
7.031985667498651e-09
8.622438937188261e-09
1.072612202209995e-08
1.346364678826358e-08
1.706907052865514e-08
2.193878183717122e-08
2.811564271731382e-08
3.646695430523240e-08
4.773103965382507e-08
6.266527092115258e-08
8.244742207882476e-08
1.088065634764437e-07
1.437570129619695e-07
1.899681824287321e-07
2.512894393284242e-07
3.327529841812229e-07
4.405395665805785e-07
5.832096993906556e-07
7.718143320910578e-07
1.022305072001312e-06
1.354019896176361e-06
1.791460837789425e-06
2.370196252711616e-06
3.137416360862104e-06
4.147896746422397e-06
5.482018427186792e-06
7.256496247301051e-06
9.589803187273024e-06
1.268247694697160e-05
1.675058196979636e-05
2.216056635703714e-05
2.920965801834589e-05
3.854705352286089e-05
5.080957667114085e-05
6.714379879472747e-05
8.861250401543685e-05
1.168281306316842e-04
1.542654087933871e-04
2.034536882817371e-04
2.684628454950321e-04
3.545774124196291e-04
4.668945537842779e-04
6.157611299032176e-04
8.113787207395235e-04
1.069447277044334e-03
1.408351115971640e-03
1.858907802946059e-03
2.450449014748523e-03
3.229816111216924e-03
4.253165898865545e-03
5.600361054999856e-03
7.366789208536451e-03
9.679575369312996e-03
1.270228510264529e-02
1.665824374469469e-02
2.179919020023473e-02
2.847489102198420e-02
3.710602447322515e-02
4.824070158293112e-02
6.253809173028553e-02
8.075401447920386e-02
1.036811631855307e-01
1.323766383439041e-01
1.676453886345773e-01
2.104916348559792e-01
2.617332413544666e-01
3.218639211326698e-01
3.908889113316123e-01
4.676111273441753e-01
5.498916057821637e-01
6.346416629432012e-01
7.176465760050263e-01
7.944475869823507e-01
8.609386295737960e-01
9.142484196524593e-01
9.544847233280256e-01
9.945473653374222e-01
###6.000000000000001e+00
2.393525480926536e-10
3.917816574969512e-09
-3.338983702745524e-10
9.497235810457787e-10
1.074043907659306e-09
1.767555505332718e-09
1.760737565697743e-09
1.962808463664274e-09
1.924209397697169e-09
2.055086764944387e-09
2.135110707026267e-09
3.396247928087081e-09
2.435710349268244e-09
2.497580368560397e-09
2.604818280246853e-09
2.806148834243151e-09
3.019899952546102e-09
3.292543297177672e-09
3.657276485984158e-09
4.119810741099716e-09
4.705683303498677e-09
5.449149045886439e-09
6.494570197493463e-09
7.822018693642432e-09
9.553224435101590e-09
1.184097584469548e-08
1.482318374753686e-08
1.875098103081879e-08
2.403256725163771e-08
3.077987670982877e-08
3.979817322589356e-08
5.201479687278046e-08
6.823715680214908e-08
8.974835877230507e-08
1.183719309620597e-07
1.563671401222758e-07
2.066062771059347e-07
2.733259205173820e-07
3.619870213420391e-07
4.793403698360389e-07
6.347589035901991e-07
8.403305110031246e-07
1.113464762062105e-06
1.475434373577525e-06
1.952848795832626e-06
2.585186640281764e-06
3.423824845225009e-06
4.529086497185036e-06
5.990466209672017e-06
7.934260597729572e-06
1.049165940480428e-05
1.388591173913678e-05
1.835396632546210e-05
2.430073473512221e-05
3.205737292995043e-05
4.234144233884654e-05
5.585947177352127e-05
7.389397367428885e-05
9.762075809557364e-05
1.288365448071317e-04
1.703015725491545e-04
2.248537351296893e-04
2.970214783020060e-04
3.927415288938963e-04
5.177022327218075e-04
6.834992563202367e-04
9.015964811148542e-04
1.189551698877654e-03
1.567993339170485e-03
2.071416267070510e-03
2.732703249240758e-03
3.604128508181238e-03
4.748373988899938e-03
6.254452445777192e-03
8.228315115706377e-03
1.081116682624748e-02
1.418107442366319e-02
1.858574145193591e-02
2.429853179973362e-02
3.169977345003785e-02
4.124059788330892e-02
5.350848682354228e-02
6.919706836609245e-02
8.909276886473369e-02
1.140019177228764e-01
1.449876138528363e-01
1.828188809590134e-01
2.284222374144520e-01
2.824776588811277e-01
3.452825067579147e-01
4.165901051355284e-01
4.948777528623825e-01
5.776834090783184e-01
6.616662380911033e-01
7.425041945120706e-01
8.158489254547198e-01
8.779383403524224e-01
9.264507925721204e-01
9.619063380501746e-01
9.955418928239194e-01
###6.400000000000001e+00
3.106835199135584e-10
3.946603449301816e-09
-2.467355284390533e-10
1.053116028417697e-09
1.234640838108522e-09
1.983735927861327e-09
1.991859392801265e-09
2.208086712661459e-09
2.160885187475788e-09
2.313145855225135e-09
2.420496559368760e-09
3.617820192529445e-09
2.743292141723559e-09
2.825514240578226e-09
2.956786084399644e-09
3.178433094641860e-09
3.417694634421031e-09
3.722830306282854e-09
4.130026160405390e-09
4.643306950822997e-09
5.287843219863639e-09
6.105703007294161e-09
7.243218156499929e-09
8.691633880202312e-09
1.058057523358199e-08
1.307056824433531e-08
1.629973734579064e-08
2.059849579555025e-08
2.632933891963049e-08
3.369886408465751e-08
4.351791925049483e-08
5.670670845084944e-08
7.433337439505434e-08
9.772425059288881e-08
1.288262296930157e-07
1.701496754368056e-07
2.247894651457743e-07
2.973951694156595e-07
3.939250709863089e-07
5.217593984677045e-07
6.911172739764758e-07
9.152792160510762e-07
1.213272040802458e-06
1.608320496392420e-06
2.129811852933506e-06
2.821031092669771e-06
3.738122613182495e-06
4.947792685539974e-06
6.549147502456351e-06
8.679563011526231e-06
1.148480734280165e-05
1.521180833921225e-05
2.012161988975452e-05
2.666291959539915e-05
3.520302964924963e-05
4.653706994949074e-05
6.145072035901765e-05
8.137128430208806e-05
1.076055381791163e-04
1.421572767595169e-04
1.881018610405065e-04
2.486170046001704e-04
3.287627119904244e-04
4.351687780785603e-04
5.742199793392424e-04
7.588573336538579e-04
1.001941310760359e-03
1.323106886724407e-03
1.745417018491258e-03
2.307514851483670e-03
3.045963707384311e-03
4.019091024380170e-03
5.296827684757179e-03
6.977804367826451e-03
9.179277197395705e-03
1.205729208441971e-02
1.580634434472320e-02
2.069803543796124e-02
2.702955807848584e-02
3.521085362577525e-02
4.572541495414004e-02
5.919607855475454e-02
7.635017232095849e-02
9.800200997802155e-02
1.249633481839471e-01
1.582948169392303e-01
1.987096153472164e-01
2.470455529377795e-01
3.038295779583203e-01
3.691497617424014e-01
4.424933965557909e-01
5.220176441123464e-01
6.049698063595221e-01
6.877952139009614e-01
7.661314819456664e-01
8.358040104739487e-01
8.934604947785864e-01
9.373295384175222e-01
9.683596530144823e-01
9.963989950196801e-01
###6.800000000000002e+00
3.548049007222547e-10
4.023380979031994e-09
-1.598438640670922e-10
1.206499703842957e-09
1.405563777544458e-09
2.219444480696183e-09
2.245393273739953e-09
2.476060813054241e-09
2.440418762588594e-09
2.597805830225892e-09
2.720992522545230e-09
3.869030593720224e-09
3.086039178816708e-09
3.185195304592881e-09
3.337226980616974e-09
3.579838825655314e-09
3.854459386947386e-09
4.203646973400819e-09
4.646153059364252e-09
5.213623854406696e-09
5.908421361411674e-09
6.829795441072271e-09
8.066729647255290e-09
9.650231666341227e-09
1.171092194110977e-08
1.442126506074090e-08
1.792985395809795e-08
2.262509322988859e-08
2.884696168513116e-08
3.689041321923667e-08
4.759527319675632e-08
6.185601313773447e-08
8.100335067890374e-08
1.064357005071099e-07
1.401814667173954e-07
1.851952953320865e-07
2.446732800596068e-07
3.237004471352965e-07
4.288189115041057e-07
5.681568047081885e-07
7.527915855020790e-07
9.973098500086549e-07
1.322596609100555e-06
1.753715584551704e-06
2.323846668105531e-06
3.079714909394729e-06
4.083126593473601e-06
5.407949208666234e-06
7.163600697664574e-06
9.499775514391256e-06
1.257830541719760e-05
1.667318614576428e-05
2.207191855560500e-05
2.927126529818115e-05
3.867946089207608e-05
5.117775440727094e-05
6.763680727556442e-05
8.965239077675988e-05
1.186730995116786e-04
1.569346531756100e-04
2.078581096394634e-04
2.750093900889935e-04
3.640225243041071e-04
4.823051187565524e-04
6.370132243654664e-04
8.426003518984265e-04
1.113407676859562e-03
1.471431629809867e-03
1.942400111416380e-03
2.569430327739372e-03
3.393177587097315e-03
4.478616926035630e-03
5.903145124429363e-03
7.776250710208437e-03
1.022707874272815e-02
1.342693154440007e-02
1.758847241955828e-02
2.300787904311851e-02
3.000660317940149e-02
3.902393586003451e-02
5.057654110059142e-02
6.532040291371440e-02
8.401368270734777e-02
1.074957615787724e-01
1.365719241978045e-01
1.722943929760938e-01
2.152994486010283e-01
2.663304153320092e-01
3.257389604168132e-01
3.933967840556506e-01
4.685151775665887e-01
5.489437424510042e-01
6.316832226215026e-01
7.129665335937031e-01
7.884934805884687e-01
8.543200628187979e-01
9.075420452368312e-01
9.469588798656002e-01
9.739273579575987e-01
9.971135186971122e-01
###7.200000000000002e+00
4.213252479287010e-10
4.114386095249582e-09
-2.620345501311512e-11
1.330460432736497e-09
1.581485509201414e-09
2.457774959563494e-09
2.516576149495323e-09
2.768466250105399e-09
2.745845060101259e-09
2.914532408791355e-09
3.048413114718495e-09
4.148661654685571e-09
3.456452036756232e-09
3.583135649828602e-09
3.751506214252635e-09
4.026531722196065e-09
4.343391712740144e-09
4.725917877853711e-09
5.215826293533357e-09
5.843842622210890e-09
6.613993070554203e-09
7.627348818239263e-09
8.975724708161605e-09
1.070564718641987e-08
1.295481818737455e-08
1.590717573886809e-08
1.973889728833005e-08
2.484889980612849e-08
3.160993581081583e-08
4.038311846202911e-08
5.205568583279612e-08
6.749194739774344e-08
8.829682945232855e-08
1.159644659057627e-07
1.526751708869270e-07
2.016467487249192e-07
2.664156924000178e-07
3.524690231493055e-07
4.669960310472614e-07
6.188915187987570e-07
8.202635589845210e-07
1.087120746831941e-06
1.442311860407007e-06
1.913216194107701e-06
2.536617240531714e-06
3.363802881899906e-06
4.462103074986561e-06
5.913621009739528e-06
7.839425506117676e-06
1.040259834323879e-05
1.378335232213796e-05
1.828513968516732e-05
2.422441699929115e-05
3.215195231788673e-05
4.252217397281510e-05
5.631101450038749e-05
7.448735165944154e-05
9.882680033689008e-05
1.309403269697862e-04
1.733209775600501e-04
2.297809562367119e-04
3.043010609564710e-04
4.031621586367914e-04
5.346450991173638e-04
7.067336870820248e-04
9.355490418199866e-04
1.237132441375537e-03
1.635990316658404e-03
2.160788476193458e-03
2.859524579997949e-03
3.777356556164688e-03
4.986502174012549e-03
6.572443130276948e-03
8.655768038174470e-03
1.137900285826127e-02
1.492959768914629e-02
1.953828983457902e-02
2.552753574062475e-02
3.324300457065574e-02
4.315361752098922e-02
5.580978340692379e-02
7.189734616963379e-02
9.220430282396860e-02
1.175829308348061e-01
1.488328979899321e-01
1.869759137047099e-01
2.325705011704584e-01
2.862388928294385e-01
3.481562736604387e-01
4.179534538145563e-01
4.945698342446467e-01
5.755627879302319e-01
6.577047104890499e-01
7.371036098724291e-01
8.095557337290782e-01
8.714039769269998e-01
9.202345801006425e-01
9.554191426810166e-01
9.786886078960514e-01
9.977014575057790e-01
###7.600000000000002e+00
4.481030958096796e-10
4.124722271878407e-09
3.848314033898483e-11
1.398757964938768e-09
1.681241858914219e-09
2.559528769216416e-09
2.628975263079348e-09
2.900547682229705e-09
2.890093998503450e-09
3.083097273078208e-09
3.233611111270284e-09
4.298097112978514e-09
3.691291265495051e-09
3.849654068252837e-09
4.047369804697546e-09
4.349468679826701e-09
4.702806779152318e-09
5.134282051140995e-09
5.675899651396835e-09
6.365790091007367e-09
7.218735838061095e-09
8.330360414467129e-09
9.800177781890357e-09
1.169406075098949e-08
1.414343717630329e-08
1.736159192217847e-08
2.153777061618273e-08
2.710218456984725e-08
3.445143474473914e-08
4.401639265772165e-08
5.673702216835074e-08
7.356522588012873e-08
9.618184015638896e-08
1.262895577564639e-07
1.662511846483702e-07
2.195368137349137e-07
2.900985000124042e-07
3.838707141294508e-07
5.086824868939859e-07
6.743179107053333e-07
8.940348332673705e-07
1.185463774327247e-06
1.573432838649902e-06
2.088013115405382e-06
2.770035153066474e-06
3.675496293840507e-06
4.878168547158743e-06
6.469714342077106e-06
8.583024524752203e-06
1.139687022978715e-05
1.511158342689880e-05
2.006238701176217e-05
2.660007557637041e-05
3.533095106675988e-05
4.676957283227112e-05
6.198742077502577e-05
8.206833241410410e-05
1.089872692428189e-04
1.445343934771252e-04
1.914839416161243e-04
2.540947496272977e-04
3.367991934974094e-04
4.465976238345111e-04
5.927149375617002e-04
7.840724504751285e-04
1.038648532621191e-03
1.374313664532053e-03
1.818324927878537e-03
2.402623066971451e-03
3.180481871679799e-03
4.201906124978627e-03
5.546951388045249e-03
7.309622115585329e-03
9.622926094500186e-03
1.264302671168049e-02
1.657424267114382e-02
2.166672488593137e-02
2.826942369839585e-02
3.675286118133018e-02
4.761765710705657e-02
6.144218655214962e-02
7.894290195384301e-02
1.009325973165138e-01
1.282742358654730e-01
1.617455381223621e-01
2.023332069402352e-01
2.505025715669020e-01
3.067340517084191e-01
3.710210425446234e-01
4.427461497993855e-01
5.205729519962469e-01
6.017868337085438e-01
6.829625501672066e-01
7.601543804524304e-01
8.292930221202801e-01
8.870794204702593e-01
9.316061570426861e-01
9.627972034010280e-01
9.827276575604731e-01
9.981884599542952e-01
###8.000000000000002e+00
4.803926367422664e-10
4.131840287878024e-09
8.406381125230186e-11
1.463308258440923e-09
1.745174078044838e-09
2.606384122239591e-09
2.689743016387358e-09
2.983303358910636e-09
2.984599372820159e-09
3.204537761928687e-09
3.377798617845573e-09
4.405209320458350e-09
3.885511018461883e-09
4.073695871581626e-09
4.311637697892817e-09
4.637785636393878e-09
5.031518615982193e-09
5.515078290578497e-09
6.107787624524393e-09
6.869630963588547e-09
7.811464434917049e-09
9.028222002841560e-09
1.063270543304310e-08
1.269622559493448e-08
1.537075216720501e-08
1.887289955751092e-08
2.342804882626748e-08
2.948440008164994e-08
3.747989893471081e-08
4.790880760522141e-08
6.176921442389177e-08
8.014077602627624e-08
1.047401605535454e-07
1.375062802091580e-07
1.810299460517868e-07
2.390446120580856e-07
3.159291685929419e-07
4.181729641209052e-07
5.542394207995942e-07
7.349287395132771e-07
9.747746956025098e-07
1.293166886927569e-06
1.717116049470929e-06
2.279729767352111e-06
3.026206931437808e-06
4.017700719501300e-06
5.335351000814957e-06
7.081528886585410e-06
9.401394589715271e-06
1.249226778339205e-05
1.657624916015599e-05
2.202591710493195e-05
2.922298220209387e-05
3.884310202746006e-05
5.146584577260138e-05
6.826680638776467e-05
9.046210959297248e-05
1.202389229381854e-04
1.595976520014477e-04
2.116207759464394e-04
2.810510456858925e-04
3.728279077366985e-04
4.947477629642169e-04
6.571124993754528e-04
8.698283180724146e-04
1.152931262604973e-03
1.526235725922992e-03
2.020136692289152e-03
2.670005736013108e-03
3.534966797466368e-03
4.670528863603187e-03
6.164256651300669e-03
8.120354347835956e-03
1.068458017441761e-02
1.402719754368261e-02
1.837112474613630e-02
2.398674553607466e-02
3.124783342689150e-02
4.055221029241707e-02
5.243095043196551e-02
6.748892340838325e-02
8.647259584994167e-02
1.102136790626956e-01
1.395758452796989e-01
1.753097793565932e-01
2.183622659679106e-01
2.690613566499055e-01
3.277760855865421e-01
3.942744351925582e-01
4.676926654276982e-01
5.464248865742206e-01
6.275208439220760e-01
7.073833533661263e-01
7.820717506855844e-01
8.477008100098716e-01
9.013779085970816e-01
9.417234545888944e-01
9.691811518201904e-01
9.861197474119824e-01
9.985892967296872e-01
###8.400000000000002e+00
5.096935779031274e-10
4.151109358913082e-09
1.296181504730373e-10
1.508607357825314e-09
1.802597319346467e-09
2.665963317165878e-09
2.750656789465947e-09
3.056339446860070e-09
3.087090693870301e-09
3.327793165984561e-09
3.525502027374754e-09
4.524601735838959e-09
4.080998900213497e-09
4.304733049716135e-09
4.578709862643294e-09
4.941304824448162e-09
5.376784886459055e-09
5.934083082812257e-09
6.566403100518326e-09
7.402872767578371e-09
8.435210841058031e-09
9.771699358259573e-09
1.152214681583314e-08
1.377374531088225e-08
1.668929499689057e-08
2.050494489761318e-08
2.547089991521022e-08
3.206443853666261e-08
4.076339274953943e-08
5.213643133321558e-08
6.724196438432850e-08
8.728547575779906e-08
1.140628001013739e-07
1.497465338746327e-07
1.971492739399824e-07
2.603330707065892e-07
3.441521520577104e-07
4.556559037702479e-07
6.040564036995100e-07
8.012508897314914e-07
1.063191796279403e-06
1.411178053537108e-06
1.874606714575254e-06
2.490103253994003e-06
3.307495443247859e-06
4.393887161614023e-06
5.838289142169259e-06
7.754647548845766e-06
1.030256337240501e-05
1.369927223162863e-05
1.819157339689551e-05
2.419344659165210e-05
3.211982437471358e-05
4.272448950363684e-05
5.665614539021103e-05
7.521474709033000e-05
9.976124042936501e-05
1.326983021401084e-04
1.762833204893654e-04
2.339270723481238e-04
3.109157126611661e-04
4.127474965880695e-04
5.481010964934511e-04
7.284381351210001e-04
9.647869009101878e-04
1.279412359779194e-03
1.694303814905932e-03
2.243217249046424e-03
2.965284711660872e-03
3.925945308691875e-03
5.186674299498337e-03
6.843352807201751e-03
9.010379891521906e-03
1.184742404878735e-02
1.554036780009521e-02
2.033039822579432e-02
2.651066184864491e-02
3.447559640011269e-02
4.465564536647872e-02
5.760918995709070e-02
7.396747710154306e-02
9.450045610351075e-02
1.200566899344879e-01
1.514934818029007e-01
1.895232719671121e-01
2.350227436442228e-01
2.882294705897249e-01
3.493113802838171e-01
4.178468148886108e-01
4.927177657156158e-01
5.720521328141630e-01
6.526816023917205e-01
7.308948000432937e-01
8.028047607877591e-01
8.647763021244592e-01
9.143457383719743e-01
9.506621369432557e-01
9.746616431037410e-01
9.889425970610787e-01
9.989144941203749e-01
###8.800000000000002e+00
5.332534938745970e-10
4.150098481208127e-09
1.695723794772521e-10
1.546035081466225e-09
1.847237752908835e-09
2.719510254412674e-09
2.821854208317313e-09
3.124636726294308e-09
3.186632203515289e-09
3.457260057047383e-09
3.678540807219932e-09
4.653851474006756e-09
4.287915664588993e-09
4.548762194138773e-09
4.855443788668168e-09
5.261237579449934e-09
5.735396676714860e-09
6.348763903129202e-09
7.049351556941383e-09
7.968223769458954e-09
9.104479007399407e-09
1.056579847804079e-08
1.247431269343499e-08
1.492909545879890e-08
1.810329123828215e-08
2.226311177493353e-08
2.767713125153893e-08
3.485778687783425e-08
4.432605565024268e-08
5.672714661580010e-08
7.319063518810183e-08
9.505812777408991e-08
1.242156025995195e-07
1.630801946696331e-07
2.147368966735573e-07
2.835823257440025e-07
3.749792847397228e-07
4.966212412911149e-07
6.585596320654324e-07
8.738631005935345e-07
1.160064860960555e-06
1.540557476745563e-06
2.047399507641428e-06
2.721041118802720e-06
3.616420451811194e-06
4.807226800389251e-06
6.391619769861147e-06
8.495603288173663e-06
1.129517636246290e-05
1.502984028246094e-05
1.997328123015964e-05
2.658486119601458e-05
3.531913197932805e-05
4.701456339733835e-05
6.239630637744160e-05
8.290048033650074e-05
1.100860679756615e-04
1.464921531205124e-04
1.947553410379620e-04
2.586306624687204e-04
3.439876063849664e-04
4.569613211560359e-04
6.071923090426706e-04
8.073956343839937e-04
1.069862297094007e-03
1.419253942349851e-03
1.880036012330985e-03
2.489502513033877e-03
3.290957615685032e-03
4.356606619256079e-03
5.754227141068988e-03
7.588725345338135e-03
9.985799252666678e-03
1.311867796735149e-02
1.719096699087060e-02
2.246429108975169e-02
2.924743599846929e-02
3.796631398660134e-02
4.907698065608807e-02
6.316658495466278e-02
8.088628338005840e-02
1.030392572970617e-01
1.304705456035444e-01
1.640285395288748e-01
2.043769780914077e-01
2.523086892928151e-01
3.079618248233549e-01
3.712924624977741e-01
4.416747733612776e-01
5.177339545021615e-01
5.973586705703340e-01
6.771874729949627e-01
7.534416849519451e-01
8.223285329835218e-01
8.805277960853793e-01
9.260317296660853e-01
9.585065038088021e-01
9.793271620705790e-01
9.912714472537526e-01
9.991663069524810e-01
###9.200000000000003e+00
5.591394125339168e-10
4.150683035162895e-09
2.064384070623624e-10
1.590189006374503e-09
1.895683507540521e-09
2.771493191048766e-09
2.883354630202529e-09
3.200445267786296e-09
3.295199137688474e-09
3.584688627210292e-09
3.833312810908371e-09
4.784407280048848e-09
4.500694085214238e-09
4.795095168712432e-09
5.141563015184339e-09
5.583434777743396e-09
6.117969307133592e-09
6.786790551584015e-09
7.564435446813032e-09
8.566141397547776e-09
9.815931222828213e-09
1.141580355175026e-08
1.349791111403928e-08
1.616784505938204e-08
1.963071585657849e-08
2.416175016403611e-08
3.006212255336985e-08
3.787957737909631e-08
4.819391786561066e-08
6.171116394228870e-08
7.965988020303581e-08
1.035160479032766e-07
1.352764395315270e-07
1.776148083849938e-07
2.339323666897491e-07
3.089659131237290e-07
4.086663059621130e-07
5.414310406028645e-07
7.181852477311741e-07
9.533707304778637e-07
1.266218031740090e-06
1.682369034037165e-06
2.237035551434991e-06
2.974803734473558e-06
3.956026045451650e-06
5.261794331344074e-06
7.000438165739198e-06
9.311586464059712e-06
1.238894919222789e-05
1.649657982014829e-05
2.193822054162351e-05
2.922421436466366e-05
3.885197390434852e-05
5.175518890053566e-05
6.874321461280336e-05
9.140206047254485e-05
1.215055911446348e-04
1.617575239783384e-04
2.152007052691488e-04
2.859807703876795e-04
3.806118128607890e-04
5.058940722342097e-04
6.725605933718899e-04
8.947294528126439e-04
1.186006852763538e-03
1.573743947165941e-03
2.085030572764279e-03
2.761049169597749e-03
3.649563485346496e-03
4.830324182496844e-03
6.377477989572457e-03
8.405786051518026e-03
1.105273379212532e-02
1.450662664841948e-02
1.898861158518197e-02
2.478124012772044e-02
3.221128817957372e-02
4.173312960450327e-02
5.383159414813625e-02
6.911683972850828e-02
8.826297761988672e-02
1.120991235363220e-01
1.414622683111509e-01
1.771814823940497e-01
2.198582493784923e-01
2.702026319863271e-01
3.282207375322911e-01
3.936619884606363e-01
4.656865247992259e-01
5.426622331238570e-01
6.222625175113461e-01
7.009673525123042e-01
7.749617199202868e-01
8.406298034812530e-01
8.949818893483716e-01
9.365003433928433e-01
9.653430655779869e-01
9.832677053028033e-01
9.931732527929382e-01
9.993697693321165e-01
###9.600000000000003e+00
5.865444243451038e-10
4.155212904364694e-09
2.696317206928120e-10
1.627235284615911e-09
1.948462375148811e-09
2.835392764202892e-09
2.955193567550194e-09
3.280396732483717e-09
3.402674893080583e-09
3.714991904162249e-09
3.996840272725213e-09
4.926973045730431e-09
4.719769996179046e-09
5.051815200042112e-09
5.439844842906655e-09
5.929535508944166e-09
6.517211129001310e-09
7.246139238465440e-09
8.106906330113189e-09
9.201116789654298e-09
1.057369268093396e-08
1.229527330040454e-08
1.458876972662657e-08
1.749923389430263e-08
2.127464054740766e-08
2.620970082710468e-08
3.264054890312300e-08
4.115123319178547e-08
5.238596465607430e-08
6.712862254919280e-08
8.669698039801875e-08
1.127216522463742e-07
1.473267151690356e-07
1.934673180403632e-07
2.548741645789225e-07
3.367142034781230e-07
4.454854799728711e-07
5.904372668798946e-07
7.834727999096100e-07
1.040448914333715e-06
1.382563041064377e-06
1.837978089719616e-06
2.445169632319428e-06
3.253497512550475e-06
4.329266920248984e-06
5.761782574541499e-06
7.670840674837911e-06
1.021007249185507e-05
1.359400328269755e-05
1.811392108004568e-05
2.410631792492414e-05
3.213373738801245e-05
4.275467169862571e-05
5.699341779995446e-05
7.575981469971666e-05
1.008079571813138e-04
1.341276556578267e-04
1.786419641327485e-04
2.378148896340070e-04
3.162310062945369e-04
4.211068127185217e-04
5.600001619798002e-04
7.447916188063224e-04
9.912294783236146e-04
1.314245845325030e-03
1.744217850377025e-03
2.310999099856603e-03
3.060099005285448e-03
4.043951288514354e-03
5.350443884904888e-03
7.060771053373108e-03
9.299999078729242e-03
1.221817360881618e-02
1.601925747135173e-02
2.094258100135303e-02
2.729272579818875e-02
3.541348845297925e-02
4.579061252738952e-02
5.893313313359223e-02
7.547435138646556e-02
9.611507497444011e-02
1.216919072546317e-01
1.530373746168758e-01
1.909470906015629e-01
2.359659530639303e-01
2.886773388780613e-01
3.489651482515154e-01
4.163623013014910e-01
4.898003663672406e-01
5.674182851866759e-01
6.466805551133933e-01
7.239459448886463e-01
7.954184158954415e-01
8.576959441485060e-01
9.081752519495917e-01
9.458168180949601e-01
9.712544304527844e-01
9.865668591896364e-01
9.947103497820794e-01
9.995280527516636e-01
###1.000000000000000e+01
6.185723700823342e-10
4.166939906468823e-09
3.046709313244727e-10
1.679647201443275e-09
2.007066323083517e-09
2.895798553747989e-09
3.039077552761487e-09
3.365718841485743e-09
3.512114316515947e-09
3.853191900607915e-09
4.160307593757691e-09
5.080079840898822e-09
4.952681255341773e-09
5.317330342080611e-09
5.747532630744222e-09
6.287499033716137e-09
6.936756541254056e-09
7.730787684882963e-09
8.678514945143247e-09
9.878892375309533e-09
1.137698729309700e-08
1.326300265404296e-08
1.575877014701925e-08
1.893009189482529e-08
2.304445715395153e-08
2.841875423082199e-08
3.543169336313780e-08
4.470125697926524e-08
5.693838323325182e-08
7.301126511215152e-08
9.434589324398229e-08
1.227351547019771e-07
1.604549097055125e-07
2.107707041743224e-07
2.777444454942613e-07
3.670258594918429e-07
4.857431679022904e-07
6.440590454048863e-07
8.549966669848547e-07
1.135901931125864e-06
1.510176810674760e-06
2.008667517517235e-06
2.673708141221118e-06
3.559549574494883e-06
4.739528779558222e-06
6.311895570060382e-06
8.408345882959769e-06
1.119985536684896e-05
1.492022961864723e-05
1.989790745271448e-05
2.649924363135623e-05
3.534576017343767e-05
4.706367508244821e-05
6.278012630128680e-05
8.351510187519310e-05
1.112078178980964e-04
1.480824500040172e-04
1.973218555838249e-04
2.628301466840716e-04
3.496774172474655e-04
4.658687945580283e-04
6.198020422562549e-04
8.245728318551526e-04
1.097742994632519e-03
1.455676521361165e-03
1.932086787191877e-03
2.559769185585797e-03
3.388927732124086e-03
4.477081384091054e-03
5.920858320357059e-03
7.808843690992912e-03
1.027731182857967e-02
1.348873086185866e-02
1.766477447414276e-02
2.306259562987985e-02
3.000891158493783e-02
3.886741634306984e-02
5.015172638443673e-02
6.439653070093797e-02
8.225711413918603e-02
1.044524800996932e-01
1.318252291770923e-01
1.651981799943754e-01
2.053277945979270e-01
2.526923089848618e-01
3.077039161030770e-01
3.701476769892946e-01
4.393273888188499e-01
5.139527792226442e-01
5.919304222197744e-01
6.705345270746735e-01
7.460573997719678e-01
8.147759354515157e-01
8.735279378626225e-01
9.201414276758501e-01
9.540541947293171e-01
9.763274647000509e-01
9.893043222002403e-01
9.959411289263513e-01
9.996488248504387e-01
###1.040000000000000e+01
6.512818851774172e-10
4.149422518432544e-09
3.517770319682898e-10
1.726917258902758e-09
2.064554923366106e-09
2.954548847673387e-09
3.122406290500675e-09
3.453592574698436e-09
3.626141363027319e-09
3.990099252235255e-09
4.330624295138091e-09
5.240603265977104e-09
5.189021682190776e-09
5.597860914608988e-09
6.071416407606487e-09
6.660920121763941e-09
7.375702858904727e-09
8.244335305112787e-09
9.283776506297379e-09
1.059449843361671e-08
1.223222597517297e-08
1.429532819362299e-08
1.700931463304781e-08
2.046444693261485e-08
2.494929176649166e-08
3.080408284204210e-08
3.844579612374438e-08
4.854805039902247e-08
6.187311845151274e-08
7.940460232678904e-08
1.026673255643482e-07
1.336429933772140e-07
1.747673194645847e-07
2.296404077656114e-07
3.027246523065812e-07
4.001482094736365e-07
5.297639576705555e-07
7.027529069542880e-07
9.335228889722598e-07
1.240516881591545e-06
1.650124631548569e-06
2.196073365656825e-06
2.924640060757400e-06
3.896113444903367e-06
5.190721507356012e-06
6.917207235401823e-06
9.220350946434141e-06
1.229049238688145e-05
1.638238130597735e-05
2.186466127420586e-05
2.913960015777060e-05
3.889245622889054e-05
5.182355300515576e-05
6.917425914033552e-05
9.208256945501784e-05
1.227036655476488e-04
1.634969853236558e-04
2.179637509236282e-04
2.904746162767220e-04
3.866317054831329e-04
5.153171266276001e-04
6.858283683761490e-04
9.126415277883390e-04
1.215179948941019e-03
1.611570101647222e-03
2.138874798545921e-03
2.833335270730306e-03
3.750083781190250e-03
4.952155900005338e-03
6.545453885747793e-03
8.626471194156124e-03
1.134340341583923e-02
1.487229135640623e-02
1.945197508015103e-02
2.535897138498279e-02
3.294266070429484e-02
4.258554109687179e-02
5.483157946731020e-02
7.024117622658320e-02
8.947528362924841e-02
1.132850038753119e-01
1.425093160074037e-01
1.779458306281590e-01
2.203096032511976e-01
2.699926457793325e-01
3.272448444726960e-01
3.917177885361368e-01
4.624897643857092e-01
5.380568755633532e-01
6.161034948483525e-01
6.937487118157455e-01
7.672424545224269e-01
8.329995386625164e-01
8.881423865406478e-01
9.309348046014605e-01
9.612867095677914e-01
9.806475398475889e-01
9.915557197099912e-01
9.969152685204307e-01
9.997435815238823e-01
###1.080000000000000e+01
6.843354134817735e-10
4.176770694788713e-09
3.921737511606792e-10
1.776908329536695e-09
2.099100795596630e-09
3.022576299230398e-09
3.195453444166320e-09
3.543340284864599e-09
3.750031520817793e-09
4.140262038556679e-09
4.507820495387281e-09
5.412768772875290e-09
5.435087971711410e-09
5.888557347037152e-09
6.408394539643472e-09
7.059457979554430e-09
7.836334230154954e-09
8.782286526511859e-09
9.924354444371639e-09
1.135388753087128e-08
1.314227106518107e-08
1.539725691584634e-08
1.834959960868983e-08
2.211241388328357e-08
2.700160237275840e-08
3.337984601658037e-08
4.170634877707340e-08
5.271583082353556e-08
6.723055460608937e-08
8.635361358837748e-08
1.117224993612180e-07
1.455179991595192e-07
1.903760523104255e-07
2.502307931534610e-07
3.299960389515965e-07
4.363571877715143e-07
5.779622976646042e-07
7.670081929444595e-07
1.019535482659092e-06
1.355249714729283e-06
1.803634211799009e-06
2.401826121553699e-06
3.200341424117902e-06
4.266024978365188e-06
5.686962949711352e-06
7.583226313589162e-06
1.011441262608551e-05
1.349165903741779e-05
1.799388336310648e-05
2.403395929812430e-05
3.205145345611435e-05
4.280620069150941e-05
5.707888531172432e-05
7.623630637732291e-05
1.015487797286595e-04
1.353986357590043e-04
1.805183223775217e-04
2.407632222658151e-04
3.209969062028158e-04
4.274308932730167e-04
5.698925377916301e-04
7.586628881457351e-04
1.009732592969257e-03
1.344575909571035e-03
1.783114357419030e-03
2.366285059493037e-03
3.133779801954517e-03
4.146268944602463e-03
5.472632841407163e-03
7.228496028100317e-03
9.518900852864215e-03
1.250453306881724e-02
1.637584292643840e-02
2.138960478248737e-02
2.784218922751333e-02
3.610568294909399e-02
4.658175859500312e-02
5.984379297597506e-02
7.647468219130385e-02
9.714404378959206e-02
1.226245429262362e-01
1.537472446742410e-01
1.912827942850990e-01
2.358844380880361e-01
2.878468347999347e-01
3.472622816954951e-01
4.136210049061402e-01
4.857943763476515e-01
5.620456144457389e-01
6.398671916309674e-01
7.162484525481619e-01
7.874607651336244e-01
8.500777066841100e-01
9.015576402514018e-01
9.406088180807189e-01
9.675949184097492e-01
9.842993632123618e-01
9.933910369078875e-01
9.976792421870437e-01
9.998145506008889e-01
###1.120000000000000e+01
7.176882870914769e-10
4.178420474107947e-09
4.422106996145140e-10
1.824031147918280e-09
2.163148917336110e-09
3.088644824813252e-09
3.273823459984929e-09
3.639936529431387e-09
3.875240763538870e-09
4.289245307290423e-09
4.689231547691153e-09
5.597800452879077e-09
5.686653703959831e-09
6.194577254954300e-09
6.761310911448575e-09
7.472007832036399e-09
8.320139950311659e-09
9.351856302529747e-09
1.059998405220114e-08
1.216290505228997e-08
1.411084964122980e-08
1.657533200761349e-08
1.978478583988741e-08
2.388363102181368e-08
2.921056227930730e-08
3.615840404005621e-08
4.523322991158626e-08
5.723085478010233e-08
7.304850606663215e-08
9.390818195444331e-08
1.215813314666147e-07
1.584576050754874e-07
2.073949356695700e-07
2.727087600826396e-07
3.597959956448773e-07
4.759695281746179e-07
6.306944180836746e-07
8.374075000810034e-07
1.113786447809308e-06
1.481097119962402e-06
1.972165358356145e-06
2.627719032168724e-06
3.503407758880082e-06
4.672650559678414e-06
6.233029364439614e-06
8.316583388997490e-06
1.109922820348744e-05
1.481517572802454e-05
1.977113994437626e-05
2.642678657036301e-05
3.526448476464878e-05
4.712507246325694e-05
6.287836366889833e-05
8.403417714563010e-05
1.119982658906338e-04
1.494194187485231e-04
1.992991796852475e-04
2.659315970740270e-04
3.546999980774980e-04
4.724578486180136e-04
6.300785411607194e-04
8.389420204956068e-04
1.116677164813908e-03
1.486996447912786e-03
1.971764536064928e-03
2.616019397817576e-03
3.463436773277699e-03
4.580270424811551e-03
6.041801305503597e-03
7.974319285291534e-03
1.049172618213732e-02
1.376756059951265e-02
1.800724791064025e-02
2.348673905623878e-02
3.052273342044790e-02
3.950992680490708e-02
5.086840278256120e-02
6.519993733392877e-02
8.311131456573913e-02
1.052760004441941e-01
1.324793578362334e-01
1.655455099287831e-01
2.052008939527910e-01
2.520333330782779e-01
3.062302400823798e-01
3.677132063414162e-01
4.358060795784978e-01
5.091620020300757e-01
5.858354112009605e-01
6.631409751995248e-01
7.379812669646074e-01
8.066708013000107e-01
8.660053261251185e-01
9.138052282981597e-01
9.492275551192312e-01
9.730579931948947e-01
9.873606353981141e-01
9.948733392835837e-01
9.982716907010266e-01
9.998678326731071e-01
###1.160000000000000e+01
7.459827318247266e-10
4.156495075070485e-09
4.882670828220775e-10
1.882909403806892e-09
2.230692668715554e-09
3.149363219887551e-09
3.353891622713816e-09
3.739488205770632e-09
4.008817082356794e-09
4.450569439407393e-09
4.877560203525610e-09
5.795414770409787e-09
5.947734243243732e-09
6.509850020360107e-09
7.129840315341391e-09
7.903600627085884e-09
8.831141863627739e-09
9.954174540192544e-09
1.131605545795737e-08
1.301848786077851e-08
1.514184363231407e-08
1.783317358490060e-08
2.132367054065462e-08
2.578660579745518e-08
3.159074540383015e-08
3.915990171423572e-08
4.905052695798849e-08
6.212496799534445e-08
7.936562250216703e-08
1.021190310910259e-07
1.323101740347486e-07
1.725491172093432e-07
2.259659740432835e-07
2.972618069898816e-07
3.923764785257841e-07
5.192876242274426e-07
6.884421255339323e-07
9.145746765740118e-07
1.217058777789428e-06
1.619177551659777e-06
2.157229731290926e-06
2.875852628463954e-06
3.836444796049325e-06
5.120030119427445e-06
6.833932872703572e-06
9.123987153115409e-06
1.218415432192858e-05
1.627356768157429e-05
2.173066366088427e-05
2.906607260107402e-05
3.880853567559232e-05
5.189123499486221e-05
6.927802783459643e-05
9.264022654175002e-05
1.235341841146271e-04
1.648892259702932e-04
2.200260465119178e-04
2.937226599820614e-04
3.918636429651394e-04
5.221014399038203e-04
6.964109569911430e-04
9.273274185412510e-04
1.234386742816470e-03
1.643599752259048e-03
2.178949424035706e-03
2.890090881876491e-03
3.824601763624761e-03
5.055187331135509e-03
6.663503019731248e-03
8.787731263662770e-03
1.155033029133417e-02
1.513897629719789e-02
1.977513813494740e-02
2.575384152834122e-02
3.341167916533190e-02
4.316379678649809e-02
5.545866387074511e-02
7.091648426548210e-02
9.016348121138915e-02
1.138817653576298e-01
1.428586159560085e-01
1.779021030423857e-01
2.196929652266676e-01
2.687401010104834e-01
3.251052753063254e-01
3.885502592927704e-01
4.582135575018104e-01
5.325299657668583e-01
6.093512142563983e-01
6.858566402567631e-01
7.588841691321969e-01
8.248410872084393e-01
8.807874479749683e-01
9.249245313067367e-01
9.568586372204801e-01
9.777553149099069e-01
9.899060183107833e-01
9.960596563290708e-01
9.987266079264744e-01
9.999185776509990e-01
###1.200000000000001e+01
7.774359637809494e-10
4.170165446749840e-09
5.450357791595815e-10
1.908049226305932e-09
2.302032830322794e-09
3.216090498944638e-09
3.431870409946073e-09
3.842357145099140e-09
4.145169751885666e-09
4.615783937124260e-09
5.070177836633930e-09
5.996790380087343e-09
6.217048255568223e-09
6.833959601196783e-09
7.516397149393211e-09
8.356754236185814e-09
9.365861732931084e-09
1.058891926637610e-08
1.207623578485158e-08
1.392859302205205e-08
1.624164757715695e-08
1.917645355417011e-08
2.297446630993338e-08
2.783296513925079e-08
3.415683488650330e-08
4.240253240778636e-08
5.318728423920517e-08
6.742977531580530e-08
8.622618051851439e-08
1.110486184302982e-07
1.439940828401115e-07
1.879139585331391e-07
2.462295667969970e-07
3.240760800879172e-07
4.279933920269523e-07
5.667033808577732e-07
7.516773831376031e-07
9.990697026429472e-07
1.330014160572987e-06
1.770655057532336e-06
2.360366023422843e-06
3.148426456792091e-06
4.202563478272962e-06
5.612078794310039e-06
7.495033816929980e-06
1.001288790374329e-05
1.337920411323028e-05
1.788072257619318e-05
2.389033573615174e-05
3.197550790455913e-05
4.271837385983439e-05
5.715102832018980e-05
7.634064097137947e-05
1.021370095840532e-04
1.362627237765544e-04
1.819579540231699e-04
2.428881407225579e-04
3.243418132937456e-04
4.328343133256883e-04
5.768000364917400e-04
7.694363571053742e-04
1.024598934865010e-03
1.363762028308152e-03
1.815565025119123e-03
2.406290999284961e-03
3.190385418380705e-03
4.219836690645517e-03
5.574006707557306e-03
7.341747927159154e-03
9.673222263694027e-03
1.270076915199685e-02
1.662634816074560e-02
2.168720733043439e-02
2.819904344355951e-02
3.651913742250542e-02
4.708116678447443e-02
6.036512611226277e-02
7.700393864397220e-02
9.764328820516570e-02
1.229678291266713e-01
1.537653533981699e-01
1.908181472114765e-01
2.347497089834297e-01
2.859846409094869e-01
3.444445541626978e-01
4.097262095199586e-01
4.807707367568917e-01
5.558132078846003e-01
6.325197322540722e-01
7.079402632853143e-01
7.789013456838091e-01
8.419500884491382e-01
8.944367041840133e-01
9.349604772331176e-01
9.635655993130769e-01
9.817610665677036e-01
9.919994057833671e-01
9.969903378244023e-01
9.990629286351844e-01
9.999381902761770e-01
###1.240000000000001e+01
8.204602117194789e-10
4.182266374517299e-09
5.987325630036582e-10
1.965204198247768e-09
2.355738748544439e-09
3.290454493485756e-09
3.512567023528525e-09
3.952089927338467e-09
4.285192116105772e-09
4.787240247384350e-09
5.274750678147962e-09
6.211088143654197e-09
6.501919243872792e-09
7.181349404883797e-09
7.920438686765423e-09
8.816923774534740e-09
9.929944169244881e-09
1.125858795254059e-08
1.287754538270094e-08
1.489550604375643e-08
1.741593721107606e-08
2.061244327956480e-08
2.474453660728009e-08
3.003341034460751e-08
3.692403652894159e-08
4.590568543428866e-08
5.766126766763644e-08
7.318514156746817e-08
9.367944312938651e-08
1.207640385912972e-07
1.567158139856963e-07
2.046708831708083e-07
2.683477768248548e-07
3.533775344849326e-07
4.669525186266811e-07
6.185839977383010e-07
8.209407870488676e-07
1.091712347772370e-06
1.453933090323959e-06
1.936908530232657e-06
2.583434816216344e-06
3.447955019138487e-06
4.605133846593294e-06
6.153267986071643e-06
8.222728869748052e-06
1.099174581026026e-05
1.469568036452906e-05
1.965168602865463e-05
2.627404811820316e-05
3.518298679006397e-05
4.703075107918058e-05
6.294935354327072e-05
8.413015436522820e-05
1.126089523893410e-04
1.502966663482599e-04
2.007783738169729e-04
2.680935106659912e-04
3.580918984667781e-04
4.779570552478725e-04
6.371127938760199e-04
8.497811264470572e-04
1.131495982002293e-03
1.505864702106135e-03
2.004249124472318e-03
2.655483237022564e-03
3.519097619184440e-03
4.651904507075696e-03
6.140218102878433e-03
8.080682787742592e-03
1.063614989284366e-02
1.394907153264274e-02
1.823656392505359e-02
2.375257074326687e-02
3.083366409919527e-02
3.985680194318533e-02
5.127637137867630e-02
6.560062199220097e-02
8.347501084629438e-02
1.055618510288768e-01
1.325440833729811e-01
1.652021427022724e-01
2.042884016366596e-01
2.503603290289962e-01
3.037412108364196e-01
3.642123112477679e-01
4.311884496425177e-01
5.034243171661262e-01
5.789498229491151e-01
6.552685058374353e-01
7.293372152863022e-01
7.980016009811951e-01
8.579853179280942e-01
9.069732026836966e-01
9.439686790472732e-01
9.694285738588441e-01
9.851569172263289e-01
9.937161857772138e-01
9.977336045501140e-01
9.993281771680839e-01
9.999555516219876e-01
###1.280000000000001e+01
8.520320296570442e-10
4.194658198373537e-09
6.573897463241105e-10
2.020644791085006e-09
2.419471613739883e-09
3.367841369902561e-09
3.604291038555453e-09
4.063341906337198e-09
4.434219944536833e-09
4.959359841602481e-09
5.465639855957689e-09
6.437823167545073e-09
6.799406391593302e-09
7.536836554510078e-09
8.341601565493792e-09
9.317295660018558e-09
1.052022095437955e-08
1.196762209856573e-08
1.372895661622253e-08
1.592355954204206e-08
1.866769350001122e-08
2.214901889757939e-08
2.664298544595961e-08
3.240063417432433e-08
3.990473574765643e-08
4.969008516160455e-08
6.250824230607481e-08
7.942774195880486e-08
1.017760728449440e-07
1.313357905877403e-07
1.705803235581293e-07
2.229438466038533e-07
2.924983214893116e-07
3.854168836480928e-07
5.095610343230481e-07
6.753869820684187e-07
8.968084362399814e-07
1.193275611359100e-06
1.589939918659118e-06
2.119441610256292e-06
2.828497409137068e-06
3.777157099397936e-06
5.047917614357917e-06
6.748586848360354e-06
9.023632357244574e-06
1.206925936073758e-05
1.614563539175426e-05
2.160241322247234e-05
2.890155200288709e-05
3.871918821658228e-05
5.178313498922672e-05
6.933314941305629e-05
9.271868236685265e-05
1.241545704062264e-04
1.657683545433886e-04
2.215187575212127e-04
2.958605235301661e-04
3.952501481607633e-04
5.276207515844429e-04
7.034487518336457e-04
9.380938430785974e-04
1.248922944780624e-03
1.661765187485422e-03
2.211041125606543e-03
2.928241456685520e-03
3.878469466457628e-03
5.123545033137525e-03
6.757398194703927e-03
8.884702189007016e-03
1.168187867470288e-02
1.530177706335215e-02
1.997762093144231e-02
2.597993576696328e-02
3.366686032943927e-02
4.343658723183665e-02
5.576117412740801e-02
7.117718694235048e-02
9.034171260250901e-02
1.139306343252708e-01
1.426187189472882e-01
1.771758149970453e-01
2.183127023605305e-01
2.665094770889817e-01
3.219839823386286e-01
3.843630674772063e-01
4.528820006718643e-01
5.261017925497712e-01
6.018656623225174e-01
6.775320998926613e-01
7.499863288658175e-01
8.161437862969532e-01
8.729442465233224e-01
9.184255358684402e-01
9.520014996150193e-01
9.745135444080348e-01
9.880098727777966e-01
9.951059348928892e-01
9.983069700338166e-01
9.995204761963891e-01
9.999687070133689e-01
###1.320000000000001e+01
8.989006256480517e-10
4.201321216520555e-09
7.110476759232899e-10
2.077366295737268e-09
2.494127392480235e-09
3.447335450077044e-09
3.694566681047976e-09
4.178393290875008e-09
4.580391296677639e-09
5.139242941957994e-09
5.678146803558401e-09
6.668183898693505e-09
7.103972645297870e-09
7.916198972141505e-09
8.782690439056584e-09
9.846532218235058e-09
1.114572104353896e-08
1.271611674870769e-08
1.463048103384652e-08
1.701529409660130e-08
2.000379602729112e-08
2.379296015823138e-08
2.868204956374861e-08
3.495008345917853e-08
4.312126056952051e-08
5.378262242530123e-08
6.775525588948744e-08
8.620323679002137e-08
1.105807276191542e-07
1.428436624839430e-07
1.856877748058951e-07
2.428747720574553e-07
3.188663166074465e-07
4.204291081035520e-07
5.561855363546819e-07
7.375761142312794e-07
9.799420538890741e-07
1.304641349056996e-06
1.739140869504877e-06
2.319857523074320e-06
3.097743910053191e-06
4.138972808364799e-06
5.534548477294428e-06
7.403421661634940e-06
9.905086282039655e-06
1.325567371287085e-05
1.774268388780799e-05
2.375252800821441e-05
3.179614173709770e-05
4.261435225184252e-05
5.702017118824352e-05
7.636989906134425e-05
1.021816274598306e-04
1.368779302845771e-04
1.828217665359625e-04
2.443629966129760e-04
3.264307382370592e-04
4.361437767353856e-04
5.822460510734770e-04
7.763183952872678e-04
1.035058876324182e-03
1.377763250202767e-03
1.832669897197690e-03
2.437465954159196e-03
3.226517610975624e-03
4.270893075202181e-03
5.637719748131363e-03
7.429091453310908e-03
9.758204845234460e-03
1.281580738030910e-02
1.676541612150020e-02
2.185731656179454e-02
2.837892288267463e-02
3.670978162014178e-02
4.726977970032481e-02
6.054868667335098e-02
7.710856397926112e-02
9.761715401461102e-02
1.227576807899318e-01
1.531962258838916e-01
1.896816548265282e-01
2.328795770627811e-01
2.831780058469072e-01
3.406817189187979e-01
4.048538800396820e-01
4.747521843410088e-01
5.487441952231311e-01
6.244874661388757e-01
6.992351161975280e-01
7.698320416340205e-01
8.333008553071993e-01
8.868331248057210e-01
9.288330404174702e-01
9.591228896505010e-01
9.788945187057516e-01
9.903880468783530e-01
9.962202897306761e-01
9.987451348648534e-01
9.996588049204935e-01
9.999982732392104e-01
###1.360000000000001e+01
9.321640557375210e-10
4.214447449533011e-09
7.715900693776071e-10
2.137149463267310e-09
2.574893105209285e-09
3.523707929211586e-09
3.795371232843950e-09
4.300454801316750e-09
4.732424068382552e-09
5.321138994432226e-09
5.901986212559403e-09
6.918680079534420e-09
7.426255921367690e-09
8.299534241963721e-09
9.245300079971453e-09
1.039968339228166e-08
1.180815521053733e-08
1.350831568950386e-08
1.558897295765921e-08
1.817967657976955e-08
2.143042947787122e-08
2.555282182058493e-08
3.087056635534833e-08
3.769533514236623e-08
4.659127709103199e-08
5.821034200956927e-08
7.344165962295799e-08
9.355483950257565e-08
1.201511967887577e-07
1.553646963163439e-07
2.021527632763778e-07
2.646185622844092e-07
3.476694965449161e-07
4.587106275308444e-07
6.072039843916860e-07
8.057111445003550e-07
1.071072211918503e-06
1.426741687909916e-06
1.902854825805021e-06
2.539903919181707e-06
3.393547969639977e-06
4.536776112573969e-06
6.069958666815989e-06
8.123886336463381e-06
1.087540760717180e-05
1.456180072799175e-05
1.950134002946085e-05
2.611978228986570e-05
3.498530875268284e-05
4.690739669211129e-05
6.279005488732381e-05
8.412397588482280e-05
1.126083643460853e-04
1.508908507832615e-04
2.016068620969749e-04
2.695065806556832e-04
3.600683522704801e-04
4.811072640162493e-04
6.422739287731686e-04
8.563248314590161e-04
1.141463810606211e-03
1.518974832550614e-03
2.019754628744806e-03
2.685128478196270e-03
3.552330307845949e-03
4.698872513670378e-03
6.197727227216143e-03
8.159243070876549e-03
1.070598364474263e-02
1.404414190601324e-02
1.834734303598757e-02
2.388368861261754e-02
3.095824504810541e-02
3.997346589937632e-02
5.136723978973203e-02
6.565193976892719e-02
8.340507251117357e-02
1.053120225775487e-01
1.320527783495689e-01
1.642827013363755e-01
2.027199829067729e-01
2.479766646190679e-01
3.003443118560417e-01
3.598017343648828e-01
4.256384531751392e-01
4.967401786396466e-01
5.712779977273860e-01
6.467519457576127e-01
7.203192874785547e-01
7.888357483113759e-01
8.494577497479213e-01
8.996623259491574e-01
9.382368541898727e-01
9.653968228893564e-01
9.826422072071010e-01
9.923555856274909e-01
9.971078107222815e-01
9.990813870851900e-01
9.997632097950261e-01
9.999982732392104e-01
###1.400000000000001e+01
9.726609626898883e-10
4.229305122720241e-09
8.253152748839016e-10
2.184608113089230e-09
2.649949439470091e-09
3.605793677242595e-09
3.900573118930932e-09
4.427453505557422e-09
4.884716299484526e-09
5.515078600402841e-09
6.141224967140364e-09
7.185875335377301e-09
7.762869525499753e-09
8.702601755226453e-09
9.730019355212684e-09
1.098104918817558e-08
1.250465431277703e-08
1.434755129252107e-08
1.660485234244847e-08
1.941935993549837e-08
2.295249470973963e-08
2.743823427371557e-08
3.321999421392361e-08
4.065146307439718e-08
5.033906517887913e-08
6.299753508968843e-08
7.960467846463722e-08
1.015344821885138e-07
1.305600626115502e-07
1.690131306922751e-07
2.201146363367622e-07
2.883511811938036e-07
3.791525415320863e-07
5.005907115781623e-07
6.630469791196195e-07
8.803527107796206e-07
1.170967612539487e-06
1.560738271897415e-06
2.082668454764219e-06
2.781619320780482e-06
3.718531083186098e-06
4.974309191254108e-06
6.658897688257401e-06
8.916740471268823e-06
1.194304728394642e-05
1.600010754159897e-05
2.143732212700568e-05
2.872755936712596e-05
3.849775122256117e-05
5.163553942519130e-05
6.914583963294606e-05
9.266262430056617e-05
1.240904345018407e-04
1.663130313018327e-04
2.222786403929089e-04
2.971602928877464e-04
3.970478304136897e-04
5.305205273366603e-04
7.081837439210407e-04
9.441351173224480e-04
1.258148110211247e-03
1.673649190406145e-03
2.224454820226194e-03
2.955717095527437e-03
3.907821000200980e-03
5.165311636062724e-03
6.806986667466449e-03
8.952439950304559e-03
1.173363131386279e-02
1.537267196901503e-02
2.005446189813348e-02
2.606500806480448e-02
3.372816858594780e-02
4.346754967743983e-02
5.574199173214306e-02
7.108112549393623e-02
9.007993334715955e-02
1.134357354244683e-01
1.418244418919433e-01
1.758809432312288e-01
2.162872740704059e-01
2.635933720767338e-01
3.179857324861629e-01
3.793005370040315e-01
4.466728293816918e-01
5.187845454772322e-01
5.936412164654080e-01
6.685911866152435e-01
7.407342583450367e-01
8.069601459740711e-01
8.646040676360999e-01
9.114513174027420e-01
9.466858878121046e-01
9.708887561588044e-01
9.858261973883986e-01
9.939687689354005e-01
9.978064521857467e-01
9.993336526297174e-01
9.998361079391650e-01
9.999982732392104e-01
###1.440000000000001e+01
1.005124047750070e-09
4.243264123519938e-09
8.833678581658680e-10
2.240469590833798e-09
2.727829873590484e-09
3.690464631950361e-09
3.998785715109164e-09
4.556281924989294e-09
5.053249686937105e-09
5.716850304194182e-09
6.387700711432438e-09
7.460629594239052e-09
8.115929921079264e-09
9.124483169464250e-09
1.023888428077341e-08
1.159321819447926e-08
1.323974094072572e-08
1.523736762659343e-08
1.768438966038206e-08
2.073963585628396e-08
2.457903089405281e-08
2.945650659856503e-08
3.574449815636390e-08
4.383559662977943e-08
5.438465661533220e-08
6.817784416268552e-08
8.628894061068477e-08
1.102048986263926e-07
1.418820041243595e-07
1.838722602906832e-07
2.396889747752338e-07
3.142632549888896e-07
4.135676332014608e-07
5.464065857301998e-07
7.242049795913495e-07
9.621584188109602e-07
1.280575815483163e-06
1.707769557128455e-06
2.280142773555319e-06
3.047111377534558e-06
4.075732518139018e-06
5.455153955506498e-06
7.306526371971087e-06
9.788752619703271e-06
1.311803827992642e-05
1.758370830600156e-05
2.356979524663466e-05
3.159821874117404e-05
4.236384234049653e-05
5.684146920341694e-05
7.614242287651518e-05
1.020669022671505e-04
1.367275475693713e-04
1.832861234924907e-04
2.450078031496338e-04
3.275593483244440e-04
4.376689901731663e-04
5.847730223100039e-04
7.804972927694534e-04
1.040356745442241e-03
1.385910308711252e-03
1.842886361251032e-03
2.448152326014431e-03
3.251024198958063e-03
4.295288127494881e-03
5.672771154316716e-03
7.468805302933083e-03
9.812472608505637e-03
1.284557953900241e-02
1.680767681581560e-02
2.189419944980288e-02
2.841056808708191e-02
3.669833309560443e-02
4.720362546833023e-02
6.040456331734773e-02
7.684709399967661e-02
9.714220933496730e-02
1.219964993000092e-01
1.520765639350940e-01
1.879902816116111e-01
2.303772246171548e-01
2.797103168633113e-01
3.360666723054707e-01
3.991430511869248e-01
4.678950716979322e-01
5.408230950264330e-01
6.157598727665128e-01
6.899450437854259e-01
7.604249790990880e-01
8.241722179882480e-01
8.787314320768101e-01
9.222340514584696e-01
9.542301551424045e-01
9.756632861987304e-01
9.885085616262179e-01
9.952801798643834e-01
9.983513388086217e-01
9.995211726080349e-01
9.998874852694182e-01
9.999982732392104e-01
###1.480000000000001e+01
1.041293635821812e-09
4.280864249684003e-09
9.439973700487620e-10
2.309412230726287e-09
2.804648869872024e-09
3.775001459118432e-09
4.109824578119244e-09
4.690530268792886e-09
5.227667585607333e-09
5.928950144160930e-09
6.645774488360998e-09
7.748911860777511e-09
8.485549616624809e-09
9.565287603956313e-09
1.077378097161449e-08
1.224153509690031e-08
1.401594795391891e-08
1.617595954254917e-08
1.883129867340995e-08
2.214685514653655e-08
2.631859988108519e-08
3.162145379291069e-08
3.845767400633644e-08
4.726605982762878e-08
5.875330503881673e-08
7.378293839270026e-08
9.353588905496073e-08
1.196243176382041e-07
1.542081015216767e-07
2.000543283109939e-07
2.610506231898048e-07
3.425737920603044e-07
4.511599820530523e-07
5.965157416029198e-07
7.911567745032158e-07
1.051773757750387e-06
1.400738374619325e-06
1.869136028980623e-06
2.496935930761227e-06
3.338782881106908e-06
4.468247610932091e-06
5.983765629199461e-06
8.018644750640052e-06
1.074833890778122e-05
1.441116197467134e-05
1.932501783898403e-05
2.591612921022574e-05
3.475835045095321e-05
4.661381531929057e-05
6.257071062611860e-05
8.384239706793268e-05
1.124172477772824e-04
1.506249422866413e-04
2.019513663472620e-04
2.699912022127371e-04
3.609601708467022e-04
4.822702485843125e-04
6.442881971514153e-04
8.597969080599762e-04
1.145736822675401e-03
1.525733603289046e-03
2.027874751385275e-03
2.692345873470546e-03
3.573057120735394e-03
4.717076804391526e-03
6.224491327698577e-03
8.187343521296865e-03
1.074444823327962e-02
1.404814997090296e-02
1.835560537211487e-02
2.387446615614439e-02
3.092881898630169e-02
3.987823257350349e-02
5.119192071474926e-02
6.536656168514411e-02
8.296178059834271e-02
1.046062392416933e-01
1.310042553695746e-01
1.628121556471266e-01
2.006094042088488e-01
2.449799591536974e-01
2.963123450701030e-01
3.545687773462829e-01
4.192924526558519e-01
4.892570735242525e-01
5.627952051719837e-01
6.375744328150144e-01
7.107443445647589e-01
7.793431540121610e-01
8.404522235900634e-01
8.918547299190585e-01
9.320395499902276e-01
9.609325998648439e-01
9.797852482862353e-01
9.907522175506606e-01
9.963373169715335e-01
9.987722292685122e-01
9.996592361490210e-01
9.999234187150052e-01
9.999982732392104e-01
###1.520000000000001e+01
1.082339772798627e-09
4.293609399066434e-09
1.002440973993368e-09
2.378804452420610e-09
2.883442040896866e-09
3.867090580707875e-09
4.226425387456974e-09
4.834347533917644e-09
5.408028035724330e-09
6.153304894204258e-09
6.922196609411500e-09
8.049967844346874e-09
8.865305494089960e-09
1.002809611108390e-08
1.133609198703254e-08
1.292022385439731e-08
1.483683117353115e-08
1.717363978039035e-08
2.005404373682490e-08
2.364804336302442e-08
2.817849003520949e-08
3.394326707829694e-08
4.137431817553872e-08
5.096463110883484e-08
6.347313723721018e-08
7.985623581732447e-08
1.013948062867267e-07
1.298593700573439e-07
1.676158723728937e-07
2.176998790018963e-07
2.843684538184094e-07
3.734885965810563e-07
4.923056295219755e-07
6.513807062642369e-07
8.644973434951692e-07
1.149990989131669e-06
1.532517118719157e-06
2.046189493263025e-06
2.734952273576685e-06
3.659096200880723e-06
4.899463692904548e-06
6.564736249567608e-06
8.801837090776494e-06
1.180354760350583e-05
1.583290762602054e-05
2.124174351103525e-05
2.849682660425829e-05
3.823570722839542e-05
5.129015414969393e-05
6.886575865018405e-05
9.231133836058530e-05
1.237951879802242e-04
1.659026804085089e-04
2.224657669673376e-04
2.974394721457383e-04
3.976237172055113e-04
5.312115136815184e-04
7.095466480121285e-04
9.466183441012789e-04
1.261053985394297e-03
1.678537482640083e-03
2.229872321999153e-03
2.958727765746119e-03
3.923700464860519e-03
5.175826330550944e-03
6.823400167293741e-03
8.965797165182376e-03
1.175254047079637e-02
1.534639020768414e-02
2.002375642588647e-02
2.600327941299119e-02
3.362919921555851e-02
4.327810651875875e-02
5.544348176998077e-02
7.063737361800156e-02
8.943660947358816e-02
1.124755703262498e-01
1.404642541796384e-01
1.740392384291480e-01
2.137349084899147e-01
2.600812813459459e-01
3.133789887550443e-01
3.734485680263507e-01
4.396920096342571e-01
5.107014230063753e-01
5.846401540619082e-01
6.590228870179782e-01
7.309376035825296e-01
7.974445942826075e-01
8.557804481263940e-01
9.039833136042734e-01
9.409098872184487e-01
9.668460718886801e-01
9.833213598994048e-01
9.926143360242418e-01
9.971815415567434e-01
9.990941809833667e-01
9.997597410471336e-01
9.999482423304484e-01
9.999982732392104e-01
###1.560000000000001e+01
1.130460233882744e-09
4.332036129708954e-09
1.067803004104701e-09
2.443344700163145e-09
2.967642017230049e-09
3.962516262624539e-09
4.352608023227242e-09
4.982431944930542e-09
5.595898056854175e-09
6.377427184883867e-09
7.198868513394690e-09
8.367763107146708e-09
9.268490197386819e-09
1.051278102686069e-08
1.192612586873132e-08
1.363391055947924e-08
1.570584192444146e-08
1.823242562410545e-08
2.135171153497223e-08
2.524972712843075e-08
3.016917863137369e-08
3.643486152987591e-08
4.451361503766033e-08
5.495426624992167e-08
6.857818455541165e-08
8.643532909099234e-08
1.099226284352800e-07
1.409876873389764e-07
1.822134799525513e-07
2.369114340244726e-07
3.098173131201941e-07
4.072838994711541e-07
5.373007715394297e-07
7.114517960821176e-07
9.448392689349699e-07
1.257647810241859e-06
1.677118246169936e-06
2.240517240942794e-06
2.996443516444759e-06
4.011029867648981e-06
5.373287718199251e-06
7.203596264815257e-06
9.662782304332544e-06
1.296379446205937e-05
1.739771991327856e-05
2.335014871520053e-05
3.133639856134114e-05
4.206050267364885e-05
5.643489410860938e-05
7.578897799836346e-05
1.016244988927157e-04
1.363036611599627e-04
1.826860916994989e-04
2.449914139562181e-04
3.275547078373946e-04
4.378527753578121e-04
5.848544875810976e-04
7.810281572984542e-04
1.041684666988633e-03
1.387139426006614e-03
1.845498649165755e-03
2.450230962050600e-03
3.248956546613467e-03
4.305136633253799e-03
5.674259040582686e-03
7.472619392649910e-03
9.808778983977530e-03
1.284219366638737e-02
1.674877041054504e-02
2.181842859467496e-02
2.828886755436515e-02
3.652010632261106e-02
4.690827150300879e-02
5.996789095894121e-02
7.623034112686174e-02
9.628416933073457e-02
1.207646118199332e-01
1.503853146450157e-01
1.857540854550493e-01
2.273625800062722e-01
2.756741727557422e-01
3.308829923391648e-01
3.926799243062042e-01
4.603057522654104e-01
5.321748539323745e-01
6.062879863957378e-01
6.800449006260761e-01
7.504777639770517e-01
8.147069394119445e-01
8.701523725040240e-01
9.151407634957726e-01
9.488887389572080e-01
9.720319155986419e-01
9.863322361178812e-01
9.941466291453501e-01
9.978501782935966e-01
9.993379073155555e-01
9.998321555945248e-01
9.999652413141118e-01
9.999982732392104e-01
