# NLO BK equation solver 0.0-dev build  (build Feb 16 2026 17:52:53)
# Initial condition: MV model, Q_s0^2 = 0.00701224 GeV^2, \gamma = 1, coefficient of E inside Log is 1, x0=0.01, \Lambda_QCD = 0.241 GeV
# # LO Kernel RC:  Balitsky. NLO Kernel RC:  smallest dipole
# Nc=3, Nf=4
# Using RungeKutta method in K1
# Resumming double log
# Resumming single log, K_sub=0.65 resum rc: smallest
# BK K1 integration relative accuracy: 0.02# NLO BK as^2 terms: MC integration method: Vegas, points=1000000
# Kinematical constraint: none
# Target kinematical constraint: disabled

###1.000000000000000e-05
###1.160836920850890e+00
###100
###1.000000000000000e+00
###0.000000000000000e+00
2.267739841325768e-12
3.020643759768079e-12
4.022969215720630e-12
5.357145318469672e-12
7.132769855846744e-12
9.495537580244084e-12
1.263909282764872e-11
1.682076072277511e-11
2.238242129426524e-11
2.977820116121563e-11
3.961120029805300e-11
5.268218928162263e-11
7.005416148096207e-11
9.313787883268301e-11
1.238052066123470e-10
1.645392203132804e-10
2.186329553170782e-10
2.904524797244587e-10
3.857849946992287e-10
5.122992888787433e-10
6.801545979404856e-10
9.028054087964954e-10
1.198064867542041e-09
1.589509337807922e-09
2.108332799682071e-09
2.795794125647306e-09
3.706445363592364e-09
4.912388320768559e-09
6.508884311642446e-09
8.621743556725244e-09
1.141705375394959e-08
1.511398135376511e-08
2.000160647670773e-08
2.646104933220495e-08
3.499453330453543e-08
4.626353456869504e-08
6.113882506168593e-08
8.076606983722649e-08
1.066517491708009e-07
1.407756146574301e-07
1.857377523849983e-07
2.449507372309495e-07
3.228904764772858e-07
4.254233572057294e-07
5.602324833664749e-07
7.373724361615644e-07
9.699905221282744e-07
1.275263400914554e-06
1.675611957168557e-06
2.200275113755185e-06
2.887346001563729e-06
3.786402791184804e-06
4.961903168592563e-06
6.497557928733753e-06
8.501958019350157e-06
1.111574203382926e-05
1.452107408606018e-05
1.895325501966028e-05
2.471607966092471e-05
3.220121939528919e-05
4.191300734335268e-05
5.450004524309993e-05
7.079548527333390e-05
9.186835474384036e-05
1.190889624231861e-04
1.542123070651380e-04
1.994845776809306e-04
2.577793972347031e-04
3.327725632180645e-04
4.291668808978910e-04
5.529825405458100e-04
7.119337238081780e-04
9.159192188081811e-04
1.177664405913270e-03
1.513564849943361e-03
1.944798913085410e-03
2.498799541256203e-03
3.211205196732236e-03
4.128448595843270e-03
5.311191435434681e-03
6.838875586412607e-03
8.815737632286047e-03
1.137872370019521e-02
1.470784074613074e-02
1.903957584533755e-02
2.468407734291911e-02
3.204676176356414e-02
4.165477637621673e-02
5.418810905644589e-02
7.051375411608263e-02
9.171867057525640e-02
1.191325106665685e-01
1.543232529249261e-01
1.990371128245360e-01
2.550388846868505e-01
3.237945875548953e-01
4.059381996801332e-01
5.005068946590761e-01
6.040593406583383e-01
7.100451230191316e-01
###4.000000000000000e-01
2.476917506524985e-11
6.856367233771175e-12
1.385923602316466e-12
-2.498429124287549e-12
-4.189047944636543e-08
5.649546587210769e-12
3.757885899423148e-11
1.816187662615330e-11
2.857562840481502e-11
2.047937724943869e-11
4.469165011239810e-11
7.005140473294846e-10
7.954455691145403e-11
1.098170451845075e-10
1.326149957059702e-10
1.881316380658179e-10
2.371501613996806e-10
3.150488891440704e-10
4.207132632057467e-10
5.552967106073618e-10
7.300438411213911e-10
9.750753145541191e-10
1.293662882566298e-09
1.713738772333498e-09
2.274836193957573e-09
3.017795768815178e-09
4.001430607313931e-09
5.305436005289513e-09
7.029098126861920e-09
9.310722642046364e-09
1.233063288589621e-08
1.632786884226589e-08
2.160973426280515e-08
2.859869973053303e-08
3.782721361047843e-08
5.002214387996708e-08
6.612001641568872e-08
8.737290935297632e-08
1.154059167666359e-07
1.523752594967758e-07
2.011028308854330e-07
2.652925797809578e-07
3.498181143405441e-07
4.610497729038080e-07
6.073286082520279e-07
7.996099979516652e-07
1.052180234087906e-06
1.383766733278769e-06
1.818561470852711e-06
2.389344215177797e-06
3.136490740951466e-06
4.115475173867414e-06
5.394611553654907e-06
7.069091084290765e-06
9.250935771039346e-06
1.210027416997532e-05
1.581472183029646e-05
2.065248247411114e-05
2.694777914857838e-05
3.512338326104663e-05
4.575650285095281e-05
5.953709485688946e-05
7.740864092578505e-05
1.005289964862296e-04
1.304449293089502e-04
1.691135673888266e-04
2.189840795648824e-04
2.833191175951318e-04
3.661701390214645e-04
4.731689116909656e-04
6.107633652792795e-04
7.879099831845483e-04
1.015758723570258e-03
1.309165508060556e-03
1.686787835529574e-03
2.173214053317890e-03
2.799592398921520e-03
3.608805296372003e-03
4.653609831249846e-03
6.005685172372034e-03
7.760183139763662e-03
1.003587082753040e-02
1.300487748195900e-02
1.687170464381883e-02
2.191701569054788e-02
2.851283339229079e-02
3.712841000746199e-02
4.835211221077067e-02
6.301529198956697e-02
8.212248204334177e-02
1.069608238430851e-01
1.389847119499937e-01
1.799335291957500e-01
2.315664782989248e-01
2.956747982980901e-01
3.734966350394915e-01
4.659983719681601e-01
5.735776827754189e-01
7.038302018000593e-01
9.546468197055419e-01
###8.000000000000000e-01
4.380538558628213e-11
-6.491119140758288e-13
5.316556409601571e-12
3.557546412014424e-12
-4.187980925045892e-08
9.563167098455827e-12
3.883300166326081e-11
9.936355995255055e-12
3.799621526582275e-11
2.891419047803107e-11
5.309071578974877e-11
6.576467381102805e-10
9.566920906149986e-11
1.331645336000620e-10
1.446520278981584e-10
2.043800747646529e-10
2.498463034274481e-10
3.416071438302828e-10
4.532559973657322e-10
6.034541384567499e-10
7.852614769981321e-10
1.056025255576969e-09
1.398250732158828e-09
1.845792078845524e-09
2.456473182874273e-09
3.258849293567047e-09
4.322241149671147e-09
5.729747452116396e-09
7.589393747017339e-09
1.005648613115662e-08
1.332010633760905e-08
1.764260111283150e-08
2.335518478200294e-08
3.091454979823053e-08
4.090275233345517e-08
5.410239052233275e-08
7.152893001344027e-08
9.454992792021025e-08
1.249226778376346e-07
1.649897288810749e-07
2.178209396670270e-07
2.874284124360267e-07
3.791350069739323e-07
4.998569971552216e-07
6.586458428744188e-07
8.674576095940784e-07
1.141822489140399e-06
1.502185864995696e-06
1.974475334682585e-06
2.595853352132392e-06
3.408864492979137e-06
4.474727818066962e-06
5.868267433598514e-06
7.694809795413727e-06
1.007313512347114e-05
1.318076766288213e-05
1.723467495146851e-05
2.252109972827184e-05
2.940477432475734e-05
3.835068200734667e-05
4.999887124863757e-05
6.510630829921622e-05
8.472718220274751e-05
1.101366151760273e-04
1.430666083045774e-04
1.857031409716292e-04
2.407407578083238e-04
3.118764216632077e-04
4.036250360325135e-04
5.225922091967749e-04
6.758301465482521e-04
8.736965268304221e-04
1.128778239181047e-03
1.458329619845034e-03
1.883769882002524e-03
2.433500188067233e-03
3.143196387119201e-03
4.063737115831956e-03
5.255833938823041e-03
6.803482042743525e-03
8.817688995851636e-03
1.144008118101866e-02
1.487156218264842e-02
1.935619838323166e-02
2.521358940129715e-02
3.288540415997803e-02
4.290315894000044e-02
5.593687665244379e-02
7.294552691438479e-02
9.506712840027608e-02
1.237111368221350e-01
1.604277389726248e-01
2.069642091737126e-01
2.649392492506340e-01
3.357780669789935e-01
4.200717559482249e-01
5.176592035082861e-01
6.269507772638545e-01
7.503643679687033e-01
9.621823916870142e-01
###1.200000000000000e+00
4.226722676669971e-12
-1.835700720825152e-11
1.329248668809070e-11
-3.792850623270167e-12
-4.187736907380353e-08
1.048698964577289e-11
2.601720398553177e-11
4.083234326867101e-12
2.986463583474106e-12
4.860848583452174e-11
6.070514646812836e-11
6.532937437815500e-10
1.086072397384210e-10
1.382696138036833e-10
1.710452372932782e-10
2.245085706739375e-10
2.742184232262566e-10
3.712441131028939e-10
4.919536843377138e-10
6.432929969147154e-10
8.566363603713588e-10
1.139041051183207e-09
1.504112364079633e-09
1.997462593813032e-09
2.655311734245481e-09
3.516455675890864e-09
4.664776057707747e-09
6.190456709843060e-09
8.198349632447783e-09
1.086457495415451e-08
1.439238302001655e-08
1.906924770572216e-08
2.524739402803281e-08
3.342674208340444e-08
4.424021532278421e-08
5.853202023743937e-08
7.740861284944969e-08
1.023496761024581e-07
1.352658059698666e-07
1.787042891211781e-07
2.360013692884119e-07
3.115186472564326e-07
4.110504030817612e-07
5.421174347833723e-07
7.145650741603321e-07
9.414160823164870e-07
1.239577416667591e-06
1.631426573796747e-06
2.144823820832593e-06
2.821485718620496e-06
3.706628680323018e-06
4.867820655611660e-06
6.386879704578220e-06
8.380254445979756e-06
1.097475796310459e-05
1.436666561737678e-05
1.879467971312048e-05
2.457654542658586e-05
3.211021040210319e-05
4.190879480175293e-05
5.468350128530971e-05
7.126685540088620e-05
9.283131615427422e-05
1.207963409760329e-04
1.570921638476401e-04
2.041519471591055e-04
2.650159150581817e-04
3.438062356350412e-04
4.456133397993508e-04
5.780973717884912e-04
7.492114334234083e-04
9.704151828560887e-04
1.256467191937659e-03
1.627219329213784e-03
2.107159913796699e-03
2.728228974773374e-03
3.534308243087661e-03
4.582194704773966e-03
5.942674655459865e-03
7.713428129233871e-03
1.002491729700137e-02
1.304190748157654e-02
1.700058688037485e-02
2.217771482402035e-02
2.894771066259339e-02
3.781572687684941e-02
4.937729088423028e-02
6.438507089120042e-02
8.391056554383264e-02
1.091940837520294e-01
1.417205601414676e-01
1.830499041576124e-01
2.347785419105552e-01
2.983146666946576e-01
3.744040930367775e-01
4.627580765569450e-01
5.618598112317885e-01
6.683505641116242e-01
7.825108090556895e-01
9.675517599074249e-01
###1.600000000000000e+00
-3.761317817823392e-11
-3.880112960505615e-11
2.573299546028247e-11
1.674571296438320e-12
-4.188337822363031e-08
-5.923475722786657e-11
3.457162589540393e-11
1.809101891884411e-11
2.862594162447683e-11
5.692351364796205e-11
6.283391170788648e-11
6.119156455769379e-10
1.218459193944260e-10
1.563451846398323e-10
1.899349283039348e-10
2.357239247975940e-10
2.921099531767233e-10
4.035812481310092e-10
5.288202419242977e-10
6.990619003951608e-10
9.273421822307664e-10
1.230731216655177e-09
1.623597327243256e-09
2.158767355957912e-09
2.863819578696368e-09
3.803851285188362e-09
5.038647558606864e-09
6.685264662851986e-09
8.855543217900559e-09
1.174035174469655e-08
1.555597572686386e-08
2.061503529123704e-08
2.730130954498599e-08
3.615355039166676e-08
4.786073068852796e-08
6.334159588420296e-08
8.379452372411759e-08
1.108260309623090e-07
1.465098865825173e-07
1.936227425736965e-07
2.557836551649975e-07
3.377352653692067e-07
4.457964159554902e-07
5.881590739476839e-07
7.755025286853856e-07
1.022067287511827e-06
1.346275431882534e-06
1.772525626275998e-06
2.330949953066040e-06
3.068126934288485e-06
4.032372999191012e-06
5.298475188173565e-06
6.954941058443121e-06
9.131524259344383e-06
1.196309300635876e-05
1.566961824404489e-05
2.051166276305909e-05
2.683912337943424e-05
3.509195818563310e-05
4.582991674778934e-05
5.985919857255573e-05
7.808310507256440e-05
1.018275143970689e-04
1.326869079882996e-04
1.726935886470242e-04
2.247298630407131e-04
2.921131674529408e-04
3.795241175315778e-04
4.926904246208293e-04
6.404177973495578e-04
8.318573175147089e-04
1.079404332457364e-03
1.400601152352119e-03
1.818143090140104e-03
2.360031975477357e-03
3.061862060926262e-03
3.978098474665511e-03
5.170757446199591e-03
6.722583437594928e-03
8.746435848990991e-03
1.139539576639783e-02
1.485723979856895e-02
1.940384869697795e-02
2.535831137136558e-02
3.313769810524096e-02
4.331872520639488e-02
5.655033245068444e-02
7.368377289739307e-02
9.586376019400168e-02
1.244057333288626e-01
1.608149958984075e-01
2.065938462218770e-01
2.631168515212820e-01
3.313826920242827e-01
4.114682252710756e-01
5.021734314031748e-01
6.008684446845290e-01
7.032517110707116e-01
8.087426697183541e-01
9.719368781762212e-01
###2.000000000000000e+00
-3.588917836439509e-11
-3.872963157977616e-11
-1.731726931902829e-11
-1.317665090564802e-11
-4.189260601176276e-08
-6.231825307044123e-11
3.725068530743663e-11
1.686553464599820e-11
2.772545959034576e-11
5.597934535700002e-11
4.234298052316087e-11
6.021835397752116e-10
1.049376844640257e-10
1.687399550600232e-10
2.105342610178101e-10
2.562012063573622e-10
3.208816729427699e-10
4.365723835553401e-10
5.728067727585557e-10
7.508080668965439e-10
1.000113458335192e-09
1.332160225047655e-09
1.756866557705225e-09
2.335099631807343e-09
3.098489885342128e-09
4.109599508450323e-09
5.444418830083658e-09
7.220877224168762e-09
9.569815558015090e-09
1.268947398736754e-08
1.681827942812337e-08
2.229123982876896e-08
2.952861865488800e-08
3.911248369133067e-08
5.179326907007810e-08
6.856495871088732e-08
9.073397645914737e-08
1.200367167634291e-07
1.587388421366486e-07
2.098509311626813e-07
2.773108670798866e-07
3.662744497144275e-07
4.836442109291847e-07
6.383031799801051e-07
8.419569987768546e-07
1.110043326127287e-06
1.462714373638850e-06
1.926552981833735e-06
2.534385637658730e-06
3.337821104441012e-06
4.388809082008849e-06
5.770305851326877e-06
7.577538935566689e-06
9.955238472876792e-06
1.304796921931127e-05
1.710172749962005e-05
2.240167718572061e-05
2.933185217513930e-05
3.838130245951736e-05
5.016053522371853e-05
6.558210258465783e-05
8.563575030895420e-05
1.118152921381181e-04
1.458979346447597e-04
1.900589893860922e-04
2.476724223817366e-04
3.223778250327089e-04
4.194821769247083e-04
5.454617333891940e-04
7.103687883978702e-04
9.243324044512426e-04
1.202124783673781e-03
1.563160047737173e-03
2.033682092811859e-03
2.645736245190277e-03
3.439424593261484e-03
4.480127824628443e-03
5.836625884002570e-03
7.604846212548693e-03
9.913890858593786e-03
1.294028606913051e-02
1.690158768989895e-02
2.210159524543090e-02
2.891452841460102e-02
3.780289321365967e-02
4.940811596860702e-02
6.443780482402110e-02
8.382518881824380e-02
1.087620722185949e-01
1.406179265076355e-01
1.808736128027842e-01
2.308983858858034e-01
2.918255915669361e-01
3.640536645443410e-01
4.471192786558849e-01
5.389828228204099e-01
6.362282998170257e-01
7.340665705370213e-01
8.314772435091972e-01
9.756946370534100e-01
###2.400000000000000e+00
-2.865852209557277e-11
-2.123430232888216e-11
-1.153755118379903e-11
1.671211824488802e-11
-4.186687781343973e-08
4.478937839262618e-12
3.956524929183782e-11
2.625534193946088e-11
4.113303107510437e-11
5.972235724774039e-11
5.939663385618527e-11
5.659191205629849e-10
1.148929432517659e-10
2.048714344421996e-10
2.227698229013021e-10
2.771872913838906e-10
3.532772249515431e-10
4.745523799834194e-10
6.200908052085744e-10
8.152051328732242e-10
1.076873623850658e-09
1.436428000817226e-09
1.898998087482011e-09
2.524532411595882e-09
3.339137991853235e-09
4.438303400633495e-09
5.882595803939481e-09
7.801658737805859e-09
1.034404310630097e-08
1.371820790103757e-08
1.818512844298137e-08
2.410939390659513e-08
3.194535302171156e-08
4.232577356864277e-08
5.606354643944294e-08
7.423893830078417e-08
9.827796753010481e-08
1.300542264598017e-07
1.720398967885012e-07
2.275010698166010e-07
3.007413546651536e-07
3.973662932568760e-07
5.248838757577726e-07
6.929613149583517e-07
9.144033990622873e-07
1.206060307234745e-06
1.589857401896637e-06
2.094895916865361e-06
2.756815096163082e-06
3.632761243567627e-06
4.778992184912033e-06
6.286789375172567e-06
8.260241471195128e-06
1.085941750235983e-05
1.423997990875282e-05
1.867555017502201e-05
2.447731953341079e-05
3.207975262256882e-05
4.201131427824534e-05
5.494992246469010e-05
7.192650442602154e-05
9.400635364870775e-05
1.228804203352440e-04
1.605752281327065e-04
2.093947959275083e-04
2.732533364868127e-04
3.561865948385010e-04
4.641848950584938e-04
6.045928297654303e-04
7.888695506290572e-04
1.028322060428523e-03
1.340151703737617e-03
1.746225444986921e-03
2.276634927672217e-03
2.967960439499648e-03
3.865588740244788e-03
5.046377554054621e-03
6.587714969660154e-03
8.599202790203559e-03
1.122984342248455e-02
1.467644763517135e-02
1.919206073987327e-02
2.511679152556542e-02
3.286907734116348e-02
4.296256358551163e-02
5.610172940476194e-02
7.304532964169332e-02
9.479262318672976e-02
1.225753612625881e-01
1.577752604689471e-01
2.017986042989441e-01
2.558471449624885e-01
3.207297541087530e-01
3.963118475323427e-01
4.815321010141493e-01
5.736978312306402e-01
6.688306617227425e-01
7.619263787158566e-01
8.516874863014765e-01
9.789911684351573e-01
###2.800000000000000e+00
-1.394887450863802e-11
-5.282144002479134e-11
-3.009016655715024e-11
5.307816780655291e-12
-4.186273276126685e-08
-2.239634661210157e-11
5.161008279634145e-11
2.325894793160239e-11
6.512717677070533e-11
5.542201364952953e-11
6.729092518650253e-11
5.444940007879503e-10
1.291197432154153e-10
2.088411256510284e-10
2.392399341049506e-10
3.017158223993998e-10
3.837382795272055e-10
5.177502766527591e-10
6.756092290731851e-10
8.795846156312633e-10
1.166836628766379e-09
1.552471082244592e-09
2.054579513188071e-09
2.726717539572798e-09
3.604073616572849e-09
4.795322960276287e-09
6.354900705473255e-09
8.432308030851128e-09
1.118393052477247e-08
1.483242032302578e-08
1.966702971267311e-08
2.608187037559924e-08
3.456852187040055e-08
4.581481500740941e-08
6.070246056441279e-08
8.040991022541066e-08
1.064737765635471e-07
1.409492134900291e-07
1.865065507308573e-07
2.467142738065559e-07
3.262537516517115e-07
4.312319685446786e-07
5.698297879453125e-07
7.525661059732293e-07
9.934679785118290e-07
1.310878579006182e-06
1.728703321506330e-06
2.278884980089457e-06
3.000168175956468e-06
3.955575112334939e-06
5.206514848970096e-06
6.852919853723078e-06
9.009394289577343e-06
1.185192879310352e-05
1.555048527935822e-05
2.040704703236898e-05
2.675874029363004e-05
3.511022567400713e-05
4.602090671305421e-05
6.024701947763863e-05
7.895365387107084e-05
1.032904789776687e-04
1.351678173034435e-04
1.768866592062988e-04
2.309323940197382e-04
3.017843409131264e-04
3.939479011387690e-04
5.142276845998184e-04
6.708552780747314e-04
8.768964473046210e-04
1.145104134541471e-03
1.495314737988231e-03
1.952153381522080e-03
2.550073588751459e-03
3.330667139695129e-03
4.345547540393502e-03
5.683559401077216e-03
7.431994261873943e-03
9.715464520651709e-03
1.270474993555016e-02
1.661833576676445e-02
2.174584499314912e-02
2.846594913286878e-02
3.724230673384272e-02
4.863565816827969e-02
6.341311436387996e-02
8.237928317259732e-02
1.065817266510772e-01
1.372747659096791e-01
1.758206018304974e-01
2.235148701404487e-01
2.813473644653254e-01
3.497471864202962e-01
4.281321665286668e-01
5.148364470247014e-01
6.066365615995613e-01
6.991843555953845e-01
7.874035023356443e-01
8.698652640767798e-01
9.819030294684710e-01
###3.200000000000000e+00
1.916189146640806e-12
-7.211871149787181e-11
-4.335154557983053e-11
1.664097979026182e-12
-4.186709008953296e-08
-3.411838309997196e-12
3.157521166742792e-11
2.858570359296249e-11
6.986507793828236e-11
7.561972509639716e-11
8.236243640707588e-11
5.225268131240360e-10
1.503946586046359e-10
2.191590500209962e-10
2.593744339674226e-10
3.244707044437409e-10
4.190979575747357e-10
5.575865816904181e-10
7.293973803845333e-10
9.531110408587451e-10
1.259640413041662e-09
1.675239281411439e-09
2.221766696120989e-09
2.944626915262828e-09
3.895179993711252e-09
5.183999655704934e-09
6.868950244067175e-09
9.115615997126420e-09
1.209291524634964e-08
1.604423580728094e-08
2.127592662205118e-08
2.822399095961014e-08
3.741603907833913e-08
4.959547270593493e-08
6.574366976831636e-08
8.711254995872410e-08
1.153902952815703e-07
1.527916974127321e-07
2.022459557646620e-07
2.676224458163184e-07
3.540498290224586e-07
4.681356186591242e-07
6.188230011470279e-07
8.176010863399126e-07
1.079735747850068e-06
1.425312667893166e-06
1.880404437614169e-06
2.480035272715185e-06
3.266444612858687e-06
4.309155342725735e-06
5.675003859537927e-06
7.473808274018876e-06
9.831944763003639e-06
1.294257277734174e-05
1.699160386322930e-05
2.231366219142808e-05
2.927671719357875e-05
3.845539620469000e-05
5.045173807025990e-05
6.611064888873131e-05
8.673900848372869e-05
1.135924327069493e-04
1.488174967721437e-04
1.950262568571632e-04
2.549289685890325e-04
3.336184817327607e-04
4.361320170486791e-04
5.702220165514321e-04
7.450477644513965e-04
9.755676349076475e-04
1.276191108933118e-03
1.669500676033786e-03
2.183436175189895e-03
2.857204011176546e-03
3.738044522961703e-03
4.884649990846532e-03
6.398479516901236e-03
8.378444741647777e-03
1.096476038114850e-02
1.435101141026761e-02
1.878063710285010e-02
2.458027224961740e-02
3.216681716080335e-02
4.205222319957440e-02
5.483934095367193e-02
7.135862502344172e-02
9.244614200309889e-02
1.191877405298499e-01
1.528348675211600e-01
1.947053856726937e-01
2.459532005375794e-01
3.073189224085778e-01
3.788245405833983e-01
4.595111564521528e-01
5.471099544119006e-01
6.379980700539503e-01
7.275668441906751e-01
8.108117891902642e-01
8.862825457327121e-01
9.844763543692309e-01
###3.600000000000000e+00
1.458374615589164e-11
-9.779827502728235e-11
-7.088707682615605e-11
1.271958445181170e-11
-4.200696350909113e-08
-2.922411420692507e-11
2.892116735973264e-11
2.688136859305955e-11
7.707807796213062e-11
1.157760930731498e-10
8.213821328085699e-11
4.943870144535748e-10
1.651103691361435e-10
2.364948960581317e-10
2.683009032531347e-10
3.491078866621395e-10
4.493619959179899e-10
6.012289304479375e-10
7.841707287210748e-10
1.030307231552323e-09
1.361982914900632e-09
1.807948332251908e-09
2.398191389667939e-09
3.179915720435955e-09
4.212555767340822e-09
5.599231122486566e-09
7.426006567164460e-09
9.853923400135422e-09
1.307823711053846e-08
1.735604019466141e-08
2.302230154661265e-08
3.054871352662359e-08
4.050909514320197e-08
5.371326420593568e-08
7.122187986066501e-08
9.440026479598487e-08
1.250896982015827e-07
1.656821776760653e-07
2.193990635435130e-07
2.904066947207528e-07
3.843426325569206e-07
5.083617637654972e-07
6.722636312680642e-07
8.885881575607940e-07
1.173967169788797e-06
1.550356021561815e-06
2.046280159270995e-06
2.700132688525297e-06
3.558028979561121e-06
4.696453402565633e-06
6.188737549599641e-06
8.155978388075185e-06
1.073551501167515e-05
1.414182207997220e-05
1.857844268425880e-05
2.441521336490741e-05
3.205539080205465e-05
4.214976300613398e-05
5.535068226671656e-05
7.260172709476171e-05
9.536294032536826e-05
1.250261470317379e-04
1.639960374606275e-04
2.152168964661118e-04
2.816752596654050e-04
3.691443879182863e-04
4.832655907726026e-04
6.328297126402927e-04
8.281063965425393e-04
1.086094233679283e-03
1.423099240055454e-03
1.864780098749487e-03
2.442786175843252e-03
3.201575343350880e-03
4.194772511743443e-03
5.488633574041784e-03
7.198539932671903e-03
9.435641755324386e-03
1.235801843050331e-02
1.618238958922029e-02
2.117913925436255e-02
2.771234187787724e-02
3.623889183537075e-02
4.731723769723231e-02
6.159289063603579e-02
7.994883274600846e-02
1.032499566098415e-01
1.325997008531866e-01
1.692343773221978e-01
2.143897488409104e-01
2.690533020504375e-01
3.336947917092260e-01
4.079458302209661e-01
4.904325590093140e-01
5.783960840270868e-01
6.678829338203233e-01
7.541435938116777e-01
8.323473586739095e-01
9.011081765593354e-01
9.867708321509731e-01
###4.000000000000000e+00
3.930607886858504e-11
-1.323317354351748e-10
-7.643527753082229e-11
-5.419344049146462e-12
-4.199093033563415e-08
-1.465170746453644e-11
4.074840755207584e-11
3.158767521422719e-11
8.957510987948985e-11
1.363399925703538e-10
1.010106489181564e-10
5.015518271463476e-10
1.841073228973772e-10
2.523417851446737e-10
2.930903971688313e-10
3.776406950008831e-10
4.934899060738204e-10
6.387549069981978e-10
8.477121368636508e-10
1.113470987956051e-09
1.470838022339418e-09
1.950055924302871e-09
2.591926494419342e-09
3.436621144764485e-09
4.555067079446864e-09
6.053020746447563e-09
8.026115919109264e-09
1.065611345535481e-08
1.414712796670553e-08
1.877880762057239e-08
2.491413150842293e-08
3.307379237206083e-08
4.387043674732051e-08
5.818809363821831e-08
7.717964161865116e-08
1.023274283396369e-07
1.356416968682342e-07
1.797168244642498e-07
2.381082949226712e-07
3.151888207745283e-07
4.173318449825695e-07
5.522343953973018e-07
7.305762477445273e-07
9.660833154699283e-07
1.276878346397884e-06
1.687033461214960e-06
2.227738102174446e-06
2.941087039884010e-06
3.877391314380180e-06
5.121154250636704e-06
6.752255625350359e-06
8.905028469325201e-06
1.172877642390278e-05
1.546121392967480e-05
2.032644512529353e-05
2.673266407714249e-05
3.512395589871818e-05
4.623364234911096e-05
6.077322000063195e-05
7.979510050080245e-05
1.049204230213957e-04
1.377251894160323e-04
1.808680995387568e-04
2.376909038304267e-04
3.114789236946345e-04
4.087604737933165e-04
5.359100316435139e-04
7.027932640346626e-04
9.210229895934118e-04
1.209839707043652e-03
1.587617689429135e-03
2.083505189250487e-03
2.733156626065705e-03
3.586925238755800e-03
4.705619981655317e-03
6.166242111498991e-03
8.091440615903788e-03
1.061345783892123e-02
1.390640696703737e-02
1.821231153871570e-02
2.382988503880627e-02
3.116016322598662e-02
4.070254584156356e-02
5.305722958707549e-02
6.891319761288918e-02
8.919925483606002e-02
1.147954495366341e-01
1.468083496648854e-01
1.864430432569080e-01
2.348294626153646e-01
2.927585719284086e-01
3.604134759101682e-01
4.370499666611626e-01
5.208580018697261e-01
6.087012799712075e-01
6.963457497392289e-01
7.790114496877851e-01
8.521221651204856e-01
9.144760980770369e-01
9.888034572870422e-01
###4.399999999999999e+00
1.211795878629749e-11
-1.354022641869127e-10
-4.806022722535994e-11
-4.465577896834175e-12
-4.198411552375394e-08
-1.234857500282455e-11
4.574507029463866e-11
4.272403453183142e-11
1.543808766828583e-10
1.401385416452144e-10
1.009119230720960e-10
4.902303568874919e-10
1.980637086455311e-10
2.706221142626960e-10
3.165568821221903e-10
4.048477219683114e-10
5.317828726834051e-10
6.938418290919610e-10
9.154862019621978e-10
1.205608121915691e-09
1.589930817327521e-09
2.107239525473238e-09
2.795679168309301e-09
3.716753165190514e-09
4.925824690440614e-09
6.549732791818863e-09
8.679799877597636e-09
1.152758124299886e-08
1.530803376625655e-08
2.032361388497085e-08
2.697256485372668e-08
3.581658167963802e-08
4.752166444469831e-08
6.304476902873337e-08
8.365593689198022e-08
1.109519384478539e-07
1.471216417105827e-07
1.949992722209543e-07
2.584761986595274e-07
3.421757428408538e-07
4.533177554879503e-07
6.000927423492338e-07
7.942190055568488e-07
1.050585774277629e-06
1.389356631753691e-06
1.836504127829645e-06
2.426355662313567e-06
3.204957734216845e-06
4.227589993271028e-06
5.587077438881882e-06
7.371261041526842e-06
9.728341636901248e-06
1.282154333564450e-05
1.691438341864722e-05
2.225345489214840e-05
2.928966958681755e-05
3.851361847595739e-05
5.074933481261841e-05
6.677615313626689e-05
8.776797642529125e-05
1.155240906747924e-04
1.518310055849987e-04
1.996353388220281e-04
2.627057487842639e-04
3.446937485463291e-04
4.529463932603050e-04
5.946714394290261e-04
7.809352323842094e-04
1.024843164294964e-03
1.348141545935784e-03
1.771535559596023e-03
2.327985621791380e-03
3.057729239611219e-03
4.017529787366965e-03
5.275995508725362e-03
6.922116564568889e-03
9.085450861979713e-03
1.192165726378853e-02
1.562237659848053e-02
2.045477248899729e-02
2.674909170551881e-02
3.494142441794267e-02
4.557402759546202e-02
5.929061844328185e-02
7.681501278549366e-02
9.911819421695484e-02
1.270819160089853e-01
1.618067130374475e-01
2.044407701670276e-01
2.559852962982160e-01
3.170138662571718e-01
3.874126809001818e-01
4.660527589240286e-01
5.507387576894055e-01
6.379893198638982e-01
7.233973541215626e-01
8.022217346009352e-01
8.702311308355778e-01
9.264743512766737e-01
9.905715821564917e-01
###4.800000000000000e+00
9.798447866959235e-12
-9.966956222055760e-11
-3.069613445171844e-11
6.534956595688380e-13
-4.197985362393261e-08
-1.656230576051521e-11
4.308213434011337e-11
4.600718485868361e-11
1.624285486405063e-10
1.492504220040407e-10
9.327518873351343e-11
4.906811386425684e-10
2.149796569752468e-10
2.904107245641524e-10
3.440446075307100e-10
4.413974956639652e-10
5.637458766931649e-10
7.384018446609180e-10
9.881121293883628e-10
1.305155681704166e-09
1.719990638704228e-09
2.278553514045085e-09
3.024071366732380e-09
4.018030314402170e-09
5.327834741277851e-09
7.082106070850223e-09
9.390090409642764e-09
1.247411180023188e-08
1.656727591963999e-08
2.200245098032966e-08
2.920931157114013e-08
3.879475993049300e-08
5.149216696895230e-08
6.833404825113911e-08
9.069912126810582e-08
1.203330268001090e-07
1.596263930185882e-07
2.116475246737996e-07
2.806702075050279e-07
3.716146678779778e-07
4.925699099674535e-07
6.523145972318416e-07
8.637127189744014e-07
1.143084270367885e-06
1.512369086551640e-06
2.000074596865071e-06
2.643830068261058e-06
3.494156138859989e-06
4.611839714661493e-06
6.098501414337934e-06
8.051214881061559e-06
1.063386122432416e-05
1.402398013183952e-05
1.851520569765069e-05
2.437800256582027e-05
3.211278529574269e-05
4.226030578673222e-05
5.574423926351627e-05
7.342364122257445e-05
9.660631917762510e-05
1.272951789620769e-04
1.675035448523510e-04
2.205096239744102e-04
2.905418235241218e-04
3.817020859859276e-04
5.022172866069403e-04
6.602247207826754e-04
8.681902049647533e-04
1.140799544975821e-03
1.502608673116929e-03
1.976912608362021e-03
2.600996535361637e-03
3.419892844315544e-03
4.497632368314253e-03
5.911129770752216e-03
7.761829294226566e-03
1.018884801505753e-02
1.337049025946489e-02
1.751787321988682e-02
2.292523147531352e-02
2.995182837238826e-02
3.907364181690037e-02
5.087395252661261e-02
6.603580805046061e-02
8.531440043224039e-02
1.097167851072433e-01
1.401113563553451e-01
1.775795337693868e-01
2.231923523321624e-01
2.777786212283036e-01
3.417501318266703e-01
4.146093814523685e-01
4.948776096365363e-01
5.800175500074654e-01
6.662383566886637e-01
7.490387564481839e-01
8.238142816422532e-01
8.867478716062553e-01
9.371993513295032e-01
9.921317761181676e-01
###5.200000000000000e+00
1.763262978297291e-11
-1.048146121125092e-10
-1.296364576832707e-11
2.052724792076862e-12
-4.195845379255017e-08
-6.656136583723775e-12
4.454589145709394e-11
3.760103880648058e-11
1.631429586832330e-10
1.602373915589883e-10
1.043740825040992e-10
4.979237356412292e-10
2.374438557629488e-10
3.095097453841310e-10
3.739109633364975e-10
4.764501631446670e-10
6.152581584407216e-10
8.039486373100476e-10
1.066596222384745e-09
1.414912273509403e-09
1.861333977738027e-09
2.466279099977021e-09
3.270712366609047e-09
4.345500981932331e-09
5.762528908122656e-09
7.659923565742518e-09
1.016137014566410e-08
1.350026007253802e-08
1.793833585032799e-08
2.382482014684400e-08
3.163768884964340e-08
4.203428890716430e-08
5.580662679536430e-08
7.408657236877791e-08
9.836356217839485e-08
1.305489682444869e-07
1.732442889005597e-07
2.297851119707623e-07
3.048614657167527e-07
4.038106102134830e-07
5.354101467151495e-07
7.093573366327101e-07
9.396455500321115e-07
1.244227332369272e-06
1.646953756592164e-06
2.179114697666996e-06
2.882075503855822e-06
3.811225967286117e-06
5.033802132757043e-06
6.660852389956898e-06
8.798831969010116e-06
1.162940577177155e-05
1.534839667512423e-05
2.027937629163576e-05
2.672187810171858e-05
3.523099385585669e-05
4.640422187888219e-05
6.127331861725422e-05
8.079056951600661e-05
1.064092970448908e-04
1.403643861711623e-04
1.849164841994599e-04
2.437223743654968e-04
3.215321934023687e-04
4.229133724852753e-04
5.571301247509049e-04
7.333237520164922e-04
9.655060923180727e-04
1.270170865509519e-03
1.674903320321197e-03
2.205990757327841e-03
2.905304556570657e-03
3.823287791783545e-03
5.031854417300985e-03
6.617057472208688e-03
8.692891685378760e-03
1.141061044365696e-02
1.497082737902947e-02
1.960548746598616e-02
2.563687320307985e-02
3.345581248634120e-02
4.357576235428569e-02
5.661962120217421e-02
7.331020011933716e-02
9.442498359247854e-02
1.209997076756102e-01
1.538828075313888e-01
1.941163779902119e-01
2.426646586466206e-01
3.001877984594373e-01
3.668944316839679e-01
4.419249855542088e-01
5.234469193837479e-01
6.086147486194167e-01
6.933885733598130e-01
7.732520958234320e-01
8.438214174076305e-01
9.017256698829464e-01
9.467158981632033e-01
9.934693644447490e-01
###5.600000000000001e+00
6.933464974467718e-11
-3.096078874184186e-11
-1.533854418975046e-11
1.835604205247027e-11
-4.196428089355633e-08
-4.702697714507089e-12
6.284292123780725e-11
3.901993281159881e-11
1.693662311649990e-10
1.566966722556974e-10
1.164015281360770e-10
4.941458066735591e-10
2.550694226621145e-10
3.219113744989873e-10
4.087821081608239e-10
5.129313841259325e-10
6.655565952629640e-10
8.646279428261435e-10
1.154399508786155e-09
1.527635552604208e-09
2.009669732476439e-09
2.666308714928837e-09
3.541563816185675e-09
4.699946434565816e-09
6.233806391091961e-09
8.285978571673432e-09
1.099902963450813e-08
1.461391511899910e-08
1.942183766415444e-08
2.580414690171955e-08
3.427816506598933e-08
4.555566549213048e-08
6.049848381068112e-08
8.034518857277827e-08
1.067065877630325e-07
1.416734659964554e-07
1.880786124785383e-07
2.495593210446952e-07
3.311860438396369e-07
4.389321818858673e-07
5.821758128146702e-07
7.716723232593400e-07
1.022666729334778e-06
1.354817496936973e-06
1.794184030917595e-06
2.375254919021333e-06
3.143234292919223e-06
4.159123711498301e-06
5.497533751987960e-06
7.278873851304330e-06
9.620940126892946e-06
1.272523092184727e-05
1.680711254712299e-05
2.222497531782311e-05
2.931041598275516e-05
3.867634709566083e-05
5.098848186646162e-05
6.739534411801035e-05
8.895287225659750e-05
1.172842804280700e-04
1.548722227874628e-04
2.042676899568356e-04
2.695342207002875e-04
3.560026940666352e-04
4.687976983658419e-04
6.182828292384494e-04
8.147618637370551e-04
1.073928139072437e-03
1.414307730837938e-03
1.866867393813145e-03
2.461100177361570e-03
3.243960183634929e-03
4.271870452377870e-03
5.625155535206782e-03
7.399856848045762e-03
9.723120788213236e-03
1.275986889869304e-02
1.673376611968655e-02
2.189844785187540e-02
2.860552852171473e-02
3.727715364528740e-02
4.846467859533209e-02
6.282860203308269e-02
8.112827400388371e-02
1.041588913730765e-01
1.329717216276531e-01
1.683886838246374e-01
2.113972991410956e-01
2.628281570460829e-01
3.231626361023923e-01
3.923779389688842e-01
4.692741884535890e-01
5.516739592357157e-01
6.364523532220583e-01
7.193945613792125e-01
7.960290004750431e-01
8.622592760835852e-01
9.152395261774329e-01
9.551123284882757e-01
9.946290733974896e-01
###6.000000000000001e+00
6.843209528437653e-11
-4.100968965034285e-11
-9.313631446549308e-12
1.213756060055839e-11
-4.196328242410185e-08
-1.751593349395766e-11
8.171520106211655e-11
4.714635158298618e-11
1.627528889203772e-10
1.641218761255964e-10
1.313540295755136e-10
4.856890920814615e-10
2.734744234784439e-10
3.488469142762187e-10
4.420754918272285e-10
5.553276666128628e-10
7.171975748956236e-10
9.368189961146369e-10
1.253435475899423e-09
1.659176233087738e-09
2.174441254604237e-09
2.882526599368270e-09
3.832417505210086e-09
5.083451344000442e-09
6.744749675639792e-09
8.965259606518312e-09
1.190352807230893e-08
1.582290100735695e-08
2.103362426845073e-08
2.795466502942255e-08
3.714738756949100e-08
4.938319031379457e-08
6.560245539393790e-08
8.715893102746395e-08
1.157901080171277e-07
1.537913764669029e-07
2.042457424879109e-07
2.711132748879042e-07
3.599044575280568e-07
4.772726709806495e-07
6.332570307107068e-07
8.397820578134535e-07
1.113496918340018e-06
1.475818526216514e-06
1.955467372756186e-06
2.590234234932302e-06
3.429688355193260e-06
4.540816246335864e-06
6.007153978926851e-06
7.958230628412571e-06
1.052568488985768e-05
1.393202972847868e-05
1.841527062447677e-05
2.437196644444400e-05
3.216855467952986e-05
4.248478241392455e-05
5.606038672788472e-05
7.417558338235784e-05
9.799916086808464e-05
1.293466967797371e-04
1.709848372948268e-04
2.257618869751822e-04
2.982341093011990e-04
3.943507679921140e-04
5.198518189705063e-04
6.863565506541366e-04
9.054185221031727e-04
1.194592179431659e-03
1.574735690967628e-03
2.080429518810883e-03
2.744765451750284e-03
3.620098670845629e-03
4.769556865293016e-03
6.282614176672593e-03
8.265843193962038e-03
1.086040808940102e-02
1.424617624943106e-02
1.867097973384608e-02
2.441100413127241e-02
3.184624995761892e-02
4.143280887347141e-02
5.375795902412425e-02
6.951954837896378e-02
8.950566901872987e-02
1.145255111432787e-01
1.456397242339988e-01
1.836245284012219e-01
2.293960182874768e-01
2.836383645968456e-01
3.466480945838795e-01
4.181430565476690e-01
4.965788214154204e-01
5.794742946744851e-01
6.634614314902713e-01
7.442063232491539e-01
8.173562863117091e-01
8.791697414213019e-01
9.273529407401510e-01
9.624615357894050e-01
9.956158648868034e-01
###6.400000000000001e+00
6.554328645612062e-11
-3.533247890192589e-11
-2.435723506257512e-11
1.389128286145460e-11
-4.195867131230844e-08
-2.212074177673464e-11
8.300539836146018e-11
5.393861443950653e-11
1.563477779632606e-10
1.518700153441902e-10
1.554670788731910e-10
4.832740809106496e-10
2.879804711061029e-10
3.773817437927059e-10
4.743728054590431e-10
5.976567483336946e-10
7.668320965576431e-10
1.009748627967170e-09
1.354701006360844e-09
1.792486711563209e-09
2.354109106872411e-09
3.117485704168430e-09
4.143604068189391e-09
5.497273486234684e-09
7.298788066611652e-09
9.701457639679790e-09
1.287708688771300e-08
1.713461236377599e-08
2.278388719475498e-08
3.029061661525555e-08
4.026443385256523e-08
5.354757276083128e-08
7.115590465710583e-08
9.457452144099033e-08
1.256831017586739e-07
1.669924187282483e-07
2.218656158563762e-07
2.946217018186285e-07
3.912370132918344e-07
5.191215491559538e-07
6.890779502988540e-07
9.142149827534164e-07
1.212821976238445e-06
1.608261114774739e-06
2.132128638520156e-06
2.825845058997822e-06
3.743898608567055e-06
4.960017459324196e-06
6.567243061769399e-06
8.705369982670810e-06
1.152147418053925e-05
1.526207234972528e-05
2.018905609474920e-05
2.674094783388576e-05
3.532641870176294e-05
4.669545110205756e-05
6.167522515915697e-05
8.168419079429914e-05
1.080269033272949e-04
1.427273379777588e-04
1.888729277442918e-04
2.496406589946774e-04
3.301244933312865e-04
4.369798878776257e-04
5.766315444750731e-04
7.620832030776236e-04
1.006250477236418e-03
1.328831770617202e-03
1.753068550071489e-03
2.317685359176376e-03
3.059641626179700e-03
4.037277137560427e-03
5.320918626147542e-03
7.009662441489577e-03
9.221795980766796e-03
1.211294240480754e-02
1.587961698525285e-02
2.079407736994283e-02
2.715617589696771e-02
3.537431460745812e-02
4.593959210569892e-02
5.947192164760007e-02
7.670896555752793e-02
9.845494455342756e-02
1.255347205935059e-01
1.590017570793280e-01
1.995730772863661e-01
2.480817579037718e-01
3.050547973866921e-01
3.705776178864911e-01
4.440961964517031e-01
5.237501135322643e-01
6.067668302609324e-01
6.895607034666783e-01
7.677783223548618e-01
8.372355305698478e-01
8.945988211883494e-01
9.381417722312655e-01
9.688495379611681e-01
9.964546664218008e-01
###6.800000000000002e+00
7.275341285347385e-11
-3.335637798614370e-11
-1.668551368094394e-11
2.896249023726458e-12
-4.195679224944575e-08
-2.278057631508783e-11
8.629719576673526e-11
6.472857274019159e-11
1.557309214272288e-10
1.672106541236337e-10
1.736752610388737e-10
4.794879615187963e-10
3.106144155181021e-10
4.041074355047688e-10
5.113520515887796e-10
6.439764441736120e-10
8.320836146652809e-10
1.093583017800894e-09
1.462985364437370e-09
1.935610628773019e-09
2.544205704764187e-09
3.372142509430347e-09
4.482638541506816e-09
5.945194246770296e-09
7.901198850016723e-09
1.050090542501650e-08
1.394584516564795e-08
1.855800499203154e-08
2.468409319355721e-08
3.283005964938644e-08
4.365548074555971e-08
5.807301593725364e-08
7.720138578746398e-08
1.026450144571640e-07
1.364606186150108e-07
1.813842053255021e-07
2.410846765391284e-07
3.202724706183981e-07
4.254648954180014e-07
5.648389365183390e-07
7.500938593706695e-07
9.956449866738041e-07
1.321516598522537e-06
1.753380372556493e-06
2.325840622742457e-06
3.084325156444995e-06
4.088946239880099e-06
5.420712898186800e-06
7.182916580561993e-06
9.527589390387018e-06
1.261844019604687e-05
1.672816776367361e-05
2.214615968674135e-05
2.935731596519073e-05
3.881649929180301e-05
5.135483049356159e-05
6.788781509709455e-05
9.000162825608714e-05
1.191426548057061e-04
1.575703556534502e-04
2.087201232635702e-04
2.761558277584239e-04
3.655524662878960e-04
4.843446167485364e-04
6.397301166881270e-04
8.462262306456951e-04
1.118273710570745e-03
1.477897277958465e-03
1.951020722970282e-03
2.580871392560768e-03
3.408585467502676e-03
4.499137879870291e-03
5.930438227647577e-03
7.812231301773468e-03
1.027491812843423e-02
1.348996190312289e-02
1.767086776724500e-02
2.311550283054219e-02
3.014721600790238e-02
3.920624164984113e-02
5.081332775976054e-02
6.562724780765004e-02
8.440973354885173e-02
1.079920325782152e-01
1.371916956471480e-01
1.730579197960050e-01
2.162248551962800e-01
2.674285628362039e-01
3.270302597908032e-01
3.948765145192292e-01
4.701581331161549e-01
5.506976723144904e-01
6.334571238066685e-01
7.146954529444944e-01
7.900737080571333e-01
8.556616261111747e-01
9.085855231507008e-01
9.476851117587414e-01
9.743522028518564e-01
9.971605978154439e-01
###7.200000000000002e+00
6.332780300816260e-11
-2.483631869830895e-11
-1.675864061319528e-11
2.091772702153100e-12
-4.195385598885825e-08
-1.974989637146138e-11
6.514525620860137e-11
7.674031761334940e-11
1.472383736798083e-10
1.789814876397780e-10
1.888042266141973e-10
4.906811391181425e-10
3.380495462673822e-10
4.365617633247249e-10
5.574602443738725e-10
6.957430054484619e-10
8.944115264486822e-10
1.182063678778871e-09
1.583130436149569e-09
2.089803924704601e-09
2.749999968085499e-09
3.647026565377096e-09
4.845551727846796e-09
6.431120960803472e-09
8.551723721145698e-09
1.136891064245238e-08
1.510336983528763e-08
2.010558172047819e-08
2.675215135253693e-08
3.559042582270644e-08
4.734327571764456e-08
6.300053793225604e-08
8.378230773927312e-08
1.114368071450563e-07
1.482108897111840e-07
1.970764492368938e-07
2.620524626981685e-07
3.482783171687097e-07
4.628389778694038e-07
6.147965936925062e-07
8.168025603715857e-07
1.084738070732777e-06
1.440576675144405e-06
1.912386010834156e-06
2.538274003479570e-06
3.368035212307146e-06
4.467927016893360e-06
5.927054375127136e-06
7.859900616634521e-06
1.043254204266792e-05
1.382684853520635e-05
1.834651372617783e-05
2.430581407006482e-05
3.224655102638822e-05
4.267345946574071e-05
5.650792334856929e-05
7.476638955876777e-05
9.921366166218145e-05
1.314685548977750e-04
1.740339107562960e-04
2.307398071643126e-04
3.055849372045700e-04
4.048840361998509e-04
5.369447497901618e-04
7.097773901669233e-04
9.396449657189441e-04
1.242606307314063e-03
1.643275863869574e-03
2.170526562624014e-03
2.872463680221279e-03
3.794832281564522e-03
5.009653575950338e-03
6.603105242615272e-03
8.696382103875426e-03
1.143289395485545e-02
1.500024769914990e-02
1.963085651602308e-02
2.564803484658814e-02
3.339914571416950e-02
4.335722793672813e-02
5.607281795321156e-02
7.223646903498754e-02
9.263824856217992e-02
1.181265327082183e-01
1.495037803411791e-01
1.877978766374336e-01
2.335609547145822e-01
2.874004638374261e-01
3.495097071449643e-01
4.194840984416819e-01
4.962452625089544e-01
5.773368017468526e-01
6.594731789245480e-01
7.387936353645742e-01
8.110627422053314e-01
8.726564536103627e-01
9.211858485535105e-01
9.560629574748783e-01
9.790543013442106e-01
9.977418674847132e-01
###7.600000000000002e+00
5.453369661114055e-11
-1.908135603981132e-11
-2.514306389364492e-12
5.475623808365030e-12
-4.194751266170775e-08
-1.396445138247372e-11
7.306190164993056e-11
7.219542934013818e-11
1.478359555785647e-10
1.902396758323364e-10
2.065817831287097e-10
4.899351303976889e-10
3.639095417259701e-10
4.693278962413015e-10
5.980223003798581e-10
7.506649745727961e-10
9.699957553405682e-10
1.278876455109367e-09
1.706079776572412e-09
2.252440876467009e-09
2.969474807267817e-09
3.946459121692206e-09
5.242015316706863e-09
6.959720809997200e-09
9.256629882453295e-09
1.231399465908005e-08
1.636538201837500e-08
2.178719945414390e-08
2.900012003075992e-08
3.859568786644257e-08
5.135640622180822e-08
6.836727308362642e-08
9.094936944498981e-08
1.210173608061142e-07
1.610169226419238e-07
2.141915786431026e-07
2.849389152997264e-07
3.788531035146769e-07
5.036894029634992e-07
6.694098424833458e-07
8.898136350071319e-07
1.182305424350840e-06
1.570955640116606e-06
2.086701675579317e-06
2.771260254607343e-06
3.679478484756615e-06
4.884307254212223e-06
6.483806271192841e-06
8.604799263768684e-06
1.142944050510310e-05
1.515901410993971e-05
2.013219837667410e-05
2.669006699922840e-05
3.543934326772110e-05
4.693766141741810e-05
6.220910406019239e-05
8.238184421684150e-05
1.094198615624801e-04
1.451278208007619e-04
1.922833683543531e-04
2.551651952597596e-04
3.382340406039544e-04
4.485265497750950e-04
5.953041192297980e-04
7.875153117912407e-04
1.043266472156165e-03
1.380469311423115e-03
1.826548934993495e-03
2.413553388408594e-03
3.195091638184836e-03
4.221618510565793e-03
5.572983255151082e-03
7.344146372575868e-03
9.668699678378799e-03
1.270327269573659e-02
1.665342558194532e-02
2.176980811242445e-02
2.840398219727563e-02
3.692702280883950e-02
4.784345625767596e-02
6.173164052163402e-02
7.931519022051273e-02
1.014066894902646e-01
1.288630440750507e-01
1.624686050308047e-01
2.032139590503375e-01
2.515511285071406e-01
3.079604815627089e-01
3.724282404844038e-01
4.443220761280830e-01
5.222715515231906e-01
6.035599503410369e-01
6.847079386683720e-01
7.617896690487360e-01
8.307246508358398e-01
8.882402554787880e-01
9.324635657879121e-01
9.633626890895510e-01
9.830390044194531e-01
9.982255617838414e-01
###8.000000000000002e+00
5.976153094538462e-11
-1.606554906954997e-11
-7.117325919769823e-12
2.068443068103598e-11
-4.193627100787750e-08
-1.137982751360352e-11
7.563489761029568e-11
8.767077870995276e-11
1.543369616783006e-10
2.046281555928610e-10
2.222542693793191e-10
4.929761114918462e-10
3.855904678618119e-10
5.068021829081532e-10
6.432433114827954e-10
8.102887948288593e-10
1.050600056153042e-09
1.383775852646114e-09
1.844354100272865e-09
2.434146374453638e-09
3.212551864164982e-09
4.268314030851636e-09
5.670372147115342e-09
7.535254174134523e-09
1.002374551206828e-08
1.333786667367528e-08
1.773554093898170e-08
2.361547810367854e-08
3.144453739306454e-08
4.186993402492118e-08
5.572521645786522e-08
7.420911404568678e-08
9.876143668308759e-08
1.314614671035826e-07
1.749852034746662e-07
2.328670145949305e-07
3.099245161214618e-07
4.122555070635904e-07
5.483567211763147e-07
7.291417150194918e-07
9.697192222393326e-07
1.289108481411192e-06
1.713860957070809e-06
2.277840600285923e-06
3.026958259091391e-06
4.021486998692604e-06
5.342011695026907e-06
7.096189994106222e-06
9.424777840109375e-06
1.252761519095862e-05
1.662770548546803e-05
2.210188577212883e-05
2.932232265760158e-05
3.896681918799466e-05
5.165176525543161e-05
6.851557586086044e-05
9.081287630376836e-05
1.207220544282442e-04
1.602597920562998e-04
2.125115181882777e-04
2.822431162310425e-04
3.744365504994546e-04
4.969256023388951e-04
6.600239929996581e-04
8.736952131219438e-04
1.158095533788380e-03
1.533195492961684e-03
2.029444585391806e-03
2.682350732892230e-03
3.551487135975776e-03
4.692459172461874e-03
6.193509108216988e-03
8.159052567977061e-03
1.073568973186780e-02
1.409454766035760e-02
1.845910066690869e-02
2.410012033448001e-02
3.139681564050918e-02
4.074528313497860e-02
5.267933358861097e-02
6.780703635713202e-02
8.687899015029889e-02
1.107274759774467e-01
1.402134225188238e-01
1.760869842263312e-01
2.192957165724312e-01
2.701760730199622e-01
3.290563684172100e-01
3.957320460547604e-01
4.693078127305119e-01
5.481494391795454e-01
6.292893507315528e-01
7.090981268653287e-01
7.836389898250117e-01
8.490459953103040e-01
9.024482890640804e-01
9.424926835104783e-01
9.696744120986532e-01
9.863834221126307e-01
9.986161425189828e-01
###8.400000000000002e+00
8.354613922081480e-11
-3.387314871780444e-11
6.434262189299173e-13
2.385494848113183e-11
-4.192809328127147e-08
-1.368633506447487e-11
9.214835037519746e-11
1.030293684031720e-10
1.575940264613779e-10
2.097666981884856e-10
2.413737613433587e-10
4.990824957447608e-10
4.230654956175946e-10
5.422311838172004e-10
6.874976687259533e-10
8.713909769569409e-10
1.142321895170838e-09
1.499925530610927e-09
1.992727050231000e-09
2.630481498282886e-09
3.473744832426290e-09
4.618613412910662e-09
6.134657856393688e-09
8.159579050695233e-09
1.085673046515872e-08
1.444801372398897e-08
1.922423617235678e-08
2.560200964883373e-08
3.410359448263498e-08
4.543489924066384e-08
6.048194852712731e-08
8.057274563718050e-08
1.072719281272930e-07
1.428500058359126e-07
1.902265362325823e-07
2.532577336819384e-07
3.372169141482607e-07
4.487659784034882e-07
5.971761356488083e-07
7.944978967000197e-07
1.057193866492120e-06
1.406177528972041e-06
1.870551019180922e-06
2.487556453345541e-06
3.307776002750425e-06
4.397249850063896e-06
5.845165360624807e-06
7.770226276065890e-06
1.032782714571034e-05
1.373795416115746e-05
1.824767919746743e-05
2.427554411187433e-05
3.222964102508193e-05
4.286434848655317e-05
5.686538132462835e-05
7.549236178008855e-05
1.001421878320826e-04
1.332429034661836e-04
1.770213208627810e-04
2.349308102794675e-04
3.122498191901360e-04
4.145636275020381e-04
5.505483063845724e-04
7.317023232929154e-04
9.691059598285372e-04
1.285215441744594e-03
1.702116129633874e-03
2.253667625789506e-03
2.979132501870000e-03
3.944530235463764e-03
5.211265852843010e-03
6.876023497602123e-03
9.053687837729132e-03
1.190433397615541e-02
1.561532238659145e-02
2.042786081076320e-02
2.663374881571840e-02
3.464081554337047e-02
4.486831162486986e-02
5.788027520895708e-02
7.431447908024477e-02
9.494234612272966e-02
1.206136754322978e-01
1.521783228044766e-01
1.903528840810136e-01
2.360048698971413e-01
2.893990278053354e-01
3.506497802560017e-01
4.193515220307831e-01
4.943612295866293e-01
5.737837231110070e-01
6.544368454517124e-01
7.325723623170242e-01
8.043070040116329e-01
8.660408387234354e-01
9.153247730196821e-01
9.513481710556683e-01
9.750875363007184e-01
9.891644346429239e-01
9.989318333578221e-01
###8.800000000000002e+00
8.091736567989609e-11
-2.729348291807806e-11
9.390187107991551e-12
1.891636216461581e-11
-4.191732240522620e-08
-2.185860766795602e-11
9.592599190605301e-11
1.114789940118253e-10
1.759854010176028e-10
2.228670417428895e-10
2.564852801758659e-10
5.118517013772977e-10
4.552244626302637e-10
5.848826614904422e-10
7.419790486507124e-10
9.429577853623150e-10
1.235656877239017e-09
1.623116979516723e-09
2.153317104598592e-09
2.844551085739508e-09
3.758619482189099e-09
4.996024779014746e-09
6.641332401465650e-09
8.836805086565865e-09
1.176136991942053e-08
1.565614117285750e-08
2.084175690430513e-08
2.776321933580716e-08
3.699684290378085e-08
4.930832563967263e-08
6.566383282122918e-08
8.750952388360510e-08
1.165492356921857e-07
1.552744540812575e-07
2.068584375949505e-07
2.755209151644802e-07
3.670347212165182e-07
4.886714892768788e-07
6.506135139786523e-07
8.660567684397222e-07
1.153021425858805e-06
1.534531941283950e-06
2.042426415360061e-06
2.717769069452621e-06
3.616213367431386e-06
4.810476167585648e-06
6.398898962443078e-06
8.512191318440974e-06
1.132245983907454e-05
1.507172925616917e-05
2.003426910873506e-05
2.667473436629802e-05
3.544140863577300e-05
4.717196777876580e-05
6.262872917771427e-05
8.321303263298693e-05
1.105022447335308e-04
1.470993597495190e-04
1.955791142608809e-04
2.597548873375111e-04
3.454901570271540e-04
4.589922679459469e-04
6.099131374046927e-04
8.110623523167768e-04
1.074729685872231e-03
1.425791937483398e-03
1.888807941345796e-03
2.501206876865255e-03
3.306464241505678e-03
4.377532594864452e-03
5.781862853034091e-03
7.625325097911941e-03
1.003406390618852e-02
1.318239675895711e-02
1.727440513357719e-02
2.257259479661925e-02
2.938259522006570e-02
3.814820238039574e-02
4.931060152125147e-02
6.346390558530313e-02
8.126266093938182e-02
1.035187397032789e-01
1.310707579507059e-01
1.647644039550865e-01
2.052614295592308e-01
2.533513329079102e-01
3.091863904992089e-01
3.726828562412772e-01
4.432202884945378e-01
5.194071269098995e-01
5.990936037462382e-01
6.789177300921193e-01
7.550688810427545e-01
8.237647430186973e-01
8.817060791851414e-01
9.269227210782324e-01
9.591127124824320e-01
9.796917224683810e-01
9.914540110501964e-01
9.991855864090023e-01
###9.200000000000003e+00
8.797492249422593e-11
-2.708273089320805e-11
4.054050894243954e-11
2.141004307935831e-11
-4.188658393470846e-08
-4.659389938806689e-12
1.001926052046135e-10
1.272498225777047e-10
1.874878959685860e-10
2.362669674550232e-10
2.772548416762586e-10
5.277391766335983e-10
4.935033204298183e-10
6.342880492575857e-10
8.068523986078486e-10
1.022105549685433e-09
1.335916669031101e-09
1.756742931228049e-09
2.338631548786811e-09
3.077898812159916e-09
4.070257850973310e-09
5.409248047233591e-09
7.191504674648010e-09
9.572525728138761e-09
1.274891574545294e-08
1.696997372954983e-08
2.260279325714574e-08
3.011455865615310e-08
4.014919580340563e-08
5.352757426182664e-08
7.131197179845902e-08
9.507431958083668e-08
1.266737902923634e-07
1.688292715838984e-07
2.250119358981950e-07
2.998486576705840e-07
3.996087787224195e-07
5.323258742269506e-07
7.090876402362381e-07
9.444183909694456e-07
1.258023831229183e-06
1.675230737489720e-06
2.230997363036829e-06
2.970570605807732e-06
3.955051607995582e-06
5.264784219724639e-06
7.008111200222642e-06
9.329102897902723e-06
1.241818781482493e-05
1.654244020839133e-05
2.200561004222980e-05
2.932214784659567e-05
3.898806764722303e-05
5.193216091000460e-05
6.900298662151329e-05
9.175169858472217e-05
1.219767371191169e-04
1.624363755171729e-04
2.161251039432124e-04
2.872333794108256e-04
3.822892711469713e-04
5.081691363492790e-04
6.756010488961761e-04
8.988371314476285e-04
1.191472407300381e-03
1.581066708607673e-03
2.094809726853673e-03
2.774169480476932e-03
3.666931995913706e-03
4.853591260692407e-03
6.408283703492148e-03
8.446691906106116e-03
1.110668955551164e-02
1.457746815611378e-02
1.908092119515792e-02
2.490124314022774e-02
3.235838819886040e-02
4.193380138866645e-02
5.408807703210744e-02
6.944324448502759e-02
8.867231771003112e-02
1.126191378481297e-01
1.421075409654074e-01
1.779689667360694e-01
2.208021649882957e-01
2.713067884264697e-01
3.294986182586917e-01
3.950990068396212e-01
4.672633462638780e-01
5.443566005522996e-01
6.239925157277609e-01
7.026617729762445e-01
7.765356124465629e-01
8.419888637363486e-01
8.960750752671606e-01
9.373031436913862e-01
9.658727905617169e-01
9.835766803431013e-01
9.933227312610501e-01
9.993851696809497e-01
###9.600000000000003e+00
1.016130297054642e-10
-2.199575960996085e-11
3.952255869298635e-11
2.832851671988987e-11
-4.188196264469092e-08
2.813778939682800e-12
1.138206284012403e-10
1.325207483491539e-10
1.958485262791178e-10
2.466119013256230e-10
3.026466535874035e-10
5.476774393616294e-10
5.206540861609023e-10
6.798036529755766e-10
8.717348849494701e-10
1.108974984194993e-09
1.445893949540429e-09
1.902145517918020e-09
2.529638832701331e-09
3.330445164659228e-09
4.406952411488453e-09
5.858308990407329e-09
7.791075625098044e-09
1.037126556604892e-08
1.381887737026553e-08
1.840011980074157e-08
2.451695517670428e-08
3.267656251748022e-08
4.357870190893533e-08
5.812356046257417e-08
7.746482975782423e-08
1.033197807031636e-07
1.377196360952519e-07
1.836294850735821e-07
2.448413086733592e-07
3.264302032341747e-07
4.352535362790177e-07
5.800977690048470e-07
7.731171177425705e-07
1.030254513605413e-06
1.373149752250942e-06
1.829559188306961e-06
2.438018178663257e-06
3.248320243942453e-06
4.327599162627418e-06
5.764662536541882e-06
7.678558183863182e-06
1.022885376372918e-05
1.362585944956433e-05
1.816446011942732e-05
2.418081273241165e-05
3.224118847253307e-05
4.290545317334481e-05
5.719126155884124e-05
7.604936272515794e-05
1.012012095996919e-04
1.346631823820326e-04
1.794039647848874e-04
2.388494708158776e-04
3.176285709467134e-04
4.229869707320356e-04
5.625489443493184e-04
7.482057849130369e-04
9.958228400082469e-04
1.320380925517061e-03
1.752399405729345e-03
2.321922888014301e-03
3.074724793588645e-03
4.063404879155314e-03
5.376340336412238e-03
7.095030040449955e-03
9.345489553448541e-03
1.227812712902403e-02
1.609732920242345e-02
2.104460969857102e-02
2.742443712423778e-02
3.557660492501903e-02
4.601052477079894e-02
5.921363978458732e-02
7.582906078378465e-02
9.656196915048139e-02
1.222515469444558e-01
1.537285366407280e-01
1.917866901391567e-01
2.369697404689275e-01
2.898398141393855e-01
3.502979075577152e-01
4.178404002853238e-01
4.914129881852387e-01
5.691246127030035e-01
6.483979229622947e-01
7.255925241247455e-01
7.969268323570595e-01
8.589726189444796e-01
9.091785112319045e-01
9.465355917064788e-01
9.717143218885550e-01
9.868256104245404e-01
9.948307102970761e-01
9.995406911934014e-01
###1.000000000000000e+01
1.049945175352078e-10
-1.111811629687674e-11
4.708961421375972e-11
2.606230482886756e-11
-4.187385117663955e-08
8.050667117883031e-12
1.212998126983868e-10
1.453890454456032e-10
2.047066849946935e-10
2.613726989264992e-10
3.279527182817992e-10
5.738394417877533e-10
5.630653475553233e-10
7.351263757646227e-10
9.409491617752025e-10
1.195007672494571e-09
1.563161176635448e-09
2.060228176937514e-09
2.739237670601791e-09
3.607453672911770e-09
4.773217441447772e-09
6.347272298137267e-09
8.442508021274121e-09
1.124016101318853e-08
1.498110878726298e-08
1.995621234751055e-08
2.660072100507474e-08
3.546439003049162e-08
4.731304811609850e-08
6.313264800455822e-08
8.417433481154984e-08
1.123131509605960e-07
1.497753616278430e-07
1.997897070728415e-07
2.665116061996789e-07
3.554761080508244e-07
4.742313013005494e-07
6.323805754261399e-07
8.433225672243758e-07
1.124358683123867e-06
1.499405946767430e-06
1.998882343009820e-06
2.665358687281054e-06
3.553565842692768e-06
4.737159796008741e-06
6.314557930127975e-06
8.416718967631090e-06
1.122005783098280e-05
1.495573458734952e-05
1.995305015316438e-05
2.658038258990685e-05
3.546355496590862e-05
4.723172434787060e-05
6.300304346691016e-05
8.383706736369739e-05
1.116483868337817e-04
1.486822046626741e-04
1.981681178450609e-04
2.639815362772950e-04
3.512344868830462e-04
4.679728277367952e-04
6.226455302675264e-04
8.284139132326845e-04
1.102863535485769e-03
1.462561805919560e-03
1.941231839986758e-03
2.572012365629106e-03
3.405251452440005e-03
4.498807160538235e-03
5.949792155013191e-03
7.846976810854188e-03
1.032775782864227e-02
1.355535557706681e-02
1.775120135821542e-02
2.317542489329001e-02
3.015410916424010e-02
3.904930569318058e-02
5.039257381281571e-02
6.470183312124698e-02
8.264081379366285e-02
1.049367556978071e-01
1.324278708297542e-01
1.659380064171332e-01
2.062174135542389e-01
2.537458704587653e-01
3.089196720796252e-01
3.715306918471628e-01
4.408485197716595e-01
5.155873316263984e-01
5.936351494135902e-01
6.722285047327650e-01
7.476539243385757e-01
8.162080551769618e-01
8.747236647478487e-01
9.210599977199222e-01
9.546930119611302e-01
9.767242066618259e-01
9.895196230198828e-01
9.960378197910891e-01
9.996591648205712e-01
###1.040000000000000e+01
1.068653805669770e-10
3.349993142266796e-11
5.510683830727613e-11
3.074115639942379e-11
-4.186267582812592e-08
1.828512869815099e-11
1.308776308100578e-10
1.515442982112906e-10
2.166896889283323e-10
2.792846486734051e-10
3.532601320541993e-10
6.028487297674243e-10
6.039969136607415e-10
7.805095027918507e-10
1.010619920968713e-09
1.291019993424537e-09
1.689345578314172e-09
2.225878580209915e-09
2.960848845536885e-09
3.904553513543379e-09
5.170879373337898e-09
6.876884975420654e-09
9.148394494153767e-09
1.218364050413279e-08
1.624414408992846e-08
2.164818022248014e-08
2.886747384941173e-08
3.849994665850885e-08
5.138104209854288e-08
6.859348269427388e-08
9.149258843639894e-08
1.221250846155164e-07
1.629372899696772e-07
2.174400356198127e-07
2.901986559860263e-07
3.872548955651779e-07
5.168934571418171e-07
6.896271148377565e-07
9.203145332279800e-07
1.227499387679529e-06
1.637890082417084e-06
2.184846821960544e-06
2.915152990871524e-06
3.889071751403412e-06
5.187645334883376e-06
6.919475518437038e-06
9.229355505869515e-06
1.231229200929880e-05
1.642072441327154e-05
2.192505927100138e-05
2.922834123359859e-05
3.902207869101540e-05
5.200959271326185e-05
6.942602655544066e-05
9.244343173759654e-05
1.231921606112686e-04
1.641774179160399e-04
2.189043577023380e-04
2.917529717799529e-04
3.883840117051708e-04
5.176752032396422e-04
6.890002077594370e-04
9.169151503408822e-04
1.220942740155017e-03
1.619242427970705e-03
2.149075992352267e-03
2.847011981260831e-03
3.768247312663409e-03
4.976259671035915e-03
6.577507272304376e-03
8.668769728043892e-03
1.139926906559765e-02
1.494576095301380e-02
1.954702374830079e-02
2.548306836434203e-02
3.310210700753646e-02
4.278680505919691e-02
5.509395921431277e-02
7.057168754338533e-02
8.989225115474250e-02
1.138046480165779e-01
1.431541685890765e-01
1.787333103897736e-01
2.212501280723559e-01
2.710966540403480e-01
3.285129171099219e-01
3.931440910398723e-01
4.640512937024348e-01
5.397126475093399e-01
6.178056684593418e-01
6.954143988267022e-01
7.687900323588988e-01
8.343593943017673e-01
8.892521202362289e-01
9.317666422808050e-01
9.618523979580375e-01
9.809883825435926e-01
9.917344683645378e-01
9.969933444866746e-01
9.997509928588089e-01
###1.080000000000000e+01
1.157752536876668e-10
3.463913774831111e-11
5.900781979645743e-11
3.124443046244753e-11
-4.185701879026673e-08
1.722123164312235e-11
1.375980559357631e-10
1.604264922487313e-10
2.353022513980053e-10
3.077431463763798e-10
3.792065747878383e-10
6.192013789119527e-10
6.512512413945276e-10
8.388619397562590e-10
1.093575022144022e-09
1.390981471978856e-09
1.827638053143870e-09
2.408510186079102e-09
3.200808222548019e-09
4.225850568324803e-09
5.600595075631600e-09
7.451865568971557e-09
9.914640610461437e-09
1.320957410472957e-08
1.761705571640285e-08
2.348735805565713e-08
3.133545653496173e-08
4.180835901587302e-08
5.581546224510753e-08
7.454806324587077e-08
9.947193538670120e-08
1.328276623274454e-07
1.773051589166154e-07
2.367221157333043e-07
3.160898465870583e-07
4.220276777640841e-07
5.635854047144307e-07
7.523208959432462e-07
1.004682675100165e-06
1.340624904693017e-06
1.789825374488817e-06
2.388985090739403e-06
3.189499977118640e-06
4.257861162079070e-06
5.683132605488533e-06
7.585443119188725e-06
1.012440976328485e-05
1.351502214001880e-05
1.803591707095300e-05
2.410083174697589e-05
3.215050156645867e-05
4.295010871842393e-05
5.728404761924270e-05
7.651816642064852e-05
1.019491125857800e-04
1.359471080834111e-04
1.812807110911433e-04
2.418076886509290e-04
3.224301101941837e-04
4.293870554192705e-04
5.725264321699518e-04
7.621892862414105e-04
1.014510907612273e-03
1.351022045407542e-03
1.791693385730339e-03
2.377672375541283e-03
3.149022419049906e-03
4.166434655379836e-03
5.499271755740963e-03
7.264127725393752e-03
9.565844485740330e-03
1.256640619121886e-02
1.645652681487830e-02
2.149443505613690e-02
2.797841457394855e-02
3.628044150317384e-02
4.680293284660637e-02
6.012849860340030e-02
7.683352478120051e-02
9.759459022138639e-02
1.231832589717624e-01
1.544378037229739e-01
1.921140547043246e-01
2.368762227459325e-01
2.890055299427885e-01
3.485767787618581e-01
4.150920804629891e-01
4.873842709442711e-01
5.637101257747748e-01
6.415560634150053e-01
7.178841970871422e-01
7.889503681915250e-01
8.513602724219270e-01
9.025813945944501e-01
9.413595591558601e-01
9.680894132745429e-01
9.845873690716230e-01
9.935365049960083e-01
9.977399456346082e-01
9.998196700307813e-01
###1.120000000000000e+01
1.192956524192682e-10
3.571141203191141e-11
4.434551963903976e-11
3.739660145734961e-11
-4.185132578434173e-08
2.907617686660585e-11
1.418548547302742e-10
1.749301429773113e-10
2.442856767240239e-10
3.283655575789408e-10
4.020938085102755e-10
6.468461676210079e-10
6.982661195931923e-10
9.026803592006317e-10
1.178346687358212e-09
1.503872160743227e-09
1.974994017396295e-09
2.603842841579680e-09
3.460361016774105e-09
4.572526018649230e-09
6.068223091896914e-09
8.075767518955793e-09
1.074788478276890e-08
1.432684680234885e-08
1.911021290823364e-08
2.549063774378328e-08
3.401880937013829e-08
4.541029012159086e-08
6.064823814333590e-08
8.104312492389250e-08
1.081779741378585e-07
1.445217188816110e-07
1.930018592304945e-07
2.578051890008973e-07
3.444141258026510e-07
4.600779640151951e-07
6.147211491720954e-07
8.210662793697140e-07
1.097182140811610e-06
1.464736504000545e-06
1.956671988272543e-06
2.613214959187154e-06
3.491027417340483e-06
4.663434755883985e-06
6.228396723280573e-06
8.318576199077701e-06
1.111029380013327e-05
1.484082897040610e-05
1.981741320977394e-05
2.649976082976811e-05
3.537473896534506e-05
4.728559857698695e-05
6.310578764140792e-05
8.434670349362380e-05
1.124445974544452e-04
1.500289658137778e-04
2.001494234428271e-04
2.671071826434235e-04
3.562943560367092e-04
4.746416503242245e-04
6.330065356719894e-04
8.428685160492319e-04
1.121997573413732e-03
1.494161981881360e-03
1.981335794985018e-03
2.628768038943481e-03
3.480341748679901e-03
4.602733686232765e-03
6.071421592172308e-03
8.013891831475640e-03
1.054360917977432e-02
1.383567178238378e-02
1.809620935234520e-02
2.360193558793662e-02
3.067195490499359e-02
3.970074976411012e-02
5.111004041195463e-02
6.550994828130252e-02
8.349956736509020e-02
1.057605525938334e-01
1.330756316838854e-01
1.662811993050154e-01
2.060801624110902e-01
2.530760507383139e-01
3.074387583892301e-01
3.690756724201609e-01
4.373135929580178e-01
5.107780285621687e-01
5.875044174508099e-01
6.648141408905258e-01
7.395730987560368e-01
8.080962300122924e-01
8.672127046554606e-01
9.147464043222256e-01
9.498991208352374e-01
9.734873757067948e-01
9.876026343620636e-01
9.949908533566697e-01
9.983186005857018e-01
9.998711193233107e-01
###1.160000000000000e+01
1.500310940911001e-10
4.493631690225558e-11
4.896564169427512e-11
3.921568921415126e-11
-4.182334325175823e-08
2.634267142348632e-11
1.489968335328577e-10
1.832720442300459e-10
2.620371936029410e-10
3.475862189798079e-10
4.293245760930206e-10
6.807322095141316e-10
7.479965285234838e-10
9.707929429081693e-10
1.266865030709907e-09
1.621841134215360e-09
2.137161086852594e-09
2.817203839576833e-09
3.743563434534570e-09
4.951846141209105e-09
6.576174247824138e-09
8.753198524991056e-09
1.165190734525079e-08
1.553990227562205e-08
2.073698468951477e-08
2.767183655959253e-08
3.694438491575035e-08
4.933554727431876e-08
6.591766262284080e-08
8.812453079715826e-08
1.176818486550451e-07
1.572988387367793e-07
2.101582084122729e-07
2.808448555967817e-07
3.753923301233219e-07
5.017274663308798e-07
6.707253894200271e-07
8.963629473508280e-07
1.198634576342506e-06
1.600909820591059e-06
2.139734013560789e-06
2.859567286604039e-06
3.822591455032916e-06
5.109579285870087e-06
6.828486796434517e-06
9.125973082436008e-06
1.219650917809030e-05
1.630189426412603e-05
2.178174034427391e-05
2.914594528373854e-05
3.893058119254506e-05
5.207018107247380e-05
6.953280364781493e-05
9.299006502594813e-05
1.240338412194490e-04
1.655731234028767e-04
2.209790106105540e-04
2.950173077422324e-04
3.936461988898603e-04
5.245178820093825e-04
6.996644530020602e-04
9.317091400617427e-04
1.240298494120330e-03
1.651582506337556e-03
2.189684302087585e-03
2.904314868719941e-03
3.843433147937456e-03
5.079993853230879e-03
6.696382063944408e-03
8.831358383508649e-03
1.160766225309724e-02
1.521400178532525e-02
1.987274563355205e-02
2.588026104831048e-02
3.357488564202516e-02
4.337103378507651e-02
5.572223553909206e-02
7.125143383120823e-02
9.058259810003708e-02
1.143988345270944e-01
1.434955023137610e-01
1.786829813401036e-01
2.206224299815368e-01
2.698341383417698e-01
3.263605537746460e-01
3.899586918328464e-01
4.597484867668473e-01
5.341607365115226e-01
6.110222845746114e-01
6.875052123262838e-01
7.604275133432910e-01
8.262013815265475e-01
8.819178529089879e-01
9.257836452162569e-01
9.574540710031204e-01
9.781251614367320e-01
9.901073857170929e-01
9.961533796979428e-01
9.987628329635332e-01
9.999266557360931e-01
###1.200000000000001e+01
1.899835940851569e-10
4.817381737727558e-11
5.139760451375620e-11
4.474846654435584e-11
-4.182398882075830e-08
3.928850728304272e-11
1.619554919250995e-10
1.988472590007058e-10
2.776725468961842e-10
3.723698899924551e-10
4.639444867942536e-10
7.170773725411739e-10
8.060956987213564e-10
1.045296615138396e-09
1.365478857758364e-09
1.752778239648497e-09
2.307261404985053e-09
3.050338009176045e-09
4.050215863284093e-09
5.362796241096846e-09
7.125822702513307e-09
9.489524795088837e-09
1.263738567320759e-08
1.685894044656296e-08
2.250625730488947e-08
3.004556888135986e-08
4.013276279742737e-08
5.361604061983726e-08
7.166748373606900e-08
9.585369254810897e-08
1.280640592692333e-07
1.712548327558946e-07
2.289147479991167e-07
3.060648309425386e-07
4.093081997714299e-07
5.473382243276343e-07
7.321038012191976e-07
9.789110714876825e-07
1.309610745322288e-06
1.750401648644266e-06
2.340884520671268e-06
3.130281483840000e-06
4.187080224901459e-06
5.600173404171323e-06
7.488923136143747e-06
1.001486548732739e-05
1.339289449367513e-05
1.791202186265946e-05
2.394649960664623e-05
3.206415423919278e-05
4.285318108641116e-05
5.734818913273148e-05
7.662470733221005e-05
1.025267847946133e-04
1.368147277534774e-04
1.827224525931711e-04
2.439469608103996e-04
3.257934191524044e-04
4.348104897623199e-04
5.794838858601633e-04
7.730626705609962e-04
1.029493921270449e-03
1.370344967664329e-03
1.824457347388356e-03
2.418204491744901e-03
3.206164200486966e-03
4.240810414618527e-03
5.601537700320115e-03
7.378152841527499e-03
9.721517779350805e-03
1.276381050779143e-02
1.670854712395635e-02
2.179448847379606e-02
2.833720571241621e-02
3.669740130751219e-02
4.730661603861013e-02
6.065165972869038e-02
7.736579197517816e-02
9.809418723347986e-02
1.235230612081920e-01
1.544436688222469e-01
1.916460625945853e-01
2.357309990257931e-01
2.871272290828825e-01
3.457450122436583e-01
4.111744459845781e-01
4.823359876368074e-01
5.574524781872457e-01
6.341810077855699e-01
7.095607271122574e-01
7.803985536463924e-01
8.432431126508243e-01
8.954859360745797e-01
9.357416906002279e-01
9.640917219220492e-01
9.820767304624485e-01
9.921658813123945e-01
9.970640440664549e-01
9.990897462078194e-01
9.999358432216716e-01
###1.240000000000001e+01
2.129279983957193e-10
6.581827709609336e-11
6.544386117871207e-11
4.802003571921465e-11
-4.183447002672158e-08
4.959696838595331e-11
1.762103734508727e-10
2.145764579533968e-10
3.017516407472986e-10
4.007493091961067e-10
5.007900028358142e-10
7.508993593947947e-10
8.671028983690269e-10
1.121245860482435e-09
1.471486870640160e-09
1.894586896237178e-09
2.496145718131129e-09
3.301914641184767e-09
4.384041569524914e-09
5.810155544564386e-09
7.722274823668864e-09
1.029034181365439e-08
1.371083868405290e-08
1.829618649162165e-08
2.443440993677285e-08
3.263487289339172e-08
4.360948641740045e-08
5.828820059318408e-08
7.794426879355402e-08
1.042951586857150e-07
1.394079144919287e-07
1.865047440831671e-07
2.494270374689989e-07
3.336629426497266e-07
4.464441136198525e-07
5.973023952758981e-07
7.993635099638954e-07
1.069457762702562e-06
1.431393650827816e-06
1.914507314234681e-06
2.561852578396673e-06
3.427842748258122e-06
4.587804441947509e-06
6.139971723762500e-06
8.215806567382324e-06
1.099358122957247e-05
1.471049228646951e-05
1.968622859893171e-05
2.633611025100129e-05
3.528045051175000e-05
4.717909827559380e-05
6.316450325466248e-05
8.444581704849330e-05
1.130436432851003e-04
1.509128854635916e-04
2.016264057338229e-04
2.692696414108612e-04
3.596978816034637e-04
4.801618210867634e-04
6.401144006206674e-04
8.538182353285058e-04
1.136957307398616e-03
1.513184547741403e-03
2.014163728073222e-03
2.668659300276997e-03
3.536584698698749e-03
4.675034803113050e-03
6.170676460690479e-03
8.120678133187837e-03
1.068960117622047e-02
1.401863690703749e-02
1.832675759868827e-02
2.387010194876754e-02
3.098430249791379e-02
4.005133664256238e-02
5.152199325615629e-02
6.591073410505850e-02
8.386699580447192e-02
1.060471362053587e-01
1.331372572524901e-01
1.659249351219519e-01
2.051651352483060e-01
2.513884583156792e-01
3.049303873406239e-01
3.655558093508264e-01
4.326722639843055e-01
5.050131373787098e-01
5.805966860775809e-01
6.569205880701402e-01
7.309207653083800e-01
7.994398018343606e-01
8.592099550026226e-01
9.079426019371308e-01
9.446711885282655e-01
9.698900570243080e-01
9.854262305177521e-01
9.938534989129774e-01
9.977922200379983e-01
9.993487705697348e-01
9.999554153108888e-01
###1.280000000000001e+01
2.148728670228448e-10
6.054746383261951e-11
7.819182833817576e-11
5.268589124608817e-11
-4.182106484955870e-08
7.272284887219710e-11
1.907228984723001e-10
2.315558222955661e-10
3.268201957210990e-10
4.310008884549610e-10
5.479487087885208e-10
7.976488166941605e-10
9.334134306857106e-10
1.209246613518501e-09
1.587766702406125e-09
2.049629165310261e-09
2.698552982779636e-09
3.573488998070207e-09
4.747196024715040e-09
6.296634298252555e-09
8.372188790340409e-09
1.116161305554135e-08
1.487763552012514e-08
1.986050960071698e-08
2.653496450456320e-08
3.545576605458093e-08
4.740050808232298e-08
6.338371172426801e-08
8.479756756464286e-08
1.135139046017609e-07
1.518002984601018e-07
2.031884520336623e-07
2.718641005387071e-07
3.638736251238158e-07
4.870954379316280e-07
6.520338951005288e-07
8.731070110636761e-07
1.168783351139476e-06
1.565047727061272e-06
2.094692915670320e-06
2.804638885557853e-06
3.754829278929192e-06
5.028459023241147e-06
6.733584477044569e-06
9.015707700042188e-06
1.207152721207503e-05
1.616197014845345e-05
2.164091488945569e-05
2.897025545806826e-05
3.882676049892038e-05
5.194735530471837e-05
6.957227450873759e-05
9.306908299463669e-05
1.246388384984881e-04
1.664543295371555e-04
2.224693756346878e-04
2.971720963011145e-04
3.970381812646403e-04
5.300781354754236e-04
7.067679787872316e-04
9.425819898834336e-04
1.255016969080532e-03
1.669917117260944e-03
2.222052290526420e-03
2.942849531312706e-03
3.897828044031334e-03
5.149168161567521e-03
6.790932905936162e-03
8.928781771000056e-03
1.174041620139280e-02
1.537825317623032e-02
2.007654819805951e-02
2.610843397183904e-02
3.383187921833911e-02
4.364812424214428e-02
5.602878359103242e-02
7.151365598229749e-02
9.076309080876159e-02
1.144497330493168e-01
1.432501465158386e-01
1.779426705474159e-01
2.192344634371274e-01
2.675841129417663e-01
3.232174922343855e-01
3.857499181835856e-01
4.543977518453488e-01
5.277088532034189e-01
6.035081716304552e-01
6.791580146461544e-01
7.515283480838716e-01
8.175195730780874e-01
8.740966887262922e-01
9.193187223265591e-01
9.526331790669856e-01
9.749165602575052e-01
9.882377118684326e-01
9.952170808622228e-01
9.983514524569167e-01
9.995340755597928e-01
9.999765506789531e-01
###1.320000000000001e+01
2.191965192502413e-10
7.100050073420767e-11
8.590350201123130e-11
5.811017254957609e-11
-4.181712921432675e-08
8.426341337839189e-11
2.052801099910694e-10
2.513649018241587e-10
3.538336576470644e-10
4.631113565907414e-10
5.944752083088990e-10
8.501548787652368e-10
1.005749114380344e-09
1.302245184391731e-09
1.712252521780571e-09
2.214689032390380e-09
2.921187022864113e-09
3.870064636890783e-09
5.142050368712748e-09
6.825848748529471e-09
9.078808745116642e-09
1.211070674139649e-08
1.614809131033512e-08
2.156608345464799e-08
2.882322718051195e-08
3.853114413175828e-08
5.153619345432019e-08
6.894140948152722e-08
9.227541361262517e-08
1.235826844208928e-07
1.653451662201662e-07
2.214257618634709e-07
2.964172568353276e-07
3.969267681135149e-07
5.316218845234542e-07
7.120400300225347e-07
9.539909538191126e-07
1.277732947994193e-06
1.711840220859284e-06
2.292539871502025e-06
3.071462741306823e-06
4.114432557482758e-06
5.513281987657034e-06
7.386844778016313e-06
9.896545800899841e-06
1.325869082739147e-05
1.776066484422120e-05
2.379495157726877e-05
3.187193834358272e-05
4.273589853907273e-05
5.720389052552505e-05
7.663588235804348e-05
1.025702827727727e-04
1.374150250413995e-04
1.835870341745515e-04
2.454179003608568e-04
3.278891124841177e-04
4.381379003501676e-04
5.849763813231366e-04
7.800115780295037e-04
1.040088598555262e-03
1.384522424653799e-03
1.841680063043147e-03
2.449647117603844e-03
3.242652276375686e-03
4.292273067637441e-03
5.666052306426424e-03
7.466374173725268e-03
9.807008609802520e-03
1.288033960212239e-02
1.684930842841685e-02
2.196556305821155e-02
2.851879412465390e-02
3.689006343465399e-02
4.749873077978870e-02
6.083815910018343e-02
7.747098896241141e-02
9.806889023251635e-02
1.233125877637906e-01
1.538705184888042e-01
1.904941804190801e-01
2.338470598534113e-01
2.842979176652798e-01
3.419599558194537e-01
4.062815932800106e-01
4.762969064449539e-01
5.503617089676722e-01
6.261279622997875e-01
7.008349214846639e-01
7.713297876732148e-01
8.346116551228445e-01
8.879085259064249e-01
9.296478843664301e-01
9.596848288485881e-01
9.792418354400140e-01
9.905751645621409e-01
9.963046542157424e-01
9.987687473716589e-01
9.996580765074571e-01
1.000004713720365e+00
###1.360000000000001e+01
2.241289536443926e-10
7.250174684532556e-11
8.144636557253685e-11
5.094274170856024e-11
-4.180549570083343e-08
9.265856755592567e-11
2.220244457746454e-10
2.678911126966758e-10
3.893405622784320e-10
4.991269259505253e-10
6.396022575335001e-10
9.038379512193338e-10
1.079547939048940e-09
1.405926092926008e-09
1.848789959714489e-09
2.396649976849526e-09
3.162586961658927e-09
4.190711105909910e-09
5.570093550659438e-09
7.400958102520430e-09
9.852806008498143e-09
1.314002801667129e-08
1.752578776453887e-08
2.342143371618531e-08
3.131767941679457e-08
4.188466676073482e-08
5.604752159944701e-08
7.501053192100280e-08
1.004456766411405e-07
1.345889288722800e-07
1.801528701637109e-07
2.413725373388040e-07
3.232887728610567e-07
4.331394270351957e-07
5.804389477282158e-07
7.778243985004010e-07
1.042689034353820e-06
1.397328102248528e-06
1.873026067712478e-06
2.510020147468642e-06
3.364603828858133e-06
4.509810047942631e-06
6.046369486717241e-06
8.105608395891322e-06
1.086565234928958e-05
1.456524612815969e-05
1.952148056594785e-05
2.616723301707920e-05
3.506993353763372e-05
4.704221108414733e-05
6.299450214231385e-05
8.442091734329630e-05
1.130382735015722e-04
1.514879498277017e-04
2.024597092773656e-04
2.706796074364755e-04
3.616887231499274e-04
4.833246147557661e-04
6.453088426240464e-04
8.604452786485025e-04
1.147013229500774e-03
1.526469776017452e-03
2.029801606123664e-03
2.698570341641895e-03
3.570044375880585e-03
4.722457008841878e-03
6.228974981558213e-03
8.200352899541392e-03
1.075994877559873e-02
1.411460231603106e-02
1.843917391726285e-02
2.400263475448033e-02
3.111089601345782e-02
4.016897707473249e-02
5.161622129167894e-02
6.596333835712107e-02
8.379518714990422e-02
1.057948097985485e-01
1.326435817806421e-01
1.649976242221966e-01
2.035781860775618e-01
2.489917300895020e-01
3.015098504276919e-01
3.611215098516675e-01
4.270981052123982e-01
4.983045987933588e-01
5.729006899781227e-01
6.483803597497800e-01
7.218875089841387e-01
7.902818626605913e-01
8.506983836434117e-01
9.006616897383413e-01
9.389768021831147e-01
9.658937829199002e-01
9.829396589799761e-01
9.925076012229613e-01
9.971701436764221e-01
9.990920549512545e-01
9.997558157640032e-01
1.000004713720365e+00
###1.400000000000001e+01
2.233157249892298e-10
7.077716563766193e-11
8.630036408410207e-11
6.505531725782746e-11
-4.180184495877007e-08
1.081855214667750e-10
2.386296869726818e-10
2.944197364689422e-10
4.179568483099994e-10
5.390389693227235e-10
6.886040438826451e-10
9.639509425416514e-10
1.170863234730931e-09
1.518600062473522e-09
1.997143834790074e-09
2.592953328984581e-09
3.424120442367156e-09
4.539950917024306e-09
6.036251235645784e-09
8.025659257788435e-09
1.068956643680295e-08
1.426223383045268e-08
1.903375046501772e-08
2.544362901239411e-08
3.403718570994557e-08
4.554089505822880e-08
6.096633357138547e-08
8.163810556417282e-08
1.093694731880694e-07
1.466232148979960e-07
1.963504126142006e-07
2.631985166147911e-07
3.527211586770272e-07
4.728026998767722e-07
6.339535460538236e-07
8.499771832073942e-07
1.140010245520194e-06
1.528573656389904e-06
2.050027075396642e-06
2.748882545409048e-06
3.686813430319219e-06
4.944558170172626e-06
6.632921362593758e-06
8.896728540773901e-06
1.193325934520632e-05
1.600443376910170e-05
2.146125973950461e-05
2.878086428362587e-05
3.859286876779876e-05
5.178675895004246e-05
6.937406284364444e-05
9.299858407259908e-05
1.245715280691562e-04
1.669849680466761e-04
2.232229109679103e-04
2.984692164768465e-04
3.988448907906097e-04
5.329802086645117e-04
7.115494039454111e-04
9.486739505916562e-04
1.264284994099318e-03
1.681955637208628e-03
2.235596596496415e-03
2.970592620449472e-03
3.927325210481102e-03
5.191241703296583e-03
6.841155704364854e-03
8.997559017360506e-03
1.179282273493056e-02
1.544987583405976e-02
2.015504148811393e-02
2.619478770786928e-02
3.389425124288270e-02
4.367956728821548e-02
5.601023535399345e-02
7.141654281580456e-02
9.049743441022766e-02
1.139513866378864e-01
1.424507736009154e-01
1.766366856640580e-01
2.171898725384126e-01
2.646564498202792e-01
3.191950033398736e-01
3.806657157099907e-01
4.481603214477872e-01
5.203668749723875e-01
5.952663273253976e-01
6.702028887568497e-01
7.422625121529370e-01
8.083442000010239e-01
8.657743045376339e-01
9.123772758437068e-01
9.473539619992877e-01
9.713247613896786e-01
9.860787475820924e-01
9.940933931061772e-01
9.978552975711663e-01
9.993413794082078e-01
9.998307724312097e-01
1.000004713720365e+00
###1.440000000000001e+01
2.336089502240863e-10
8.352488976223368e-11
9.133053203804788e-11
7.158943551099076e-11
-4.179129800492803e-08
1.285985550535102e-10
2.572955305589369e-10
3.249516957264908e-10
4.545691110859862e-10
5.810130818001937e-10
7.532387925861084e-10
1.030465178703614e-09
1.263560658350834e-09
1.640262687134754e-09
2.158232478123292e-09
2.811921025367926e-09
3.709439614358441e-09
4.920044848845800e-09
6.542779108370587e-09
8.705964507187383e-09
1.160019802837498e-08
1.548344446732324e-08
2.067578948797185e-08
2.764836814000284e-08
3.700261796086679e-08
4.953134081717033e-08
6.634168972576164e-08
8.887755983539663e-08
1.191249014610508e-07
1.597762648554412e-07
2.140642796768717e-07
2.870985220922914e-07
3.849377179200242e-07
5.162561804506122e-07
6.925750583532630e-07
9.290724394095956e-07
1.246816388691039e-06
1.672646917377830e-06
2.244392780373127e-06
3.011371071615623e-06
4.041050282337361e-06
5.422638216255404e-06
7.278254150615991e-06
9.766940531258482e-06
1.310781311275620e-05
1.758736847615495e-05
2.359570565629213e-05
3.165816063777314e-05
4.247092678330295e-05
5.701009995134681e-05
7.639744477939747e-05
1.024404953424772e-04
1.372612575914604e-04
1.840361319675260e-04
2.460643476306446e-04
3.290226674575402e-04
4.396694472931942e-04
5.875042200674742e-04
7.842371316804062e-04
1.045394027643122e-03
1.392727701720072e-03
1.852079958141259e-03
2.460482287782428e-03
3.267492320232051e-03
4.316808035471673e-03
5.701449259404317e-03
7.506475658801422e-03
9.862283390579927e-03
1.291196139065271e-02
1.689231286631250e-02
2.200423844544837e-02
2.855209521956794e-02
3.687863772611805e-02
4.743336512555196e-02
6.069423740505561e-02
7.720825272701576e-02
9.759098237751355e-02
1.225462476874813e-01
1.527410948449502e-01
1.887882193818650e-01
2.313246833432688e-01
2.808208555089513e-01
3.373224592167127e-01
4.005484078253079e-01
4.694113001897391e-01
5.424193489307081e-01
6.173867041949158e-01
6.915269424709251e-01
7.619054713434501e-01
8.254929849671677e-01
8.798297145968597e-01
9.230837093883850e-01
9.548310127968808e-01
9.760438205103806e-01
9.887229405741436e-01
9.953823116324803e-01
9.983901216772102e-01
9.995278208907485e-01
9.998842586371676e-01
1.000004713720365e+00
###1.480000000000001e+01
2.465700573230399e-10
8.836149379803576e-11
1.015575353549019e-10
7.777754814105317e-11
-4.177462789949543e-08
1.470792919807160e-10
2.788083440214485e-10
3.564244310699494e-10
4.949300928839985e-10
6.316628648618734e-10
8.121233779060788e-10
1.108027933905526e-09
1.366066144987561e-09
1.772927907321280e-09
2.331240659553366e-09
3.043531889594900e-09
4.017780085403833e-09
5.334487262267900e-09
7.095329061663625e-09
9.448215297160519e-09
1.259240448406039e-08
1.681477516901413e-08
2.246646737558946e-08
3.005289720674884e-08
4.023900454504106e-08
5.388991177861956e-08
7.220868194828976e-08
9.678596121815067e-08
1.297838027734210e-07
1.741561436156609e-07
2.334552778007368e-07
3.132586308225095e-07
4.202352500575646e-07
5.638688587409408e-07
7.568649373852041e-07
1.015844267518403e-06
1.363986362564166e-06
1.830865592601335e-06
2.457932553823962e-06
3.299765053817939e-06
4.430523934290689e-06
5.948417385130984e-06
7.988048393359521e-06
1.072466142351228e-05
1.439975102282530e-05
1.933080917381457e-05
2.594568779539326e-05
3.482514167437210e-05
4.673826864055786e-05
6.275979646846583e-05
8.412688523850582e-05
1.128302061987687e-04
1.512197215673270e-04
2.027863151308451e-04
2.711623807812045e-04
3.625703431351675e-04
4.844906903264145e-04
6.473329568399696e-04
8.639344137526357e-04
1.151363816908219e-03
1.533304747971059e-03
2.038010800597747e-03
2.706006238585322e-03
3.590298059769915e-03
4.740871827886693e-03
6.256150609893269e-03
8.228616060678840e-03
1.079914696580690e-02
1.412561738798158e-02
1.844846261625869e-02
2.399468025844523e-02
3.108264856044801e-02
4.007343055022123e-02
5.143966718764530e-02
6.567745341632190e-02
8.334962596146216e-02
1.050845494272263e-01
1.315894183173755e-01
1.635190457210588e-01
2.014491178810073e-01
2.459681850020893e-01
2.974676895526407e-01
3.558681285767486e-01
4.207279500539378e-01
4.907990691681831e-01
5.643973979928707e-01
6.391918441005618e-01
7.122987228758731e-01
7.807674457360653e-01
8.417071802170175e-01
8.928809710629546e-01
9.328170331072619e-01
9.614655671191250e-01
9.801158439808599e-01
9.909320072462241e-01
9.964199253306175e-01
9.988025999598230e-01
9.996647342226130e-01
9.999214707395532e-01
1.000004713720365e+00
###1.520000000000001e+01
2.676942970934316e-10
8.916348408716997e-11
1.064351814943837e-10
8.642382190452025e-11
-4.176473160726594e-08
1.697398763284763e-10
3.048432726513724e-10
3.898627177431836e-10
5.365579641521690e-10
6.895006488268109e-10
8.747982032955624e-10
1.191501165267534e-09
1.476354905973927e-09
1.919223243614194e-09
2.522009204784336e-09
3.295605432234030e-09
4.354787377255442e-09
5.784523651018084e-09
7.695658879850827e-09
1.025404338945973e-08
1.367270502754387e-08
1.826535640966674e-08
2.441740572730352e-08
3.267561222433446e-08
4.377080540543338e-08
5.864377654139212e-08
7.861870774787130e-08
1.054257168988749e-07
1.414388194123451e-07
1.898904877903161e-07
2.546724261345680e-07
3.419067642902490e-07
4.588972697987141e-07
6.160682955412923e-07
8.273808305478665e-07
1.111065918266591e-06
1.492670886152602e-06
2.004580894363268e-06
2.692548482288076e-06
3.616773430384172e-06
4.858554675010677e-06
6.526550728370061e-06
8.768268795899241e-06
1.177850495807496e-05
1.582180634774782e-05
2.124883684039533e-05
2.853201094358129e-05
3.831062895073201e-05
5.143485410008767e-05
6.908778110700796e-05
9.262961531805994e-05
1.242590122306573e-04
1.665694358609020e-04
2.233867550112294e-04
2.987359375801193e-04
3.994084480993050e-04
5.336689810236369e-04
7.129252996095392e-04
9.512046993094101e-04
1.267283432983448e-03
1.686909112186768e-03
2.241034651848414e-03
2.973669925370090e-03
3.941090179588114e-03
5.202037725450441e-03
6.857818779726319e-03
9.011328730850459e-03
1.181285774709585e-02
1.543565957813576e-02
2.012508824273340e-02
2.613393232908832e-02
3.379648728478223e-02
4.349010767468767e-02
5.571156003369933e-02
7.097258842627623e-02
8.985435064727122e-02
1.129891440497806e-01
1.410859156445987e-01
1.747845983102431e-01
2.146182912459418e-01
2.611152309281857e-01
3.145740748457466e-01
3.747922765924849e-01
4.411671601712104e-01
5.122670621898640e-01
5.862449687890114e-01
6.606240177905841e-01
7.324612451000961e-01
7.988241137827380e-01
8.569721345340106e-01
9.049405694665106e-01
9.416153726377835e-01
9.673187008590400e-01
9.836059384345042e-01
9.927633646626229e-01
9.972479696239891e-01
9.991177013397444e-01
9.997641896784297e-01
9.999471483264101e-01
1.000004713720365e+00
###1.560000000000001e+01
2.815643527285636e-10
6.619199130593091e-11
1.177030002712613e-10
9.483048938895366e-11
-4.174375426572725e-08
1.862875894937139e-10
3.328030081951995e-10
4.248803036124932e-10
5.856998386981076e-10
7.509599307213891e-10
9.469497817862216e-10
1.275815005404013e-09
1.597749665651253e-09
2.077953022810513e-09
2.731077109178071e-09
3.571382367030553e-09
4.728957675212120e-09
6.273958700116712e-09
8.348948963910023e-09
1.113945161912827e-08
1.484963783190664e-08
1.984732096686620e-08
2.654454065946719e-08
3.553740974203435e-08
4.762490940964361e-08
6.384162035841499e-08
8.562782830193305e-08
1.148768356384677e-07
1.541873770516084e-07
2.071081872504132e-07
2.779116153801404e-07
3.732907606088030e-07
5.012732180270691e-07
6.733111873891422e-07
9.047357628836456e-07
1.215582586547887e-06
1.633861521175136e-06
2.195444465348392e-06
2.950319217646750e-06
3.965030540862332e-06
5.329116610014902e-06
7.162012687729921e-06
9.626471123586275e-06
1.293714098207246e-05
1.738554543142249e-05
2.335958851574065e-05
3.137752741573447e-05
4.214604785548155e-05
5.660209533799749e-05
7.604519391636472e-05
1.019774808591712e-04
1.368197109541125e-04
1.834328817483838e-04
2.460141078711016e-04
3.289990771251337e-04
4.398221718298703e-04
5.875730933829309e-04
7.847590160912959e-04
1.046719805202141e-03
1.393996858807757e-03
1.854653749787803e-03
2.462547549693918e-03
3.265297845031350e-03
4.323060379620000e-03
5.702911090294279e-03
7.510370122037206e-03
9.858914360883351e-03
1.290836351572798e-02
1.684761943938917e-02
2.192967789885988e-02
2.843081107921585e-02
3.670184954429692e-02
4.713808296091734e-02
6.025754196131373e-02
7.659167501731584e-02
9.672912734545785e-02
1.213118940899632e-01
1.510442555549147e-01
1.865427577491106e-01
2.282894039907733e-01
2.767495080254125e-01
3.321161464836354e-01
3.940588747246389e-01
4.618046177259369e-01
5.337519416520146e-01
6.078942252515170e-01
6.816186857403653e-01
7.519564373876599e-01
8.160281195557250e-01
8.712774245094346e-01
9.160217337553523e-01
9.495252775139653e-01
9.724473812743225e-01
9.865747387099623e-01
9.942697360792084e-01
9.979027523746107e-01
9.993559621763063e-01
9.998356525872856e-01
9.999646611302530e-01
1.000004713720365e+00
