# NLO BK equation solver 0.0-dev build  (build Feb 16 2026 17:52:53)
# Initial condition: MV model, Q_s0^2 = 0.00690358 GeV^2, \gamma = 1, coefficient of E inside Log is 1, x0=0.01, \Lambda_QCD = 0.241 GeV
# # LO Kernel RC:  Balitsky. NLO Kernel RC:  smallest dipole
# Nc=3, Nf=4
# Using RungeKutta method in K1
# Resumming double log
# Resumming single log, K_sub=0.65 resum rc: smallest
# BK K1 integration relative accuracy: 0.02# NLO BK as^2 terms: MC integration method: Vegas, points=1000000
# Kinematical constraint: none
# Target kinematical constraint: disabled

###1.000000000000000e-05
###1.160836920850890e+00
###100
###1.000000000000000e+00
###0.000000000000000e+00
2.232598749454411e-12
2.973835603938972e-12
3.960628938309165e-12
5.274130533275224e-12
7.022239839910252e-12
9.348393912176674e-12
1.244323635675506e-11
1.656010476606731e-11
2.203558136639002e-11
2.931675559162231e-11
3.899738172705025e-11
5.186582153970061e-11
6.896859616182292e-11
9.169460624156904e-11
1.218867104689916e-10
1.619895063857383e-10
2.152450002135457e-10
2.859516030858520e-10
3.798068371988556e-10
5.043606549807763e-10
6.696148637181601e-10
8.888154584352016e-10
1.179499551181268e-09
1.564878164226021e-09
2.075661893055626e-09
2.752470259111833e-09
3.649009967051454e-09
4.836265528311472e-09
6.408022079825881e-09
8.488140276094502e-09
1.124013410577989e-08
1.487977379714162e-08
1.969165986027320e-08
2.605100663301600e-08
3.445225500283614e-08
4.554663085295763e-08
6.019141256345885e-08
7.951451186372493e-08
1.049990644811581e-07
1.385941436095734e-07
1.828595441789262e-07
2.411549595124802e-07
3.178869378475456e-07
4.188309602264323e-07
5.515510725588797e-07
7.259460493907561e-07
9.549594654650342e-07
1.255501809432561e-06
1.649646529982174e-06
2.166179461112099e-06
2.842603439274913e-06
3.727728367460256e-06
4.885013089789543e-06
6.396871211522131e-06
8.370210945722108e-06
1.094349248043081e-05
1.429605587988103e-05
1.865955648783224e-05
2.433308182192562e-05
3.170223443615949e-05
4.126353317246423e-05
5.365553050618033e-05
6.969847056925715e-05
9.044481918796254e-05
1.172436577917546e-04
1.518228012884482e-04
1.963936510552822e-04
2.537853324211525e-04
3.276167357202375e-04
4.225178791105177e-04
5.444158084705331e-04
7.009054046849261e-04
9.017324568749707e-04
1.159425800276170e-03
1.490128002418212e-03
1.914691011527858e-03
2.460125597806617e-03
3.161522828591945e-03
4.064603994880178e-03
5.229104319236066e-03
6.733257372366408e-03
8.679722805090329e-03
1.120338947909583e-02
1.448158514464803e-02
1.874732011647051e-02
2.430625783493390e-02
3.155808265881443e-02
4.102271647510281e-02
5.337122631976554e-02
6.945993355714619e-02
9.036364884273607e-02
1.173993318014898e-01
1.521238163707528e-01
1.962776895114383e-01
2.516323028367863e-01
3.196823182842126e-01
4.011247686708147e-01
4.951049524671879e-01
5.983338250350690e-01
7.044287474369966e-01
###4.000000000000000e-01
2.917702483453340e-11
1.005802912937169e-08
2.811277209644437e-11
-1.576191104785353e-08
1.553341872304896e-10
5.324463300829681e-11
-2.048910734673836e-10
9.425603809956753e-11
1.078546288822215e-10
8.423917795370507e-11
1.109718762473551e-10
1.258342825961572e-10
1.566825894466833e-10
1.678602138201306e-10
1.941465376639630e-10
2.305031340609793e-10
2.881598189212467e-10
3.598079233376340e-10
4.600598675935600e-10
5.168909021220986e-10
7.723442012288623e-10
1.008298159016123e-09
1.322224179073985e-09
1.736953784455989e-09
2.287656971927899e-09
3.016843914396052e-09
3.983207936187428e-09
5.266670424371017e-09
6.964307825998402e-09
9.212372607906086e-09
1.218503869682223e-08
1.612260954014267e-08
2.133092989172449e-08
2.820262740439895e-08
3.729127181406658e-08
4.931109015417541e-08
6.516901692112924e-08
8.609864249875614e-08
1.137096393719698e-07
1.501165203756222e-07
1.981043364352442e-07
2.613340703195792e-07
3.445115337576132e-07
4.540807782957909e-07
5.980816320965853e-07
7.873671423128503e-07
1.036149915262187e-06
1.362512121003686e-06
1.790589879351710e-06
2.352529631925275e-06
3.088223230723827e-06
4.051588934242961e-06
5.311499686353337e-06
6.960884994669858e-06
9.109309574352793e-06
1.191388184677447e-05
1.556969442020007e-05
2.033400100444796e-05
2.653235505711462e-05
3.458199160936311e-05
4.505093471188753e-05
5.861972076743117e-05
7.621303747713686e-05
9.898135823757744e-05
1.284368977050413e-04
1.665117244663154e-04
2.156163439277499e-04
2.789599310377605e-04
3.605425451524584e-04
4.658987597170245e-04
6.013821906498281e-04
7.758242597255004e-04
1.000193813969443e-03
1.289127799494195e-03
1.660989746319683e-03
2.140128476549841e-03
2.756913761697059e-03
3.553823109433595e-03
4.582887847401834e-03
5.914148181202408e-03
7.640941353229401e-03
9.885618585566363e-03
1.281090355608445e-02
1.662189653044465e-02
2.159481235081196e-02
2.809843011665915e-02
3.659804391417737e-02
4.766963171087409e-02
6.214336363240802e-02
8.102341916822366e-02
1.055761418155046e-01
1.372690929093357e-01
1.778395409843262e-01
2.290735331443673e-01
2.928097147310659e-01
3.703632988581144e-01
4.628330655855302e-01
5.707772416785126e-01
7.018958970780810e-01
9.542590667914667e-01
###8.000000000000000e-01
5.723895007451617e-11
1.001567368923103e-08
7.995174571176062e-11
-1.569042423000306e-08
2.026483138649728e-10
1.182235195703205e-10
-7.310977248080688e-11
2.191950897542928e-10
2.207004471336869e-10
1.963461041796299e-10
2.144019813719724e-10
2.236223911712867e-10
2.460297026476093e-10
2.666934285848464e-10
2.968694626039736e-10
3.296481814445946e-10
3.948985350624865e-10
4.723877128315521e-10
5.739240625753657e-10
6.557220288783463e-10
9.171920823777625e-10
1.169767371134468e-09
1.510178519028823e-09
1.955808706682323e-09
2.550540620593559e-09
3.339043368227436e-09
4.382987994109378e-09
5.774322738913239e-09
7.608225396451351e-09
1.004581493444727e-08
1.325307949905776e-08
1.750848489853196e-08
2.315061282163980e-08
3.058410472473111e-08
4.041322330779089e-08
5.344073319554286e-08
7.059360624973171e-08
9.327499058723911e-08
1.232313040862600e-07
1.626948423932972e-07
2.147635931292887e-07
2.833481570456019e-07
3.735530266018029e-07
4.924519556805244e-07
6.488134908292257e-07
8.543537027153842e-07
1.124812495554420e-06
1.479378980593216e-06
1.944523296849021e-06
2.556191583048445e-06
3.356838972398115e-06
4.406000670731191e-06
5.778651653141987e-06
7.578385224188642e-06
9.919815503865469e-06
1.297905743274584e-05
1.696991636844609e-05
2.217592681886491e-05
2.895448371883931e-05
3.776354445103773e-05
4.923343901501765e-05
6.411175261173988e-05
8.342804475742955e-05
1.084536420046711e-04
1.408811241173545e-04
1.828692311578993e-04
2.370730028647877e-04
3.071262115561739e-04
3.974853972954046e-04
5.146525756932342e-04
6.655833070534308e-04
8.604470727509747e-04
1.111692231436369e-03
1.436314996617723e-03
1.855443296977532e-03
2.397267627041504e-03
3.096257145062271e-03
4.003226876906425e-03
5.177828206047370e-03
6.702585184933155e-03
8.684929116385312e-03
1.127522506877299e-02
1.465956818728223e-02
1.908411482596472e-02
2.486445492283653e-02
3.243951368496157e-02
4.233602673177332e-02
5.521621307508422e-02
7.203797706208177e-02
9.393816786105065e-02
1.223379040624559e-01
1.587833379163534e-01
2.050281272720150e-01
2.627608049188918e-01
3.334421174844288e-01
4.177396478954324e-01
5.155766231057987e-01
6.253318340570756e-01
7.493303883344573e-01
9.619550706704679e-01
###1.200000000000000e+00
9.382533787558251e-11
9.950395064475748e-09
1.033116872226307e-10
-1.566264942634020e-08
2.977979063854793e-10
2.184352440620038e-10
4.476665737658806e-11
3.412123525425259e-10
3.381799223699515e-10
3.056084716394906e-10
3.566827254371383e-10
3.279831247169576e-10
3.599429639583061e-10
3.770286008917966e-10
4.119613014694505e-10
4.424010048465441e-10
5.184031902538762e-10
6.021859683442952e-10
7.131342041486649e-10
8.149971253973791e-10
1.080635101051202e-09
1.354816931432302e-09
1.732143925517263e-09
2.208837624128200e-09
2.842040525901211e-09
3.700231243098009e-09
4.830605192053026e-09
6.336509652911472e-09
8.327364285946578e-09
1.095556998471756e-08
1.442705053009465e-08
1.903110219064678e-08
2.513238053945610e-08
3.318251598926458e-08
4.382874298367942e-08
5.794198087860978e-08
7.650645219033584e-08
1.010981613899864e-07
1.336064963847081e-07
1.763978734830483e-07
2.328879983571325e-07
3.073296640612391e-07
4.052003315452711e-07
5.343846695888047e-07
7.041714445264369e-07
9.274239374215234e-07
1.221548872068242e-06
1.606982489886662e-06
2.112774079879820e-06
2.778781866722057e-06
3.650607490679688e-06
4.793892712468934e-06
6.290235887532435e-06
8.254940665047591e-06
1.080870260002313e-05
1.414868645664668e-05
1.850849433956839e-05
2.420246873666432e-05
3.162322473287218e-05
4.127475198356254e-05
5.385286232232041e-05
7.018679277161747e-05
9.142195003952969e-05
1.189674978715799e-04
1.547154742701689e-04
2.010874625361852e-04
2.610243386496523e-04
3.386342611083072e-04
4.389253918047166e-04
5.694277709766753e-04
7.379782274609941e-04
9.559429878173150e-04
1.237778467135807e-03
1.603123218383402e-03
2.076142713007482e-03
2.688918502877384e-03
3.482843950350914e-03
4.515820448343151e-03
5.857175579368655e-03
7.603124805703182e-03
9.880062055339657e-03
1.286217516045799e-02
1.677007182290803e-02
2.188460472686378e-02
2.857272477231195e-02
3.734015806762651e-02
4.877973754579680e-02
6.363566534378996e-02
8.298166273799473e-02
1.080569965249205e-01
1.403811660864623e-01
1.814968446124102e-01
2.330321887367708e-01
2.964356647663751e-01
3.725114621235053e-01
4.610157188401796e-01
5.604273556277208e-01
6.673297176439699e-01
7.818950025323741e-01
9.673976965883582e-01
###1.600000000000000e+00
1.099927393392809e-10
9.934244533865573e-09
9.756406588362009e-11
-1.565675796189177e-08
3.757406150688453e-10
1.879843185594475e-10
1.559922941226523e-10
5.302539313826314e-10
4.298863596649438e-10
4.186626950241428e-10
4.595126699515768e-10
4.348513232109419e-10
4.325993193043226e-10
4.861576571939556e-10
5.285334791858038e-10
5.569541425064123e-10
6.442603494763309e-10
7.340288888408683e-10
8.544751469461030e-10
9.731361570695231e-10
1.247939738142949e-09
1.548713948191535e-09
1.955867959804347e-09
2.470586131377058e-09
3.158632851529513e-09
4.088888451801275e-09
5.313081799448501e-09
6.940200807738919e-09
9.092635381177385e-09
1.193897167468894e-08
1.569675875202482e-08
2.068187012808222e-08
2.729221673781857e-08
3.600337501662796e-08
4.753504957408948e-08
6.283360270147072e-08
8.294312613864840e-08
1.095963536728781e-07
1.448992334718840e-07
1.913248775759484e-07
2.526467817453464e-07
3.334475347572831e-07
4.396797090637816e-07
5.800473027893940e-07
7.644970383657465e-07
1.007181470389834e-06
1.327118858838549e-06
1.746313419952023e-06
2.296627532524309e-06
3.022190321371826e-06
3.972094659524688e-06
5.218407467503254e-06
6.850703123725167e-06
8.997110363411059e-06
1.178437989930460e-05
1.543373865218451e-05
2.020082469159237e-05
2.643455092712559e-05
3.456429877633522e-05
4.514532324035548e-05
5.895826884767694e-05
7.691137812609406e-05
1.002852206857896e-04
1.306481885547276e-04
1.701092903431952e-04
2.213969456065385e-04
2.877687633718162e-04
3.738943761001028e-04
4.854056523540926e-04
6.309599047553365e-04
8.195210752465060e-04
1.063592676215596e-03
1.380205319364407e-03
1.791799496769437e-03
2.326136880462655e-03
3.018636599876310e-03
3.921686925769201e-03
5.098259225592383e-03
6.629583842581904e-03
8.626410026700169e-03
1.123692171632440e-02
1.466259013934955e-02
1.915715989318490e-02
2.504464892242099e-02
3.273966035610680e-02
4.281696732674698e-02
5.592670027617817e-02
7.291180096182004e-02
9.492239104147258e-02
1.232717830247739e-01
1.595254512987644e-01
2.051463962915331e-01
2.615450295604029e-01
3.297732650683357e-01
4.099359053125047e-01
5.008479180241105e-01
5.998609469538567e-01
7.025930471130626e-01
8.083795201668994e-01
9.718334675129008e-01
###2.000000000000000e+00
1.569498953796953e-10
9.858813109388210e-09
1.101699086053656e-10
-1.559163952524130e-08
4.596320105626807e-10
2.701703683016194e-10
2.585958564324911e-10
6.457394765060571e-10
5.239310342427106e-10
5.276905678953050e-10
5.723356969418160e-10
5.312551998291868e-10
5.341962491203982e-10
5.986318530039813e-10
6.396999489433927e-10
6.812361415971510e-10
7.783672817669663e-10
8.706142066719918e-10
9.964539681006063e-10
1.141897298968705e-09
1.430844526244415e-09
1.753160417205326e-09
2.192012246185774e-09
2.753472516494060e-09
3.500440159299911e-09
4.504981753748672e-09
5.832518829609128e-09
7.592249209997152e-09
9.922339985942261e-09
1.300287243929149e-08
1.707477783277063e-08
2.247344567326160e-08
2.963609409438620e-08
3.906423862131767e-08
5.156743667101742e-08
6.814774023714019e-08
8.994376815221025e-08
1.188827922487250e-07
1.571697984172003e-07
2.075483760732944e-07
2.741490905327082e-07
3.618752595144238e-07
4.772445686128084e-07
6.297503928268553e-07
8.302686305817765e-07
1.094195883674227e-06
1.442296536943521e-06
1.898547474082086e-06
2.497581389165400e-06
3.288323797060728e-06
4.323885906833854e-06
5.683420196451227e-06
7.465146141885818e-06
9.810795500717798e-06
1.285603504316909e-05
1.684668214684097e-05
2.206349125084493e-05
2.889357984376765e-05
3.780925024241275e-05
4.941820940119590e-05
6.460644155320550e-05
8.436061690259921e-05
1.101191479600705e-04
1.436380177008921e-04
1.872444142035056e-04
2.440344274681024e-04
3.176430280081479e-04
4.133534559231445e-04
5.375266682785253e-04
7.000626579797360e-04
9.109590095744323e-04
1.184862166576545e-03
1.540890280135942e-03
2.004956802080814e-03
2.608711471329014e-03
3.392173044605879e-03
4.419971351030142e-03
5.757816492700874e-03
7.503704145072588e-03
9.784084412773940e-03
1.276755339945183e-02
1.669190730784069e-02
2.183718441854426e-02
2.858053182794362e-02
3.738307951183371e-02
4.888396342996555e-02
6.379171853150820e-02
8.303926550162155e-02
1.078190469609601e-01
1.395159931839753e-01
1.796399569441480e-01
2.295527623502110e-01
2.903699703568859e-01
3.626730161640426e-01
4.458756990404021e-01
5.379740875764024e-01
6.355198450695264e-01
7.336544521584192e-01
8.312807637632568e-01
9.756296593976875e-01
###2.400000000000000e+00
1.586823762514660e-10
9.813097910531478e-09
2.034511922969601e-10
-1.544009776743348e-08
5.088160173064107e-10
3.652972251911010e-10
3.765549884936282e-10
7.634096284808115e-10
7.081491165790925e-10
6.438508156898152e-10
6.960245792027481e-10
7.454424457092820e-10
6.624178782039810e-10
7.243046549332797e-10
7.830987981043189e-10
8.340889843621768e-10
9.209135110610470e-10
1.031673889652443e-09
1.167203328128737e-09
1.331714984284488e-09
1.640143355628067e-09
1.989942068381806e-09
2.463122759132899e-09
3.072039823677772e-09
3.886821372861095e-09
4.976431810548290e-09
6.412206120636501e-09
8.316956501819144e-09
1.084085685124639e-08
1.418212084317845e-08
1.859052139623573e-08
2.443969250750543e-08
3.219443070865480e-08
4.241381449951889e-08
5.596889742578369e-08
7.394671468729025e-08
9.757236053101348e-08
1.289793953185433e-07
1.705348071789450e-07
2.252355270769091e-07
2.975785867716038e-07
3.928728853188049e-07
5.182206452649460e-07
6.839718052872715e-07
9.020607527480062e-07
1.189270487114104e-06
1.568195402219161e-06
2.064899095808499e-06
2.717485374243410e-06
3.579664594246378e-06
4.709124411113741e-06
6.192992638348173e-06
8.139274959588427e-06
1.070402140573204e-05
1.403338641708279e-05
1.840066180512338e-05
2.411506733442539e-05
3.160448164847781e-05
4.139179932204500e-05
5.414376337328317e-05
7.085746028473813e-05
9.261987147272812e-05
1.210443249229807e-04
1.581401542984398e-04
2.063362039739816e-04
2.692854826374265e-04
3.510339781366365e-04
4.575327601386288e-04
5.959706664344768e-04
7.776608887213189e-04
1.013780850793021e-03
1.321355981831214e-03
1.721982634153469e-03
2.245363674602405e-03
2.927677006963626e-03
3.814176690353893e-03
4.980653195288462e-03
6.502004194614602e-03
8.489472120259802e-03
1.108946116832318e-02
1.448893443229866e-02
1.896708305107810e-02
2.483501339303662e-02
3.251700172395808e-02
4.252286173606194e-02
5.555891917100242e-02
7.238426376272108e-02
9.400065048412755e-02
1.216402403240906e-01
1.567134822442996e-01
2.006283080808877e-01
2.545996764597693e-01
3.194066619639255e-01
3.951123605253455e-01
4.805150165625720e-01
5.729263426981170e-01
6.683454735255252e-01
7.616884028247131e-01
8.516063117246718e-01
9.789532531301003e-01
###2.800000000000000e+00
3.244199629698939e-10
9.703602484431774e-09
2.716731964785608e-10
-1.536027352258427e-08
5.649487706722436e-10
4.702315188927994e-10
5.292680050151688e-10
9.022153004589027e-10
8.354142727503344e-10
7.890766879509347e-10
8.408164142616454e-10
8.864436694588540e-10
8.088357987901545e-10
8.770704290947367e-10
9.439633438692133e-10
9.931622531949878e-10
1.093185393191204e-09
1.217318107566075e-09
1.368562587897060e-09
1.552115128376247e-09
1.888533236798349e-09
2.270947059739879e-09
2.780352232798642e-09
3.444539363499158e-09
4.327467422586721e-09
5.510017600372087e-09
7.064907970932586e-09
9.129769250142854e-09
1.186370098700962e-08
1.548385746721712e-08
2.026538563281735e-08
2.660336785381099e-08
3.501301090836664e-08
4.608419989452944e-08
6.077210327844155e-08
8.027735473839869e-08
1.059006203102042e-07
1.399701875512216e-07
1.851122208440099e-07
2.445409537514463e-07
3.231345376841778e-07
4.266957488628066e-07
5.629252407080940e-07
7.431614231524242e-07
9.804499651654239e-07
1.293127679825407e-06
1.705738389687465e-06
2.246827533531586e-06
2.958188553028316e-06
3.898749328914542e-06
5.131249064066352e-06
6.751981073217190e-06
8.879016542730253e-06
1.168459109226589e-05
1.532831861979223e-05
2.011098738617272e-05
2.637586726179919e-05
3.459552586511643e-05
4.534845707767717e-05
5.937055353716838e-05
7.778296419122572e-05
1.017826469995774e-04
1.331772399218023e-04
1.742660675081850e-04
2.276015744261605e-04
2.974612202282030e-04
3.883485023998252e-04
5.069800892067869e-04
6.614822614074443e-04
8.647012670081651e-04
1.129323352004028e-03
1.474866180905829e-03
1.925739669276068e-03
2.516031673649502e-03
3.286948028677721e-03
4.289673972373342e-03
5.612071405791549e-03
7.339516112226235e-03
9.597321220451947e-03
1.255332595007709e-02
1.641650428709138e-02
2.150601221331081e-02
2.816692283442642e-02
3.687127678014570e-02
4.817731286916341e-02
6.285420197739350e-02
8.170542530925023e-02
1.057872903019553e-01
1.363511146777449e-01
1.747966031526582e-01
2.224110911868369e-01
2.801948678207163e-01
3.485704062190040e-01
4.271039826149340e-01
5.140083800050667e-01
6.060585068033157e-01
6.988669805178254e-01
7.872934466909103e-01
8.698673050372066e-01
9.818770814238209e-01
###3.200000000000000e+00
3.668221992529111e-10
9.671933219376865e-09
3.657602676735793e-10
-1.527968950713028e-08
6.062999398123334e-10
5.973691525814073e-10
6.660458157234016e-10
1.064089395552661e-09
1.003938251431809e-09
9.517394475021928e-10
1.009907743949997e-09
1.044455704690524e-09
9.811177818092523e-10
1.049839589622912e-09
1.120630615969899e-09
1.180872653949455e-09
1.295994747922300e-09
1.432833168593744e-09
1.598473235323172e-09
1.806902795815265e-09
2.166173781510693e-09
2.584935191983978e-09
3.138666701872639e-09
3.862892559756038e-09
4.830318517479340e-09
6.105987167682069e-09
7.798986861209749e-09
1.003083454932738e-08
1.299659207604496e-08
1.691972887146251e-08
2.210627268156707e-08
2.897462951805736e-08
3.809410494472593e-08
5.010728216777897e-08
6.601862654947173e-08
8.718038094418951e-08
1.149903156035882e-07
1.519614849119738e-07
2.010152904355470e-07
2.655789114262007e-07
3.510010103292616e-07
4.635731049857788e-07
6.117107157122733e-07
8.077672676228184e-07
1.066045299005257e-06
1.406577674779537e-06
1.856096496543731e-06
2.445841674879832e-06
3.221709715639875e-06
4.248311257483797e-06
5.593998778737006e-06
7.365396634666784e-06
9.691354354037447e-06
1.276265158415702e-05
1.675168903230199e-05
2.199506160377513e-05
2.887158024807515e-05
3.789877094733342e-05
4.972254727587202e-05
6.515855080685519e-05
8.546046857932879e-05
1.119544814794956e-04
1.466657946764378e-04
1.922068350362894e-04
2.513219087902129e-04
3.289261191349658e-04
4.300611543881888e-04
5.623500657041418e-04
7.348771151706030e-04
9.623183547735750e-04
1.259003431559549e-03
1.647331858563277e-03
2.154778873664330e-03
2.820317636948167e-03
3.690772000007325e-03
4.824116899880464e-03
6.321172211842203e-03
8.278418418871517e-03
1.083775546381864e-02
1.418869701611763e-02
1.856466192490103e-02
2.432578434505678e-02
3.185248930183243e-02
4.166402753253964e-02
5.436442931508122e-02
7.078490409793078e-02
9.176248691712534e-02
1.183901414552929e-01
1.519300754708636e-01
1.937243534488158e-01
2.449178182709155e-01
3.062675689737058e-01
3.778113331672596e-01
4.586352773537664e-01
5.464472218340348e-01
6.375780153889347e-01
7.273788702936256e-01
8.107963868795789e-01
8.863397691768129e-01
9.844642032946047e-01
###3.600000000000000e+00
4.172453440928846e-10
9.636931603438739e-09
4.241303210232484e-10
-1.519023703256658e-08
6.900184468862990e-10
7.225159485566348e-10
8.377199973716999e-10
1.229367488158962e-09
1.190240335033816e-09
1.137532368556566e-09
1.224165823680700e-09
1.231273533950711e-09
1.178998222531868e-09
1.251266283187938e-09
1.326158987762924e-09
1.396693685974383e-09
1.521292964819310e-09
1.675850739327615e-09
1.863614252418065e-09
2.093912215976954e-09
2.479333171889875e-09
2.911917935056611e-09
3.538905649228230e-09
4.331188377669384e-09
5.383337277520491e-09
6.767326456068330e-09
8.605675229017627e-09
1.102907529769358e-08
1.424137018040591e-08
1.849852421792013e-08
2.412481554046910e-08
3.157545242317097e-08
4.146546724179813e-08
5.448763072443515e-08
7.173909582171726e-08
9.470043723665749e-08
1.249000110755065e-07
1.650636251849700e-07
2.183616664818401e-07
2.885335702569978e-07
3.813990476840935e-07
5.038134969161865e-07
6.649288954145521e-07
8.782923118039503e-07
1.159592544984867e-06
1.530523113648475e-06
2.020496304246146e-06
2.663736977977537e-06
3.510407509595940e-06
4.631277422030699e-06
6.101886390077871e-06
8.039940297941684e-06
1.058425606995044e-05
1.394857133903446e-05
1.831862483309760e-05
2.407264148269523e-05
3.162662674893088e-05
4.154943303173178e-05
5.456205250477633e-05
7.156992385308539e-05
9.397190609879915e-05
1.232493043756891e-04
1.616657629908698e-04
2.121708535503480e-04
2.777523541262262e-04
3.640341873072993e-04
4.766646249018041e-04
6.242822416462003e-04
8.170398536235392e-04
1.071713783582209e-03
1.404478922679916e-03
1.840693415271131e-03
2.411706587485463e-03
3.161586629311238e-03
4.143593892045239e-03
5.423592964552514e-03
7.114930094393563e-03
9.328148774691699e-03
1.222150868689577e-02
1.600841734341735e-02
2.094838657154260e-02
2.744332534444904e-02
3.590964820720831e-02
4.691357926910644e-02
6.110371241924155e-02
7.936330282817244e-02
1.025589296526195e-01
1.318054442226396e-01
1.683486681047744e-01
2.134513144434520e-01
2.680877432317565e-01
3.327438459938213e-01
4.070713316842883e-01
4.896980004456690e-01
5.778764848050534e-01
6.675884916567304e-01
7.540545746700232e-01
8.323981195561239e-01
9.012097127694759e-01
9.867685723806338e-01
###4.000000000000000e+00
5.075533901890312e-10
9.615338744053842e-09
4.840874359079291e-10
-1.508450253547411e-08
8.125575103190006e-10
8.703407028485527e-10
1.016501670968030e-09
1.410636176145917e-09
1.381141879076306e-09
1.328294173526616e-09
1.428770329744860e-09
1.435548926527314e-09
1.378772940316184e-09
1.467519516181035e-09
1.546247224479515e-09
1.630614893858892e-09
1.773361963015973e-09
1.948467200655091e-09
2.154076340317105e-09
2.415655165992533e-09
2.828239318033345e-09
3.308264088307845e-09
3.986071319288406e-09
4.850618019982732e-09
5.995760060985680e-09
7.500691015213557e-09
9.500990576501158e-09
1.211616878195941e-08
1.561465889803232e-08
2.023215150126274e-08
2.633633675634010e-08
3.442260078500247e-08
4.512211910850982e-08
5.927615031190119e-08
7.798425187989089e-08
1.028948836804761e-07
1.357005895267447e-07
1.794217466810612e-07
2.372905124991217e-07
3.135592116481856e-07
4.144960935133711e-07
5.477252052671524e-07
7.230886617567049e-07
9.555463765598605e-07
1.261919860611709e-06
1.666076280136060e-06
2.200222531007976e-06
2.902299596808668e-06
3.826897354739700e-06
5.051293902431717e-06
6.659402635615206e-06
8.780926900603304e-06
1.156599704626995e-05
1.525353475441336e-05
2.004573716138058e-05
2.636406730781561e-05
3.466820482615743e-05
4.558495263260270e-05
5.991925790181651e-05
7.867595954014030e-05
1.034210642823601e-04
1.357991947584450e-04
1.783493043246844e-04
2.343896188667036e-04
3.072214984621060e-04
4.032175554711323e-04
5.287457461493695e-04
6.935117212817326e-04
9.090192070241202e-04
1.194209167483143e-03
1.567378284700916e-03
2.057410811103277e-03
2.699602376804681e-03
3.543817528428760e-03
4.650417129146625e-03
6.096741017518493e-03
8.001405947367504e-03
1.049816159787846e-02
1.376047824849932e-02
1.802681745623643e-02
2.358497202417302e-02
3.087711688239674e-02
4.035785346670381e-02
5.263964141050823e-02
6.841028849568873e-02
8.860534228734815e-02
1.141003379028738e-01
1.460242695679231e-01
1.855822288421798e-01
2.339374295397862e-01
2.918644476220500e-01
3.595602320472925e-01
4.362889040876443e-01
5.202591241402519e-01
6.082992372170694e-01
6.961548091392494e-01
7.790045403175949e-01
8.522289129550887e-01
9.146046734249863e-01
9.887978253304386e-01
###4.399999999999999e+00
5.475117573774027e-10
9.605392548572279e-09
5.465922095659802e-10
-1.498674151273686e-08
9.332140335645807e-10
1.028668441120088e-09
1.226360609877038e-09
1.603796001120764e-09
1.594216842364954e-09
1.518853142295134e-09
1.638402694774668e-09
1.652421575200259e-09
1.615212801149094e-09
1.705216115984315e-09
1.803431030891737e-09
1.894696635999675e-09
2.052187177052235e-09
2.249687068671999e-09
2.481524966521722e-09
2.773663169162392e-09
3.218520019514718e-09
3.757152011461491e-09
4.485732501999105e-09
5.428981142436059e-09
6.676936906090788e-09
8.313563949759431e-09
1.048336520428663e-08
1.333016484553689e-08
1.712498931013296e-08
2.213516371274416e-08
2.876239707948011e-08
3.753318279736178e-08
4.913865746023344e-08
6.451002254562501e-08
8.480958846395895e-08
1.118480609715314e-07
1.474928000011650e-07
1.950753040107146e-07
2.579355934048964e-07
3.408620395791249e-07
4.506358443814481e-07
5.956838471083556e-07
7.866234697723160e-07
1.039965729199974e-06
1.373858084702418e-06
1.814434269924366e-06
2.397038965831609e-06
3.163757228128189e-06
4.173845835897207e-06
5.512457817173277e-06
7.271651274968931e-06
9.595327519957202e-06
1.264632126806805e-05
1.669081116601928e-05
2.195015558526564e-05
2.889341171027329e-05
3.802950647605274e-05
5.004815363410893e-05
6.585256960826704e-05
8.655683470344493e-05
1.139118077831403e-04
1.497465194399952e-04
1.969109833111275e-04
2.591312086532533e-04
3.400696060352188e-04
4.469446528767469e-04
5.869066310234852e-04
7.708771978608838e-04
1.011843215176655e-03
1.331248913334115e-03
1.749650287290324e-03
2.299793251260678e-03
3.021502305419834e-03
3.970981204834335e-03
5.216469933605723e-03
6.846836322856958e-03
8.988805302987428e-03
1.179820069380815e-02
1.546657543271475e-02
2.025854663192753e-02
2.648938050702009e-02
3.464416856760186e-02
4.521551225117942e-02
5.885929888876310e-02
7.629974133408041e-02
9.850639148122391e-02
1.263894525050550e-01
1.610332008080693e-01
2.036024396555478e-01
2.551327060323466e-01
3.161862241860475e-01
3.866443961397228e-01
4.653919155210156e-01
5.502541630402782e-01
6.376979881538266e-01
7.232939210028321e-01
8.022780557834378e-01
8.703713581270486e-01
9.266150129511694e-01
9.905730352742080e-01
###4.800000000000000e+00
6.098965241318958e-10
9.619693954011856e-09
6.363453441470567e-10
-1.488517475764007e-08
1.062656413049871e-09
1.178150669476483e-09
1.450400208784434e-09
1.852038564301503e-09
1.805090216815898e-09
1.762405873104882e-09
1.870987036931245e-09
1.901256627534854e-09
1.867130676166476e-09
1.967439358264934e-09
2.085401305831285e-09
2.186478700721839e-09
2.366505663407291e-09
2.580188299920214e-09
2.845633818013134e-09
3.168779671358744e-09
3.653053401761710e-09
4.246115924056893e-09
5.041585288140787e-09
6.073703257601636e-09
7.429481860815590e-09
9.211012016498173e-09
1.156842145945149e-08
1.466485435329306e-08
1.878275662965915e-08
2.422507751629420e-08
3.141916742649507e-08
4.093751054378534e-08
5.351946978501448e-08
7.019780594891555e-08
9.225845952364151e-08
1.216245889279904e-07
1.603698378739421e-07
2.121571553942300e-07
2.804772060651389e-07
3.706830506290182e-07
4.901171433799165e-07
6.480696403374201e-07
8.560736887693976e-07
1.132242492223317e-06
1.496286392244186e-06
1.976853619547332e-06
2.612743607226590e-06
3.450339374573630e-06
4.554527077673324e-06
6.018602667658655e-06
7.944518938353871e-06
1.049089711737639e-05
1.383558269807065e-05
1.827471278866153e-05
2.405067619763581e-05
3.168622516944171e-05
4.174502031024163e-05
5.498894783603672e-05
7.242606638982207e-05
9.529566959997910e-05
1.255570098935538e-04
1.652501490813814e-04
2.175635512264750e-04
2.866861300865413e-04
3.766897008457655e-04
4.957193611177100e-04
6.518185076092946e-04
8.572902851900035e-04
1.126712311826928e-03
1.484347745294622e-03
1.953339409762781e-03
2.570556087780737e-03
3.380864500228451e-03
4.447609721049881e-03
5.847163836850590e-03
7.680793926550365e-03
1.008541101378824e-02
1.323897766073802e-02
1.735228549636302e-02
2.271706288251551e-02
2.967751127828407e-02
3.876281991322586e-02
5.050177381524173e-02
6.559156315576713e-02
8.478734829144705e-02
1.090926550406473e-01
1.394198676498978e-01
1.768247000838829e-01
2.223818844895627e-01
2.769769363129721e-01
3.409817516969726e-01
4.139190456697200e-01
4.943063233871583e-01
5.796268594477000e-01
6.660351875829755e-01
7.490069281252175e-01
8.239221495379375e-01
8.869108154994230e-01
9.373459299968504e-01
9.921302800897062e-01
###5.200000000000000e+00
6.588092385019143e-10
9.631430396546346e-09
6.939179841228574e-10
-1.474131812849732e-08
1.183635202688805e-09
1.406440478793177e-09
1.689503895055247e-09
2.078277292442153e-09
2.044901493617987e-09
2.011007303452311e-09
2.128902244560578e-09
2.160916988739427e-09
2.149606496456009e-09
2.262067430220149e-09
2.394447358888746e-09
2.513118287994774e-09
2.708688494366510e-09
2.951614128306499e-09
3.240137700361088e-09
3.610154564475962e-09
4.140480575062825e-09
4.800473066131973e-09
5.663723384090895e-09
6.787943741869615e-09
8.264015744478144e-09
1.020514615356431e-08
1.275436983496495e-08
1.613682017462654e-08
2.061075282310446e-08
2.652045819297057e-08
3.433858387542125e-08
4.466389502738435e-08
5.831314598822913e-08
7.642179431126760e-08
1.004272630222512e-07
1.323754007181133e-07
1.744316184437357e-07
2.307926367793268e-07
3.050933806871669e-07
4.032571959172241e-07
5.332420364564836e-07
7.053158373743674e-07
9.319067770684643e-07
1.233016440263422e-06
1.630283181904687e-06
2.154742882610693e-06
2.849065748946148e-06
3.764672381783862e-06
4.972343721578337e-06
6.574754052135615e-06
8.684363876052057e-06
1.147625418440361e-05
1.514569491465363e-05
2.002111325889961e-05
2.637010611763856e-05
3.477274786221488e-05
4.584895414556372e-05
6.045960295767641e-05
7.971168680784688e-05
1.049910005364638e-04
1.384898351603598e-04
1.824794937772399e-04
2.405432123052188e-04
3.173569144372400e-04
4.175028504507360e-04
5.501039633411399e-04
7.242221565493074e-04
9.536979562128202e-04
1.254904819068370e-03
1.655184064531324e-03
2.180540986253154e-03
2.872472323172918e-03
3.781326642771796e-03
4.978097141574032e-03
6.548373871100605e-03
8.605953540807020e-03
1.130002376648403e-02
1.483120526018273e-02
1.943018311582140e-02
2.541699722906477e-02
3.316675471895901e-02
4.325178258104801e-02
5.623494314081087e-02
7.285336070664113e-02
9.388809930098586e-02
1.203658049142517e-01
1.531946043130549e-01
1.933792055828730e-01
2.418860852018706e-01
2.994330728311089e-01
3.661920743004911e-01
4.413090500457615e-01
5.229740722605432e-01
6.083057902405766e-01
6.932602383013218e-01
7.732832424850067e-01
8.439601008892561e-01
9.019067609908256e-01
9.468658839010157e-01
9.934780181539974e-01
###5.600000000000001e+00
7.085897910752466e-10
9.607346499912694e-09
7.804725004724102e-10
-1.461373555916578e-08
1.331297905011723e-09
1.585080097866315e-09
1.935375312440562e-09
2.325926146717209e-09
2.325117384232136e-09
2.283096407928193e-09
2.405285288005559e-09
2.437829866200446e-09
2.452878914285891e-09
2.583297937034310e-09
2.730918209033671e-09
2.866591408729434e-09
3.086946538077395e-09
3.357407998869927e-09
3.683723463884794e-09
4.097916163825074e-09
4.673842788467098e-09
5.399693866229047e-09
6.344964438320567e-09
7.572915627385009e-09
9.184243163010119e-09
1.129752831121388e-08
1.402087237297509e-08
1.775091153599035e-08
2.261184021755514e-08
2.903499176455050e-08
3.752657022902999e-08
4.865470815325732e-08
6.350896162618721e-08
8.322258129394103e-08
1.094162055515186e-07
1.441403590561940e-07
1.899041460516932e-07
2.511512368167650e-07
3.319856769503757e-07
4.388481462088399e-07
5.803854939350469e-07
7.678910723407990e-07
1.014851935106616e-06
1.343472931530239e-06
1.777010821002870e-06
2.349612752118942e-06
3.108300160581005e-06
4.109557574215878e-06
5.431135016674429e-06
7.186723274593054e-06
9.498384876589262e-06
1.256119253680925e-05
1.658956249970878e-05
2.194725920656524e-05
2.893127023718264e-05
3.818355392811688e-05
5.037642699163426e-05
6.651614405823257e-05
8.778631866021016e-05
1.157483406244687e-04
1.528500246423629e-04
2.016297293066546e-04
2.660971540262889e-04
3.514911132966187e-04
4.629421345798587e-04
6.106844575863087e-04
8.049327357249556e-04
1.061160103913732e-03
1.397832846375753e-03
1.845540738679524e-03
2.433629427434716e-03
3.208576943920962e-03
4.226684536223785e-03
5.567409854352259e-03
7.326235332683930e-03
9.630217696095867e-03
1.264220546114680e-02
1.658567641413097e-02
2.171324873645173e-02
2.837426719967811e-02
3.697377131507810e-02
4.812742695444529e-02
6.243168684846941e-02
8.065942350019188e-02
1.036133603949750e-01
1.323324445424944e-01
1.677068995018694e-01
2.106737067961385e-01
2.620800997768484e-01
3.224572761684470e-01
3.917412203434970e-01
4.687367728208789e-01
5.512961809575530e-01
6.362273510122143e-01
7.193324626251526e-01
7.961076669461710e-01
8.624279571245325e-01
9.154260858192249e-01
9.552600358271003e-01
9.946357235753985e-01
###6.000000000000001e+00
7.713432154771163e-10
9.602836459865618e-09
7.718996713115435e-10
-1.448252401307150e-08
1.482206825218880e-09
1.796195304005931e-09
2.168528385013118e-09
2.579132370164770e-09
2.601662053522753e-09
2.572389109075329e-09
2.701123439341884e-09
2.745569856398163e-09
2.780477288489285e-09
2.921650707982628e-09
3.088663529006391e-09
3.251090361788076e-09
3.494011332581131e-09
3.803756029074476e-09
4.164318474357932e-09
4.627168031517474e-09
5.257288131019013e-09
6.052548592004797e-09
7.089286983408192e-09
8.430183885273861e-09
1.020295983651560e-08
1.249060460654776e-08
1.546433387677519e-08
1.951328279505432e-08
2.479901880997295e-08
3.178230348328201e-08
4.101000287230663e-08
5.311782911651728e-08
6.919323761160606e-08
9.065277283730827e-08
1.192120937640205e-07
1.569722932873625e-07
2.067652821566380e-07
2.733765569533536e-07
3.613494298969124e-07
4.777139700397227e-07
6.319150364890598e-07
8.363184067148153e-07
1.105696459884613e-06
1.464384605644754e-06
1.937726566779346e-06
2.563300945369943e-06
3.392673852615313e-06
4.488275555821527e-06
5.935415276476706e-06
7.859915793733003e-06
1.039438503010907e-05
1.375637845142520e-05
1.818189138052425e-05
2.407304933533672e-05
3.176006390491045e-05
4.195455958999556e-05
5.538942055153426e-05
7.322579409180971e-05
9.674214109863656e-05
1.276874030207398e-04
1.687963485547749e-04
2.229128451062082e-04
2.945114591387781e-04
3.894594224217291e-04
5.135304308019992e-04
6.781390034715148e-04
8.948058667149185e-04
1.180857948133154e-03
1.556945837599375e-03
2.057433764043680e-03
2.715163586415667e-03
3.582057225508250e-03
4.721033716619940e-03
6.220713643410219e-03
8.187109426119228e-03
1.076100178450273e-02
1.412106510067632e-02
1.851412149569315e-02
2.421538781348142e-02
3.160357959536059e-02
4.111508996929301e-02
5.340746646132382e-02
6.910970493472283e-02
8.902704347339781e-02
1.139750381162846e-01
1.449972337704660e-01
1.829497272566367e-01
2.286866357984041e-01
2.829252184120928e-01
3.459906558712362e-01
4.175592317111439e-01
4.961163137202406e-01
5.791794020082289e-01
6.633024542665943e-01
7.442011154414544e-01
8.174740210713104e-01
8.793603519950812e-01
9.275429673058306e-01
9.626037981238121e-01
9.956290280778373e-01
###6.400000000000001e+00
8.238545631720251e-10
9.634221903042771e-09
8.513583440397747e-10
-1.433937068701980e-08
1.620852953183486e-09
2.003841133533207e-09
2.423964365520710e-09
2.848921933503052e-09
2.897490216614021e-09
2.877468975648771e-09
3.014455960230060e-09
3.072885151490842e-09
3.123195739399939e-09
3.289732698557579e-09
3.481626816751706e-09
3.671242375780835e-09
3.939998087990340e-09
4.286669996560503e-09
4.692865701253295e-09
5.205166111357056e-09
5.896002846081606e-09
6.771075110412357e-09
7.905276034034047e-09
9.374163996818034e-09
1.130378180665346e-08
1.380218034595154e-08
1.705393095867368e-08
2.144810691790966e-08
2.719291224997662e-08
3.478986701835770e-08
4.482365192474343e-08
5.800465925541571e-08
7.540942938833639e-08
9.878062517820011e-08
1.299019556017390e-07
1.709762912890157e-07
2.251579640849554e-07
2.976494843412568e-07
3.934393641241699e-07
5.202199772899423e-07
6.882728888464060e-07
9.111747172800659e-07
1.205267638472658e-06
1.596805349835425e-06
2.113894722024985e-06
2.797745790307164e-06
3.704954663406680e-06
4.904377268397541e-06
6.490343272228025e-06
8.600380221513754e-06
1.138069667957191e-05
1.507362095144893e-05
1.993838680610530e-05
2.641907704195644e-05
3.488568433180621e-05
4.612356440833157e-05
6.093943167368487e-05
8.065915070982942e-05
1.066684465187708e-04
1.409364510143520e-04
1.865080443246076e-04
2.465619080229549e-04
3.261015005953092e-04
4.317009286191152e-04
5.697979418070884e-04
7.532080886116788e-04
9.947632710215328e-04
1.313956151793630e-03
1.733891486586651e-03
2.292956829537876e-03
3.027845414968155e-03
3.996472760739236e-03
5.268899477884234e-03
6.943541791265826e-03
9.137779926691798e-03
1.200745752540920e-02
1.574703370632540e-02
2.062837596922631e-02
2.695007819286531e-02
3.512080099352047e-02
4.560769287396316e-02
5.911106942152178e-02
7.628659729603780e-02
9.796741988650524e-02
1.249797203520842e-01
1.583567403187638e-01
1.989079458607987e-01
2.473928913757402e-01
3.043732873431441e-01
3.699621082167231e-01
4.435670347914855e-01
5.233477189265698e-01
6.065381420958744e-01
6.894684376626061e-01
7.678187462239046e-01
8.373798916970120e-01
8.947937786811059e-01
9.383276202436965e-01
9.689813487370909e-01
9.964656013377333e-01
###6.800000000000002e+00
8.806781749254961e-10
9.634896471886617e-09
9.831539655948672e-10
-1.422313728536904e-08
1.785238452588301e-09
2.231069493810583e-09
2.726887513640088e-09
3.146631676861740e-09
3.218191565561106e-09
3.214109102938449e-09
3.362960394118691e-09
3.438978222857991e-09
3.506403697360434e-09
3.694603084482750e-09
3.910806556987462e-09
4.130480277107218e-09
4.433455181540540e-09
4.821241325449071e-09
5.269016575703647e-09
5.841483577552555e-09
6.601400139499468e-09
7.563736488584613e-09
8.806734787728009e-09
1.040353616195526e-08
1.251709677114193e-08
1.524451655255006e-08
1.879809657745804e-08
2.357338811243706e-08
2.981598635179529e-08
3.808578000721042e-08
4.899679995562826e-08
6.334509955728181e-08
8.221712373693849e-08
1.076637248025017e-07
1.415277333219735e-07
1.862729144158602e-07
2.452558417813783e-07
3.241903704491418e-07
4.285272450117338e-07
5.666799053588482e-07
7.499315730711754e-07
9.931430257421715e-07
1.314277657629070e-06
1.741985434642452e-06
2.307070590725238e-06
3.054988127011153e-06
4.048175750983686e-06
5.361707966014947e-06
7.100873302728344e-06
9.415599246137275e-06
1.246761003705395e-05
1.652608501838373e-05
2.187690956747386e-05
2.901084059458117e-05
3.834101568168490e-05
5.073696674466412e-05
6.708690398929552e-05
8.889440838934455e-05
1.176754649288306e-04
1.556373280056184e-04
2.061674417110972e-04
2.728330128474195e-04
3.612048382681869e-04
4.786593371392390e-04
6.323450940853863e-04
8.366502874632568e-04
1.105885612197392e-03
1.461884272080841e-03
1.930392004146737e-03
2.554308822122071e-03
3.374520742257209e-03
4.455442940174491e-03
5.874876539856365e-03
7.741621973267067e-03
1.018548455611580e-02
1.337788721684995e-02
1.753047703704367e-02
2.294103808818994e-02
2.993110566780463e-02
3.894085858345707e-02
5.046783811321078e-02
6.525236225259476e-02
8.397674382413166e-02
1.074959090414214e-01
1.366342009929883e-01
1.724114414382240e-01
2.155691367000619e-01
2.667597728212790e-01
3.263781361448426e-01
3.943082593250568e-01
4.696841229812277e-01
5.503531488530218e-01
6.332840854497122e-01
7.146520116946676e-01
7.901535839155260e-01
8.558258416805512e-01
9.087788680200808e-01
9.478608136388853e-01
9.744723074122014e-01
9.971696656138359e-01
###7.200000000000002e+00
9.680742803486486e-10
9.709290446290871e-09
1.107669460899992e-09
-1.405260516343494e-08
1.972738055659784e-09
2.467719017729381e-09
3.033483629327636e-09
3.479522494607987e-09
3.572680268070580e-09
3.571944790556382e-09
3.739823168716131e-09
3.833142756015907e-09
3.913033467357593e-09
4.139222912553891e-09
4.380039138108739e-09
4.636080647561029e-09
4.969352269116222e-09
5.405196436919133e-09
5.905887260241357e-09
6.542814065340658e-09
7.377614918981685e-09
8.437171083099353e-09
9.797078425434337e-09
1.154758452383684e-08
1.385422789477770e-08
1.683244890329448e-08
2.071301676355669e-08
2.590505925953636e-08
3.269335816296055e-08
4.169630460232160e-08
5.357143828111812e-08
6.918376510721210e-08
8.967033067552273e-08
1.173775611119838e-07
1.541752822366665e-07
2.029978005042824e-07
2.672433272809434e-07
3.532145073215384e-07
4.668884861327164e-07
6.175179627725186e-07
8.174356347790814e-07
1.082927938888165e-06
1.433713096048379e-06
1.901165331057467e-06
2.518988428283017e-06
3.337461475045359e-06
4.425466124471715e-06
5.864508036491329e-06
7.772719164131586e-06
1.031315335835238e-05
1.366555769800302e-05
1.812776267767047e-05
2.401610866829505e-05
3.187440946024421e-05
4.216131472368020e-05
5.584030401604625e-05
7.389781964653906e-05
9.802088888364747e-05
1.298788132224885e-04
1.719447979955298e-04
2.279927089144035e-04
3.020076218183697e-04
4.001908860467785e-04
5.308080090193288e-04
7.018305018618083e-04
9.293238497693502e-04
1.229291127877573e-03
1.626087848095858e-03
2.148371897708275e-03
2.844042467423070e-03
3.758306661630571e-03
4.962893381606462e-03
6.543899850768622e-03
8.621236625749080e-03
1.133794353153380e-02
1.488133888725062e-02
1.948228381006748e-02
2.546436107419925e-02
3.317326958945142e-02
4.307984361509629e-02
5.571298378061080e-02
7.185035253963382e-02
9.219526346743559e-02
1.176232832956838e-01
1.489422847858313e-01
1.871528060895512e-01
2.329145471422670e-01
2.867563758576456e-01
3.488881159851280e-01
4.189579114860623e-01
4.958202677224703e-01
5.770391362654844e-01
6.593358025988176e-01
7.387874711732914e-01
8.111695322974469e-01
8.728303936590228e-01
9.213767147976419e-01
9.562265380106543e-01
9.791615975117094e-01
9.977519339037164e-01
###7.600000000000002e+00
1.039856477954704e-09
9.723871484484420e-09
1.235890076279948e-09
-1.387498601341056e-08
2.160145247133793e-09
2.747330225149869e-09
3.358227457278347e-09
3.832018480691219e-09
3.957136448893184e-09
4.001706191728591e-09
4.145218616082311e-09
4.262848349390460e-09
4.376379682629730e-09
4.623035328657758e-09
4.893004313464642e-09
5.148423732235302e-09
5.562107451741274e-09
6.044499808316689e-09
6.606404663302444e-09
7.312444930698845e-09
8.237592235796894e-09
9.396980975077366e-09
1.088851209641364e-08
1.280577493897752e-08
1.532370707810817e-08
1.857735715739355e-08
2.281401306506973e-08
2.846080938444615e-08
3.584883753472648e-08
4.565565315653986e-08
5.857727824877027e-08
7.556823570650606e-08
9.782435015902649e-08
1.279967773161408e-07
1.680141110851824e-07
2.212691343415848e-07
2.912810885464119e-07
3.849444508936014e-07
5.088558267705818e-07
6.731619818098707e-07
8.913799669222778e-07
1.181301414677942e-06
1.564696091987626e-06
2.075748447109007e-06
2.751486058852065e-06
3.647783704140686e-06
4.840110193143076e-06
6.417882520256007e-06
8.512373667123061e-06
1.130191802670620e-05
1.498608421219694e-05
1.989501378787105e-05
2.637815208387805e-05
3.503835678131668e-05
4.638613060523802e-05
6.148911466451046e-05
8.144007878346556e-05
1.081328557181991e-04
1.434116241674556e-04
1.900321021139594e-04
2.522015686510643e-04
3.343776790023818e-04
4.434688860386387e-04
5.886880443229599e-04
7.789569849345543e-04
1.032142943615887e-03
1.366173415932494e-03
1.808073782778570e-03
2.389774830796793e-03
3.164529889062366e-03
4.182543255169692e-03
5.523024738330565e-03
7.280999340987171e-03
9.588603511981070e-03
1.260274345752947e-02
1.652835859061219e-02
2.161380373807032e-02
2.821164436818427e-02
3.669100091148025e-02
4.755470110913299e-02
6.135846622553322e-02
7.892014561872190e-02
1.009569239412426e-01
1.283557989839072e-01
1.619058227507154e-01
2.025744578257973e-01
2.509189751792855e-01
3.073375701380318e-01
3.718415054269552e-01
4.438328222339513e-01
5.218962930107657e-01
6.033132596757915e-01
6.846127515952463e-01
7.618165268023268e-01
8.308517143815249e-01
8.884184470196110e-01
9.326462775994341e-01
9.635112928790110e-01
9.831333290637443e-01
9.982332347823334e-01
###8.000000000000002e+00
1.127085980325811e-09
9.765743070075577e-09
1.367636457878684e-09
-1.366665499196402e-08
2.371477905821147e-09
3.033456792720595e-09
3.711828949417179e-09
4.212725210643645e-09
4.373141433819467e-09
4.431567108069794e-09
4.585166675614996e-09
4.733554283477614e-09
4.881903724619366e-09
5.153302084033547e-09
5.449589166888782e-09
5.750281365054188e-09
6.209791073963727e-09
6.742943780349511e-09
7.374432214460307e-09
8.157953425553387e-09
9.178287782731574e-09
1.045024344411460e-08
1.208625330833650e-08
1.418766247694280e-08
1.693524468598359e-08
2.048471880643021e-08
2.511652542297837e-08
3.125975827374661e-08
3.930676931844774e-08
4.998879702348788e-08
6.405055971278915e-08
8.254806010028662e-08
1.067486556102544e-07
1.396075873498249e-07
1.831835051323962e-07
2.412499765827176e-07
3.175660028786531e-07
4.196724902893761e-07
5.547852260751375e-07
7.340674176679227e-07
9.723218638961702e-07
1.289072834566634e-06
1.708280557020258e-06
2.267271323952870e-06
3.006738593670203e-06
3.988676368195451e-06
5.295791160512399e-06
7.026492032298404e-06
9.326917313587752e-06
1.239185650413626e-05
1.644288692169256e-05
2.184631766897806e-05
2.898712916295720e-05
3.853456952228426e-05
5.105965007220489e-05
6.774124200169754e-05
8.980448255481608e-05
1.193320804210843e-04
1.584089881585938e-04
2.100817693019108e-04
2.790482119166474e-04
3.702716353088267e-04
4.914635256974174e-04
6.528808582151172e-04
8.645002314824678e-04
1.146132341270564e-03
1.517832487410011e-03
2.009577816357778e-03
2.656831928089965e-03
3.518740915801424e-03
4.650848779135197e-03
6.140428467372865e-03
8.091915917156616e-03
1.065099744159793e-02
1.398823036721109e-02
1.832915001543096e-02
2.393645076213214e-02
3.119614256489060e-02
4.049937551153623e-02
5.238045880220067e-02
6.742188290330103e-02
8.647300136827958e-02
1.102703004499278e-01
1.396999685979927e-01
1.755240676340653e-01
2.186589486629086e-01
2.695581312635225e-01
3.284611695256590e-01
3.951791569669917e-01
4.688628383771759e-01
5.478202047781662e-01
6.290856899438115e-01
7.090367991868286e-01
7.836997603210232e-01
8.491864341305631e-01
9.026263479491643e-01
9.426646162946478e-01
9.698092891111635e-01
9.864665614415603e-01
9.986305348713919e-01
###8.400000000000002e+00
1.227447419922183e-09
9.803182100639884e-09
1.502119594072351e-09
-1.345155150665220e-08
2.583476761749393e-09
3.349127758029210e-09
4.095116168141304e-09
4.618758347322712e-09
4.821955758178692e-09
4.892564041819359e-09
5.064935109144442e-09
5.235031268713914e-09
5.423991321040832e-09
5.726337107269751e-09
6.057725374303117e-09
6.408880669324318e-09
6.916093205350719e-09
7.511123578554239e-09
8.211568859744509e-09
9.083649647397960e-09
1.020385678807976e-08
1.160504679791559e-08
1.339917335044332e-08
1.570210302057094e-08
1.870330512135530e-08
2.257200124990184e-08
2.763953199307825e-08
3.432430451505677e-08
4.309264943216993e-08
5.473102757042961e-08
7.004569628859854e-08
9.018811436104455e-08
1.165148779939359e-07
1.523264953698517e-07
1.998520729046448e-07
2.630928166023680e-07
3.463194765513975e-07
4.576558777747899e-07
6.050617756429049e-07
8.008016074100858e-07
1.061044536326887e-06
1.407200781355100e-06
1.865843060740156e-06
2.477497119042048e-06
3.287265687966832e-06
4.363498049152861e-06
5.797121538869888e-06
7.696652193511828e-06
1.022379363975694e-05
1.359289837623087e-05
1.804995920195346e-05
2.400065771637534e-05
3.186933174285961e-05
4.240049933673124e-05
5.622656753275315e-05
7.465887465756684e-05
9.906171351231907e-05
1.317384294050766e-04
1.750248336925534e-04
2.323101183656721e-04
3.088130380927270e-04
4.100636404711835e-04
5.446728286084637e-04
7.240337725951684e-04
9.592317063810054e-04
1.272356213719625e-03
1.685640833588970e-03
2.232397238036931e-03
2.951851346718947e-03
3.909445900753245e-03
5.166825849170723e-03
6.819399203395090e-03
8.982390831650273e-03
1.181475235596289e-02
1.550301789166191e-02
2.029261061349254e-02
2.646151301264246e-02
3.443035950041688e-02
4.461158879272862e-02
5.757155492086495e-02
7.391603949305846e-02
9.452765079124449e-02
1.201486011669453e-01
1.516633915705508e-01
1.897937143794834e-01
2.353952919396781e-01
2.887993996463308e-01
3.500769613674691e-01
4.188325342097484e-01
4.939593722837807e-01
5.734987623055583e-01
6.542767356427782e-01
7.325425624966112e-01
8.043856001563398e-01
8.661824534255036e-01
9.154960846524346e-01
9.515053805126393e-01
9.752050617640337e-01
9.892330276428395e-01
9.989379995214400e-01
###8.800000000000002e+00
1.315643126311321e-09
9.845490942671848e-09
1.649359331028330e-09
-1.321586759801095e-08
2.825768717465642e-09
3.668964338166742e-09
4.501550851427190e-09
5.064096452730947e-09
5.299212730401629e-09
5.389771571301676e-09
5.583718235854142e-09
5.779764111090894e-09
6.014856086274311e-09
6.344355878602409e-09
6.721613760824404e-09
7.124285941488117e-09
7.686946848609088e-09
8.346528573009443e-09
9.124367504254149e-09
1.009483753098770e-08
1.132780127288373e-08
1.286898952401486e-08
1.483653929365247e-08
1.736151079589984e-08
2.063982703782699e-08
2.486414731997135e-08
3.040067587151944e-08
3.767849449277420e-08
4.723538326812169e-08
5.992190922761079e-08
7.659899608045355e-08
9.854954873395770e-08
1.272034942876410e-07
1.662337144358584e-07
2.180743108530427e-07
2.869776799193068e-07
3.777789269244210e-07
4.992309845932345e-07
6.601241341507734e-07
8.739245319949421e-07
1.158323586042535e-06
1.536837453783528e-06
2.038759900149905e-06
2.708393654560502e-06
3.595587817739014e-06
4.775714313769238e-06
6.348647138433381e-06
8.434518884435779e-06
1.121198451630912e-05
1.491743782254045e-05
1.982314651991667e-05
2.638201600869183e-05
3.505418617550187e-05
4.667353010722642e-05
6.194245081117665e-05
8.231438476045659e-05
1.093398919121547e-04
1.454785136344714e-04
1.934308000396392e-04
2.569271796024260e-04
3.417929620348707e-04
4.541487320228338e-04
6.036060141912138e-04
8.028180795382675e-04
1.064095490444439e-03
1.411995195702438e-03
1.871139120453114e-03
2.478402205143687e-03
3.277324406879997e-03
4.340122991877781e-03
5.734418151867430e-03
7.565148293056759e-03
9.958627692159099e-03
1.308774439393324e-02
1.715606117086956e-02
2.242922138528046e-02
2.920190108013614e-02
3.792809000388962e-02
4.904404761010936e-02
6.314335350676309e-02
8.085240263731623e-02
1.030957801433445e-01
1.305994535987859e-01
1.642476149955647e-01
2.047059117265122e-01
2.527603176831774e-01
3.086058333014122e-01
3.721361807237595e-01
4.427351195006243e-01
5.190422693711936e-01
5.988526723214610e-01
6.787973080546745e-01
7.550708821180437e-01
8.238597106209298e-01
8.818548390974318e-01
9.270855856225301e-01
9.592583856482598e-01
9.797954056820841e-01
9.915123707626001e-01
9.991894018833233e-01
###9.200000000000003e+00
1.423740448434749e-09
9.916116079528362e-09
1.815904772807387e-09
-1.297169116594016e-08
3.081300594351501e-09
4.022609364674881e-09
4.940124750354934e-09
5.534156111734250e-09
5.812785835214214e-09
5.922802623199171e-09
6.145246664769282e-09
6.366767099303183e-09
6.646115014495271e-09
7.019619774866004e-09
7.446564020782465e-09
7.903232016750833e-09
8.526136800429616e-09
9.253410869760560e-09
1.012183163442138e-08
1.120489385632843e-08
1.255421409374202e-08
1.424442353573624e-08
1.641158622371504e-08
1.917778722305593e-08
2.275914423076918e-08
2.735571791476854e-08
3.342207387199638e-08
4.135064253544946e-08
5.177042180524154e-08
6.559949846968707e-08
8.377318425684899e-08
1.076996800417342e-07
1.389831134544046e-07
1.814544858237538e-07
2.379974811345975e-07
3.131223203039010e-07
4.121990910986122e-07
5.447735547414615e-07
7.204649394363402e-07
9.540653390028018e-07
1.264973833277775e-06
1.679067883839417e-06
2.228617355758247e-06
2.962046998610632e-06
3.934640096172089e-06
5.229059970845220e-06
6.955684893060398e-06
9.247160171303556e-06
1.230129007174446e-05
1.637829411331812e-05
2.178035347323125e-05
2.900798642670454e-05
3.857265547971158e-05
5.139675699954482e-05
6.826280459402928e-05
9.078572244074340e-05
1.207133314085245e-04
1.606938512073474e-04
2.138097706020987e-04
2.841948681258478e-04
3.783055763834505e-04
5.029597870700658e-04
6.688152757346200e-04
8.899694715314945e-04
1.180027496298551e-03
1.566264940775550e-03
2.075900857320597e-03
2.749849211288387e-03
3.635936419359636e-03
4.813894273805103e-03
6.357936568183471e-03
8.382922437637077e-03
1.102672470833871e-02
1.447747073181317e-02
1.895694834883659e-02
2.474957198476754e-02
3.216960941849711e-02
4.170341839450624e-02
5.381067165799257e-02
6.911133398097209e-02
8.824804837022175e-02
1.121865941389942e-01
1.416304071614807e-01
1.774504653361592e-01
2.202484858472958e-01
2.707286254561794e-01
3.289394348068436e-01
3.945799571811830e-01
4.668126148299162e-01
5.440280290628345e-01
6.237876033894408e-01
7.025706140016688e-01
7.765609410204142e-01
8.420932204738535e-01
8.962258660697321e-01
9.374588424517614e-01
9.660038775190439e-01
9.836664327734954e-01
9.933714312062232e-01
9.993866057500074e-01
###9.600000000000003e+00
1.529568138980888e-09
9.989786221129841e-09
2.019323127425699e-09
-1.271123555774200e-08
3.362948281264729e-09
4.397724449258130e-09
5.396209223466292e-09
6.043972718611738e-09
6.374792998331632e-09
6.489316130366896e-09
6.752849573528925e-09
7.008559355320554e-09
7.337382863114812e-09
7.751752993874330e-09
8.229301510468767e-09
8.755337103145352e-09
9.444442151293295e-09
1.024712718827483e-08
1.121080127177865e-08
1.240961412509096e-08
1.389725957012406e-08
1.575679860191479e-08
1.813488942458107e-08
2.116627481332657e-08
2.508133895225125e-08
3.010755496722129e-08
3.673079777332199e-08
4.537343114493173e-08
5.674184490841197e-08
7.182458814779144e-08
9.162142986269458e-08
1.177124756015900e-07
1.518484172322886e-07
1.981144074942300e-07
2.598134434775586e-07
3.417373184573189e-07
4.498847762151892e-07
5.946409430479110e-07
7.865825025245884e-07
1.041950224114332e-06
1.381993955100400e-06
1.835173190715771e-06
2.437081394307608e-06
3.240832557505312e-06
4.307512204434914e-06
5.727969538037669e-06
7.624056120483067e-06
1.014261540989653e-05
1.350176932971151e-05
1.798964604500828e-05
2.394004747636465e-05
3.190629806122418e-05
4.246035716049136e-05
5.661829365289426e-05
7.525228742770187e-05
1.001565656943206e-04
1.332862018300901e-04
1.775324925476693e-04
2.363602285199433e-04
3.143650458935174e-04
4.187069178270158e-04
5.569527415593780e-04
7.409363231426810e-04
9.862947414586100e-04
1.308118419673246e-03
1.736585642211044e-03
2.301718946256499e-03
3.048766747371988e-03
4.030286138204081e-03
5.334246647071401e-03
7.041594904237005e-03
9.277960917636637e-03
1.219346714182941e-02
1.599245005219260e-02
2.091440603493572e-02
2.726506945876793e-02
3.537717316754972e-02
4.577070637721684e-02
5.892629323837487e-02
7.548749203961030e-02
9.612593806049648e-02
1.218103758043933e-01
1.532465619315984e-01
1.912701152763183e-01
2.364128665052376e-01
2.892757675316441e-01
3.497563063018808e-01
4.173498051299157e-01
4.909904437401252e-01
5.688297729058274e-01
6.482314568069778e-01
7.255360848081899e-01
7.969748812179110e-01
8.590894956038876e-01
9.093283937850819e-01
9.466820053791700e-01
9.718311797961043e-01
9.869027276313743e-01
9.948712882822758e-01
9.995388337359452e-01
###1.000000000000000e+01
1.665653887502465e-09
1.006487519854087e-08
2.201589307094983e-09
-1.244976054182179e-08
3.674449900765889e-09
4.790978706730014e-09
5.891098111610970e-09
6.592867411349651e-09
6.977084844417367e-09
7.113166529030473e-09
7.409632403469723e-09
7.713046936093124e-09
8.081169965368534e-09
8.548538643408011e-09
9.085166740901959e-09
9.679057795330114e-09
1.043947844749471e-08
1.133162235064070e-08
1.240262303647131e-08
1.372543691041596e-08
1.536441090793165e-08
1.741286653246205e-08
2.001928722275538e-08
2.335387696732924e-08
2.762336628978332e-08
3.311770439077727e-08
4.035237035225849e-08
4.977623798418830e-08
6.218129768463224e-08
7.864425613270566e-08
1.002137510495547e-07
1.286682643135844e-07
1.658402742585489e-07
2.163478238786212e-07
2.836887067942655e-07
3.730579531849937e-07
4.911804801911484e-07
6.493097566842486e-07
8.590756528330784e-07
1.138326583959776e-06
1.510438455804797e-06
2.006566928497944e-06
2.666096112019954e-06
3.547289507854590e-06
4.717643276101984e-06
6.276938117226388e-06
8.360347257114051e-06
1.112950508279384e-05
1.482572752022617e-05
1.976691453326176e-05
2.632392454948482e-05
3.510756158460859e-05
4.675570650978552e-05
6.238922089323506e-05
8.298082998865437e-05
1.105210265436757e-04
1.471877983288636e-04
1.961544216593697e-04
2.613062511078454e-04
3.477376649606053e-04
4.633761026597518e-04
6.166237664855654e-04
8.206079551495817e-04
1.092668164862448e-03
1.449448045771202e-03
1.924312278989653e-03
2.550421919939086e-03
3.377559732455372e-03
4.463553038874743e-03
5.904945208091269e-03
7.790240536093258e-03
1.025621568517243e-02
1.346592159520538e-02
1.764094566714184e-02
2.303858628789207e-02
2.998668171872306e-02
3.883776912105464e-02
5.014326323746877e-02
6.440616505374776e-02
8.228921595492183e-02
1.044894656329236e-01
1.319814595297236e-01
1.654518795937488e-01
2.057024164933710e-01
2.531987281006795e-01
3.083733760678926e-01
3.710094156865640e-01
4.403800318955733e-01
5.151973225481506e-01
5.933753035699764e-01
6.720921302252328e-01
7.476245462050645e-01
8.162715260798760e-01
8.748467324107810e-01
9.212024793604126e-01
9.548252643291245e-01
9.768268146658660e-01
9.895840282005830e-01
9.960700423211157e-01
9.996599013360139e-01
###1.040000000000000e+01
1.801934040239509e-09
1.016751353234913e-08
2.410681768805555e-09
-1.215651042281823e-08
4.049792731283965e-09
5.243371089208259e-09
6.419571543822320e-09
7.186065937043992e-09
7.632388123090811e-09
7.797357678138619e-09
8.125791642114898e-09
8.465227265364675e-09
8.865430638590795e-09
9.410176538278916e-09
1.000839938842047e-08
1.066500979313386e-08
1.152255960923252e-08
1.250683395040390e-08
1.367729808571205e-08
1.514285648653376e-08
1.696629478371303e-08
1.922030849797159e-08
2.207771436551498e-08
2.571138631614059e-08
3.038585098777471e-08
3.639230953120012e-08
4.429451309838715e-08
5.457079654992702e-08
6.810613752860822e-08
8.604802145453625e-08
1.095659066638532e-07
1.406018657193922e-07
1.811699163997469e-07
2.363097723081783e-07
3.098134552700611e-07
4.073667431403909e-07
5.363960645313488e-07
7.092159523853806e-07
9.385553248869318e-07
1.244042303659239e-06
1.651376463511776e-06
2.194780172262795e-06
2.917866498459425e-06
3.884125741147008e-06
5.168892494101296e-06
6.881278071738010e-06
9.171142374527824e-06
1.221690441270377e-05
1.628324640790629e-05
2.172818958487653e-05
2.895528311202319e-05
3.864225225239809e-05
5.149958699046369e-05
6.876598229082783e-05
9.151953767760844e-05
1.219790728343353e-04
1.625449210917792e-04
2.167427740648166e-04
2.888841245336963e-04
3.846097889756997e-04
5.127402737464565e-04
6.825378414395776e-04
9.085558589288232e-04
1.210035645713237e-03
1.605228063738108e-03
2.131057390883170e-03
2.823930794786855e-03
3.738785193470553e-03
4.938859574360383e-03
6.530105335061396e-03
8.608762484779871e-03
1.132355396126300e-02
1.485143673987191e-02
1.943094257994391e-02
2.533933062764747e-02
3.292623431405525e-02
4.256395335963746e-02
5.483597651067703e-02
7.026379518670556e-02
8.953048755818580e-02
1.133477511249498e-01
1.427028375472432e-01
1.782482525107380e-01
2.207396429242461e-01
2.705618816501782e-01
3.279845930845631e-01
3.926454120704773e-01
4.636124516417971e-01
5.393534327214174e-01
6.175762650035771e-01
6.953058561037956e-01
7.687836559379204e-01
8.344362719840702e-01
8.893792446747588e-01
9.319042481402938e-01
9.619716326025989e-01
9.810779185686239e-01
9.917873580564892e-01
9.970182440126332e-01
9.997512421224640e-01
###1.080000000000000e+01
1.946877927407565e-09
1.027569562458973e-08
2.630713714653607e-09
-1.183640684015647e-08
4.407447230421094e-09
5.695783964768707e-09
6.987857033556521e-09
7.829155655099339e-09
8.340885076836254e-09
8.531503602745094e-09
8.898440814390701e-09
9.284378022732257e-09
9.738616606507490e-09
1.034151225017834e-08
1.101104999491429e-08
1.175357045680005e-08
1.270096915402677e-08
1.379282332391835e-08
1.509094712768692e-08
1.670835041301086e-08
1.871320979500838e-08
2.119339000666652e-08
2.432723096218539e-08
2.830816333461247e-08
3.342359820052379e-08
3.998864165243894e-08
4.862018379621500e-08
5.983797724286197e-08
7.460801104346961e-08
9.417581150480528e-08
1.198178816496245e-07
1.535718136122648e-07
1.979472337106821e-07
2.581690375737397e-07
3.383960274664133e-07
4.449521049919797e-07
5.859553895424913e-07
7.748974865468154e-07
1.025747557175671e-06
1.360068479334273e-06
1.806128525554036e-06
2.401659023877156e-06
3.194558559276978e-06
4.254696937761081e-06
5.665440939019658e-06
7.546860477164479e-06
1.006443761342889e-05
1.341544524277395e-05
1.789120843867129e-05
2.389189859601426e-05
3.185903671795720e-05
4.254537681323050e-05
5.673955821507049e-05
7.580801924787997e-05
1.009659082343547e-04
1.346420376885009e-04
1.795164987332748e-04
2.394874271878231e-04
3.193505253634160e-04
4.253484061102568e-04
5.672374037131376e-04
7.552766612099654e-04
1.005532991253154e-03
1.339346917270250e-03
1.776721005315308e-03
2.358453793016455e-03
3.124468965473427e-03
4.135064410375729e-03
5.459535739687345e-03
7.213728163173608e-03
9.502234745656589e-03
1.248649203751319e-02
1.635756124906912e-02
2.137210828143238e-02
2.782763280783434e-02
3.609132110355737e-02
4.656784715052853e-02
5.986094046138135e-02
7.651662780993451e-02
9.722342103399266e-02
1.227168971689178e-01
1.539802963788139e-01
1.916328513680731e-01
2.363681892920568e-01
2.884804293812894e-01
3.480719871759855e-01
4.146210152018220e-01
4.869759640066941e-01
5.633891316771455e-01
6.413603779777017e-01
7.177987729676054e-01
7.889656412949875e-01
8.514518652882679e-01
9.027117195410089e-01
9.414904449449413e-01
9.681985109564281e-01
9.846659469532079e-01
9.935809509855075e-01
9.977601283960765e-01
9.998195477149310e-01
###1.120000000000000e+01
2.106740982687856e-09
1.040553553119567e-08
2.876669986623448e-09
-1.148725297113632e-08
4.780730891419975e-09
6.170516827740367e-09
7.606871986302976e-09
8.505240210385557e-09
9.105605209669214e-09
9.323570541437621e-09
9.736112704842773e-09
1.018363842272928e-08
1.068666311350943e-08
1.135843056400265e-08
1.210739411394805e-08
1.293468953390818e-08
1.398155589041963e-08
1.519260023339159e-08
1.663297786000231e-08
1.841495407181328e-08
2.061899193466772e-08
2.334484779281543e-08
2.678418427030142e-08
3.114309745553894e-08
3.674213949905757e-08
4.392436040282192e-08
5.335722857944993e-08
6.560432457834808e-08
8.172495160181699e-08
1.031006606631320e-07
1.310718280314052e-07
1.678175505873852e-07
2.163140410450447e-07
2.820936527588542e-07
3.696955003104353e-07
4.861198910341859e-07
6.402777979184723e-07
8.469202004178399e-07
1.121394836062610e-06
1.487433394450270e-06
1.976116824006482e-06
2.628932937867581e-06
3.498825428529894e-06
4.662467738816350e-06
6.211885037151619e-06
8.279745520722313e-06
1.104879743565595e-05
1.473710936473614e-05
1.966568301415270e-05
2.627878053144233e-05
3.506340890882818e-05
4.685380567281132e-05
6.252479679336954e-05
8.358724667411073e-05
1.114042663419214e-04
1.486264449519164e-04
1.982612585153380e-04
2.646070728337860e-04
3.529875150284388e-04
4.703067988724710e-04
6.273588879143396e-04
8.354805099899479e-04
1.112392677594687e-03
1.481690345681529e-03
1.965350054094807e-03
2.608283917841906e-03
3.454244723780715e-03
4.569366066163194e-03
6.029259688484954e-03
7.960308458201306e-03
1.047622834715002e-02
1.375155852252882e-02
1.799216282133623e-02
2.347376399221930e-02
3.051385900384761e-02
3.949920520309386e-02
5.086402673864067e-02
6.523199830607990e-02
8.317351737514084e-02
1.053805728402637e-01
1.326027985465900e-01
1.658179071822632e-01
2.056010421610149e-01
2.525734058032954e-01
3.069269302853330e-01
3.685896683518447e-01
4.368676597154142e-01
5.103954166131246e-01
5.872156029794326e-01
6.646493801025912e-01
7.395157994913804e-01
8.081316806507681e-01
8.673089391497074e-01
9.148716194381052e-01
9.500216854135697e-01
9.735856890445828e-01
9.876699054021918e-01
9.950273709744344e-01
9.983345058807723e-01
9.998712375353844e-01
###1.160000000000000e+01
2.270308948590425e-09
1.054437881229192e-08
3.133677978713443e-09
-1.111270038322403e-08
5.184403458922398e-09
6.691202583552369e-09
8.267366090301006e-09
9.259730468289451e-09
9.919040285650123e-09
1.013256555873788e-08
1.063559258972910e-08
1.114293562166852e-08
1.171003023502556e-08
1.246106476347703e-08
1.328756733812949e-08
1.421135414543296e-08
1.537032101612661e-08
1.671329589031606e-08
1.830858525918205e-08
2.027640463213325e-08
2.269546761460754e-08
2.569052047870834e-08
2.946224700860052e-08
3.423746806154468e-08
4.036611710007911e-08
4.821610836644347e-08
5.853623572592853e-08
7.190437631536802e-08
8.951006513580407e-08
1.128481979218928e-07
1.433763052336514e-07
1.833804717140952e-07
2.364278421560689e-07
3.082911692235711e-07
4.039795330586650e-07
5.312338779594398e-07
6.998329073860378e-07
9.259153571551720e-07
1.226350920543654e-06
1.627297256221545e-06
2.162835903995905e-06
2.878737541671819e-06
3.833364340466826e-06
5.110730818324052e-06
6.813336917625120e-06
9.086926153380855e-06
1.213294177146180e-05
1.619373846677833e-05
2.162410485952343e-05
2.891179336008722e-05
3.860039921081428e-05
5.160981009588582e-05
6.891145937699168e-05
9.217738003838506e-05
1.229284143002307e-04
1.640678843627716e-04
2.189527409732082e-04
2.923330559939764e-04
3.901010427701739e-04
5.199497368516757e-04
6.936258245805443e-04
9.238186446947949e-04
1.230043105406340e-03
1.638242331987708e-03
2.172574241907439e-03
2.882344451806104e-03
3.815547876098321e-03
5.044550909597786e-03
6.651608520101999e-03
8.774600962324516e-03
1.153653417554981e-02
1.512563939239406e-02
1.976321713449816e-02
2.574519075749650e-02
3.340908517128406e-02
4.316149901882706e-02
5.546376244540729e-02
7.096342589267848e-02
9.024771815379459e-02
1.140112978034456e-01
1.430127730823313e-01
1.782178479200923e-01
2.201430888627319e-01
2.693391639547287e-01
3.258649345002428e-01
3.894877586663441e-01
4.593275907806801e-01
5.338043650860826e-01
6.107629011875275e-01
6.873688113840534e-01
7.603934943801796e-01
8.262501403751267e-01
8.820148301135815e-01
9.259049414058592e-01
9.575673097018457e-01
9.782123837041358e-01
9.901645381632772e-01
9.961827563604125e-01
9.987744180765619e-01
9.999072475084525e-01
###1.200000000000001e+01
2.465916592338380e-09
1.070957070919490e-08
3.400677007982045e-09
-1.071836775013043e-08
5.620068033425973e-09
7.252030996377791e-09
8.973763659959959e-09
1.006251800205549e-08
1.080222762492218e-08
1.105710662593685e-08
1.161033026718575e-08
1.217541471052293e-08
1.288447548544850e-08
1.364697163353038e-08
1.456678009317720e-08
1.560019915999444e-08
1.687933762441594e-08
1.836407996225279e-08
2.012993972776270e-08
2.229669567612285e-08
2.495760431795301e-08
2.824659473657258e-08
3.238363916913037e-08
3.761491226497506e-08
4.432073095542359e-08
5.290770463689868e-08
6.415920672447549e-08
7.879043230870247e-08
9.801914616776659e-08
1.235160444982335e-07
1.568462486643597e-07
2.004494217607116e-07
2.584460646916386e-07
3.369885345617447e-07
4.415495907173556e-07
5.806753768069539e-07
7.651377145476306e-07
1.012586913851310e-06
1.341586731202357e-06
1.780853036674983e-06
2.367997010147987e-06
3.153416384010656e-06
4.201372203864218e-06
5.604150914833004e-06
7.475565348323484e-06
9.976235066508844e-06
1.332761589655633e-05
1.779928741616829e-05
2.378325519741201e-05
3.181721962487903e-05
4.250015090800119e-05
5.685783229105208e-05
7.596187450232108e-05
1.016595518477483e-04
1.356446635750294e-04
1.811079962610402e-04
2.417812646252424e-04
3.229169243830608e-04
4.310254777258301e-04
5.746795964576347e-04
7.666183814436826e-04
1.021048933675963e-03
1.359403433114204e-03
1.810239331494689e-03
2.399981698984380e-03
3.182852120752732e-03
4.211201444167316e-03
5.563955541162403e-03
7.330764736574284e-03
9.661624935347132e-03
1.268892801156169e-02
1.661602349987463e-02
2.167955938950226e-02
2.819614644783086e-02
3.652422400817538e-02
4.709106923469153e-02
6.038874114007185e-02
7.706998178878259e-02
9.775100256321922e-02
1.231273151753094e-01
1.539507065622449e-01
1.911783862284188e-01
2.352529470091984e-01
2.866403492432793e-01
3.452678992392001e-01
4.107235438693466e-01
4.819401589446715e-01
5.571295965694190e-01
6.339498428805806e-01
7.094477591127445e-01
7.803803766620900e-01
8.433025244725113e-01
8.955883491309151e-01
9.358572902243577e-01
9.641969127062282e-01
9.821565428266196e-01
9.922178255393534e-01
9.970967516728801e-01
9.991074420442236e-01
9.999349211010599e-01
###1.240000000000001e+01
2.652642929377260e-09
1.089303532064018e-08
3.686554250913560e-09
-1.027699761312339e-08
6.088183428642801e-09
7.861596329231578e-09
9.738957578287919e-09
1.092984336963370e-08
1.174403875161338e-08
1.206007317552359e-08
1.266095314424898e-08
1.329210642353454e-08
1.408071796203651e-08
1.493263793747301e-08
1.595284555298151e-08
1.710775609265457e-08
1.851747279452154e-08
2.015839266813618e-08
2.210932615371688e-08
2.449118077708905e-08
2.741724884644896e-08
3.102989448783137e-08
3.556773604684396e-08
4.129901392487410e-08
4.863976911360874e-08
5.803084204339417e-08
7.028793572524434e-08
8.632464566810116e-08
1.073190693149694e-07
1.351804671794122e-07
1.715783725719768e-07
2.191588745545773e-07
2.825600916539319e-07
3.684299979705039e-07
4.827002547895795e-07
6.348643782662363e-07
8.367725761238502e-07
1.107656839536876e-06
1.468104657780842e-06
1.949597699151692e-06
2.593462813602741e-06
3.455327559071509e-06
4.606131797963892e-06
6.147362925183198e-06
8.204701110685801e-06
1.095578729154550e-05
1.464449559369406e-05
1.956909291847460e-05
2.616392712233277e-05
3.502021306117337e-05
4.680058292984925e-05
6.264660466829326e-05
8.374065053015346e-05
1.121169162956296e-04
1.496721911422329e-04
1.999015803667188e-04
2.669536874812592e-04
3.566306543443791e-04
4.761130848186934e-04
6.349270827739001e-04
8.469275479124274e-04
1.127971638826401e-03
1.501486012385132e-03
1.998970187824114e-03
2.649288118889598e-03
3.511797887434293e-03
4.643666478945853e-03
6.130779666870926e-03
8.070696922136149e-03
1.062625273630910e-02
1.393941976212251e-02
1.823006738198696e-02
2.374997926411455e-02
3.083743618411437e-02
3.987109112889459e-02
5.129987314522332e-02
6.564337022754954e-02
8.356096699068542e-02
1.056961093163427e-01
1.327344282198634e-01
1.654200734474232e-01
2.046976806460936e-01
2.509168048828725e-01
3.044567891209090e-01
3.650951833201104e-01
4.322467149623102e-01
5.046440659671789e-01
5.802998462625465e-01
6.567123592644338e-01
7.308347378016995e-01
7.994395312542487e-01
8.592785080956307e-01
9.080464558287963e-01
9.447822155839769e-01
9.699824397593733e-01
9.854931601015082e-01
9.938938152479592e-01
9.978126191394086e-01
9.993567386308307e-01
9.999593911856574e-01
###1.280000000000001e+01
2.863220621227241e-09
1.107362680137824e-08
3.967796661717435e-09
-9.806883228762467e-09
6.586122292037839e-09
8.501902867585528e-09
1.054714983404742e-08
1.187073971850762e-08
1.276626691465820e-08
1.313130343295401e-08
1.379132035656367e-08
1.449849900690668e-08
1.536994098491762e-08
1.632111813059106e-08
1.745149040585868e-08
1.873739838806988e-08
2.029286569972999e-08
2.210488075039341e-08
2.425762553001764e-08
2.687931680073692e-08
3.009527774138604e-08
3.406012820113558e-08
3.903825248402952e-08
4.531729158188156e-08
5.335172727434323e-08
6.362198075459960e-08
7.704148445625805e-08
9.455628723358912e-08
1.174945368520166e-07
1.479379986295105e-07
1.877040302082105e-07
2.398463072638345e-07
3.089866070068414e-07
4.028766358173391e-07
5.278000636058681e-07
6.943198269270724e-07
9.153090541491301e-07
1.212027308460086e-06
1.607002133977607e-06
2.134922774142186e-06
2.841336255035692e-06
3.787404520315045e-06
5.051402284234053e-06
6.745220814121997e-06
9.007394152297103e-06
1.203481363266846e-05
1.609502855739794e-05
2.152004307247384e-05
2.878848376222473e-05
3.855174763920380e-05
5.154887584473166e-05
6.902248377464226e-05
9.231764433786845e-05
1.236547838778179e-04
1.651389909578162e-04
2.206167174058051e-04
2.946881009605914e-04
3.937644931175187e-04
5.257616669152895e-04
7.012010964055366e-04
9.352374282388552e-04
1.245413008783403e-03
1.657441700102944e-03
2.205922791459419e-03
2.922270669597597e-03
3.871531743889811e-03
5.115855320985154e-03
6.748824602646764e-03
8.875918830751313e-03
1.167372804673035e-02
1.529506017213322e-02
1.997499797093681e-02
2.598296077346519e-02
3.367814517118470e-02
4.346100957695578e-02
5.580060197743048e-02
7.124032747812828e-02
9.045097964734529e-02
1.140916103839623e-01
1.428421368893533e-01
1.774297670930053e-01
2.187658611158921e-01
2.671157782026505e-01
3.227539792576679e-01
3.853007260704754e-01
4.539938962135663e-01
5.273671097413319e-01
6.032459387538520e-01
6.789784639081895e-01
7.514614233739405e-01
8.175352426195389e-01
8.741701520907512e-01
9.194191988210981e-01
9.527361300856072e-01
9.749985356098463e-01
9.882930614024340e-01
9.952477382652768e-01
9.983636508854107e-01
9.995367051597579e-01
9.999834352682277e-01
###1.320000000000001e+01
3.112975954102847e-09
1.128703284366027e-08
4.303028187621415e-09
-9.307587746393755e-09
7.123751447880236e-09
9.187572167797975e-09
1.141463895950592e-08
1.286222145616076e-08
1.387505370194985e-08
1.429070864960576e-08
1.501002111889850e-08
1.579997975864330e-08
1.676235350746363e-08
1.782159828819551e-08
1.907318858353023e-08
2.050207782169749e-08
2.221600588122622e-08
2.421647233681465e-08
2.658899968378583e-08
2.946982941908315e-08
3.300605095643816e-08
3.735691619680959e-08
4.281564544388162e-08
4.969510730462538e-08
5.848851804240938e-08
6.972520185354269e-08
8.441242375415740e-08
1.035371327764782e-07
1.286129764716792e-07
1.617187412986248e-07
2.053470633300094e-07
2.624982495226365e-07
3.379393943219586e-07
4.405954097943891e-07
5.772602520464252e-07
7.594760634444706e-07
1.001529748500845e-06
1.326604214758799e-06
1.759589032150987e-06
2.338541579766031e-06
3.113779138564171e-06
4.152607244980199e-06
5.541392267893898e-06
7.402330631348276e-06
9.891220806722654e-06
1.322365913804079e-05
1.769372497896744e-05
2.367002071507147e-05
3.168212072233495e-05
4.244514715011284e-05
5.678273824121705e-05
7.605418484933511e-05
1.017738155502923e-04
1.363686955520986e-04
1.821848168710886e-04
2.434392212956412e-04
3.252417396765637e-04
4.346348905326401e-04
5.803734069449845e-04
7.740430484864889e-04
1.032237471451030e-03
1.374321334745285e-03
1.828429879164052e-03
2.432567457506858e-03
3.220794608157002e-03
4.264404468546199e-03
5.630835097142268e-03
7.421826996389512e-03
9.751086437356768e-03
1.281005567182014e-02
1.676232188925786e-02
2.185896237466150e-02
2.838783858672571e-02
3.673022965171475e-02
4.730569890577124e-02
6.060410088049123e-02
7.719230037510443e-02
9.775071855218091e-02
1.229489656041500e-01
1.534546341174633e-01
1.899741710493942e-01
2.333798218933996e-01
2.838370142159135e-01
3.415023369814136e-01
4.058459245208008e-01
4.759148775006173e-01
5.500439495854021e-01
6.258930360239938e-01
7.006831507219398e-01
7.712842689833833e-01
8.346443727071654e-01
8.879905125088541e-01
9.297471906635242e-01
9.597804862839641e-01
9.793151517028710e-01
9.906216611141089e-01
9.963279712017723e-01
9.987757497021992e-01
9.996583735940655e-01
1.000000062768391e+00
###1.360000000000001e+01
3.363653568656837e-09
1.154603289099036e-08
4.669698847117148e-09
-8.768547966715636e-09
7.694705131206066e-09
9.925253756121699e-09
1.234786166576193e-08
1.394496145683526e-08
1.506630444262829e-08
1.554282640610914e-08
1.629517910327499e-08
1.720084443146117e-08
1.826729187131782e-08
1.945010382259120e-08
2.082772109386728e-08
2.241257542859101e-08
2.430014998167881e-08
2.650644256828748e-08
2.912149114791670e-08
3.228984929665573e-08
3.617115724756849e-08
4.094667677471605e-08
4.692861110180332e-08
5.446911755944506e-08
6.409071330262260e-08
7.638995804775788e-08
9.246004119874302e-08
1.133434398291091e-07
1.407547607696276e-07
1.768722195892188e-07
2.246522073399846e-07
2.872546846839120e-07
3.696513154693086e-07
4.819633678478323e-07
6.314864039440577e-07
8.309780483642352e-07
1.096145621143297e-06
1.452433039156087e-06
1.927188322994766e-06
2.562383612677270e-06
3.413257447935836e-06
4.554305195780140e-06
6.080715567646756e-06
8.126471762263259e-06
1.086428749705951e-05
1.453285576830174e-05
1.945523656204567e-05
2.603894291663454e-05
3.487103216292754e-05
4.673537157274241e-05
6.255094701041212e-05
8.381400647746577e-05
1.121921090177798e-04
1.503768997414653e-04
2.009546342229605e-04
2.685708801274345e-04
3.588705467092528e-04
4.795904303094421e-04
6.404055120542922e-04
8.540553472280320e-04
1.138728571098086e-03
1.515628271863281e-03
2.015729663230778e-03
2.680488527549705e-03
3.546968005404768e-03
4.693067131486065e-03
6.191837171995829e-03
8.153610692133653e-03
1.070119534950342e-02
1.404090592876895e-02
1.834816043696822e-02
2.389058800200806e-02
3.097414601529493e-02
4.000354769826067e-02
5.141648543981136e-02
6.572331314548892e-02
8.351020741364293e-02
1.054709683994245e-01
1.322756635480362e-01
1.645758619692395e-01
2.030538533826297e-01
2.485252362728185e-01
3.010552560669487e-01
3.606822219827210e-01
4.266916178293187e-01
4.979500755421674e-01
5.726149830237522e-01
6.481726324551652e-01
7.217620019507788e-01
7.902541292232234e-01
8.507390450201298e-01
9.007445941274490e-01
9.390733736453765e-01
9.659816244099079e-01
9.830049862386001e-01
9.925482465735581e-01
9.971907023508970e-01
9.991004561937697e-01
9.997586821126256e-01
1.000000062768391e+00
###1.400000000000001e+01
3.632890198477369e-09
1.179396891622163e-08
5.060734348619815e-09
-8.196188437403701e-09
8.318992850410057e-09
1.071427310935712e-08
1.334709259337070e-08
1.510401557194172e-08
1.635303864378953e-08
1.688940024669071e-08
1.771930563871950e-08
1.871635597137233e-08
1.989354884826659e-08
2.120385318353391e-08
2.273093398396056e-08
2.448082375606297e-08
2.655954026516339e-08
2.899043407448139e-08
3.187051182364371e-08
3.535364377078641e-08
3.961139516797205e-08
4.485138635279837e-08
5.140350607435890e-08
5.966790554418897e-08
7.019780348438568e-08
8.366184987278927e-08
1.012460478746481e-07
1.240545594138854e-07
1.540414529919903e-07
1.935551048124584e-07
2.457785391064441e-07
3.143448758420309e-07
4.044013280413534e-07
5.272868832686938e-07
6.909331434583450e-07
9.094489184415926e-07
1.200004563110138e-06
1.590565389301744e-06
2.111214776647483e-06
2.808422252389876e-06
3.742834095008918e-06
4.996008407512045e-06
6.673785795783198e-06
8.922757713352720e-06
1.193597828084797e-05
1.597515215868142e-05
2.139477799423366e-05
2.864934405853252e-05
3.838305663586783e-05
5.146448643786355e-05
6.890679301175248e-05
9.236650327057885e-05
1.236670797267411e-04
1.658036472393788e-04
2.216139025692544e-04
2.962276156706860e-04
3.958419153143550e-04
5.290056189092132e-04
7.063164921511789e-04
9.418831021387182e-04
1.255447982278208e-03
1.670447353172191e-03
2.220617902710945e-03
2.951419213033168e-03
3.903001434195733e-03
5.160183421576795e-03
6.802207655265491e-03
8.948374079565167e-03
1.173101778255457e-02
1.537249581706840e-02
2.005966160673445e-02
2.607801234297973e-02
3.375206480824289e-02
4.350732885844877e-02
5.580443535451132e-02
7.117075102492623e-02
9.021006916194545e-02
1.136236036260876e-01
1.420799467144592e-01
1.762150284632991e-01
2.166648759838706e-01
2.641922342355569e-01
3.187512868872155e-01
3.802340093097807e-01
4.477703979295913e-01
5.200327162700210e-01
5.950021754274483e-01
6.700160495965738e-01
7.421557111416704e-01
8.083353357865853e-01
8.658196087620063e-01
9.124611078762760e-01
9.474448638202444e-01
9.714040409252436e-01
9.861358059425044e-01
9.941271403852642e-01
9.978719627297511e-01
9.993481856507095e-01
9.998331840421276e-01
1.000000062768391e+00
###1.440000000000001e+01
3.921208015975046e-09
1.206939335272043e-08
5.493360693691813e-09
-7.574244905389670e-09
8.980570519292565e-09
1.156839196207079e-08
1.442286367312602e-08
1.635725738719842e-08
1.773884699209466e-08
1.834242002063444e-08
1.925731224720331e-08
2.035587257583955e-08
2.165179241368880e-08
2.310734273079460e-08
2.478805404611448e-08
2.672058935711217e-08
2.900877973892194e-08
3.168591214355024e-08
3.485409824014616e-08
3.868192619063242e-08
4.334238593596266e-08
4.910036218593766e-08
5.627959927913222e-08
6.533193359665780e-08
7.685376436496895e-08
9.159731981946977e-08
1.108310862935358e-07
1.357542829066765e-07
1.685642181501682e-07
2.118266665612169e-07
2.688904523283929e-07
3.439837273796270e-07
4.424634209402927e-07
5.769804125825118e-07
7.561464261565213e-07
9.955027817065513e-07
1.313952189891279e-06
1.742296647648529e-06
2.313475250097827e-06
3.078731821858542e-06
4.105126955704872e-06
5.481930014821694e-06
7.326592340866383e-06
9.799648338252761e-06
1.311585646809679e-05
1.756281587820847e-05
2.353106400181279e-05
3.152352426219295e-05
4.225146046527261e-05
5.667127420066472e-05
7.590611680584369e-05
1.017838732548825e-04
1.363007367484720e-04
1.827807252791713e-04
2.443465193255618e-04
3.266383783663075e-04
4.364807807893406e-04
5.832672971127284e-04
7.786609671949689e-04
1.038169194863745e-03
1.383308782970368e-03
1.839817141976447e-03
2.444555802644629e-03
3.247092140941188e-03
4.291000572100528e-03
5.668630129110637e-03
7.465411399092680e-03
9.810512831405450e-03
1.284625686698456e-02
1.681143681335338e-02
2.190459702874594e-02
2.842996705239278e-02
3.673066825014407e-02
4.725466042730089e-02
6.048143002935723e-02
7.695666508529583e-02
9.729755515774981e-02
1.222126675634344e-01
1.523670575273050e-01
1.883636210354595e-01
2.307965185828008e-01
2.803543268340704e-01
3.368846085957016e-01
4.001303575259266e-01
4.690378943917968e-01
5.421308839445034e-01
6.171409565082863e-01
6.913669582012830e-01
7.618216643610712e-01
8.255023103725641e-01
8.798871178909944e-01
9.231664737290879e-01
9.549187033050240e-01
9.761149601220350e-01
9.887712900341020e-01
9.954099429543530e-01
9.984030307654498e-01
9.995328768767516e-01
9.998859255291164e-01
1.000000062768391e+00
###1.480000000000001e+01
4.242522931366270e-09
1.237645265906583e-08
5.950179549546599e-09
-6.898979926957702e-09
9.703945182157298e-09
1.249128197918952e-08
1.558165717919553e-08
1.770659758038760e-08
1.912731135435720e-08
1.990870612621701e-08
2.091999143396244e-08
2.210831097926658e-08
2.355313245410882e-08
2.516029470956749e-08
2.701454536598822e-08
2.914795715457107e-08
3.166146459183451e-08
3.462466913920164e-08
3.809024302256054e-08
4.229383502512888e-08
4.740969019285736e-08
5.372092365191713e-08
6.158967550315374e-08
7.150443380979662e-08
8.410998489498030e-08
1.002559439753588e-07
1.212972350275691e-07
1.485482060797573e-07
1.844438526106746e-07
2.318139687680296e-07
2.941910892404808e-07
3.764578819977695e-07
4.841995690400121e-07
6.314851622426479e-07
8.276879466603481e-07
1.089978835917816e-06
1.439133048944933e-06
1.908908065930390e-06
2.535828210729555e-06
3.375903340700579e-06
4.503445821592131e-06
6.016578933608889e-06
8.044539470769002e-06
1.076481660428329e-05
1.441446203716523e-05
1.931025180220510e-05
2.588300602537067e-05
3.468884761921049e-05
4.650624207630515e-05
6.240466814626995e-05
8.361044932916968e-05
1.121468193922104e-04
1.502026734083148e-04
2.014553077699624e-04
2.693287834902746e-04
3.600476456846126e-04
4.810943428990945e-04
6.428171883298594e-04
8.580003084586453e-04
1.143614035663134e-03
1.523209547772341e-03
2.024980318404810e-03
2.689151727625307e-03
3.569591709499744e-03
4.713600805608652e-03
6.221491641588807e-03
8.185326049333849e-03
1.074427093976231e-02
1.405141764716799e-02
1.836392288002114e-02
2.389080983645100e-02
3.095619546417908e-02
3.992120053088207e-02
5.125592898219820e-02
6.545877341642883e-02
8.309371131275853e-02
1.047867696191242e-01
1.312501491665138e-01
1.631403953604621e-01
2.010226511417528e-01
2.454444683568752e-01
2.970059097907541e-01
3.554352231593247e-01
4.203261049419037e-01
4.904477598871587e-01
5.641425076544014e-01
6.389721126129873e-01
7.121625631212822e-01
7.807098217744619e-01
8.417298415260172e-01
8.929458263303813e-01
9.328966880885008e-01
9.615502700461301e-01
9.801797294472427e-01
9.909735699798595e-01
9.964425362580482e-01
9.988128548560307e-01
9.996685574485948e-01
9.999226913718788e-01
1.000000062768391e+00
###1.520000000000001e+01
4.580881382797456e-09
1.271726972470689e-08
6.441897061849677e-09
-6.181786106531258e-09
1.047806389170190e-08
1.347921246750434e-08
1.682115182427177e-08
1.916036189388427e-08
2.074796717894475e-08
2.161356873000043e-08
2.270844497542681e-08
2.399408631723788e-08
2.560860593461744e-08
2.737788224553992e-08
2.942416259493967e-08
3.177813577599441e-08
3.453721493154807e-08
3.779241348966275e-08
4.160392165478963e-08
4.621651301924180e-08
5.182800199559254e-08
5.872814450752937e-08
6.736790145026053e-08
7.822562685487824e-08
9.202139480057242e-08
1.097064706675695e-07
1.327191927946865e-07
1.625817209797677e-07
2.018032078152419e-07
2.536601226273114e-07
3.218913855884167e-07
4.119834354803052e-07
5.300502745381490e-07
6.912230207807969e-07
9.061293664827443e-07
1.193669951840867e-06
1.576620815751183e-06
2.092003178026358e-06
2.780050904830450e-06
3.702750257442208e-06
4.941608851596409e-06
6.604836651102953e-06
8.834691201706233e-06
1.182703408845598e-05
1.584333214567647e-05
2.123380611955685e-05
2.847052876886375e-05
3.817267923941952e-05
5.118837346939876e-05
6.870805831563122e-05
9.208639630023808e-05
1.235442060312493e-04
1.654931647084406e-04
2.219772114317694e-04
2.967768221878666e-04
3.967291213865040e-04
5.300617541712036e-04
7.081331015843480e-04
9.449133567796174e-04
1.259049374888562e-03
1.676225257287612e-03
2.227223923821021e-03
2.955874005439404e-03
3.920808788721294e-03
5.173296338976607e-03
6.821417741645896e-03
8.965731956798196e-03
1.175500060851966e-02
1.535333490541011e-02
2.003678467272046e-02
2.602600494561413e-02
3.366471431107980e-02
4.333316528426126e-02
5.552260830473267e-02
7.074886419520074e-02
8.959244999353635e-02
1.126874218615808e-01
1.407435446038141e-01
1.744021344497891e-01
2.141902720231295e-01
2.605946410610859e-01
3.141193708648741e-01
3.743677262530329e-01
4.407799627469333e-01
5.119361136436075e-01
5.860196874486097e-01
6.604332145517495e-01
7.323432022994328e-01
7.987816611184467e-01
8.570013535684525e-01
9.050081574494541e-01
9.416954467494103e-01
9.673949337222957e-01
9.836619425641041e-01
9.927986148632384e-01
9.972665938622450e-01
9.991257255431861e-01
9.997670407204938e-01
9.999480130085483e-01
1.000000062768391e+00
###1.560000000000001e+01
4.965920071752109e-09
1.307997152980244e-08
6.971219553452600e-09
-5.397121706615453e-09
1.132018050982580e-08
1.454644755084129e-08
1.816452844830426e-08
2.072786136939733e-08
2.249472857077078e-08
2.343381296608916e-08
2.463667941431686e-08
2.606535269676437e-08
2.782915794470871e-08
2.978108869956734e-08
3.203232885929288e-08
3.462051614097957e-08
3.765501895476961e-08
4.122582294293883e-08
4.541644424507235e-08
5.047308269427640e-08
5.663010977872569e-08
6.419404444625579e-08
7.365581639478205e-08
8.554562575040382e-08
1.006530222169847e-07
1.200042068975692e-07
1.450857385540059e-07
1.779979199043782e-07
2.207897701097320e-07
2.775603328121744e-07
3.522296340093843e-07
4.508832586007520e-07
5.802292723736328e-07
7.567478405028792e-07
9.921413609023028e-07
1.307443577528917e-06
1.727489003190363e-06
2.293089207231607e-06
3.048437727217644e-06
4.061860502800099e-06
5.423130604648515e-06
7.251599462208124e-06
9.704200247882247e-06
1.299581249334953e-05
1.741671921333897e-05
2.335052234551339e-05
3.132003846506012e-05
4.200647290501184e-05
5.634143076258881e-05
7.564171438581997e-05
1.014101600259320e-04
1.360740856812679e-04
1.823018887451408e-04
2.445181766171764e-04
3.269183328731322e-04
4.369886802885769e-04
5.837516097641017e-04
7.796567690428141e-04
1.040046670180638e-03
1.385285953570984e-03
1.843394656402258e-03
2.447944544050056e-03
3.246705801318265e-03
4.302022204423567e-03
5.672719737685719e-03
7.472187652506004e-03
9.810879898220499e-03
1.284717261105891e-02
1.676282823291609e-02
2.183659679398605e-02
2.831817897361421e-02
3.656532232509658e-02
4.697632112065941e-02
6.006401869939081e-02
7.636263064734582e-02
9.646335847899958e-02
1.210055607531163e-01
1.506988397939350e-01
1.861549544000330e-01
2.278613424235081e-01
2.762333324967854e-01
3.316754943597960e-01
3.936498048104118e-01
4.614440165516400e-01
5.334547813433099e-01
6.077021890086162e-01
6.814614614365140e-01
7.518622623654756e-01
8.160018413587175e-01
8.713175340990337e-01
9.160953594628285e-01
9.496046401501370e-01
9.725166453857327e-01
9.866247306763577e-01
9.942994627268888e-01
9.979177121958457e-01
9.993621105653254e-01
9.998377179157456e-01
9.999652390255231e-01
1.000000062768391e+00
