# NLO BK equation solver 0.0-dev build  (build Feb 16 2026 17:52:53)
# Initial condition: MV model, Q_s0^2 = 0.00682948 GeV^2, \gamma = 1, coefficient of E inside Log is 1, x0=0.01, \Lambda_QCD = 0.241 GeV
# # LO Kernel RC:  Balitsky. NLO Kernel RC:  smallest dipole
# Nc=3, Nf=4
# Using RungeKutta method in K1
# Resumming double log
# Resumming single log, K_sub=0.65 resum rc: smallest
# BK K1 integration relative accuracy: 0.02# NLO BK as^2 terms: MC integration method: Vegas, points=1000000
# Kinematical constraint: none
# Target kinematical constraint: disabled

###1.000000000000000e-05
###1.160836920850890e+00
###100
###1.000000000000000e+00
###0.000000000000000e+00
2.208633693059395e-12
2.941913997794867e-12
3.918114941609351e-12
5.217517209588866e-12
6.946862043598261e-12
9.248046822327728e-12
1.230966875482971e-11
1.638234606906761e-11
2.179904806622958e-11
2.900206505386050e-11
3.857877786794876e-11
5.130908587975430e-11
6.822827670365466e-11
9.071034231584794e-11
1.205783598793900e-10
1.602506862520785e-10
2.129345274650845e-10
2.828821548494090e-10
3.757299325267071e-10
4.989467705812641e-10
6.624271153706933e-10
8.792747773829671e-10
1.166838622624866e-09
1.548080522703481e-09
2.053381420876636e-09
2.722924822431220e-09
3.609840936043202e-09
4.784352314548550e-09
6.339237390879393e-09
8.397027280328859e-09
1.111948078739996e-08
1.472005202972563e-08
1.948028657200174e-08
2.577137114398792e-08
3.408243922905223e-08
4.505772635219999e-08
5.954530873627920e-08
7.866099093368676e-08
1.038719884661196e-07
1.371064528776700e-07
1.808967018680604e-07
2.385663652986444e-07
3.144746908440850e-07
4.143351646499731e-07
5.456306390005273e-07
7.181536334818783e-07
9.447087845263222e-07
1.242025061013505e-06
1.631938971858473e-06
2.142927359515265e-06
2.812090499254886e-06
3.687714361104067e-06
4.832576612247033e-06
6.328206217701253e-06
8.280363821422931e-06
1.082602399449240e-05
1.414260091503472e-05
1.845926380372731e-05
2.407188994424381e-05
3.136194313990703e-05
4.082061313759322e-05
5.307959912226323e-05
6.895034232090591e-05
8.947401410175360e-05
1.159852194267952e-04
1.501932345122636e-04
1.942857363735895e-04
2.510615038489039e-04
3.241006175207506e-04
4.179834555708695e-04
5.385735398816260e-04
6.933843878743629e-04
8.920574413384674e-04
1.146987486566831e-03
1.474144536056543e-03
1.894157902697535e-03
2.433750394136291e-03
3.127639685003625e-03
4.021061752099042e-03
5.173119749798727e-03
6.661222819904555e-03
8.586954510336975e-03
1.108379953538896e-02
1.432725654919687e-02
1.854796148964988e-02
2.404851355351334e-02
3.122467826714848e-02
4.059143357098260e-02
5.281373485084162e-02
6.874057781513554e-02
8.943840988010776e-02
1.162154060318779e-01
1.506205939450386e-01
1.943904042986683e-01
2.493001974115769e-01
3.168635537447908e-01
3.978198198377183e-01
4.913875398808510e-01
5.943818019066129e-01
7.005363007993531e-01
###4.000000000000000e-01
2.836977311712478e-11
7.901608750672207e-12
2.637261174493013e-11
-1.932254494886427e-09
-3.034972250336450e-12
-2.992771399407589e-09
-5.333036609427661e-12
3.960244657831994e-11
2.077979353231259e-11
2.034433872063626e-11
6.536783978527291e-11
-1.389335919694234e-09
6.976244825002281e-11
1.052358545686366e-10
1.450612416879339e-10
3.149295559388109e-10
2.604374932399816e-10
2.037843311005104e-09
4.481410375712789e-10
5.595526093870622e-10
7.304176343885332e-10
9.614983338382906e-10
1.273049698106406e-09
1.678852757414865e-09
2.226127340085029e-09
2.948333381228903e-09
3.907336970862047e-09
5.173024263249316e-09
6.849448034190924e-09
9.072977340315736e-09
1.201495337112700e-08
1.590615491060174e-08
2.105031070501860e-08
2.785371319827543e-08
3.684313693987507e-08
4.871877233719216e-08
6.439716467077803e-08
8.509624365267334e-08
1.123967390901466e-07
1.484022455828711e-07
1.958589865347828e-07
2.583667212034524e-07
3.406843195576550e-07
4.490087507674461e-07
5.914692065872868e-07
7.787266325311361e-07
1.024695800029148e-06
1.347636661631673e-06
1.771056973875006e-06
2.326930652034167e-06
3.054567225891051e-06
4.007956021661036e-06
5.253656615834837e-06
6.884245910904311e-06
9.009878665377583e-06
1.178393775513787e-05
1.540008959551339e-05
2.011252375658391e-05
2.624307367699030e-05
3.420453662549748e-05
4.455936157787893e-05
5.797961939163487e-05
7.538023912767278e-05
9.789974359192964e-05
1.270300650885604e-04
1.646873513451644e-04
2.132517802990537e-04
2.758995180292792e-04
3.565809846759239e-04
4.607743044326566e-04
5.947620683565884e-04
7.672733861070792e-04
9.891391411518584e-04
1.275016530954761e-03
1.642580190942926e-03
2.116184417808365e-03
2.726222378253905e-03
3.514246323621917e-03
4.531824470212973e-03
5.848674065343910e-03
7.557775471409143e-03
9.773086536708211e-03
1.266323769328146e-02
1.643104327741595e-02
2.134566589907519e-02
2.777146969168156e-02
3.616481473950450e-02
4.711002489644622e-02
6.140893062452380e-02
8.004536181741992e-02
1.042894781128888e-01
1.355838105266886e-01
1.756417942027209e-01
2.262463178139500e-01
2.892171530453927e-01
3.658882579434347e-01
4.574370822340142e-01
5.646174778967977e-01
6.958402971766752e-01
9.533804859225555e-01
###8.000000000000000e-01
5.103916079188809e-11
1.391756640221665e-11
2.342621622165834e-11
-1.916340890998463e-09
2.815920372270467e-12
-2.986560972353331e-09
-1.957053907527401e-11
4.629873732910184e-11
5.007063557109817e-11
-3.257383361774059e-11
7.632992908903921e-11
-1.369426881606897e-09
8.528281269024772e-11
1.297591511808603e-10
1.564337389451710e-10
3.360295918475096e-10
3.056721547656767e-10
1.925312627037900e-09
5.198941937413711e-10
6.310094816558989e-10
8.163511697424766e-10
1.056862720131594e-09
1.379479043227755e-09
1.829728405691483e-09
2.421078226907062e-09
3.196478702865902e-09
4.232649934756806e-09
5.596998282557115e-09
7.405101103270476e-09
9.806773569565814e-09
1.298638610462164e-08
1.719471985955962e-08
2.275774877683295e-08
3.011513461114903e-08
3.984209881952632e-08
5.269469195736031e-08
6.966921786702103e-08
9.208930479077622e-08
1.216656216501428e-07
1.606849550494097e-07
2.121345593717560e-07
2.799170410422142e-07
3.692143639704712e-07
4.867757273644236e-07
6.414128779453580e-07
8.447465054832069e-07
1.111931537991354e-06
1.462874765997385e-06
1.922779837819510e-06
2.527867971299338e-06
3.319574689918203e-06
4.357698326404946e-06
5.714562291705918e-06
7.493153861443234e-06
9.809766745860865e-06
1.283522015072512e-05
1.678159501519084e-05
2.193059449449422e-05
2.863319700214667e-05
3.734327478321651e-05
4.868637709794504e-05
6.339643529816398e-05
8.249765468541149e-05
1.072460921964257e-04
1.393047811291665e-04
1.808170391744755e-04
2.344102232824329e-04
3.036738798426718e-04
3.930021603261363e-04
5.088325436490282e-04
6.580374432011215e-04
8.506821421191201e-04
1.099013437310218e-03
1.420006637593703e-03
1.834088196299319e-03
2.369311985005955e-03
3.060362661540650e-03
3.956766035182229e-03
5.117415905375271e-03
6.624280419479434e-03
8.586401622320520e-03
1.113801092668315e-02
1.448068870680344e-02
1.884597507484135e-02
2.455247547203827e-02
3.202610715443933e-02
4.178838932757249e-02
5.449669111848330e-02
7.108646338210116e-02
9.266170357262291e-02
1.206398160843450e-01
1.565455516999520e-01
2.021321735595224e-01
2.590219276983368e-01
3.287565880294032e-01
4.120439574570289e-01
5.090149795980176e-01
6.184503426811203e-01
7.434199705068668e-01
9.610663250163551e-01
###1.200000000000000e+00
7.723722260817555e-11
-9.151772865704038e-12
-1.259726557097729e-11
-1.935845407212838e-09
-3.464287751256629e-11
-2.965830254480454e-09
-2.596242482773191e-11
5.152526070583950e-11
8.855710808397631e-11
-4.465383536985080e-11
9.436734086313970e-11
-1.373170050612832e-09
1.086227249352982e-10
1.584101916269001e-10
1.946232600502210e-10
3.664366050471672e-10
3.620352454329988e-10
1.831998192365537e-09
6.090017566791416e-10
7.102713280454569e-10
9.063153005428195e-10
1.163614117785760e-09
1.511284078511731e-09
1.992499116820005e-09
2.633292423739216e-09
3.470722297435248e-09
4.588410685631653e-09
6.062388744010626e-09
8.011369622420468e-09
1.060558372025556e-08
1.403967221510326e-08
1.859285615226639e-08
2.461348801758366e-08
3.257284962703835e-08
4.310048765253765e-08
5.701173647701336e-08
7.540410387423821e-08
9.969092517589282e-08
1.317423698469111e-07
1.740460918694578e-07
2.298409442405248e-07
3.033681546198184e-07
4.002836482047057e-07
5.279105803066363e-07
6.958522194231045e-07
9.167238126570439e-07
1.207063650283823e-06
1.588635365958209e-06
2.088515219135513e-06
2.747387818090491e-06
3.609289399220705e-06
4.740393301787161e-06
6.219100828874015e-06
8.159991391797868e-06
1.068682759367354e-05
1.398902710763352e-05
1.829947571967209e-05
2.393033089505811e-05
3.126558088937607e-05
4.080584076417665e-05
5.324333456328172e-05
6.938821191147431e-05
9.038098103020867e-05
1.176152919471005e-04
1.529454314087525e-04
1.987671499628528e-04
2.580270831263230e-04
3.347242068243680e-04
4.338311876347956e-04
5.627956238286536e-04
7.293342653159001e-04
9.447026249561677e-04
1.223160332041690e-03
1.584178628810958e-03
2.051267907041087e-03
2.656350857870098e-03
3.440590316932112e-03
4.460745240757378e-03
5.785234943898663e-03
7.509480430798285e-03
9.759813834949418e-03
1.269542389787786e-02
1.654750700167213e-02
2.159133199685037e-02
2.818546593035153e-02
3.682574977577715e-02
4.809627154969934e-02
6.273136052805066e-02
8.178281300270435e-02
1.064533393764100e-01
1.382424974537182e-01
1.786971786241925e-01
2.294396294973620e-01
2.918884955581459e-01
3.669494959413581e-01
4.544835995630305e-01
5.532548229176049e-01
6.602291405850932e-01
7.761103633350387e-01
9.665281068426960e-01
###1.600000000000000e+00
6.858056879794681e-11
-1.513999567249139e-12
-1.908773413785747e-11
-1.939524566927725e-09
-2.906945213798235e-11
-2.967408569253351e-09
-6.960741108672548e-12
6.565493737745857e-11
1.124469345973527e-10
-4.082857729712735e-12
1.167168735152715e-10
-1.358458137757210e-09
1.346957645056400e-10
1.987044021016996e-10
2.296176809238583e-10
4.000692781011855e-10
4.157030993153584e-10
1.757834292696847e-09
6.946701718110518e-10
7.859459427152696e-10
1.009057704525748e-09
1.283632602174476e-09
1.655318764244644e-09
2.176374635412912e-09
2.863953604009716e-09
3.770465737848285e-09
4.976831305294763e-09
6.571898146862621e-09
8.670341662115532e-09
1.147458929909844e-08
1.519045243014363e-08
2.011349682293058e-08
2.662974957909601e-08
3.524455385713591e-08
4.664130937417276e-08
6.170843594538864e-08
8.163571795095368e-08
1.079582012662632e-07
1.426990934092254e-07
1.885765957763753e-07
2.491135456394525e-07
3.289037755976207e-07
4.341136097170081e-07
5.727303810432563e-07
7.551868369803065e-07
9.951955225792145e-07
1.310864355312585e-06
1.725909411841012e-06
2.269582413239673e-06
2.987273068505369e-06
3.926170787782402e-06
5.159723268026188e-06
6.771738332770707e-06
8.890763354997485e-06
1.164833425691395e-05
1.525643904065543e-05
1.996920770513931e-05
2.613049467165213e-05
3.416561037581559e-05
4.462020303470489e-05
5.827628400819347e-05
7.601619873984419e-05
9.912418321522689e-05
1.291505433103132e-04
1.681117634767599e-04
2.187646909340957e-04
2.843684840880054e-04
3.694452165531155e-04
4.795983150856996e-04
6.233754653823076e-04
8.095452608089048e-04
1.050647245576009e-03
1.363257745306254e-03
1.769753359859906e-03
2.297038499686568e-03
2.980542332094369e-03
3.872013538248597e-03
5.032966458924661e-03
6.543753628494746e-03
8.513855052664087e-03
1.109338970387166e-02
1.446070815283174e-02
1.888937158848900e-02
2.468473296417959e-02
3.226430265174604e-02
4.218458405624610e-02
5.508839328117913e-02
7.180666109875206e-02
9.345189396875438e-02
1.213174570387590e-01
1.569333035547558e-01
2.017893034564354e-01
2.572914167051003e-01
3.245187237635202e-01
4.036782692097987e-01
4.937367702910874e-01
5.923417059765965e-01
6.954227577533343e-01
8.027115294127493e-01
9.709796848039461e-01
###2.000000000000000e+00
3.692622054253999e-11
-2.693114118170641e-11
-6.962932604846068e-11
-2.011388081471233e-09
-3.629492096523321e-11
-2.969030608380099e-09
-8.465940752548399e-13
7.120289098057431e-11
9.686686787961172e-11
2.908335521532367e-11
1.251482479971733e-10
-1.328866086382246e-09
1.730901430718272e-10
2.258427734950311e-10
2.697597947049217e-10
4.296682009567911e-10
4.713602805631151e-10
1.686198206202184e-09
7.669493272584856e-10
8.647306900225608e-10
1.106317243490645e-09
1.406072435391938e-09
1.807655500881122e-09
2.366969362952788e-09
3.113286751316792e-09
4.091468549936782e-09
5.391762808439027e-09
7.115808447673519e-09
9.383614378311153e-09
1.241602183280126e-08
1.643496933140565e-08
2.176260795031751e-08
2.881562592619017e-08
3.814299201594734e-08
5.048504094960171e-08
6.681711370363937e-08
8.840534660067135e-08
1.169436067043669e-07
1.546156505533824e-07
2.043813803466586e-07
2.700780448253970e-07
3.566942179506528e-07
4.709504588777335e-07
6.215515547128805e-07
8.198427128155235e-07
1.080773654733748e-06
1.424132607517588e-06
1.875777185523119e-06
2.467450399935870e-06
3.249525811490345e-06
4.272872550744968e-06
5.618699216458418e-06
7.377535344128338e-06
9.691983280290590e-06
1.270315700933437e-05
1.664832096876183e-05
2.180421825500905e-05
2.855401995753961e-05
3.736338144752917e-05
4.883224065695089e-05
6.384523812208692e-05
8.335822328830314e-05
1.088326790915091e-04
1.419950803957289e-04
1.849909036665159e-04
2.410679644200340e-04
3.137872395937064e-04
4.082919625331249e-04
5.308877159271374e-04
6.913601527066629e-04
8.994935347139260e-04
1.169916059818333e-03
1.521243077828479e-03
1.979219868490377e-03
2.574795008125859e-03
3.347548879485338e-03
4.360055081442576e-03
5.680407387791371e-03
7.401791261482957e-03
9.650049818037177e-03
1.259632734983939e-02
1.645007395254128e-02
2.151931384241161e-02
2.814832293515299e-02
3.680766920627600e-02
4.811985953135840e-02
6.277837189701445e-02
8.170341043105923e-02
1.060553875737557e-01
1.371805526055657e-01
1.765928018697470e-01
2.256592173786150e-01
2.855193034361845e-01
3.568068347836993e-01
4.390600672020240e-01
5.304541053976475e-01
6.278088399536467e-01
7.265044812006461e-01
8.257549715381896e-01
9.748043746127649e-01
###2.400000000000000e+00
3.351065872396573e-11
-1.776667072845969e-11
-7.864472269769567e-11
-2.003071772361002e-09
-4.524439582456989e-11
-2.980215299448912e-09
1.300781580820242e-11
7.457863098129049e-11
8.588614035919032e-11
3.236146892446827e-11
1.303731737087886e-10
-1.301755643395344e-09
1.937665889872580e-10
2.601109454164193e-10
3.064682429033132e-10
4.647115504529479e-10
5.216310342128684e-10
1.640039436846286e-09
8.440870135098689e-10
9.519781621447202e-10
1.205674204886393e-09
1.528436643930557e-09
1.972725362243670e-09
2.573779845202896e-09
3.378570367483818e-09
4.435818913526540e-09
5.842376153707341e-09
7.704530185554331e-09
1.015628759309941e-08
1.343691580693796e-08
1.778654933877925e-08
2.355345636351857e-08
3.118811423408722e-08
4.129037191868521e-08
5.466312524331028e-08
7.237289489406854e-08
9.576641521139542e-08
1.267125501053648e-07
1.675784673124794e-07
2.215796707935446e-07
2.929042729102978e-07
3.869579959592679e-07
5.110976963210499e-07
6.747499864138771e-07
8.903456827490723e-07
1.174187822500334e-06
1.547808575000071e-06
2.039519185944425e-06
2.683812975111427e-06
3.536455091158400e-06
4.652427793529280e-06
6.121304454405528e-06
8.041617836516628e-06
1.057103579083703e-05
1.386209519991018e-05
1.817864030447966e-05
2.381802011411897e-05
3.122498489992901e-05
4.089168843670081e-05
5.348795226806649e-05
7.001396110165595e-05
9.149407131661753e-05
1.195826084417935e-04
1.562598945678836e-04
2.037819027758423e-04
2.659214578943581e-04
3.466393382664169e-04
4.517428625844469e-04
5.883586499401042e-04
7.676375586136900e-04
1.000602175762997e-03
1.304087015354031e-03
1.699183628081594e-03
2.215346203269105e-03
2.888026861416828e-03
3.761812120957757e-03
4.910785025639284e-03
6.410742055028426e-03
8.368879332895689e-03
1.093000577046591e-02
1.428515791280783e-02
1.867917105686592e-02
2.444959966051689e-02
3.199991047305376e-02
4.183582209618274e-02
5.464578285070845e-02
7.117904733678994e-02
9.241834418590494e-02
1.195661329959113e-01
1.539847956393711e-01
1.971251382414259e-01
2.501909939665345e-01
3.140061239639973e-01
3.887214515717212e-01
4.732567480235491e-01
5.651249401868277e-01
6.605382753776801e-01
7.546315590190409e-01
8.462743793110677e-01
9.781573988615763e-01
###2.800000000000000e+00
4.112777750424480e-12
-1.578701381124969e-11
-7.122799750556061e-11
-1.965435653358769e-09
-3.923033141834287e-11
-2.988661602661717e-09
3.630201465146936e-11
7.040485090710091e-11
1.012409426415096e-10
3.578721453569528e-11
1.834894941075769e-10
-1.262363564493125e-09
2.180285664886275e-10
2.889230421640507e-10
3.471601004469092e-10
5.023171249320836e-10
5.781165864988647e-10
1.605458697745474e-09
9.237474414371203e-10
1.048897400562586e-09
1.314298832008113e-09
1.665576556639301e-09
2.148564617155276e-09
2.799807092997955e-09
3.666452259350454e-09
4.808976522946291e-09
6.331403414666051e-09
8.342236476168575e-09
1.099649915524673e-08
1.454615234536155e-08
1.925610083258518e-08
2.549866711125056e-08
3.376596392372206e-08
4.470973076351794e-08
5.920283288071917e-08
7.841000799269614e-08
1.037654177076197e-07
1.373391658479651e-07
1.816815885398700e-07
2.403049569071570e-07
3.177599413571194e-07
4.199358530626472e-07
5.548457583280649e-07
7.327717610460095e-07
9.672582987974247e-07
1.276155277314285e-06
1.682845494606678e-06
2.218501060941539e-06
2.920503697048001e-06
3.850468288208849e-06
5.068151911353816e-06
6.672309248852450e-06
8.770192245370629e-06
1.153663321734919e-05
1.513632050313676e-05
1.986217269106523e-05
2.603748570063782e-05
3.417093428954081e-05
4.478916218647083e-05
5.863636779335032e-05
7.684357035831385e-05
1.005149280981801e-04
1.315251826090905e-04
1.721155041130515e-04
2.247135695291928e-04
2.936516239680053e-04
3.833370649310267e-04
5.003558756933992e-04
6.527514154936191e-04
8.531708260570988e-04
1.114128834470341e-03
1.454859069405418e-03
1.899274915994551e-03
2.481053369856859e-03
3.240537484599608e-03
4.228311072623435e-03
5.530298221500720e-03
7.231781958566131e-03
9.454634573075191e-03
1.236446815945337e-02
1.617453097305065e-02
2.116449556244458e-02
2.770607052538597e-02
3.625744090139907e-02
4.736556563253973e-02
6.177935149097127e-02
8.029296769232563e-02
1.039433280275143e-01
1.339559439684931e-01
1.716763700301682e-01
2.184562279777413e-01
2.752971671000937e-01
3.426713358227519e-01
4.202634899232009e-01
5.064095988269347e-01
5.980696356927057e-01
6.910615349375606e-01
7.803906622263436e-01
8.647583669491092e-01
9.811309379381644e-01
###3.200000000000000e+00
2.292491029434675e-11
-7.642613942471746e-12
-6.726809727558137e-11
-1.955827565720601e-09
-3.394135947807188e-11
-2.999114671559269e-09
3.759411866131383e-11
9.118833737201463e-11
1.228878121844325e-10
5.141825934758468e-11
1.922129987492482e-10
-1.218454592892138e-09
2.485924086155614e-10
3.205101314804895e-10
4.030532355107490e-10
5.441227777872996e-10
6.410424186277994e-10
1.585212692751255e-09
1.005315658089184e-09
1.146776912571399e-09
1.435608869060225e-09
1.809650571954316e-09
2.336743849125887e-09
3.040730067978768e-09
3.974839321722402e-09
5.214410559541067e-09
6.861612722307466e-09
9.031456969406207e-09
1.190954177069061e-08
1.575061746349795e-08
2.085044949144017e-08
2.761117550490246e-08
3.656861383715535e-08
4.842699000115002e-08
6.413664604146569e-08
8.496760851428117e-08
1.124675574144837e-07
1.489002463992063e-07
1.970366369268904e-07
2.606916929674851e-07
3.448337660762907e-07
4.558702113180449e-07
6.025506503028756e-07
7.960788752196885e-07
1.051214205933007e-06
1.387504296338384e-06
1.830458486013110e-06
2.414182772039845e-06
3.179556357743571e-06
4.194350952976228e-06
5.523794483543288e-06
7.276462899451234e-06
9.570059699893476e-06
1.259682790232959e-05
1.653761845038931e-05
2.171592998976376e-05
2.848588924236087e-05
3.742261406734533e-05
4.909445564439328e-05
6.433451338499601e-05
8.440862209312632e-05
1.105237995826209e-04
1.447928423575282e-04
1.897485684573126e-04
2.480312367053029e-04
3.245840715921464e-04
4.243391971278651e-04
5.547329309447977e-04
7.248504245096812e-04
9.490743920045561e-04
1.241481170468100e-03
1.624122771070431e-03
2.124051715299990e-03
2.779508879494094e-03
3.636576165975645e-03
4.752223072641808e-03
6.225383225165358e-03
8.152143818347231e-03
1.066968028474469e-02
1.396646510409609e-02
1.827927543852032e-02
2.392345727284716e-02
3.131081776233951e-02
4.094284175298566e-02
5.341627651841446e-02
6.953468786605452e-02
9.012813324651038e-02
1.162743451040004e-01
1.492013152270516e-01
1.902079398559381e-01
2.405196861299505e-01
3.009051337601604e-01
3.714626056921628e-01
4.514169538027163e-01
5.385873498958812e-01
6.294839383312826e-01
7.196466032068307e-01
8.041064919821679e-01
8.814866796525084e-01
9.837731838192491e-01
###3.600000000000000e+00
7.456172956902921e-11
-1.623479727220132e-11
-4.814754002034756e-11
-1.967654685862950e-09
-3.795000468095768e-11
-2.993946628502125e-09
4.393951947780107e-11
1.054213361598668e-10
1.287079867082953e-10
7.019906786659392e-11
2.050654774205899e-10
-1.181172125549281e-09
2.711490741072227e-10
3.573356206649839e-10
4.500965790195749e-10
5.887788757235588e-10
7.038266709762888e-10
1.569807283855120e-09
1.097154048166072e-09
1.253886153723050e-09
1.569651763545824e-09
1.975002253737774e-09
2.543022071052531e-09
3.300968979911906e-09
4.314176486740453e-09
5.652950469715806e-09
7.437264042190364e-09
9.794448746628559e-09
1.290074744119219e-08
1.705798173103521e-08
2.258096030292126e-08
2.990642240938500e-08
3.961171927425661e-08
5.246818887247890e-08
6.950205450034188e-08
9.209077786794839e-08
1.219354331631892e-07
1.614765764874171e-07
2.137560025525761e-07
2.828941443359410e-07
3.743299503501921e-07
4.950355516687735e-07
6.545774818743715e-07
8.651632240472093e-07
1.142890410773229e-06
1.509153908564145e-06
1.991872048462835e-06
2.628246409238482e-06
3.463110365770030e-06
4.571117461062426e-06
6.023346949100872e-06
7.939660856586359e-06
1.044857113650857e-05
1.376274418705489e-05
1.808035995969649e-05
2.375883129600822e-05
3.118799086340516e-05
4.101279086646687e-05
5.385613836410563e-05
7.064370497710372e-05
9.279426474023376e-05
1.216378907591380e-04
1.595392943507425e-04
2.093611807167862e-04
2.740118490916676e-04
3.590885947496031e-04
4.701267478357245e-04
6.155210276071144e-04
8.055479302602933e-04
1.056468265612307e-03
1.384235828927433e-03
1.813905135103146e-03
2.376087295475043e-03
3.114231322147641e-03
4.080485887894524e-03
5.339420035291901e-03
7.003457787647513e-03
9.180331639187149e-03
1.202512264953061e-02
1.574857555433600e-02
2.061414903696303e-02
2.697365857055201e-02
3.528029107088188e-02
4.607774042794911e-02
6.000587903866003e-02
7.792579262949041e-02
1.006905658104565e-01
1.294033409422661e-01
1.652797256236490e-01
2.095439232721678e-01
2.632633773210110e-01
3.269487122715230e-01
4.003236909643022e-01
4.821604263849913e-01
5.698247748126809e-01
6.594751784503887e-01
7.464628548658904e-01
8.259701233060678e-01
8.966434815928399e-01
9.861212669743112e-01
###4.000000000000000e+00
8.213451225296977e-11
1.263515812961710e-11
-5.548138233031826e-11
-1.959750825546030e-09
-4.202347730772222e-11
-2.959814358860396e-09
1.617042202132389e-10
1.261681687425687e-10
1.426236174759468e-10
9.990769733843091e-11
2.160316091047024e-10
-1.130307833812661e-09
3.188815206562328e-10
4.006653513323878e-10
5.128946150973549e-10
6.378662085178778e-10
7.721933160361157e-10
1.583690525101194e-09
1.191289712106300e-09
1.368292634386290e-09
1.713718967627420e-09
2.148848846351715e-09
2.766958277928174e-09
3.587008209898203e-09
4.690191018502782e-09
6.133046880040768e-09
8.065722898052364e-09
1.060866328797272e-08
1.397728197812184e-08
1.847942106100955e-08
2.445923395897630e-08
3.240001969588515e-08
4.292102847189980e-08
5.686150513392590e-08
7.533932688817552e-08
9.984353617832026e-08
1.322477503763421e-07
1.751713575664583e-07
2.319989019003776e-07
3.070862493538375e-07
4.064890140453740e-07
5.377519784667042e-07
7.113548880201419e-07
9.405888051006980e-07
1.243048353275504e-06
1.642133268081364e-06
2.168396135762513e-06
2.862550370679757e-06
3.773701013056401e-06
4.984252453906678e-06
6.571554221626227e-06
8.667903285496878e-06
1.141411710681936e-05
1.504565963834236e-05
1.977953554313394e-05
2.601146118666071e-05
3.417032822075992e-05
4.498006594271139e-05
5.912554363248546e-05
7.763374787006023e-05
1.020938348755722e-04
1.339782140773359e-04
1.759346346814389e-04
2.311928099030047e-04
3.029686095588199e-04
3.975881644634950e-04
5.212617630117598e-04
6.834657750137774e-04
8.958218301346324e-04
1.176661104917161e-03
1.544067037530974e-03
2.026424923961393e-03
2.658182077739204e-03
3.488774641116181e-03
4.577092684985798e-03
5.996996836318210e-03
7.871768989861704e-03
1.032593663576051e-02
1.353189894762466e-02
1.772457027776729e-02
2.319527230689879e-02
3.033216012661994e-02
3.963157040655675e-02
5.167828599191615e-02
6.715379071798838e-02
8.696723541676588e-02
1.119881008249841e-01
1.433271630374407e-01
1.821719016433864e-01
2.296450619022026e-01
2.866341012347088e-01
3.533631356491337e-01
4.291916204750024e-01
5.124605035081423e-01
6.001333946227622e-01
6.880894249888319e-01
7.716166159496293e-01
8.461078744323896e-01
9.103458420091083e-01
9.881993327459878e-01
###4.399999999999999e+00
1.038835091643014e-10
3.529344390466629e-11
-9.075189759143070e-11
-1.959321548648660e-09
-3.573564879911365e-11
-2.949045126717300e-09
1.685564957848258e-10
1.415270065380030e-10
1.557851550502401e-10
1.257428347274090e-10
2.304049879257759e-10
-1.068326361921998e-09
3.569170527911085e-10
4.468256148820474e-10
5.792181293842177e-10
7.008116569425561e-10
8.344341122025362e-10
1.618564426125136e-09
1.300933948865766e-09
1.494215801610840e-09
1.867322895194316e-09
2.341261701860695e-09
3.014116970467778e-09
3.900367338213261e-09
5.094373164333247e-09
6.666857155824034e-09
8.747055933346180e-09
1.149609254233607e-08
1.514970883366370e-08
2.002848346971614e-08
2.650830602615388e-08
3.511690068586476e-08
4.652050840449833e-08
6.164084818060403e-08
8.168703723615474e-08
1.082829542198896e-07
1.434743590686819e-07
1.900938242155560e-07
2.518776815471988e-07
3.333936037371252e-07
4.415596635694886e-07
5.843682828661893e-07
7.732962023760655e-07
1.022756834156411e-06
1.352517271354810e-06
1.787584144332357e-06
2.361609997202471e-06
3.119242627528291e-06
4.114234188670647e-06
5.437352546230610e-06
7.173255554485397e-06
9.467954998948490e-06
1.247631906940574e-05
1.645785746401650e-05
2.165193967147749e-05
2.849661701566851e-05
3.746501722064992e-05
4.936857344493582e-05
6.495804594615042e-05
8.537874895699204e-05
1.124002114058206e-04
1.476840610684666e-04
1.941691024251104e-04
2.554902473550882e-04
3.352370288274654e-04
4.405088609054866e-04
5.783347934510457e-04
7.593655862719999e-04
9.966931102281945e-04
1.311034731723119e-03
1.722825299089831e-03
2.264030614903364e-03
2.973678103464015e-03
3.907329232231570e-03
5.131466548085618e-03
6.732222639367510e-03
8.838273828863080e-03
1.159872712040158e-02
1.520179796867002e-02
1.990820737605862e-02
2.603871970668589e-02
3.401690920947710e-02
4.438253392593734e-02
5.776230511192783e-02
7.487263789466424e-02
9.666558735928761e-02
1.240202044761178e-01
1.580336068588072e-01
1.998480635904590e-01
2.504659161701537e-01
3.105686229344308e-01
3.800832922079591e-01
4.580057733477796e-01
5.422678147158724e-01
6.294867667109667e-01
7.153475378752556e-01
7.951501718449190e-01
8.645946299381678e-01
9.226862103547810e-01
9.900392633711312e-01
###4.800000000000000e+00
1.052583490859002e-10
2.032111395332861e-11
-8.170578231502803e-11
-1.958034988094472e-09
-5.560532085228626e-11
-2.946959789668603e-09
1.297166806055951e-10
1.507721552992515e-10
1.718652619449808e-10
1.565944933782677e-10
2.566652889185756e-10
-1.002661262069788e-09
4.079176580260555e-10
5.036680859372062e-10
6.447689423935980e-10
7.688218810038782e-10
9.184231398808975e-10
1.665608173843582e-09
1.413093733475257e-09
1.634800452018947e-09
2.035489295435747e-09
2.556179901960424e-09
3.281442225562819e-09
4.242051056138844e-09
5.531714288236559e-09
7.236822263368603e-09
9.488989215770885e-09
1.246436080490310e-08
1.642462801263472e-08
2.171095174953603e-08
2.873657878562816e-08
3.806741059893024e-08
5.043532922097457e-08
6.684151233318459e-08
8.859699092207003e-08
1.174667158881081e-07
1.556988078621884e-07
2.063584054640683e-07
2.735376293265267e-07
3.621200705966350e-07
4.798161498167733e-07
6.352449375756856e-07
8.409817877338779e-07
1.112781702283418e-06
1.472198956382407e-06
1.946680088637478e-06
2.573126986212179e-06
3.400502350436768e-06
4.487747219215473e-06
5.934597403015723e-06
7.834350677782263e-06
1.034764672508981e-05
1.364490042956958e-05
1.801372507995326e-05
2.371641745988243e-05
3.124025003485207e-05
4.110608283880093e-05
5.422228382974884e-05
7.141841591878531e-05
9.396700387251985e-05
1.238321729340891e-04
1.629108412494033e-04
2.144489327935607e-04
2.825383521153703e-04
3.711802606409619e-04
4.883654271345742e-04
6.419983269496802e-04
8.440795239980157e-04
1.109328650904877e-03
1.461094357031332e-03
1.922410626395495e-03
2.529278621735190e-03
3.325665174721065e-03
4.374028460957975e-03
5.749131601385742e-03
7.549125750018159e-03
9.911569384203789e-03
1.300877656648307e-02
1.704694310519183e-02
2.231343514297005e-02
2.915982000028724e-02
3.804653537581781e-02
4.955319107761201e-02
6.434915284606806e-02
8.317927110260159e-02
1.070363008621347e-01
1.367890984270690e-01
1.735220691193754e-01
2.182872131906333e-01
2.719397237978936e-01
3.350061144879743e-01
4.070370494174296e-01
4.866864336602047e-01
5.715115241473334e-01
6.578410845868625e-01
7.412335541428194e-01
8.170981793665462e-01
8.815017699488529e-01
9.337464383904102e-01
9.916489683344737e-01
###5.200000000000000e+00
9.917836729881147e-11
1.990144177971403e-11
-6.984332653860613e-11
-1.950885692061324e-09
-5.220606579079458e-11
-2.898642345348046e-09
1.385892154442134e-10
1.622754111647619e-10
2.016738644226098e-10
1.798700687044829e-10
2.880076591300209e-10
-9.234042330844421e-10
4.562934611916631e-10
5.657740391687638e-10
7.120353200742192e-10
8.438356303262444e-10
1.005400635404390e-09
1.717225798740315e-09
1.534717895458190e-09
1.786965141766396e-09
2.216918801311451e-09
2.788828830063636e-09
3.572544470473173e-09
4.613303182997855e-09
6.008835215698993e-09
7.854630019846259e-09
1.029135500871260e-08
1.351503966854837e-08
1.781072555639783e-08
2.354297083458133e-08
3.115803521235879e-08
4.127803688293935e-08
5.469456988071535e-08
7.249997190257179e-08
9.611978146035831e-08
1.274658988873407e-07
1.690150585951337e-07
2.240760227355466e-07
2.971508299866110e-07
3.935003050050293e-07
5.215501159199103e-07
6.907970994301047e-07
9.149189855615213e-07
1.211211179002919e-06
1.603111493908172e-06
2.120824247996806e-06
2.804806107022262e-06
3.708697826675659e-06
4.898018069299534e-06
6.480908026795299e-06
8.560946139038490e-06
1.131535652550377e-05
1.493202153578317e-05
1.972809682849914e-05
2.599437368670879e-05
3.427009332567148e-05
4.513272536689344e-05
5.959318789319599e-05
7.857425518847675e-05
1.034906327006061e-04
1.365231833143425e-04
1.798296664804598e-04
2.369989972616887e-04
3.126410146644831e-04
4.112105645986757e-04
5.417134591358654e-04
7.129962276718834e-04
9.385698805726915e-04
1.234973268152851e-03
1.628500796458103e-03
2.145007985823368e-03
2.824954194022937e-03
3.717818776557885e-03
4.893344003460566e-03
6.435656326298074e-03
8.455029488836580e-03
1.110031196663767e-02
1.456661922951394e-02
1.908016600322171e-02
2.495571508119001e-02
3.257544352957667e-02
4.243754466682156e-02
5.516292491660355e-02
7.145597207690989e-02
9.208919841401936e-02
1.180857516260790e-01
1.502936002484509e-01
1.897678727619343e-01
2.374576512706884e-01
2.940499103062258e-01
3.598793128633498e-01
4.341469067138378e-01
5.151568968847023e-01
6.001286620532601e-01
6.851532798837330e-01
7.657398791903930e-01
8.374852420490487e-01
8.968911197351020e-01
9.436044444523249e-01
9.930509629095940e-01
###5.600000000000001e+00
1.073023128664953e-10
8.432943933326351e-12
-5.331472993862839e-11
-1.954406703401896e-09
-4.432493701604869e-11
-2.892447151935125e-09
1.448863356196485e-10
1.832737912981374e-10
2.203602549256448e-10
2.093224093844762e-10
3.170008811733595e-10
-8.361661960948579e-10
5.076785642739084e-10
6.345330450532443e-10
7.926128536819916e-10
9.259676960871776e-10
1.112313637726401e-09
1.782434812833654e-09
1.666909201561917e-09
1.954213409620203e-09
2.420374694599587e-09
3.041999315342237e-09
3.892226481637812e-09
5.018978305233087e-09
6.534977257241136e-09
8.525979155575454e-09
1.116892264730961e-08
1.466367059436035e-08
1.931858118914314e-08
2.553304581256632e-08
3.379178101766448e-08
4.477047706361251e-08
5.933144234930397e-08
7.865963764908439e-08
1.043113400328421e-07
1.383588984172446e-07
1.835255234764073e-07
2.433877505629610e-07
3.228693006682415e-07
4.277388563982577e-07
5.671264302083019e-07
7.514774924788248e-07
9.957314479532514e-07
1.318850318785099e-06
1.746389288344413e-06
2.311658425080519e-06
3.058799483134870e-06
4.046841562194791e-06
5.348474966369854e-06
7.081710536950529e-06
9.359974211081060e-06
1.238036546382234e-05
1.635036009223714e-05
2.161840787098110e-05
2.850907852698208e-05
3.761779288070754e-05
4.958619872597645e-05
6.554075031652043e-05
8.650431505297252e-05
1.140542174489345e-04
1.506132185810885e-04
1.986216011593624e-04
2.620697344642827e-04
3.461273248437296e-04
4.557745421382597e-04
6.011302040734967e-04
7.920970695924603e-04
1.043883399891797e-03
1.374995982213424e-03
1.815016691921413e-03
2.392891240860458e-03
3.153982604270399e-03
4.153787315716118e-03
5.470110357812719e-03
7.196800863314780e-03
9.457450299757589e-03
1.241349546413642e-02
1.628337008270392e-02
2.131381009488512e-02
2.784945778687752e-02
3.630200681950858e-02
4.720795005911323e-02
6.122688268999516e-02
7.909790479853425e-02
1.016158092172122e-01
1.298202010699387e-01
1.645305621748115e-01
2.067519090829399e-01
2.573205698042266e-01
3.167403249619668e-01
3.851258836617175e-01
4.613285336081541e-01
5.433225682101080e-01
6.280355409661911e-01
7.113610030563357e-01
7.888424189940326e-01
8.563258318140732e-01
9.108132127066443e-01
9.523310032812480e-01
9.942628255911105e-01
###6.000000000000001e+00
1.065379465935723e-10
-1.949176226634426e-11
-5.576940511684844e-11
-1.957036213294205e-09
-2.980493427332949e-11
-2.862163036194478e-09
1.869896671447855e-10
1.851526635864000e-10
2.502492921238193e-10
2.411383033166673e-10
3.550901301237881e-10
-7.350163464873007e-10
5.769720176233212e-10
7.100544445646478e-10
8.884578308261597e-10
1.021799455156192e-09
1.213763283790215e-09
1.865567560281889e-09
1.810160552317264e-09
2.134352102904017e-09
2.635721322358127e-09
3.316113282648506e-09
4.239103747249084e-09
5.460213183715189e-09
7.101865729608357e-09
9.259280789026940e-09
1.212596624852321e-08
1.591206812246454e-08
2.095890807050029e-08
2.769963178440292e-08
3.665787541608105e-08
4.857137172867844e-08
6.437904276462690e-08
8.536794475325369e-08
1.132358473737315e-07
1.502319253833401e-07
1.993475171767132e-07
2.644535231399850e-07
3.508850823054504e-07
4.651163751238186e-07
6.169104135890177e-07
8.177849835571745e-07
1.084119881560128e-06
1.436635377470875e-06
1.903304781518598e-06
2.520706039060491e-06
3.337334692026510e-06
4.418137723832061e-06
5.843766176021472e-06
7.741957298344739e-06
1.023919142135184e-05
1.355315187647221e-05
1.791286365146849e-05
2.370388400571848e-05
3.128588773673403e-05
4.131788667613902e-05
5.451330421902245e-05
7.212671952420476e-05
9.529259254938534e-05
1.257728388006193e-04
1.662573653482671e-04
2.194984387928415e-04
2.899388978001479e-04
3.833691606461662e-04
5.053620942496682e-04
6.672476393408484e-04
8.801514963278100e-04
1.161162934658988e-03
1.530846256547339e-03
2.022528642072940e-03
2.668503621625051e-03
3.519621315524598e-03
4.637663480398212e-03
6.109394805917857e-03
8.039199384275398e-03
1.056422230429521e-02
1.386070534511008e-02
1.817009831764567e-02
2.376177333732086e-02
3.100963067144730e-02
4.035583781853546e-02
5.237514395281908e-02
6.776340815685708e-02
8.729084156714824e-02
1.117669587881340e-01
1.422410493504965e-01
1.794929629144539e-01
2.244587068460586e-01
2.778438156380599e-01
3.399590120230832e-01
4.106684393223010e-01
4.885048498169817e-01
5.710957282263039e-01
6.551522703537745e-01
7.364152256346232e-01
8.105264441716615e-01
8.736518405593797e-01
9.233357962860593e-01
9.599981354591066e-01
9.953003793717135e-01
###6.400000000000001e+00
9.116199937692799e-11
-2.755864059134645e-11
-5.273671664554678e-11
-1.932954388759667e-09
-2.439087169576693e-11
-2.856376078495402e-09
1.996907900008705e-10
2.090364038942546e-10
2.691276761814281e-10
2.675236254264484e-10
3.985439520377973e-10
-6.240137284943311e-10
6.429125731264611e-10
7.992359001723587e-10
9.976420691274192e-10
1.125123172552293e-09
1.337251203100178e-09
1.962438835135673e-09
1.972362121767416e-09
2.325078874179941e-09
2.875791368995032e-09
3.615422419655919e-09
4.614978478387424e-09
5.940623921159100e-09
7.718308144307401e-09
1.005594215947934e-08
1.316678711208680e-08
1.727190657010866e-08
2.274308209951704e-08
3.005795685166791e-08
3.978037795765241e-08
5.271089151047735e-08
6.987522105012303e-08
9.267524810102154e-08
1.229588252604056e-07
1.631768618259199e-07
2.165948833515861e-07
2.874326969735792e-07
3.814798169087177e-07
5.059207187102312e-07
6.712971770072246e-07
8.902801702717671e-07
1.180809091359671e-06
1.565541867831482e-06
2.075174319301193e-06
2.749849196283666e-06
3.642896472127875e-06
4.825753763799444e-06
6.388300171944936e-06
8.468231422117334e-06
1.120711427928763e-05
1.484519827734733e-05
1.963594260747708e-05
2.600592797240566e-05
3.435318229137150e-05
4.540924108166631e-05
5.996640479704371e-05
7.942152336531575e-05
1.050350139045779e-04
1.387678503469388e-04
1.836229134059792e-04
2.426891750345689e-04
3.209094961274573e-04
4.247777516114502e-04
5.605077199798066e-04
7.407763264470110e-04
9.780869100827806e-04
1.291593950047581e-03
1.704092443414431e-03
2.253092147432892e-03
2.974577160173167e-03
3.925189822731975e-03
5.173674431131957e-03
6.816659149883565e-03
8.969315746355256e-03
1.178318008352728e-02
1.545120694299764e-02
2.023868592201608e-02
2.643750934741160e-02
3.445089800442789e-02
4.475519246281845e-02
5.795702421627248e-02
7.478967776196163e-02
9.605000104436187e-02
1.225541734097322e-01
1.553545207205106e-01
1.951712636790923e-01
2.428643103463535e-01
2.989867011656512e-01
3.636407748665761e-01
4.364314952227811e-01
5.155781134941854e-01
5.984010559042376e-01
6.814042894330811e-01
7.602698575792233e-01
8.307847737274258e-01
8.895001651418971e-01
9.345232372135057e-01
9.666863917311770e-01
9.961854915714966e-01
###6.800000000000002e+00
1.002240822407915e-10
-3.294179595036083e-11
-5.326476519433587e-11
-1.919838041044137e-09
-1.461981079408248e-11
-2.841309168573153e-09
-1.565911227182113e-10
2.279123238222234e-10
2.961440202711387e-10
3.148436420489036e-10
4.460142764082228e-10
-5.022708070438114e-10
7.200859025318897e-10
9.025788308032049e-10
1.115201480424185e-09
1.247310504981288e-09
1.473223488043169e-09
2.079721829262866e-09
2.154781497635730e-09
2.540066652684580e-09
3.141327442455560e-09
3.944532265211871e-09
5.029677470272124e-09
6.469007854375780e-09
8.391620320873765e-09
1.092739560781192e-08
1.430306372444570e-08
1.875546466861763e-08
2.468665990194934e-08
3.262493618262967e-08
4.318000989138126e-08
5.721860277122189e-08
7.586353821978913e-08
1.006380476619283e-07
1.335599959502349e-07
1.772926726104173e-07
2.354132499961110e-07
3.125101671948371e-07
4.148909372255412e-07
5.504949725284151e-07
7.307667857568307e-07
9.696021909850736e-07
1.286641447266680e-06
1.706719334504321e-06
2.263611658550484e-06
3.001215689823286e-06
3.978373757631678e-06
5.273706692317753e-06
6.986801232607312e-06
9.267283642154846e-06
1.227290219134280e-05
1.626938628310446e-05
2.153684833335977e-05
2.854723101224201e-05
3.774331247440298e-05
4.993425047343254e-05
6.600297570964759e-05
8.749981347268519e-05
1.158279503337493e-04
1.531849454253164e-04
2.028991900406720e-04
2.684350594190789e-04
3.553196883952486e-04
4.707858402721916e-04
6.217736210331891e-04
8.224975013392295e-04
1.086940015854481e-03
1.436458616947905e-03
1.896453044129676e-03
2.508852480189148e-03
3.313817041169568e-03
4.374189780804684e-03
5.766427983738738e-03
7.597331284430295e-03
9.994162572434880e-03
1.312372119098105e-02
1.719597355766479e-02
2.250074897146788e-02
2.935425853242539e-02
3.818971513175797e-02
4.951462252411418e-02
6.397091650829036e-02
8.232103467634920e-02
1.053883016246510e-01
1.339841888070143e-01
1.691561440448332e-01
2.115509282357727e-01
2.619372185176671e-01
3.206983996981472e-01
3.877189354834283e-01
4.623363302058846e-01
5.424655248858263e-01
6.251539536927158e-01
7.067273026717111e-01
7.828796812679802e-01
8.496098512045004e-01
9.039085246031259e-01
9.444518306628935e-01
9.724715307938867e-01
9.969302330802781e-01
###7.200000000000002e+00
9.664048568326790e-11
-2.395667524237513e-11
-6.452275921936634e-11
-1.911962090550435e-09
-1.292269407250408e-11
-2.826991501623859e-09
-1.339579267464229e-10
2.537471302620774e-10
3.298134105384895e-10
3.659782944021870e-10
5.078116325573215e-10
-3.549839212262480e-10
8.147952281764845e-10
1.019804916674209e-09
1.249902335037113e-09
1.388145729998883e-09
1.621883502894445e-09
2.219962088569058e-09
2.353497271736921e-09
2.781104590861774e-09
3.437381803545896e-09
4.308145484765339e-09
5.483665560198582e-09
7.047504175585347e-09
9.131681492203932e-09
1.188627511109571e-08
1.554567642684122e-08
2.037605996263429e-08
2.680444893947981e-08
3.541878303534571e-08
4.688197117591680e-08
6.212987506777699e-08
8.238890739469308e-08
1.093124737711181e-07
1.451128300029293e-07
1.926891619151525e-07
2.559435799458406e-07
3.398928241347256e-07
4.513799568475825e-07
5.992175736779089e-07
7.957937752604824e-07
1.056428166385642e-06
1.402516467381167e-06
1.861421609724141e-06
2.470214562689003e-06
3.277081701828320e-06
4.346781814911534e-06
5.765835507489269e-06
7.644757080468537e-06
1.014702930205452e-05
1.344734703394171e-05
1.784236343046114e-05
2.363450303939985e-05
3.135385479402091e-05
4.148935024382261e-05
5.494003912695218e-05
7.268466309118448e-05
9.644557671063680e-05
1.277934768602856e-04
1.691685166054164e-04
2.242840039780258e-04
2.970174535189344e-04
3.935163841833836e-04
5.218639715916073e-04
6.898258704400856e-04
9.132460001181281e-04
1.207743904995649e-03
1.597176604540030e-03
2.109743479384668e-03
2.792279242560528e-03
3.689412134033936e-03
4.870668081654624e-03
6.420875473251538e-03
8.457689080400755e-03
1.112121104785234e-02
1.459462911723771e-02
1.910747712252215e-02
2.496952961047741e-02
3.252688229986419e-02
4.224156515415597e-02
5.465171294129424e-02
7.043085339000685e-02
9.037222474693235e-02
1.153170027448776e-01
1.460642826691488e-01
1.836402512435727e-01
2.286164398928605e-01
2.816408582760038e-01
3.429259470763480e-01
4.121229727345365e-01
4.882992645621889e-01
5.690736345584864e-01
6.512673856406570e-01
7.310550801452543e-01
8.042073303263695e-01
8.670130174196318e-01
9.169292052976358e-01
9.531975240695033e-01
9.774347200558963e-01
9.975534852158383e-01
###7.600000000000002e+00
8.906763101937379e-11
-1.624644579989476e-11
-5.573572426946957e-11
-1.946241411555163e-09
-2.026998732823185e-11
-2.807790644465517e-09
-1.338175654660345e-10
2.717615546485485e-10
3.685384555623162e-10
4.170436373265496e-10
5.800666337801921e-10
-1.788818053528677e-10
9.244329633168132e-10
1.158893997243963e-09
1.403628225726518e-09
1.536668437448340e-09
1.793978669695339e-09
2.382655940985119e-09
2.575710910680471e-09
3.047191063985248e-09
3.753895679096956e-09
4.707580869151688e-09
5.987305293483166e-09
7.670394620854752e-09
9.939842822768277e-09
1.293207643596419e-08
1.690185070513999e-08
2.214333632426893e-08
2.911816523413279e-08
3.846961183062205e-08
5.091870044935023e-08
6.748287554824932e-08
8.950572910154965e-08
1.187740922424788e-07
1.577223792472722e-07
2.094918632753143e-07
2.783611251727227e-07
3.697997253500930e-07
4.912812410858633e-07
6.525099211097122e-07
8.669645954162773e-07
1.151461863371639e-06
1.529455426375622e-06
2.030981644416094e-06
2.696888867012223e-06
3.579988247694295e-06
4.751593900113703e-06
6.306827880115330e-06
8.368974273225390e-06
1.111551554399443e-05
1.474150088411254e-05
1.957717471633772e-05
2.595107385816158e-05
3.445438504244855e-05
4.563199097242205e-05
6.048085838369234e-05
8.008081570153006e-05
1.063560236968126e-04
1.410560727613550e-04
1.868923840670422e-04
2.480033189202525e-04
3.287211980460132e-04
4.359011026229826e-04
5.785364284897312e-04
7.653494429115550e-04
1.013918087835122e-03
1.341705946087778e-03
1.775300135796137e-03
2.345987856250590e-03
3.105859470063698e-03
4.104459417233064e-03
5.418589600322240e-03
7.141784935936073e-03
9.404141365166348e-03
1.235825004276669e-02
1.620527712947756e-02
2.119469195754159e-02
2.765740061257219e-02
3.596981450736177e-02
4.662135850720449e-02
6.018245946299600e-02
7.735446570936790e-02
9.895776391606055e-02
1.258437935088872e-01
1.587924055387153e-01
1.987989489304900e-01
2.463463912348146e-01
3.019389180450204e-01
3.656141064752337e-01
4.367871978932086e-01
5.142351639784296e-01
5.953189999037618e-01
6.766486484301969e-01
7.543185509909494e-01
8.242317477830956e-01
8.830117664090364e-01
9.286227021485591e-01
9.608475295652221e-01
9.816566747574921e-01
9.980729071234317e-01
###8.000000000000002e+00
1.206256759242126e-10
-1.430978570793312e-11
-8.543045691572053e-11
-1.951584944674180e-09
-7.024883218073136e-12
-2.786257841865576e-09
-1.029184897030362e-10
3.026650650386607e-10
4.087454754473634e-10
4.765935976818093e-10
6.508349602965026e-10
4.688110866512530e-12
1.037254430648675e-09
1.296954124780022e-09
1.565623979271454e-09
1.700873095039802e-09
1.972753163794336e-09
2.564111310245147e-09
2.808905172362430e-09
3.334612628697141e-09
4.105229142760781e-09
5.141532682012829e-09
6.529414831805201e-09
8.359649161547458e-09
1.081946082589464e-08
1.406735438492249e-08
1.837718629600288e-08
2.406482971295261e-08
3.163259481762791e-08
4.179181063227377e-08
5.531727454159753e-08
7.331690588066456e-08
9.726395803019471e-08
1.290946665165734e-07
1.714786163616087e-07
2.278355883802590e-07
3.028483772157820e-07
4.024777003839481e-07
5.349024134747826e-07
7.107992173609901e-07
9.448445118610858e-07
1.255521718126745e-06
1.668576046989300e-06
2.216979508964869e-06
2.945661204243001e-06
3.912691573464297e-06
5.196529166830725e-06
6.902231237305949e-06
9.165889862972079e-06
1.218237920762014e-05
1.616818703774148e-05
2.149043659355066e-05
2.850771781494709e-05
3.788027410052821e-05
5.021201497854666e-05
6.660734656753284e-05
8.826596318693602e-05
1.173324715055917e-04
1.557476394661009e-04
2.065348374026692e-04
2.742956490980624e-04
3.638858586055516e-04
4.829008770545546e-04
6.414007754009700e-04
8.490479694381787e-04
1.125479513932763e-03
1.490079624324574e-03
1.972435421470492e-03
2.607265777827545e-03
3.452318576448991e-03
4.562403219618584e-03
6.022273389640773e-03
7.934881332385232e-03
1.044300810846453e-02
1.371324924744012e-02
1.796487017200283e-02
2.346817295847255e-02
3.057738175310451e-02
3.969611145786322e-02
5.134582637842037e-02
6.612234402232799e-02
8.475673689626509e-02
1.080897636253032e-01
1.369753668613852e-01
1.721702785109132e-01
2.146328315470937e-01
2.647104571427032e-01
3.227912607860142e-01
3.887083586873731e-01
4.616243979926007e-01
5.400572073980635e-01
6.211024099010543e-01
7.012186576199566e-01
7.764665776215705e-01
8.429356691613482e-01
8.976374660437129e-01
9.390507038956688e-01
9.674836213918728e-01
9.852147216971008e-01
9.984865108661067e-01
###8.400000000000002e+00
1.279526588637218e-10
-1.966739566791662e-11
-8.081344708291985e-11
-1.951783041058330e-09
9.947804026207588e-13
-2.772588362869908e-09
-9.525333150271220e-11
3.156280949189139e-10
4.202778625682712e-10
4.911463174620819e-10
6.705494832578181e-10
8.879751939421579e-11
1.058814729520013e-09
1.336864900894271e-09
1.615666601737481e-09
1.791455858167221e-09
2.083517335778073e-09
2.686576656733147e-09
2.999292345873406e-09
3.580970967688596e-09
4.420743377088459e-09
5.547546276621410e-09
7.055603776791437e-09
9.053893523302624e-09
1.171288906574477e-08
1.523895438264811e-08
1.992158178965959e-08
2.610329632323543e-08
3.433171204759303e-08
4.536661692433504e-08
6.006669257160083e-08
7.963892428991147e-08
1.056801015035045e-07
1.403116808830110e-07
1.864462305537969e-07
2.478228279456894e-07
3.295525675013175e-07
4.381324430923187e-07
5.825446508807083e-07
7.745462278124802e-07
1.030069391090486e-06
1.369520905900474e-06
1.821010334545189e-06
2.421032892271674e-06
3.218724311752601e-06
4.278164959877603e-06
5.685769921195555e-06
7.557237986481056e-06
1.004319089577427e-05
1.335830237520266e-05
1.774158813614407e-05
2.360174364002295e-05
3.133145318184360e-05
4.166626968231256e-05
5.527405680640591e-05
7.338219511484654e-05
9.732555619617212e-05
1.294864080396861e-04
1.720230390037468e-04
2.283008983906942e-04
3.034340325782275e-04
4.028415628069241e-04
5.349908378388097e-04
7.110377685302287e-04
9.417600469099590e-04
1.248972427021646e-03
1.654236785261212e-03
2.190373490391241e-03
2.895805345128521e-03
3.834519970379440e-03
5.066945215832316e-03
6.686250676032307e-03
8.805657890201483e-03
1.158099188758503e-02
1.519448386924914e-02
1.988415242610631e-02
2.594062156696988e-02
3.374264794673763e-02
4.372239956600307e-02
5.642937523937136e-02
7.248740947958261e-02
9.265247651046730e-02
1.177787419201064e-01
1.487212678557960e-01
1.861964156315797e-01
2.310960394080275e-01
2.836864972109943e-01
3.441537429486369e-01
4.121410527777254e-01
4.865651057880001e-01
5.656747758765183e-01
6.463404019041379e-01
7.249021260815379e-01
7.974545927724003e-01
8.603186052174671e-01
9.109305695962264e-01
9.482871520110409e-01
9.731966946135773e-01
9.881866225302071e-01
9.988268384438543e-01
###8.800000000000002e+00
1.301700785178214e-10
-1.768667302108579e-11
-7.658736780693823e-11
-1.946275492940708e-09
3.544031407336100e-13
-2.759545115024884e-09
-7.391711818509314e-11
3.306442657903164e-10
4.291626215689655e-10
5.190187514264942e-10
6.927397890162721e-10
1.803131803625236e-10
1.089950215704284e-09
1.376713554065651e-09
1.650450416754575e-09
1.880925772163457e-09
2.200459895423874e-09
2.819299079267223e-09
3.192607712740971e-09
3.842649159797637e-09
4.756170073066160e-09
5.980787055938112e-09
7.621315526183586e-09
9.792525418470116e-09
1.267832342749547e-08
1.650727151389495e-08
2.159556228201139e-08
2.831071589614516e-08
3.726380333199363e-08
4.925325033698985e-08
6.523428442058947e-08
8.652162286724592e-08
1.148477238409810e-07
1.525445513549298e-07
2.027795665129857e-07
2.696337170713268e-07
3.587223808281776e-07
4.771031471314034e-07
6.346741302187633e-07
8.443118871381430e-07
1.123420549438075e-06
1.494423137049380e-06
1.988263632676545e-06
2.644998916102107e-06
3.518622151161214e-06
4.679772833742820e-06
6.223680066116030e-06
8.278040419149750e-06
1.100962341887832e-05
1.465410673672367e-05
1.947706098623976e-05
2.593122315251670e-05
3.444944722836882e-05
4.584939365692460e-05
6.087154009513563e-05
8.087622639614280e-05
1.073544450710661e-04
1.429411770212447e-04
1.900396908814942e-04
2.524102984886774e-04
3.357151797130570e-04
4.459873524651990e-04
5.926575241221172e-04
7.881090996752707e-04
1.044362234410897e-03
1.385572576614549e-03
1.835648799438079e-03
2.431007307707774e-03
3.214021378283827e-03
4.255544433353097e-03
5.621993055781455e-03
7.415401637255575e-03
9.759996298846257e-03
1.282561530810068e-02
1.681103415583068e-02
2.197483599090108e-02
2.862268101872529e-02
3.716667356858355e-02
4.806234599866752e-02
6.188846018691329e-02
7.928938238857927e-02
1.010523326173321e-01
1.280354347100960e-01
1.610813329374229e-01
2.008609546321111e-01
2.481885284288272e-01
3.032322312703436e-01
3.659717759798922e-01
4.358498361859556e-01
5.115216577606183e-01
5.910033269184269e-01
6.709601434216729e-01
7.476462350909817e-01
8.172550216073295e-01
8.763894268300196e-01
9.229349761116051e-01
9.564120451192515e-01
9.780747460715150e-01
9.906459804706921e-01
9.991037026985687e-01
###9.200000000000003e+00
1.349648736132671e-10
-1.852266134952110e-11
-3.865518175229701e-11
-1.939131667340099e-09
5.585701423278440e-12
-2.753001137458639e-09
-5.437574902294786e-11
3.367774090810414e-10
4.430968477974638e-10
5.369375701897023e-10
7.201336280681724e-10
2.572424098840166e-10
1.128042463702950e-09
1.413721807038325e-09
1.716564590602693e-09
1.972987155170232e-09
2.331948251301686e-09
2.962385256748909e-09
3.405282223867131e-09
4.120785491932645e-09
5.117532025473922e-09
6.446872795620823e-09
8.231862697130753e-09
1.058778584528538e-08
1.372294698673999e-08
1.788205515058196e-08
2.341097743042244e-08
3.070840726878352e-08
4.044986149537042e-08
5.348341856178593e-08
7.086028197333772e-08
9.401771258291351e-08
1.248392053507581e-07
1.658857993170896e-07
2.206032349452174e-07
2.934628632047463e-07
3.905908000629628e-07
5.197381699008036e-07
6.917112154608185e-07
9.206929858016499e-07
1.225664663476814e-06
1.631398910633981e-06
2.171784253865289e-06
2.890900435948266e-06
3.848086661282305e-06
5.121417956168442e-06
6.815690868132170e-06
9.071851865051496e-06
1.207408962400525e-05
1.608250446550334e-05
2.139134412705095e-05
2.850259944054659e-05
3.789318831508174e-05
5.047145537987199e-05
6.705833893079883e-05
8.916448804661247e-05
1.184493079083489e-04
1.578311892299238e-04
2.099845284490412e-04
2.790905495306074e-04
3.714459866603188e-04
4.937464869043422e-04
6.564692839546145e-04
8.733615648996019e-04
1.157780950481559e-03
1.536458812868082e-03
2.035906124869730e-03
2.696339989698372e-03
3.564581610997519e-03
4.718706898657685e-03
6.231485074181715e-03
8.214906105729676e-03
1.080440605125192e-02
1.418486210481931e-02
1.857208835790953e-02
2.424626693463864e-02
3.152852963545749e-02
4.086322917648948e-02
5.273072989223740e-02
6.773590001253570e-02
8.654280683866804e-02
1.099701966511461e-01
1.388657926154295e-01
1.740577364202126e-01
2.161588935929011e-01
2.658947933145041e-01
3.233135662194943e-01
3.881915543213365e-01
4.597562082611112e-01
5.364167089677495e-01
6.159526890330183e-01
6.948737809587683e-01
7.693879474882465e-01
8.358403889581728e-01
8.911613522603664e-01
9.337097794140298e-01
9.635075623489264e-01
9.822056075845991e-01
9.926591239361133e-01
9.993172576474642e-01
###9.600000000000003e+00
1.455024090249509e-10
-5.979799733416306e-12
-3.183554097552012e-11
-1.943917310494708e-09
9.485216017850354e-12
-2.741569055876676e-09
-4.063457871620941e-11
3.602991207038747e-10
4.579626846397774e-10
5.434774424068241e-10
7.463029400256629e-10
3.357644869895950e-10
1.165896887824777e-09
1.459049772235599e-09
1.784547693471371e-09
2.063036829819271e-09
2.469004599024025e-09
3.121837878886799e-09
3.633446769657213e-09
4.417546711054637e-09
5.507913714945027e-09
6.952593822381443e-09
8.890774072589755e-09
1.145037139815429e-08
1.485492436422823e-08
1.937190064224917e-08
2.537998798105086e-08
3.331276428430295e-08
4.391216570549093e-08
5.808201000132553e-08
7.698650684977459e-08
1.021860124584679e-07
1.357350403006782e-07
1.804457934027755e-07
2.400678478936195e-07
3.194952432692073e-07
4.254358405027718e-07
5.663714616908422e-07
7.541522729029465e-07
1.004360670387914e-06
1.337778405922845e-06
1.781642012620646e-06
2.373268391321773e-06
3.160995078125490e-06
4.210241706729278e-06
5.607035322405701e-06
7.466891359553867e-06
9.945985796619618e-06
1.324696304023241e-05
1.765789188971446e-05
2.350352148555132e-05
3.133753976983536e-05
4.169613733236726e-05
5.557928007397670e-05
7.389955630891113e-05
9.833279321537292e-05
1.307771776629701e-04
1.743008037608058e-04
2.320517529141267e-04
3.086110198106240e-04
4.109701870001562e-04
5.465605239128948e-04
7.270111808407027e-04
9.675797025546409e-04
1.283033172518840e-03
1.702963724657754e-03
2.256629492717967e-03
2.988578037666027e-03
3.950190938703396e-03
5.227441049419823e-03
6.899859489504976e-03
9.090091273418571e-03
1.194551534666518e-02
1.566619418775165e-02
2.048671359593193e-02
2.670890208055998e-02
3.466894229482607e-02
4.484618761210647e-02
5.774163943565986e-02
7.398487596948400e-02
9.426879554292283e-02
1.194174087807651e-01
1.502778334323422e-01
1.876471446645338e-01
2.320953223916781e-01
2.841886869851867e-01
3.438903072614824e-01
4.107579242365745e-01
4.837896622692965e-01
5.611614343330381e-01
6.404404961478437e-01
7.180059538903023e-01
7.900828691404833e-01
8.531982214056303e-01
9.046655258168730e-01
9.433210013897164e-01
9.696602167299401e-01
9.856736345311017e-01
9.942940442002827e-01
9.994866228499024e-01
###1.000000000000000e+01
1.419016725881470e-10
-1.092454787069998e-12
-1.704854565898636e-11
-1.930434097985694e-09
3.403198844280398e-11
-2.729697229601703e-09
-4.803193783236418e-11
3.703058507320390e-10
4.673746615142083e-10
5.667799418580992e-10
7.734981193275154e-10
4.072326840292412e-10
1.209327177702980e-09
1.514187235313552e-09
1.859337947666956e-09
2.168212056819078e-09
2.607941073850528e-09
3.294385176193039e-09
3.877549834814986e-09
4.738385440364539e-09
5.926015351457066e-09
7.495851328151855e-09
9.600593391212879e-09
1.238242371890898e-08
1.608021942308195e-08
2.098760264654076e-08
2.751930868254880e-08
3.614317726954627e-08
4.767675704484314e-08
6.309176436262560e-08
8.366152305849115e-08
1.110933842548853e-07
1.476288709632991e-07
1.963411554109769e-07
2.613185212433173e-07
3.479493502322300e-07
4.635541434823855e-07
6.174221810656102e-07
8.225582855697681e-07
1.096038673417844e-06
1.460694757670452e-06
1.946481987713161e-06
2.594402871400837e-06
3.457761854055716e-06
4.608319355007246e-06
6.141344912035285e-06
8.183955419910551e-06
1.090868455021888e-05
1.453815700767154e-05
1.939453128547996e-05
2.583462647146316e-05
3.446728237688395e-05
4.589675445783067e-05
6.122245825397858e-05
8.146050633456017e-05
1.084719809161034e-04
1.444016282152330e-04
1.925157894414132e-04
2.564561867383137e-04
3.412551559400396e-04
4.546644375886751e-04
6.049446119859619e-04
8.049218349034100e-04
1.071586899608756e-03
1.421211995145456e-03
1.886478266717872e-03
2.499793628870210e-03
3.310020030603122e-03
4.373751139123862e-03
5.785398215550363e-03
7.631758380652787e-03
1.004652681841724e-02
1.318964742488558e-02
1.727807274344254e-02
2.256438087015472e-02
2.937324377013472e-02
3.805783815512388e-02
4.912873540147986e-02
6.311022448377598e-02
8.065305059116311e-02
1.024773216264195e-01
1.294018784002133e-01
1.622714981746469e-01
2.018491188549204e-01
2.486328783096766e-01
3.030400013506523e-01
3.649196442904259e-01
4.336087972077644e-01
5.078790083195274e-01
5.856829706095070e-01
6.643909399679975e-01
7.403016496777632e-01
8.096894570518038e-01
8.693289602629464e-01
9.169415502370080e-01
9.518347579161608e-01
9.749524052708930e-01
9.885607878521755e-01
9.956066195793509e-01
9.996183806666028e-01
###1.040000000000000e+01
1.423461359628535e-10
5.321302792733230e-12
2.101070495853154e-11
-1.912695389932944e-09
3.983385661084753e-11
-2.711175153587676e-09
-3.075110717258524e-11
3.796504379753773e-10
4.818840112904515e-10
5.944489292237246e-10
8.067779205356836e-10
4.874019741251582e-10
1.257583152509720e-09
1.566672471312991e-09
1.941050639672702e-09
2.286336001665765e-09
2.761060616196448e-09
3.484916634497735e-09
4.141964072574333e-09
5.082285064191201e-09
6.374110877916669e-09
8.083041461596423e-09
1.036672404456207e-08
1.339362731773347e-08
1.740836994786326e-08
2.273699470893120e-08
2.984308781247687e-08
3.921932829284091e-08
5.177641160859716e-08
6.854588154855664e-08
9.093307075674493e-08
1.208029347427863e-07
1.605995028463268e-07
2.136922733977249e-07
2.845437245143085e-07
3.790632347707493e-07
5.052483165101707e-07
6.732835399886298e-07
8.976255743219486e-07
1.196483371552235e-06
1.595535359789002e-06
2.127397845288153e-06
2.837367855025879e-06
3.784000379973115e-06
5.046372724126124e-06
6.729405718155426e-06
8.973548716095612e-06
1.196934459870462e-05
1.596133904010732e-05
2.131060984893075e-05
2.840632071840106e-05
3.792157595599663e-05
5.053518784102910e-05
6.745618618226828e-05
8.981370561352523e-05
1.196812095225998e-04
1.594541618308666e-04
2.126537246353570e-04
2.834259408601949e-04
3.773135544069143e-04
5.029290220551578e-04
6.693921915111673e-04
8.908970060196339e-04
1.186307261161818e-03
1.573429812635816e-03
2.088579993337176e-03
2.767164174496661e-03
3.663091457462551e-03
4.838307164129859e-03
6.396383247805431e-03
8.431980076794838e-03
1.109024099792934e-02
1.454456698702582e-02
1.902935058158492e-02
2.481587004441810e-02
3.225084094081990e-02
4.170745237205049e-02
5.372492169426315e-02
6.885208450305358e-02
8.775442999857849e-02
1.111728079270088e-01
1.399329698450477e-01
1.748529841138246e-01
2.166515844635521e-01
2.657491708693368e-01
3.224116556104709e-01
3.863466761600619e-01
4.566762433532089e-01
5.319470021705214e-01
6.098940455423126e-01
6.877221046693874e-01
7.616887592074025e-01
8.281809733259655e-01
8.842442920403079e-01
9.280343914375359e-01
9.593292995280394e-01
9.794721398408893e-01
9.909421152049614e-01
9.966498618325570e-01
9.997196174427811e-01
###1.080000000000000e+01
1.424182837418765e-10
3.572967499767183e-12
1.893894289868583e-11
-1.902619472292120e-09
5.794358085550654e-11
-2.680482787164328e-09
-8.653347974320038e-12
3.918682242985078e-10
4.957158487348112e-10
6.226239640165523e-10
8.323736230482354e-10
5.610884227642152e-10
1.305511534815846e-09
1.635696309560072e-09
2.031966367442646e-09
2.409389401005469e-09
2.926436283915608e-09
3.688123011268707e-09
4.422741988600429e-09
5.452833790392779e-09
6.857456511915757e-09
8.720003039127817e-09
1.119786821276014e-08
1.448418539658775e-08
1.884820294761873e-08
2.463380496399920e-08
3.236570546007135e-08
4.256514989453431e-08
5.623646674353830e-08
7.449056446060951e-08
9.886282377124482e-08
1.314020913126447e-07
1.747649722236181e-07
2.326514631397467e-07
3.099287903167665e-07
4.130931563962990e-07
5.508822074221152e-07
7.344828697809507e-07
9.799089966481957e-07
1.306672041610591e-06
1.743479195434908e-06
2.326009628336197e-06
3.104188341150908e-06
4.142480757108904e-06
5.527989710090602e-06
7.376668393251869e-06
9.843229485486585e-06
1.313807638047319e-05
1.753055788639225e-05
2.342341874291573e-05
3.124337927535626e-05
4.173562069897324e-05
5.565740088652571e-05
7.434047531354811e-05
9.904367240310080e-05
1.320632774692668e-04
1.760746634418203e-04
2.348956400549875e-04
3.132083499475790e-04
4.171373596509777e-04
5.561965518075526e-04
7.404818710528581e-04
9.857025045299803e-04
1.312676917175985e-03
1.741075445395327e-03
2.310808074900676e-03
3.060925971756320e-03
4.050442150669994e-03
5.347269506617112e-03
7.064720256674828e-03
9.305412303671521e-03
1.222734418346747e-02
1.601778875009587e-02
2.092803918448213e-02
2.725083313113510e-02
3.535359443707755e-02
4.562974513375106e-02
5.864800225417361e-02
7.498268368428866e-02
9.530137027915912e-02
1.203735242236876e-01
1.510158072720078e-01
1.880177510549096e-01
2.320488717715659e-01
2.834246249399978e-01
3.422671100034997e-01
4.081204386189332e-01
4.799005666333580e-01
5.559216575506373e-01
6.337146366418426e-01
7.103664463857171e-01
7.821285348499293e-01
8.455340294635695e-01
8.979588016616099e-01
9.379965351082270e-01
9.658801694180977e-01
9.833029322931988e-01
9.928900052117298e-01
9.974710326765244e-01
9.997957532966172e-01
###1.120000000000000e+01
1.365872177441110e-10
7.661621816911099e-12
2.641688732398385e-11
-1.889927146143399e-09
7.362024324387799e-11
-2.667550806163944e-09
1.871437213080304e-11
4.039749327825004e-10
5.097375212278901e-10
6.520865938951608e-10
8.590669263536144e-10
6.367719245492195e-10
1.348191113216816e-09
1.709308953854307e-09
2.120698973846317e-09
2.537294042536864e-09
3.098422470789499e-09
3.903390893518887e-09
4.721292524863724e-09
5.848117884329977e-09
7.378184843902907e-09
9.398945200867806e-09
1.209116690420105e-08
1.566259941081989e-08
2.040394143355336e-08
2.669457626526293e-08
3.509534566102026e-08
4.620515761073176e-08
6.109040022515411e-08
8.096702499251914e-08
1.075086771025011e-07
1.429675852147710e-07
1.902384197675384e-07
2.533697048221731e-07
3.377041522321358e-07
4.503397339235706e-07
6.008206618744405e-07
8.015370400042322e-07
1.070054463338429e-06
1.427572487942590e-06
1.905863835889920e-06
2.544182166083632e-06
3.397348111147563e-06
4.536707060059041e-06
6.057858633998303e-06
8.089163504684018e-06
1.080080936052619e-05
1.442535047840747e-05
1.926028515746257e-05
2.575318243138539e-05
3.437304432358144e-05
4.594418508831535e-05
6.131138878174199e-05
8.194252418834850e-05
1.092352825594000e-04
1.457363111241249e-04
1.944061060489230e-04
2.594650807956556e-04
3.460956089437773e-04
4.610732460563325e-04
6.149497121496062e-04
8.188685790248830e-04
1.090148443264934e-03
1.451786527686582e-03
1.925457171727747e-03
2.555008686397924e-03
3.383160029599896e-03
4.474948598650542e-03
5.904061463377568e-03
7.794484810279372e-03
1.025759512695416e-02
1.346400135171487e-02
1.761591261535986e-02
2.298402840291139e-02
2.987991807048383e-02
3.869408182884049e-02
4.983956651645129e-02
6.391241051857360e-02
8.151066809343084e-02
1.033058356715109e-01
1.300951467714807e-01
1.626536434536597e-01
2.017654024427653e-01
2.480233236832856e-01
3.016350893523854e-01
3.625668630861970e-01
4.301920648866475e-01
5.032063096506177e-01
5.797155358188960e-01
6.570760385309663e-01
7.322626681041295e-01
8.015712871817817e-01
8.617427795905039e-01
9.105043706863299e-01
9.468900914561431e-01
9.715679509803411e-01
9.865228023281203e-01
9.944675833423285e-01
9.981101055392124e-01
9.998531644114436e-01
###1.160000000000000e+01
1.423722498070625e-10
1.032387861094663e-11
3.301037382422010e-11
-1.875448009907988e-09
8.305186552490498e-11
-2.654059359501960e-09
3.499859401815489e-11
4.162023812030327e-10
5.238749823404954e-10
6.764870068322346e-10
8.899561496208230e-10
7.042143710373836e-10
1.398652728303644e-09
1.780822982274659e-09
2.218563840228092e-09
2.672662809573483e-09
3.282311998924846e-09
4.137552240549198e-09
5.040656262338814e-09
6.273774024843986e-09
7.935086356697150e-09
1.013557838017966e-08
1.306280126055458e-08
1.693903177062753e-08
2.209159970435551e-08
2.893278104714671e-08
3.806857587179014e-08
5.017009264577169e-08
6.637793108112420e-08
8.802619400254294e-08
1.169399623934141e-07
1.555893390750822e-07
2.071333398765300e-07
2.760183468618573e-07
3.680721988649332e-07
4.910776406568689e-07
6.555512291748823e-07
8.750168831786324e-07
1.168764860963664e-06
1.560209208532773e-06
2.084174144446940e-06
2.783759128737857e-06
3.719743005617216e-06
4.970219061413187e-06
6.641104950626295e-06
8.873489372259892e-06
1.185586075413191e-05
1.584409294510299e-05
2.116684196742030e-05
2.832222215246458e-05
3.782532787573079e-05
5.058823825755625e-05
6.755128972617621e-05
9.033345706754548e-05
1.204855321789897e-04
1.608314224654694e-04
2.146348327541796e-04
2.865682541302531e-04
3.823836158146437e-04
5.095365052504717e-04
6.797259795655336e-04
9.052003383282793e-04
1.205098036023855e-03
1.604754623025957e-03
2.127952930321392e-03
2.822901413919944e-03
3.736335774766934e-03
4.939369789683698e-03
6.512378834718404e-03
8.590545581726132e-03
1.129397927824019e-02
1.480740026485023e-02
1.934771019910657e-02
2.520607693169573e-02
3.271385046895561e-02
4.228251775276982e-02
5.434834102888797e-02
6.953080488538607e-02
8.844952349842118e-02
1.117798867314945e-01
1.403329435076203e-01
1.748508654396675e-01
2.160882957490493e-01
2.645578099072827e-01
3.203504877845183e-01
3.832646776168518e-01
4.524931890691005e-01
5.265264207984148e-01
6.032642508094594e-01
6.798989227489365e-01
7.533473821349181e-01
8.199901783590434e-01
8.768130069215048e-01
9.219145770930888e-01
9.547795186033629e-01
9.764698089254673e-01
9.892075448748201e-01
9.957339536709883e-01
9.986020465566344e-01
9.998950566859695e-01
###1.200000000000001e+01
1.513431965680502e-10
1.765807622923796e-11
3.589041468047194e-11
-1.868478098372413e-09
9.499980095140613e-11
-2.638686367371315e-09
3.623754064360526e-11
4.303431951209612e-10
5.383432248254454e-10
6.973987921228170e-10
9.246754679985087e-10
7.742468467398830e-10
1.456705822472213e-09
1.860689419724812e-09
2.333271821882098e-09
2.820312046327584e-09
3.479685448501788e-09
4.389980533436208e-09
5.385319923680555e-09
6.730420691574240e-09
8.536766853554767e-09
1.093010574140098e-08
1.410887254966076e-08
1.831862425436466e-08
2.392349629084360e-08
3.136415296491301e-08
4.130392556833631e-08
5.448608788168662e-08
7.213763655375083e-08
9.572357792410743e-08
1.272321444909313e-07
1.693685134697096e-07
2.255939054608185e-07
3.007791633478566e-07
4.013126818787631e-07
5.357008889282240e-07
7.154984440452842e-07
9.555422059995233e-07
1.276926067598671e-06
1.705809412335157e-06
2.279959971510267e-06
3.047061652477534e-06
4.074177660823293e-06
5.447409801452626e-06
7.282676161049300e-06
9.736839698541522e-06
1.301736892468364e-05
1.740774265227365e-05
2.326917352293883e-05
3.115575051380449e-05
4.163358107387391e-05
5.571268427348732e-05
7.443620411144760e-05
9.959422783677764e-05
1.328955701304334e-04
1.774836100600721e-04
2.369488103870234e-04
3.164532045180235e-04
4.223695117580097e-04
5.629274256076794e-04
7.510539686545059e-04
1.000231415036076e-03
1.331502897895009e-03
1.772800324225282e-03
2.350108519814042e-03
3.116478311375731e-03
4.122912970804618e-03
5.447007067596118e-03
7.176193337690864e-03
9.457491553074591e-03
1.242060921473209e-02
1.626448083673326e-02
2.122236949227188e-02
2.760449654565659e-02
3.576380404490316e-02
4.612883518236247e-02
5.916933258331039e-02
7.551797687547385e-02
9.581118181908954e-02
1.207326016692300e-01
1.510937142046044e-01
1.876081169697145e-01
2.309793929378720e-01
2.816364118859377e-01
3.395366539275394e-01
4.043162697728888e-01
4.749742381668312e-01
5.497896713253613e-01
6.264829797603318e-01
7.021127702873426e-01
7.735702749683148e-01
8.373572681588431e-01
8.907476303677315e-01
9.322313518308512e-01
9.617319840542835e-01
9.806629170836808e-01
9.914263095550898e-01
9.967401352195275e-01
9.989762665699130e-01
9.999245044941190e-01
###1.240000000000001e+01
1.578353610337574e-10
2.070058648128905e-11
4.246253395012146e-11
-1.856434961934442e-09
1.439805722997153e-10
-2.621292054116837e-09
5.952064540696368e-11
4.424247781178303e-10
5.583535369350891e-10
7.324447154132437e-10
9.609947526592451e-10
8.547045453923985e-10
1.524861326392739e-09
1.943961248110523e-09
2.450615923072988e-09
2.980496580295997e-09
3.692387133539833e-09
4.663927266145477e-09
5.755797286269994e-09
7.223160792770902e-09
9.186478379159648e-09
1.178918568711575e-08
1.524321475585107e-08
1.981894039948127e-08
2.591379601791980e-08
3.400929156559351e-08
4.482521898461068e-08
5.918659010410792e-08
7.841462234517914e-08
1.041282216651335e-07
1.384674565782612e-07
1.844233911773229e-07
2.457732581249498e-07
3.278617702706726e-07
4.376758117916781e-07
5.845543436453447e-07
7.811867502092169e-07
1.043835688818599e-06
1.395589670626401e-06
1.865611642567034e-06
2.495033480423367e-06
3.336445282370087e-06
4.463751454098638e-06
5.972069966795054e-06
7.988865930459235e-06
1.068747812636302e-05
1.429708482962012e-05
1.913053642603101e-05
2.558950579118743e-05
3.427899926303358e-05
4.583326547960630e-05
6.136395279812008e-05
8.202934097094916e-05
1.098063276213732e-04
1.465857440421529e-04
1.958448956209962e-04
2.615428516780135e-04
3.493930161446766e-04
4.664218181302320e-04
6.217929132068112e-04
8.295108018923923e-04
1.104665368112478e-03
1.470330471719615e-03
1.957209604958946e-03
2.593675911159160e-03
3.437881871567398e-03
4.545527574767817e-03
6.001023862664366e-03
7.899376493069746e-03
1.040029566094245e-02
1.364338659517044e-02
1.784262791461054e-02
2.324743829561376e-02
3.018886791157054e-02
3.904053083207973e-02
5.024909176950299e-02
6.431554363588871e-02
8.188463438137382e-02
1.036093630853745e-01
1.301728620546102e-01
1.623733412043845e-01
2.009177754048064e-01
2.464250653693846e-01
2.992328271588889e-01
3.591607692544984e-01
4.256664116761495e-01
4.975609259648296e-01
5.729228465054814e-01
6.493032130419433e-01
7.236580788595713e-01
7.928843172600268e-01
8.536580865430496e-01
9.035666073748332e-01
9.415072367602291e-01
9.678194988442919e-01
9.842225428912826e-01
9.932447331926494e-01
9.975321691323986e-01
9.992581555921942e-01
9.999476932895680e-01
###1.280000000000001e+01
1.609727958534660e-10
1.628148723869715e-11
4.292538694455266e-11
-1.838563479123162e-09
1.569376279342454e-10
-2.595176383716995e-09
8.152036358675235e-11
4.632709401390691e-10
5.842012062241706e-10
7.639069590705520e-10
1.002833163895981e-09
9.347988644275372e-10
1.597453898849062e-09
2.041852385733693e-09
2.576848515416591e-09
3.156703956492776e-09
3.920971581530371e-09
4.960221883189783e-09
6.159002775149331e-09
7.757066601519681e-09
9.889772850249445e-09
1.272046994112139e-08
1.647169616226351e-08
2.144737064772888e-08
2.807610187008344e-08
3.688425391278412e-08
4.865752897994965e-08
6.430633156942010e-08
8.525982986060948e-08
1.132986182561403e-07
1.507327473804432e-07
2.008696733112536e-07
2.678391739953498e-07
3.574922524243285e-07
4.774839026858327e-07
6.380671963958486e-07
8.531841367546536e-07
1.140703453592495e-06
1.525853205311118e-06
2.041029095461349e-06
2.731177498212459e-06
3.654531620440348e-06
4.892120524641350e-06
6.549159540363021e-06
8.766374958109231e-06
1.173439624985654e-05
1.570713649479321e-05
2.102936244565720e-05
2.814737597716958e-05
3.772204005299260e-05
5.046294126544508e-05
6.758638439906304e-05
9.040065752650024e-05
1.210639505907691e-04
1.616768092555821e-04
2.160795653668933e-04
2.886430049031114e-04
3.856674810570544e-04
5.149240250663138e-04
6.865613164339981e-04
9.157247648625580e-04
1.219391468592430e-03
1.622683715049730e-03
2.159336656810049e-03
2.860369197366425e-03
3.789380306195089e-03
5.006893349424829e-03
6.604934425830136e-03
8.686405045601005e-03
1.142426974587186e-02
1.496890838888222e-02
1.954927424163397e-02
2.543188806155602e-02
3.296938787264128e-02
4.255483905142148e-02
5.465569656114386e-02
6.979920624975858e-02
8.864334670155054e-02
1.118523907843813e-01
1.401065377416302e-01
1.741872415150193e-01
2.147771238864389e-01
2.624081793391532e-01
3.173193892531246e-01
3.791757835269737e-01
4.472632771691906e-01
5.201916647378477e-01
5.958556904599038e-01
6.716523523948610e-01
7.444722445648868e-01
8.112573789733235e-01
8.688882138637103e-01
9.152997616695561e-01
9.497979479841783e-01
9.731125735811431e-01
9.872223592672806e-01
9.947224517741839e-01
9.981494797480209e-01
9.994679930785423e-01
9.999645878881938e-01
###1.320000000000001e+01
1.700562991055250e-10
1.295319931117273e-11
6.233916819308359e-11
-1.826487355332380e-09
1.675163804328387e-10
-2.573435562457384e-09
1.057359935431190e-10
4.852225877385310e-10
6.075361606971433e-10
8.040743288537158e-10
1.035904774670624e-09
1.019789371359809e-09
1.678341674403878e-09
2.144107615486104e-09
2.713407677555125e-09
3.343322257926079e-09
4.169676473189001e-09
5.282364105225900e-09
6.592259851584558e-09
8.332887209384630e-09
1.065053364954173e-08
1.372836572776397e-08
1.780373255393646e-08
2.321667309775820e-08
3.042525708056152e-08
4.001491715907507e-08
5.283226756891345e-08
6.988582808144626e-08
9.272732059845541e-08
1.233089480664056e-07
1.641283060021564e-07
2.188516063103808e-07
2.919820194502669e-07
3.899150712907953e-07
5.210896059996550e-07
6.966940328307737e-07
9.321182863027194e-07
1.246938128082203e-06
1.668844447432255e-06
2.233628861666470e-06
2.990708398467003e-06
4.004188031117661e-06
5.363224893708489e-06
7.183943974344711e-06
9.621875604414693e-06
1.288717385113295e-05
1.725995813922529e-05
2.312049621895657e-05
3.096532354827995e-05
4.151678913181558e-05
5.556601603111998e-05
7.444642754836463e-05
9.962898795774112e-05
1.334710326389842e-04
1.783034080457056e-04
2.383704656706977e-04
3.184752543788630e-04
4.255930051124780e-04
5.682580501471289e-04
7.577487752661778e-04
1.010452849753157e-03
1.345283014527052e-03
1.789676975705776e-03
2.380709662289082e-03
3.152012998919941e-03
4.173129944368028e-03
5.510052732216103e-03
7.262555764879309e-03
9.541702285757571e-03
1.253509231375774e-02
1.640333350612849e-02
2.139236183900404e-02
2.778482664728204e-02
3.595622871628110e-02
4.631816979585696e-02
5.936132628167889e-02
7.563227447114498e-02
9.580567406348491e-02
1.205515000303427e-01
1.505417807266117e-01
1.865360438989634e-01
2.291780964389053e-01
2.789145233883327e-01
3.358675729138692e-01
3.995424645814629e-01
4.690486388252934e-01
5.428060085593372e-01
6.185190337948191e-01
6.934713885666689e-01
7.645029868215906e-01
8.286568198823269e-01
8.830469117166975e-01
9.259790048459647e-01
9.571618722916800e-01
9.776837232813888e-01
9.897299216293018e-01
9.959120222010704e-01
9.986248421586783e-01
9.996211819453081e-01
9.999817276844447e-01
###1.360000000000001e+01
1.742876814684330e-10
2.144363389799560e-11
6.797602157644532e-11
-1.810860134585900e-09
1.812082463108976e-10
-2.554146796785933e-09
1.345192709404252e-10
5.089910204744192e-10
6.386182948745305e-10
8.433199757551065e-10
1.086337499591342e-09
1.109614029671407e-09
1.769017798349802e-09
2.260630114219222e-09
2.844595956754499e-09
3.545860306950978e-09
4.440042386592802e-09
5.632757287629697e-09
7.061364964864642e-09
8.955566027202612e-09
1.147418735864593e-08
1.482178968963205e-08
1.924991074468515e-08
2.513762557998488e-08
3.298117880315119e-08
4.342094125566152e-08
5.737910737955387e-08
7.596697359509236e-08
1.008699337689692e-07
1.342278643040494e-07
1.787703513162893e-07
2.385067099662100e-07
3.183791204574970e-07
4.254147665631576e-07
5.688467563150707e-07
7.609937291624313e-07
1.018683502023236e-06
1.363514359305074e-06
1.825837367219582e-06
2.445251761689763e-06
3.275885747908658e-06
4.388689423532047e-06
5.881608757796351e-06
7.882499726645007e-06
1.056369046785238e-05
1.415653070082503e-05
1.897019195152581e-05
2.542478961619453e-05
3.407058949730902e-05
4.569900716725737e-05
6.118861122535821e-05
8.200405552472293e-05
1.097934946479105e-04
1.471385665629854e-04
1.966282098917600e-04
2.629034924480843e-04
3.513017028672989e-04
4.694899252634797e-04
6.268735222130434e-04
8.359009443776707e-04
1.114421103686863e-03
1.483300136963110e-03
1.972590908973338e-03
2.622832548865649e-03
3.470588463753262e-03
4.591885209546227e-03
6.058132714440477e-03
7.977516287379444e-03
1.047022362508934e-02
1.373831938933100e-02
1.795394832504576e-02
2.337974995692994e-02
3.031573564278954e-02
3.916018412584152e-02
5.034402017790136e-02
6.437675756907209e-02
8.182730045048003e-02
1.033812727255987e-01
1.297134122732737e-01
1.614831447134552e-01
1.994167113451277e-01
2.441135465492546e-01
2.959215631114374e-01
3.548429382373744e-01
4.202159659638844e-01
4.909691710778599e-01
5.653335859995881e-01
6.408447965302861e-01
7.146913429888953e-01
7.837068619936838e-01
8.450622873155066e-01
8.961500941903193e-01
9.356474920661829e-01
9.636629223783392e-01
9.816023728637402e-01
9.918066120885513e-01
9.968569363979425e-01
9.989783482508919e-01
9.997233622706655e-01
1.000001924669557e+00
###1.400000000000001e+01
1.930928971788472e-10
3.273410707341152e-11
7.753653455337044e-11
-1.809048492164220e-09
1.983148996362654e-10
-2.530665286647963e-09
1.648910667820315e-10
5.264470261499234e-10
6.793549327688544e-10
8.839003871579052e-10
1.146845393502086e-09
1.205056376698534e-09
1.864199074360976e-09
2.387016714031335e-09
3.008102787554488e-09
3.765929700752670e-09
4.733107095453279e-09
6.014722363754096e-09
7.572478527229087e-09
9.629375572964560e-09
1.236726347988627e-08
1.600676206437454e-08
2.082112108810765e-08
2.722482118172151e-08
3.576159353387546e-08
4.713083725746262e-08
6.233237606527251e-08
8.259842961003006e-08
1.097593565437605e-07
1.461574787304905e-07
1.947726229469508e-07
2.600071881554840e-07
3.472708682107672e-07
4.642796083223730e-07
6.211765297408057e-07
8.314690935580616e-07
1.113625730876636e-06
1.491404768117757e-06
1.998234511697046e-06
2.677755633103534e-06
3.589379890447178e-06
4.811450281359057e-06
6.451608784166784e-06
8.650977097885954e-06
1.160041115654796e-05
1.555383242980585e-05
2.085347672060033e-05
2.796268088874087e-05
3.749134962114802e-05
5.030529910211800e-05
6.738165711883630e-05
9.033043351003975e-05
1.209863181565146e-04
1.621870554439916e-04
2.168004350141074e-04
2.898929562325759e-04
3.873907503905405e-04
5.177278367044226e-04
6.912499942475826e-04
9.216383525237010e-04
1.228397512458750e-03
1.634477636918856e-03
2.172681013355108e-03
2.887404755488663e-03
3.818319803505960e-03
5.048140339261474e-03
6.654461137311437e-03
8.754021918405085e-03
1.147655427117567e-02
1.504037594878644e-02
1.962798908527987e-02
2.552030561258443e-02
3.303385833185186e-02
4.259178708806987e-02
5.464312393210281e-02
6.971585481872415e-02
8.839719104569727e-02
1.113835369829709e-01
1.393472636819116e-01
1.729331733374929e-01
2.128291730287225e-01
2.595701293957537e-01
3.134064646848196e-01
3.742124502755618e-01
4.411530415383406e-01
5.129655861287252e-01
5.877053611976952e-01
6.627634588023392e-01
7.352531546954661e-01
8.020479312402025e-01
8.604643674393007e-01
9.082149111006005e-01
9.443526215741012e-01
9.693657960207187e-01
9.849401089986050e-01
9.935158364839629e-01
9.976057925868315e-01
9.992510081835799e-01
9.998035991635615e-01
1.000001924669557e+00
###1.440000000000001e+01
1.959710566405261e-10
5.234946970424045e-11
8.474773480794728e-11
-1.793960034808018e-09
2.124827948750146e-10
-2.512071492060350e-09
1.957748507843782e-10
5.641480616229767e-10
7.242049349390058e-10
9.394787793000940e-10
1.210954471559330e-09
1.308680981833343e-09
1.970216546567387e-09
2.521376480001464e-09
3.188864491805978e-09
4.004525466430298e-09
5.050613081697147e-09
6.429953862998313e-09
8.122976349498007e-09
1.035965892984527e-08
1.333511192397769e-08
1.729217432650787e-08
2.252645356460731e-08
2.949767658176015e-08
3.878566805332492e-08
5.117225516922529e-08
6.773353185344059e-08
8.983479524577836e-08
1.194659861161935e-07
1.591756569306388e-07
2.122642135739818e-07
2.835210571450045e-07
3.788843627328248e-07
5.068605188270697e-07
6.785113679238843e-07
9.087012488133307e-07
1.217777299764499e-06
1.631824531898655e-06
2.187570217200520e-06
2.933155200031441e-06
3.933937252371336e-06
5.276170021707237e-06
7.078718670786110e-06
9.496811079447296e-06
1.274150308265256e-05
1.709212436593184e-05
2.292703960196185e-05
3.075753645652094e-05
4.125679020610706e-05
5.537717765498269e-05
7.420125084060143e-05
9.949699368738571e-05
1.333084241145775e-04
1.787417650493888e-04
2.389842377884542e-04
3.195680232955415e-04
4.270500734092808e-04
5.707023372241978e-04
7.618939140958801e-04
1.015667339011654e-03
1.353258956524137e-03
1.799900404395465e-03
2.391429101912557e-03
3.176255242071060e-03
4.197314695153900e-03
5.544695106882437e-03
7.302278160416676e-03
9.596277343534444e-03
1.256613169156427e-02
1.644646538057650e-02
2.143194501863924e-02
2.782130828594186e-02
3.595019800765938e-02
4.626048730776859e-02
5.922559181187883e-02
7.538730074070266e-02
9.535281685880269e-02
1.198212199872958e-01
1.494597021633677e-01
1.848937004711928e-01
2.267618127364516e-01
2.755329700158424e-01
3.313493559541069e-01
3.939359651148667e-01
4.622911011035059e-01
5.349714525604859e-01
6.098549574091229e-01
6.842100742329674e-01
7.551130211110989e-01
8.194880843628329e-01
8.748569581916330e-01
9.192613444183627e-01
9.521404181232020e-01
9.743348440804943e-01
9.877600891761521e-01
9.949113920024523e-01
9.981942398875826e-01
9.994594838686056e-01
9.998644747844663e-01
1.000001924669557e+00
###1.480000000000001e+01
2.062977265699043e-10
6.118692633437402e-11
9.902313233584994e-11
-1.773338408996658e-09
2.262649690436677e-10
-2.485425688324414e-09
2.296692437884942e-10
6.030953544551520e-10
7.732032414460869e-10
1.002565973752229e-09
1.284809932337431e-09
1.417470462323312e-09
2.088198284447933e-09
2.672582326298995e-09
3.387467084896552e-09
4.262875172025242e-09
5.393450870451548e-09
6.881737380031849e-09
8.722192315476651e-09
1.115187317667693e-08
1.438613344551355e-08
1.868527538757883e-08
2.437855443969192e-08
3.196817226806014e-08
4.207765024410076e-08
5.557354372092921e-08
7.362422881803901e-08
9.773562744438594e-08
1.300653200659728e-07
1.734088128076350e-07
2.313991490621179e-07
3.092621986887543e-07
4.135142586592856e-07
5.535197055332068e-07
7.413757055391213e-07
9.934725786045221e-07
1.332127415607148e-06
1.786016075203359e-06
2.395592912291754e-06
3.213881651177075e-06
4.312725417083141e-06
5.787230549829822e-06
7.768255303757997e-06
1.042742796127817e-05
1.399671135360668e-05
1.878494440214794e-05
2.520835034568121e-05
3.383413794440862e-05
4.540007447109853e-05
6.095879814428930e-05
8.170533869868221e-05
1.095882974064197e-04
1.468624522757992e-04
1.969478525800023e-04
2.633607853487144e-04
3.521643854687377e-04
4.705954112892775e-04
6.288265732619585e-04
8.393193611610936e-04
1.118632424525577e-03
1.489870570839201e-03
1.980698562408794e-03
2.630248288388864e-03
3.491242362068633e-03
4.610048321131897e-03
6.084398813363344e-03
8.005384888690736e-03
1.050891130774053e-02
1.374394916265296e-02
1.796409789619582e-02
2.337454180857143e-02
3.029277845369006e-02
3.907333912486562e-02
5.017934686340681e-02
6.410395195593756e-02
8.140591355016692e-02
1.027022380359069e-01
1.286999329550723e-01
1.600562522191087e-01
1.973591130554203e-01
2.412054150608168e-01
2.919781923432757e-01
3.497118704317351e-01
4.139686573786094e-01
4.835846876377013e-01
5.569264647191875e-01
6.317228970054624e-01
7.051320663438964e-01
7.742079299850056e-01
8.359988338845875e-01
8.882449269199193e-01
9.293242081381456e-01
9.590686483788412e-01
9.786351104669342e-01
9.901249166403545e-01
9.960397988278716e-01
9.986512650636971e-01
9.996144055163780e-01
9.999076887881723e-01
1.000001924669557e+00
###1.520000000000001e+01
2.285333558960025e-10
7.319091297136758e-11
1.234376253169512e-10
-1.767214152005635e-09
2.480608935029493e-10
-2.453447661431183e-09
2.688353915011932e-10
6.439835975470628e-10
8.217281228300092e-10
1.070709945969654e-09
1.368488378270726e-09
1.535972716027956e-09
2.217087735235803e-09
2.836409696741642e-09
3.603899530249576e-09
4.544479520772451e-09
5.766846093405342e-09
7.371540359198515e-09
9.372501553765589e-09
1.201305993403738e-08
1.552767060689516e-08
2.020243376591765e-08
2.639549283890483e-08
3.465788294024914e-08
4.566611136985639e-08
6.037570148723490e-08
8.005583087453133e-08
1.063591702349176e-07
1.416395745396332e-07
1.889564818175501e-07
2.523210579659135e-07
3.374304258345781e-07
4.514456217095462e-07
6.046450123190541e-07
8.102901750960546e-07
1.086414853424838e-06
1.457587447407527e-06
1.955318249350830e-06
2.624013720548396e-06
3.522213857561824e-06
4.728813018724028e-06
6.349004249518457e-06
8.526555323043203e-06
1.145096301016709e-05
1.537789379348085e-05
2.064777452563086e-05
2.772033167876837e-05
3.721882504629834e-05
4.995366777799299e-05
6.710073075114646e-05
8.996303744658042e-05
1.206796520003667e-04
1.617685827066101e-04
2.169588682538639e-04
2.901428645663306e-04
3.879499024118457e-04
5.183688051121336e-04
6.925326066047995e-04
9.241386807003553e-04
1.231328608733582e-03
1.639217092961781e-03
2.178119886205698e-03
2.890665036426797e-03
3.834376000858248e-03
5.058995313372521e-03
6.670470679188699e-03
8.767817788827769e-03
1.149661264628468e-02
1.501641764369607e-02
1.959977533093005e-02
2.546305179942465e-02
3.294266002378207e-02
4.241234368816109e-02
5.435821996536497e-02
6.928952947388996e-02
8.777973404532097e-02
1.104574285659189e-01
1.380310883661325e-01
1.711379707007184e-01
2.103304926246500e-01
2.561540670143918e-01
3.088940015260045e-01
3.684651202264994e-01
4.342749851649594e-01
5.049753302318877e-01
5.787692206283624e-01
6.532384834470026e-01
7.254645506374123e-01
7.925067976808949e-01
8.515662608380896e-01
9.006333826572500e-01
9.384446349689243e-01
9.651965583889786e-01
9.823323903437597e-01
9.920924436570598e-01
9.969437771253568e-01
9.990018440895960e-01
9.997275654376641e-01
9.999376378451313e-01
1.000001924669557e+00
###1.560000000000001e+01
2.378193231561765e-10
7.971911696052637e-11
1.278624419990401e-10
-1.732668348914577e-09
2.674110132970639e-10
-2.417866436951872e-09
3.060297101314324e-10
6.873997731984388e-10
8.665827508847450e-10
1.146625195198999e-09
1.456554090845348e-09
1.662175694517337e-09
2.362559007278039e-09
3.018779846364519e-09
3.839095679605699e-09
4.853182342484940e-09
6.173186761719777e-09
7.913548326855781e-09
1.008009207993175e-08
1.294659671310703e-08
1.676755474194418e-08
2.185071942451591e-08
2.858715520778595e-08
3.758472368047142e-08
4.957723093837372e-08
6.560986414912969e-08
8.706841320574139e-08
1.157696780978509e-07
1.542915791098434e-07
2.059640953503340e-07
2.752076706267950e-07
3.682625081376485e-07
4.929867111007718e-07
6.606716803937821e-07
8.858572639754061e-07
1.188403413850737e-06
1.595260431481930e-06
2.141198801078259e-06
2.874907372979435e-06
3.861075989150684e-06
5.186324781088464e-06
6.966950007720709e-06
9.360936444307526e-06
1.257676887016206e-05
1.689716680497937e-05
2.269718087035381e-05
3.048276823141859e-05
4.094293396259057e-05
5.496659799260559e-05
7.384593347080099e-05
9.903845524499014e-05
1.328785373395278e-04
1.781401732638343e-04
2.389374820533180e-04
3.195406738984205e-04
4.272173604874173e-04
5.707514494788835e-04
7.623573370452553e-04
1.016994302245891e-03
1.354540916343383e-03
1.802390662182883e-03
2.393586804423537e-03
3.174531024831842e-03
4.207607161158288e-03
5.546772889218636e-03
7.306270760536243e-03
9.593554662626553e-03
1.256422717622073e-02
1.639104735474312e-02
2.135976391817414e-02
2.770526525888017e-02
3.578111922223496e-02
4.597978157491997e-02
5.880869248052609e-02
7.479291990590774e-02
9.451945699868997e-02
1.186257768965166e-01
1.478172358949052e-01
1.827083455576083e-01
2.238024219080649e-01
2.715955523102005e-01
3.262571262899659e-01
3.875736498205712e-01
4.548023501639730e-01
5.264103914134147e-01
6.004385953210745e-01
6.743419035736533e-01
7.451529619498256e-01
8.099780674990996e-01
8.661863291016604e-01
9.120453248256434e-01
9.466628751309570e-01
9.705798940515188e-01
9.854874858625451e-01
9.937160073449881e-01
9.976616522002826e-01
9.992681956241353e-01
9.998093093183394e-01
9.999581639930076e-01
1.000001924669557e+00
