# NLO BK equation solver 0.0-dev build  (build Feb 16 2026 17:52:53)
# Initial condition: MV model, Q_s0^2 = 0.00694429 GeV^2, \gamma = 1, coefficient of E inside Log is 1, x0=0.01, \Lambda_QCD = 0.241 GeV
# # LO Kernel RC:  Balitsky. NLO Kernel RC:  smallest dipole
# Nc=3, Nf=4
# Using RungeKutta method in K1
# Resumming double log
# Resumming single log, K_sub=0.65 resum rc: smallest
# BK K1 integration relative accuracy: 0.02# NLO BK as^2 terms: MC integration method: Vegas, points=1000000
# Kinematical constraint: none
# Target kinematical constraint: disabled

###1.000000000000000e-05
###1.160836920850890e+00
###100
###1.000000000000000e+00
###0.000000000000000e+00
2.245765293010402e-12
2.991373522930098e-12
3.983986379245702e-12
5.305234227749352e-12
7.063652846495241e-12
9.403525196135923e-12
1.251661918629787e-11
1.665776644430102e-11
2.216553415880875e-11
2.948964843208985e-11
3.922736516012540e-11
5.217169540016775e-11
6.937533204554682e-11
9.223536665685824e-11
1.226055260119452e-10
1.629448244391783e-10
2.165143875905715e-10
2.876379760795910e-10
3.820467127098779e-10
5.073350750521642e-10
6.735638551215812e-10
8.940571649664740e-10
1.186455540124062e-09
1.574106887709869e-09
2.087902916091721e-09
2.768702696562595e-09
3.670529664076802e-09
4.864786954627962e-09
6.445812794275756e-09
8.538198294214360e-09
1.130642175165226e-08
1.496752587970963e-08
1.980778959352841e-08
2.620464002262300e-08
3.465543397362424e-08
4.581523787385678e-08
6.054638582294271e-08
7.998344130482713e-08
1.056182867019747e-07
1.394114896861519e-07
1.839379413399247e-07
2.425771484655736e-07
3.197616465089533e-07
4.213009768748634e-07
5.548037937305522e-07
7.302272487244648e-07
9.605912501282317e-07
1.262906014627319e-06
1.659375167021995e-06
2.178954303090218e-06
2.859367428775834e-06
3.749712298933416e-06
4.913822000317697e-06
6.434596164762902e-06
8.419573486580207e-06
1.100803035469777e-05
1.438036493417449e-05
1.876959845470427e-05
2.447658215343207e-05
3.188919243535260e-05
4.150687597259672e-05
5.397195046952241e-05
7.010949641017561e-05
9.097818483616571e-05
1.179350505894350e-04
1.527180937713757e-04
1.975517499422930e-04
2.552818167709248e-04
3.295485065665238e-04
4.250091094351038e-04
5.476255708108946e-04
7.050374716581764e-04
9.070479276886978e-04
1.166259417381799e-03
1.498909304362916e-03
1.925971843028895e-03
2.474615993702467e-03
3.180137937659255e-03
4.088525550068445e-03
5.259861231434404e-03
6.772831357629960e-03
8.730686559552781e-03
1.126908674509952e-02
1.456636390180843e-02
1.885683168749896e-02
2.444783509261694e-02
3.174120816174197e-02
4.125958332669954e-02
5.367737575458598e-02
6.985491531622257e-02
9.087158037963750e-02
1.180491124350096e-01
1.529485630197239e-01
1.973126926697778e-01
2.529104902898227e-01
3.212260107196960e-01
4.029328004533286e-01
4.971357437744640e-01
6.004886769097716e-01
7.065457041269823e-01
###4.000000000000000e-01
-1.250534231375596e-10
1.649447329088499e-08
2.539104593832667e-11
6.764103897722713e-11
-1.192288872666559e-11
5.489468866113008e-11
3.683966265544182e-11
8.528790175795391e-11
8.572789913851577e-11
8.643307389963428e-11
1.049637134063853e-10
1.273957826815346e-10
1.282401215744554e-10
-4.854774445442390e-08
1.832887327053166e-10
2.331959398910752e-10
2.831346948411248e-10
3.589929112642135e-10
4.523721792345810e-10
5.869712536959999e-10
7.638888551426781e-10
9.999692499599117e-10
1.316752056415915e-09
1.731608051793127e-09
2.283997714724442e-09
3.018063094426188e-09
3.993051356466009e-09
5.284260284505709e-09
6.991004716950853e-09
9.251998273048464e-09
1.223859730478153e-08
1.619989288890962e-08
2.143925590903591e-08
2.835022816148146e-08
3.749140454277921e-08
4.957198902401010e-08
6.552308516774369e-08
8.657436801833026e-08
1.143640610981592e-07
1.509924869015113e-07
1.992539152595939e-07
2.628605557060675e-07
3.464868412645125e-07
4.566937742381743e-07
6.015217732224614e-07
7.918884299137877e-07
1.042111667852007e-06
1.370338545944794e-06
1.800900351806532e-06
2.366036764699510e-06
3.105958656616421e-06
4.074777256018139e-06
5.341908808263113e-06
7.000730594161966e-06
9.161250113967114e-06
1.198179450709354e-05
1.565830612121272e-05
2.044972060089976e-05
2.668314175532944e-05
3.478100695406062e-05
4.530626263581935e-05
5.895121359359593e-05
7.664279088814857e-05
9.953694596917669e-05
1.291572245210634e-04
1.674433532475836e-04
2.168178537546982e-04
2.805140958658391e-04
3.625438764801903e-04
4.684790998576424e-04
6.047033420944726e-04
7.800914640436003e-04
1.005653542650757e-03
1.296122619395419e-03
1.669972910950637e-03
2.151571387589018e-03
2.771536609149718e-03
3.572587302210775e-03
4.606922100836293e-03
5.945031507905447e-03
7.682305709828105e-03
9.933297049565236e-03
1.287139492199846e-02
1.669782860044036e-02
2.169010300110551e-02
2.821588675801816e-02
3.673691705572418e-02
4.784454789316137e-02
6.234905219339584e-02
8.123914990219720e-02
1.057987662138510e-01
1.374688721376269e-01
1.779695387779213e-01
2.290431735317207e-01
2.924897580869322e-01
3.695528109906301e-01
4.612874873799058e-01
5.682403241679987e-01
6.986116734569783e-01
9.538868186733658e-01
###8.000000000000000e-01
-1.386177460015941e-10
1.644351857467945e-08
-7.668249203819449e-11
1.048939309163505e-10
1.209306757754102e-11
1.324543922980106e-10
1.024103148623697e-10
1.803808346636905e-10
1.256312859557145e-10
1.934163499937653e-10
1.669158651789628e-10
1.792330005605111e-10
1.798784131128229e-10
-4.846002462830450e-08
2.551522408806816e-10
3.035400295427425e-10
3.550267161850227e-10
4.258525956686172e-10
5.277134518637141e-10
6.709805481881478e-10
8.602835616200754e-10
1.114798894146718e-09
1.453882573723232e-09
1.907679091657309e-09
2.495289592377148e-09
3.287598573598424e-09
4.338255439045647e-09
5.732414121840250e-09
7.573911808334939e-09
9.995390497761399e-09
1.322299794482332e-08
1.750702370113633e-08
2.316489416118332e-08
3.065162584304372e-08
4.054146249387663e-08
5.361791969540087e-08
7.089271025578230e-08
9.368333555968807e-08
1.237953689245782e-07
1.634989406341150e-07
2.158138496936506e-07
2.847701450682266e-07
3.754976931544908e-07
4.951410878846424e-07
6.523287152049544e-07
8.590021936060988e-07
1.130877077721278e-06
1.487482725587746e-06
1.955084982425364e-06
2.570236553004343e-06
3.375322394949502e-06
4.430129578408039e-06
5.810393672758029e-06
7.619849833409485e-06
9.973892514925294e-06
1.305003582412097e-05
1.706200426695244e-05
2.229673760578600e-05
2.911160635162694e-05
3.796979490348727e-05
4.949872330038695e-05
6.445449741251489e-05
8.387267661017103e-05
1.090295445726099e-04
1.416254222018034e-04
1.838265330324690e-04
2.383077335618282e-04
3.087244966493884e-04
3.995266790996597e-04
5.172926881086206e-04
6.689535437355754e-04
8.647483793439998e-04
1.117188424542066e-03
1.443293921829812e-03
1.864318208404481e-03
2.408379464547860e-03
3.110480632900949e-03
4.021320380668067e-03
5.200540005866742e-03
6.731045854816122e-03
8.724467420753751e-03
1.131558441172265e-02
1.471095073719035e-02
1.914184227380248e-02
2.493169380278731e-02
3.251334698489776e-02
4.241061501999743e-02
5.528998363898457e-02
7.208866718156376e-02
9.391301248062316e-02
1.221937595046487e-01
1.584416035853779e-01
2.043864392291127e-01
2.616463199461812e-01
3.316771220777833e-01
4.151153459124852e-01
5.119905898167310e-01
6.210160108163465e-01
7.452773949569810e-01
9.614184182908965e-01
###1.200000000000000e+00
-9.611573000737031e-11
1.629987882279100e-08
-4.885621539232051e-11
9.068128809648075e-11
1.006165390075671e-10
1.658551616323452e-10
1.604130564557482e-10
2.429089341846138e-10
1.908287133303642e-10
2.287891021852949e-10
2.119922285801931e-10
2.333998424081138e-10
2.447549459332615e-10
-4.837591268716284e-08
3.308735954813377e-10
3.822007336404456e-10
4.455879468120440e-10
5.053823381322494e-10
6.125603971608798e-10
7.683033492645858e-10
9.654133991548889e-10
1.240826632420431e-09
1.602342410534787e-09
2.090943318689568e-09
2.726923730321824e-09
3.581147617992892e-09
4.715433957917014e-09
6.223307040659625e-09
8.210300816635830e-09
1.082020720887887e-08
1.429618474307917e-08
1.892819559511915e-08
2.504588691046330e-08
3.315920206146669e-08
4.385303367701112e-08
5.801824274465035e-08
7.671647380455516e-08
1.014172670478230e-07
1.340518945397816e-07
1.770906471809650e-07
2.338142603963056e-07
3.086020793705342e-07
4.070827084251740e-07
5.370106850243541e-07
7.076808343062736e-07
9.321452849851008e-07
1.227667095903974e-06
1.615300682088204e-06
2.123506067252630e-06
2.793301097455085e-06
3.669723875327167e-06
4.818810882618374e-06
6.323098408970872e-06
8.297560550806883e-06
1.086482392463278e-05
1.422230946465205e-05
1.860408409161582e-05
2.432736098270380e-05
3.178522915936141e-05
4.148688792288647e-05
5.412586003255690e-05
7.053827769880031e-05
9.187951951518808e-05
1.195572056152379e-04
1.554775104470415e-04
2.020528226393633e-04
2.622789506732934e-04
3.402451002656730e-04
4.409772601312342e-04
5.720525332658101e-04
7.413076429652236e-04
9.601469514359220e-04
1.243117818320047e-03
1.609842238784670e-03
2.084544805638872e-03
2.698844427012498e-03
3.495923849166055e-03
4.532038633360738e-03
5.877071073082892e-03
7.627403708010272e-03
9.912442605795926e-03
1.289108974927385e-02
1.679942516351740e-02
2.191572678239897e-02
2.859908511840399e-02
3.735412568579650e-02
4.876657972829090e-02
6.357718562264990e-02
8.283878998812995e-02
1.077497928662346e-01
1.398198829051326e-01
1.805801584725546e-01
2.316202227975341e-01
2.943350829327210e-01
3.695630346024730e-01
4.571038425117397e-01
5.556720811850676e-01
6.622366020858854e-01
7.775324319748538e-01
9.667966259004681e-01
###1.600000000000000e+00
-1.179300449752817e-10
1.620390504434740e-08
-5.018293428206785e-11
1.070737192845813e-10
1.265481242469226e-10
2.071983193328187e-10
1.990810342335522e-10
2.930486481347023e-10
2.527387075829988e-10
3.009097430236585e-10
2.871337061983255e-10
2.950559414029292e-10
3.098443533225050e-10
-4.825718159955644e-08
4.241894354201761e-10
4.867109120591143e-10
5.414173143285458e-10
6.003367209014299e-10
7.134504290146677e-10
8.756255767877603e-10
1.087810191660144e-09
1.382627468499381e-09
1.771157126069432e-09
2.300167768762882e-09
2.995330673269719e-09
3.910017642903666e-09
5.138688971595121e-09
6.763709791640329e-09
8.912889435570169e-09
1.173585556486749e-08
1.547407387962627e-08
2.048535345919005e-08
2.710126635186492e-08
3.588300301268630e-08
4.746085088733723e-08
6.280638629524928e-08
8.305279060172473e-08
1.098217796568866e-07
1.452099080918863e-07
1.918900883991594e-07
2.534114415993451e-07
3.345570794671281e-07
4.414849193285461e-07
5.826090714606812e-07
7.680116734871617e-07
1.011907403674466e-06
1.333262384709754e-06
1.754769175971290e-06
2.307516739780435e-06
3.037090819746790e-06
3.991716897259146e-06
5.244212251202547e-06
6.884686882173192e-06
9.040357342390004e-06
1.184237954152478e-05
1.550964941218164e-05
2.029923914991457e-05
2.656258465318582e-05
3.473019950684951e-05
4.536181437019757e-05
5.923828718578200e-05
7.726878827991009e-05
1.007491056479951e-04
1.312386114516948e-04
1.708717434615791e-04
2.223594566265643e-04
2.890233547833583e-04
3.754868011088632e-04
4.874141751508388e-04
6.335136610476738e-04
8.228111046091576e-04
1.067591963240191e-03
1.385188234149680e-03
1.798000817262189e-03
2.333603798078906e-03
3.027386465073878e-03
3.932894751811026e-03
5.111538007830590e-03
6.644864734481384e-03
8.643792528541453e-03
1.126058499339440e-02
1.467548537968113e-02
1.916385687209435e-02
2.503813317201460e-02
3.271219230561381e-02
4.275325247072254e-02
5.580342164935260e-02
7.269759346127053e-02
9.455377154604672e-02
1.226514522298105e-01
1.585234462672766e-01
2.036481836338629e-01
2.593977109843739e-01
3.268036874816754e-01
4.060395085260420e-01
4.960236424039303e-01
5.943851964684961e-01
6.970777546019469e-01
8.038611535855463e-01
9.711986511568657e-01
###2.000000000000000e+00
-9.570197225743496e-11
1.608043211385835e-08
-2.353590216747744e-11
1.473616493840769e-10
1.634796626765270e-10
1.363270302359971e-10
2.448675035663782e-10
3.527302028238929e-10
3.141473358700000e-10
3.519399346372988e-10
3.904509740326540e-10
3.684021548766083e-10
3.932580768058333e-10
-4.811521445470642e-08
5.302654573365150e-10
6.086282206393132e-10
6.545691688353044e-10
7.185700382689963e-10
8.319915368893914e-10
1.008860472237213e-09
1.240140304649293e-09
1.552870678492797e-09
1.968591265779315e-09
2.539592974187004e-09
3.290096897187989e-09
4.280422136405821e-09
5.609139039246710e-09
7.361317974538349e-09
9.691593850042056e-09
1.274861101225344e-08
1.680078761501520e-08
2.219193917549898e-08
2.934758394731886e-08
3.885246828423697e-08
5.139433769028460e-08
6.802008508644071e-08
8.996234895190477e-08
1.189791794212887e-07
1.573546040801300e-07
2.080052743517015e-07
2.747555962039085e-07
3.628278950591150e-07
4.789830735871550e-07
6.322880281871476e-07
8.337695333433221e-07
1.098930850069143e-06
1.448481176456831e-06
1.907082600292132e-06
2.508647357324049e-06
3.303622534148920e-06
4.343954966233423e-06
5.709870995943686e-06
7.499740034866104e-06
9.854849454639027e-06
1.291531694915510e-05
1.692383062178668e-05
2.216388691736656e-05
2.902376106270248e-05
3.797728669226124e-05
4.963809002072867e-05
6.488915607501676e-05
8.472013390288833e-05
1.105850036059653e-04
1.442167724683517e-04
1.879997803463428e-04
2.449816272968383e-04
3.188663102622372e-04
4.148939923046516e-04
5.394415648650137e-04
7.024721057359786e-04
9.139787125514632e-04
1.188518755351699e-03
1.545339037969067e-03
2.010282879779056e-03
2.614905754102301e-03
3.399030187969566e-03
4.426935514954312e-03
5.766810968216496e-03
7.512880578563925e-03
9.792594576624519e-03
1.277927081468982e-02
1.668423466842400e-02
2.181872928120339e-02
2.852950996929591e-02
3.729001412074443e-02
4.872805395342221e-02
6.353846512222153e-02
8.263938336332431e-02
1.071983362264022e-01
1.385422212328754e-01
1.781877929270612e-01
2.274842643188503e-01
2.875371100891683e-01
3.589447573187057e-01
4.412140215010083e-01
5.324832727698147e-01
6.295744735181372e-01
7.279062098650655e-01
8.267194961582091e-01
9.749853006489470e-01
###2.400000000000000e+00
-1.056235291082795e-10
1.600523821355905e-08
1.078359262745376e-11
2.251829147003773e-10
2.060806186745752e-10
1.949104184236248e-10
3.295350234932053e-10
4.176840654969672e-10
3.413170581199531e-10
4.280672924834424e-10
4.667053585008777e-10
4.476965676767359e-10
4.847980029650531e-10
-4.794537106775442e-08
6.557684430549838e-10
7.587596573710206e-10
8.074785901117979e-10
8.501814666955869e-10
9.691170499947585e-10
1.159325610272227e-09
1.410917991299424e-09
1.746203458314751e-09
2.191336839015394e-09
2.814657113389064e-09
3.619327883640965e-09
4.691889489722783e-09
6.126694407736514e-09
8.022946427208903e-09
1.054694016014087e-08
1.385400709597451e-08
1.824945185510489e-08
2.407036455740666e-08
3.182440500716976e-08
4.210976232006355e-08
5.569659193965324e-08
7.372192202765098e-08
9.750524016520439e-08
1.289705455815954e-07
1.705978459017709e-07
2.255656717872988e-07
2.980364476153045e-07
3.936835453648091e-07
5.198682040162275e-07
6.864737988222729e-07
9.055006753006902e-07
1.193919780698981e-06
1.574249785679868e-06
2.073554051834481e-06
2.728557616073349e-06
3.595112196703162e-06
4.729619723607545e-06
6.220052386381428e-06
8.174443341283407e-06
1.074823446086360e-05
1.409351879942128e-05
1.847906948702533e-05
2.421653013713727e-05
3.173555973831864e-05
4.156007414787598e-05
5.436312483412270e-05
7.113987701428918e-05
9.297641748792967e-05
1.214942283739194e-04
1.586421170432160e-04
2.070606713190027e-04
2.701986769952130e-04
3.521937370881772e-04
4.589642180821211e-04
5.977132181093980e-04
7.797872980580913e-04
1.016408363064506e-03
1.324477523167107e-03
1.725573356864486e-03
2.249415808373602e-03
2.932025434830253e-03
3.818467564715452e-03
4.984124294567926e-03
6.505424936342749e-03
8.490433464656104e-03
1.108604448144836e-02
1.448481392095592e-02
1.893375174010845e-02
2.477966183338072e-02
3.241150051199246e-02
4.235178766688729e-02
5.529257357909786e-02
7.197948056353740e-02
9.339358271678934e-02
1.207450095170691e-01
1.553676621114801e-01
1.987187869981397e-01
2.519836784196131e-01
3.159437424261400e-01
3.907359896625315e-01
4.752392024822834e-01
5.669488913099834e-01
6.621020660159012e-01
7.558456414848805e-01
8.470916343053900e-01
9.783182042215968e-01
###2.800000000000000e+00
-9.618543485701055e-11
1.589372709378137e-08
3.270663081441506e-11
3.176737420675667e-10
2.597834344128710e-10
3.131141725857818e-10
3.738175101591052e-10
5.041741828088481e-10
4.210064497866574e-10
5.131594596490008e-10
5.648303205387141e-10
5.639616633036072e-10
6.073950127928263e-10
-4.772809767040870e-08
8.177573182427649e-10
9.485375883219404e-10
9.780488297861220e-10
1.021309410281298e-09
1.140200563122232e-09
1.344919398515712e-09
1.614243531386711e-09
1.975369594894723e-09
2.459983272313210e-09
3.133101025007513e-09
4.003170677496657e-09
5.164314347303084e-09
6.715366510716841e-09
8.771502360721717e-09
1.150228743133441e-08
1.508984166310897e-08
1.984830822642701e-08
2.616314660460060e-08
3.456643834885139e-08
4.569678724892746e-08
6.042707680158172e-08
7.996910137336776e-08
1.058042880558215e-07
1.399400299019465e-07
1.851187762398665e-07
2.447827927568656e-07
3.234744254754903e-07
4.274391561896845e-07
5.645216502153452e-07
7.456765116516779e-07
9.838927176214630e-07
1.297717797414205e-06
1.711768380533230e-06
2.255566196600029e-06
2.969229265729320e-06
3.914237086925782e-06
5.152158124487200e-06
6.779312818488797e-06
8.914709698346318e-06
1.172931083482163e-05
1.538867424549067e-05
2.018985282939003e-05
2.647912946814061e-05
3.472677646523876e-05
4.551597298497416e-05
5.958724851073244e-05
7.805836496104262e-05
1.021292316215204e-04
1.336076119087219e-04
1.747402512711269e-04
2.282811273389441e-04
2.983073554567137e-04
3.893993478171761e-04
5.082426453114306e-04
6.629677921460870e-04
8.664746050201288e-04
1.131400335067487e-03
1.477194853959521e-03
1.928167477530409e-03
2.518371805492577e-03
3.288796847849494e-03
4.290386451014462e-03
5.610618527646575e-03
7.335256155914275e-03
9.587515277148205e-03
1.253440847346209e-02
1.639169876780798e-02
2.144044976906450e-02
2.805965184977054e-02
3.669916400356326e-02
4.791555133787106e-02
6.246378940814307e-02
8.113267427669534e-02
1.049559788567447e-01
1.351629307640944e-01
1.730727509579754e-01
2.200421215699755e-01
2.770557273960625e-01
3.445407007923486e-01
4.221617076062273e-01
5.082425254805082e-01
5.997304912005685e-01
6.924433289735844e-01
7.814521560949598e-01
8.654553953910232e-01
9.812596855558684e-01
###3.200000000000000e+00
-1.488143825332588e-10
1.568808426644640e-08
5.734864516451931e-11
3.801563756093859e-10
3.135556912527091e-10
4.145630357571307e-10
4.530633929025404e-10
5.747466154096316e-10
5.172382161376578e-10
6.102331570197097e-10
7.106141821566081e-10
6.830697156755940e-10
7.511351682369317e-10
-4.747066215333589e-08
1.004624669993903e-09
1.181724534788008e-09
1.194497710767898e-09
1.228526383812134e-09
1.344747481936304e-09
1.562483345389944e-09
1.853029845983635e-09
2.247456540660241e-09
2.770150295794687e-09
3.495003382340414e-09
4.439814841204991e-09
5.696053256793330e-09
7.373392728512405e-09
9.609975418367848e-09
1.255833553385413e-08
1.645193231345953e-08
2.160605904207517e-08
2.845527268130420e-08
3.757367430358057e-08
4.961824575400716e-08
6.560278618216674e-08
8.678312067284009e-08
1.148491270681261e-07
1.518953096927213e-07
2.009317719910154e-07
2.657340050061410e-07
3.512177769720188e-07
4.642296897467599e-07
6.132280821136060e-07
8.102731341308520e-07
1.069468905272396e-06
1.411085543077977e-06
1.862013958331927e-06
2.454606595524792e-06
3.232557886719662e-06
4.263778284499929e-06
5.615202235531327e-06
7.393085485666137e-06
9.727359960915665e-06
1.280741377489987e-05
1.681151022032075e-05
2.207383922334527e-05
2.897418982589617e-05
3.802808582909169e-05
4.988711597322169e-05
6.536726775419699e-05
8.572536539106738e-05
1.122828156008864e-04
1.470632331818804e-04
1.926386962205231e-04
2.519231866223436e-04
3.296666273573507e-04
4.309458415340084e-04
5.633354215267441e-04
7.360517770515355e-04
9.636351139446885e-04
1.260402474826559e-03
1.648567670868890e-03
2.155655260954430e-03
2.820404862504869e-03
3.689268012538905e-03
4.820274287500819e-03
6.313294888960520e-03
8.264869678388367e-03
1.081468375013342e-02
1.415056461542384e-02
1.851432041201257e-02
2.422079877568665e-02
3.168565889080874e-02
4.141386815500362e-02
5.399902652842492e-02
7.025416153591044e-02
9.100711794000201e-02
1.173231006421044e-01
1.504380564908246e-01
1.916183481271714e-01
2.421024912551671e-01
3.026244757997924e-01
3.732651563806218e-01
4.532135371440549e-01
5.402852303918608e-01
6.309977007026416e-01
7.208877091423770e-01
8.050347488787105e-01
8.820882662762667e-01
9.838844522273194e-01
###3.600000000000000e+00
-1.348161112376380e-10
1.561639438636633e-08
6.661758590199864e-11
4.274846144575607e-10
3.711329842151140e-10
4.951499893261118e-10
5.419121554963778e-10
6.692382360746355e-10
5.939903856596599e-10
7.284902199585824e-10
8.494006432127589e-10
8.215249389961786e-10
9.184773783903427e-10
-4.715560774745863e-08
1.239405735941922e-09
1.456906283325149e-09
1.447154412949047e-09
1.473679253395489e-09
1.591576315675508e-09
1.822427522683426e-09
2.140160214868142e-09
2.562605316371651e-09
3.129372301858502e-09
3.914598372941912e-09
4.938162626479331e-09
6.299917894824360e-09
8.118305143334664e-09
1.052847618108212e-08
1.373579344400947e-08
1.795777129706199e-08
2.354126468891445e-08
3.097361580457293e-08
4.086145215525580e-08
5.392186786013489e-08
7.125148871195483e-08
9.423434303540718e-08
1.246905653731110e-07
1.649390247316675e-07
2.181890003325863e-07
2.885886694423426e-07
3.814840985317584e-07
5.043797936173394e-07
6.664155150957654e-07
8.808025594833884e-07
1.162957880820415e-06
1.535023277918286e-06
2.026389512958241e-06
2.672435057527568e-06
3.520930386881287e-06
4.646688367101212e-06
6.123126521180130e-06
8.067461282996620e-06
1.061997359084196e-05
1.399208072280830e-05
1.837789104687098e-05
2.414998740899121e-05
3.172581341111258e-05
4.167375403186421e-05
5.471912856957763e-05
7.176799721927159e-05
9.422159033780393e-05
1.235507693799948e-04
1.620192034598968e-04
2.125454425041521e-04
2.782625821542706e-04
3.646371483826344e-04
4.773523655674003e-04
6.249360012237675e-04
8.177638127273781e-04
1.072372233444460e-03
1.404888527959487e-03
1.840615483635981e-03
2.410648371575785e-03
3.158897342842209e-03
4.138051045189881e-03
5.413620085655449e-03
7.099207493057979e-03
9.302951302459244e-03
1.218200031416211e-02
1.594793515860263e-02
2.086772857061090e-02
2.729258632056555e-02
3.567636074786438e-02
4.657507383805150e-02
6.062265355550577e-02
7.868114523726806e-02
1.016047235324032e-01
1.304861703531942e-01
1.665415787684055e-01
2.109653891904394e-01
2.648369255450331e-01
3.286335461212532e-01
4.020610545558461e-01
4.838650288626123e-01
5.714085019843536e-01
6.608547575697290e-01
7.475818695370182e-01
8.267880843181084e-01
8.971581095721440e-01
9.862153829606478e-01
###4.000000000000000e+00
-1.391443433247799e-10
1.556226262084541e-08
1.104669864465974e-10
4.651688947299091e-10
4.241844032523989e-10
5.297559532683847e-10
6.290968362503461e-10
7.721423612460102e-10
7.126822067673833e-10
8.687621374783781e-10
1.004001077687192e-09
9.924866318170259e-10
1.115315226674673e-09
-4.677819768655842e-08
1.523597354082411e-09
1.797477731651390e-09
1.755365251260785e-09
1.766551483166548e-09
1.887630110971779e-09
2.139291799144751e-09
2.475129048170404e-09
2.930446577110185e-09
3.551816374368892e-09
4.398936848338759e-09
5.509204932789292e-09
6.981644523412991e-09
8.962564980609466e-09
1.157087661961528e-08
1.504756282353801e-08
1.962910247353528e-08
2.568247145286097e-08
3.375394833436601e-08
4.448053443530506e-08
5.863983197531659e-08
7.743978365030031e-08
1.023797298851639e-07
1.354621368519275e-07
1.791947549634644e-07
2.370482353212863e-07
3.135374610034786e-07
4.145286344637945e-07
5.482203764600481e-07
7.244877943138959e-07
9.578780210426290e-07
1.265126153369301e-06
1.670532450441671e-06
2.206201873604504e-06
2.910853332116633e-06
3.836900456980615e-06
5.066512027459998e-06
6.680389918690585e-06
8.807954413008327e-06
1.160120547137610e-05
1.529597562804279e-05
2.010320444175879e-05
2.643887078336420e-05
3.476326033055659e-05
4.570265576387690e-05
6.006449173606517e-05
7.885831405785382e-05
1.036438656017849e-04
1.360632533558911e-04
1.786445084504458e-04
2.346903588414485e-04
3.076086420267833e-04
4.036446183230813e-04
5.291506624930190e-04
6.937519604866167e-04
9.091453452322858e-04
1.194040101166938e-03
1.566601524234641e-03
2.055564803765073e-03
2.696045778250624e-03
3.537727193991657e-03
4.639959451043251e-03
6.079719407699399e-03
7.975938621975012e-03
1.045902039629849e-02
1.370173748805884e-02
1.793974827544531e-02
2.346781345763548e-02
3.067316534808316e-02
4.004883597425150e-02
5.220135757395823e-02
6.779975181101230e-02
8.775516785304772e-02
1.129363454909335e-01
1.444402835161177e-01
1.834572104884728e-01
2.310754128397816e-01
2.881953421532933e-01
3.550162143798992e-01
4.308679629240703e-01
5.140787444605486e-01
6.016130252566615e-01
6.893578001547066e-01
7.726182958755951e-01
8.468247876791711e-01
9.107907247616129e-01
9.882831348740970e-01
###4.399999999999999e+00
-1.533408189852507e-10
1.548937232915061e-08
1.445474599273656e-10
4.878208825152846e-10
5.157748560419367e-10
6.219397820945705e-10
7.570617555004120e-10
8.795580258558164e-10
8.421386134767280e-10
1.007133834344527e-09
1.233380673225680e-09
1.189520097938004e-09
1.347834061413752e-09
-4.630981121394463e-08
1.869570417404934e-09
2.209414824720156e-09
2.130163886359015e-09
2.122541134035753e-09
2.241949463906593e-09
2.507156549200804e-09
2.869947877770617e-09
3.362373055020508e-09
4.040976860411925e-09
4.958572212146109e-09
6.164985435103498e-09
7.766020108516875e-09
9.914411346125698e-09
1.274130956837457e-08
1.650950479179422e-08
2.148638118819200e-08
2.805295643464272e-08
3.682246852300217e-08
4.846096390039501e-08
6.381793150098487e-08
8.423329858418701e-08
1.112918602507483e-07
1.472530322152729e-07
1.947663591189975e-07
2.576473935114874e-07
3.407900953803673e-07
4.506212270740793e-07
5.960937359984548e-07
7.879416491141506e-07
1.042103978434694e-06
1.376898751028594e-06
1.818746909300830e-06
2.403017696344602e-06
3.172120290748046e-06
4.183402366766671e-06
5.527118958821486e-06
7.292323935804956e-06
9.621634303843054e-06
1.268038413845931e-05
1.673152088420725e-05
2.200464739704363e-05
2.896403783080354e-05
3.811792243241619e-05
5.015650809764343e-05
6.598123577567683e-05
8.671407342156213e-05
1.140956734291420e-04
1.499572685858978e-04
1.971276844842143e-04
2.593220873479735e-04
3.402967270367790e-04
4.471201796240118e-04
5.869434991030678e-04
7.705607771188420e-04
1.011265117628449e-03
1.330025653090521e-03
1.747378085159124e-03
2.295826455746957e-03
3.014935966039654e-03
3.960676664844894e-03
5.200137964729420e-03
6.821548151932637e-03
8.951328957403708e-03
1.174290397680015e-02
1.538561464172278e-02
2.014034242504989e-02
2.633089880339240e-02
3.438015586425605e-02
4.482391925346409e-02
5.831446243721598e-02
7.555170859378031e-02
9.748833073208840e-02
1.249993734502945e-01
1.591754180864824e-01
2.011523340598531e-01
2.518997896285829e-01
3.121127557571619e-01
3.817005965911712e-01
4.596091398300902e-01
5.437998384775640e-01
6.308696079323469e-01
7.165054957474061e-01
7.960485562731661e-01
8.652275990048521e-01
9.230706084920709e-01
9.901069092201964e-01
###4.800000000000000e+00
-1.368977060421484e-10
1.539163691169683e-08
1.073942953901112e-10
5.297939692079526e-10
5.796015598168885e-10
7.306818454613504e-10
8.754925851983209e-10
9.984730127391490e-10
9.867375774681149e-10
1.172490085934064e-09
1.416335943811037e-09
1.414885773068853e-09
1.622879846935313e-09
-4.575415721988103e-08
2.281819621624299e-09
2.707227651178114e-09
2.583717985289295e-09
2.542661400923681e-09
2.660879676356999e-09
2.943141219040275e-09
3.335080013343995e-09
3.865914761580533e-09
4.605665464979713e-09
5.601829948636606e-09
6.914179220962342e-09
8.653890441004442e-09
1.098421349332476e-08
1.404736375148258e-08
1.814104885794004e-08
2.354778328740389e-08
3.067368690156986e-08
4.019428979775807e-08
5.283592685052977e-08
6.949482090645708e-08
9.167333206319642e-08
1.210462194784971e-07
1.601092966482705e-07
2.117618719104129e-07
2.801231118368213e-07
3.705680119770187e-07
4.900371485461377e-07
6.483776729391968e-07
8.572990052044364e-07
1.134146294188786e-06
1.499098057884033e-06
1.980991475350223e-06
2.618535930601709e-06
3.458404519479493e-06
4.563275772068146e-06
6.032728823367787e-06
7.964646309201979e-06
1.051622800418959e-05
1.386834781200724e-05
1.831221758314893e-05
2.410165828735698e-05
3.175046235652106e-05
4.182341668972716e-05
5.508245434229205e-05
7.253259288424497e-05
9.542063310901110e-05
1.256933587855638e-04
1.653885025416217e-04
2.176783060594624e-04
2.867296048660101e-04
3.766936981885349e-04
4.955863672496673e-04
6.513922865852266e-04
8.562924880651808e-04
1.125219216264947e-03
1.481824970600614e-03
1.949194832549618e-03
2.563979852657873e-03
3.370614533055201e-03
4.431979094932011e-03
5.823707194354677e-03
7.645686555284101e-03
1.003420132405131e-02
1.316423179995766e-02
1.724488612371858e-02
2.256312340783999e-02
2.947280500563036e-02
3.843246198113241e-02
5.001867836370230e-02
6.493083742154854e-02
8.389119853867549e-02
1.078897214588315e-01
1.377971130704004e-01
1.746878322350853e-01
2.196033746098738e-01
2.733766938387776e-01
3.365321292142404e-01
4.086133042222287e-01
4.882209272421503e-01
5.729615750530385e-01
6.591280179358079e-01
7.422968000185461e-01
8.179067706388223e-01
8.820608437528774e-01
9.340793607966684e-01
9.917063212087042e-01
###5.200000000000000e+00
-7.960273957642124e-11
1.530838015728045e-08
1.857323467384943e-10
5.709296250138960e-10
6.777270269714531e-10
8.207370140094648e-10
9.980854300428231e-10
1.171360774593702e-09
1.084332436470214e-09
1.335882357242971e-09
1.649397426102241e-09
1.678822566417578e-09
1.956384209090111e-09
-4.508359062395377e-08
2.782965940883181e-09
3.308033580628245e-09
3.123371138088491e-09
3.049535367581166e-09
3.157621038702235e-09
3.459163087651768e-09
3.876903807620552e-09
4.456104270123329e-09
5.162340361907373e-09
6.341377683370243e-09
7.768935436135465e-09
9.665148132410500e-09
1.218420773063408e-08
1.552120640833586e-08
1.996265412147564e-08
2.584099259238824e-08
3.357571825624908e-08
4.391070538184459e-08
5.765333869307797e-08
7.572694913913907e-08
9.982156641566446e-08
1.317881047260243e-07
1.741737261164515e-07
2.303438364880231e-07
3.046931511027409e-07
4.030979274405473e-07
5.331325498018276e-07
7.055836023192770e-07
9.331507875346529e-07
1.234874332291319e-06
1.632859675287393e-06
2.158743588462813e-06
2.854789987874237e-06
3.772249979623349e-06
4.980230654048822e-06
6.588033005625607e-06
8.703497778200459e-06
1.150032383707067e-05
1.517627701534149e-05
2.005422891968901e-05
2.641511893114514e-05
3.482747605134026e-05
4.591543729157258e-05
6.053187223637092e-05
7.978910271427700e-05
1.050753169933125e-04
1.385668412342686e-04
1.825317530423066e-04
2.405244842239373e-04
3.172220522359974e-04
4.172306160526733e-04
5.495828796887322e-04
7.232438573139552e-04
9.519229449499244e-04
1.252316662991288e-03
1.651053021320574e-03
2.174173820720763e-03
2.862784539920400e-03
3.766799324049675e-03
4.956388733353515e-03
6.516457965957673e-03
8.559275218406968e-03
1.123291478083408e-02
1.473426604193990e-02
1.929255417716740e-02
2.522284014968577e-02
3.290900301644302e-02
4.284705407022163e-02
5.565173129655571e-02
7.206716842491152e-02
9.282969777111975e-02
1.189692361519113e-01
1.513311061387798e-01
1.909570685313400e-01
2.387875701500513e-01
2.954853396927615e-01
3.613862943514269e-01
4.356818888277277e-01
5.166328692377786e-01
6.015007765493425e-01
6.863504996526520e-01
7.667113985147302e-01
8.382070258041313e-01
8.973789486544880e-01
9.438890550540768e-01
9.930970198946313e-01
###5.600000000000001e+00
-4.121393080961024e-11
1.522307393874985e-08
2.324833084157601e-10
6.209778017549977e-10
7.426219498505643e-10
9.346247157285656e-10
1.126003720856565e-09
1.322979520238295e-09
1.260530632224376e-09
1.547926989387742e-09
1.929035147931570e-09
1.993421871144826e-09
2.339771483274077e-09
-4.427314193594616e-08
3.393932574055509e-09
4.036808798729514e-09
3.779534366956987e-09
3.652527482735977e-09
3.753118498900664e-09
4.068227426797702e-09
4.520463950831774e-09
5.157043788197047e-09
5.938596220055923e-09
7.199636689081806e-09
8.755029166531711e-09
1.082217849293664e-08
1.356422755825684e-08
1.718631166795305e-08
2.200787332036801e-08
2.840242483915669e-08
3.680753418952511e-08
4.802901545803271e-08
6.296198080607041e-08
8.259579851505531e-08
1.087689412167467e-07
1.435371124265318e-07
1.895877009599525e-07
2.506929336533462e-07
3.315909930952624e-07
4.386895638600333e-07
5.802424810321327e-07
7.681131086163498e-07
1.016131625751182e-06
1.345127044538473e-06
1.779347121269717e-06
2.353436866363737e-06
3.113673864846367e-06
4.116861634738567e-06
5.438591274504816e-06
7.198793150627482e-06
9.516220796189815e-06
1.258333472305253e-05
1.661717514947100e-05
2.197534935903919e-05
2.896837200786379e-05
3.822641410006684e-05
5.042592640554590e-05
6.656541396356210e-05
8.782812337547376e-05
1.157808806399729e-04
1.528514018301739e-04
2.015699348735330e-04
2.659204603052551e-04
3.511365798584442e-04
4.623516519498018e-04
6.096954492788801e-04
8.032639758918576e-04
1.058478819875455e-03
1.393906905763351e-03
1.839541468860132e-03
2.424594005887083e-03
3.195169859294846e-03
4.206983425369430e-03
5.538591160882908e-03
7.284435799572245e-03
9.569738726968310e-03
1.255622939527080e-02
1.646346091534915e-02
2.154168125615169e-02
2.813407251309231e-02
3.665689581565309e-02
4.764161538513451e-02
6.174747660917237e-02
7.974002976284254e-02
1.023865782064206e-01
1.307342877348640e-01
1.655947755405580e-01
2.079645350557734e-01
2.586646955707090e-01
3.181742495405592e-01
3.866111695840443e-01
4.628233616672230e-01
5.447509518893462e-01
6.293356181723719e-01
7.124762414248755e-01
7.897314692979823e-01
8.569714232051737e-01
9.112413456161526e-01
9.525714104601440e-01
9.943026687554078e-01
###6.000000000000001e+00
-5.664101349508742e-11
1.515942198855054e-08
2.850825029649053e-10
6.959221090756705e-10
8.373348812824662e-10
1.048026119820253e-09
1.284902666881794e-09
1.486296163623090e-09
1.443159148510678e-09
1.788136342044207e-09
2.253844713308067e-09
2.371917509340702e-09
2.801673514236233e-09
-4.330618565519092e-08
4.124368037621958e-09
4.924424985779581e-09
4.572375474569068e-09
4.378292751783182e-09
4.465398601092984e-09
4.797388391228045e-09
5.289111952719570e-09
5.972110540122138e-09
6.839914557312353e-09
8.197022101468156e-09
9.890479865869976e-09
1.214358564605745e-08
1.512851488221510e-08
1.907025750840226e-08
2.431054573214881e-08
3.125989847106402e-08
4.040691017348945e-08
5.259035192748217e-08
6.881839053082387e-08
9.016878755362395e-08
1.186075198773887e-07
1.564425892775297e-07
2.065243559200770e-07
2.729506222478635e-07
3.610006538537555e-07
4.776247314906057e-07
6.317512064424843e-07
8.365197046909745e-07
1.106971297942226e-06
1.465841705126903e-06
1.939847998616626e-06
2.566843029074590e-06
3.397769124866864e-06
4.494985315457363e-06
5.942131143576988e-06
7.870604282710197e-06
1.041076155461462e-05
1.377642326512736e-05
1.820502215312900e-05
2.409453508610832e-05
3.178787862733125e-05
4.198315280767852e-05
5.542312198269450e-05
7.324460922995341e-05
9.673845916673100e-05
1.276527208634009e-04
1.687078652132749e-04
2.227160946479742e-04
2.941478395560737e-04
3.888386044391575e-04
5.125385721681185e-04
6.765790546834376e-04
8.923189527745238e-04
1.177066692312843e-03
1.551431320202250e-03
2.049189558527674e-03
2.702998316765360e-03
3.564282815936595e-03
4.695379923087535e-03
6.183463027261785e-03
8.133811995223190e-03
1.068514184427644e-02
1.401423784374649e-02
1.836367794927092e-02
2.400530209238754e-02
3.131249416679877e-02
4.073271711210888e-02
5.283315483835063e-02
6.831500321318142e-02
8.796361545939053e-02
1.125685199552623e-01
1.431846713576888e-01
1.805849576232366e-01
2.256925067537989e-01
2.791992417529285e-01
3.413872604174767e-01
4.121314485547973e-01
4.899566410217546e-01
5.724809296071465e-01
6.563840887072232e-01
7.374591265349626e-01
8.113396875325787e-01
8.742294090071636e-01
9.237080839502680e-01
9.602031290220182e-01
9.953359623902098e-01
###6.400000000000001e+00
-6.367928373288786e-12
1.509723034121579e-08
3.420241678624572e-10
8.085196550178955e-10
9.373202166506623e-10
1.189219807808217e-09
1.449971828126035e-09
1.675764230530853e-09
1.668818126401202e-09
2.055815374615697e-09
2.633863399591910e-09
2.804154354373353e-09
3.337731474242819e-09
-4.213006661816096e-08
5.004906879649830e-09
6.001215600865607e-09
5.530554589011089e-09
5.247448420089028e-09
5.315052727114255e-09
5.662330420146210e-09
6.188093998371381e-09
6.932676867032149e-09
7.878795705311431e-09
9.360547137124155e-09
1.120869956229296e-08
1.366267058809668e-08
1.691543544448458e-08
2.120863393014837e-08
2.690296750942570e-08
3.446834523353918e-08
4.441364348465794e-08
5.766149863535385e-08
7.531123633441646e-08
9.880591725536092e-08
1.294255836168299e-07
1.706586932187653e-07
2.251157993286986e-07
2.973293210018704e-07
3.932377099393065e-07
5.202602396285595e-07
6.881971284453588e-07
9.114227470662362e-07
1.206499045367929e-06
1.598103787387542e-06
2.115768254299356e-06
2.800957194210249e-06
3.709586999658950e-06
4.910190256785389e-06
6.496392520918905e-06
8.609347683652077e-06
1.139559571812196e-05
1.509012848264704e-05
1.995650176325750e-05
2.643292571226108e-05
3.490298032917100e-05
4.613439940825979e-05
6.094719719117974e-05
8.063862030306058e-05
1.066124883107290e-04
1.408237345845563e-04
1.863079003373995e-04
2.461983922486264e-04
3.254992325151721e-04
4.307459402881722e-04
5.683288852930563e-04
7.509683733689822e-04
9.913514436416726e-04
1.308876282978460e-03
1.726495505316272e-03
2.282022426025287e-03
3.012043944726872e-03
3.973599613957780e-03
5.236191565986638e-03
6.896680659271674e-03
9.071426357694283e-03
1.191384814922711e-02
1.561583897936094e-02
2.044619647598707e-02
2.669728430984396e-02
3.477390877252269e-02
4.515316294047445e-02
5.844030581246870e-02
7.537269016053572e-02
9.675308339530274e-02
1.233869368854338e-01
1.563248823254804e-01
1.962859812830556e-01
2.441110075379718e-01
3.003446199411798e-01
3.650605020951856e-01
4.378689615813424e-01
5.169919182344279e-01
5.997421185220708e-01
6.825790701625634e-01
7.612324192424053e-01
8.315204385001789e-01
8.900148957657942e-01
9.348485655896449e-01
9.668606247908529e-01
9.962152884596356e-01
###6.800000000000002e+00
6.856750362993453e-12
1.505315750371399e-08
4.159577536679777e-10
8.838128464028434e-10
1.033984402132078e-09
1.305169520676606e-09
1.624156895977577e-09
1.855817822030312e-09
1.895381484416516e-09
2.353181537905192e-09
3.063387565765391e-09
3.289127583443135e-09
3.969791289088012e-09
-4.073670442423941e-08
6.052691037623220e-09
7.292428834897858e-09
6.670593875205961e-09
6.276547917664167e-09
6.315158074145768e-09
6.673273875399606e-09
7.239722883893951e-09
8.050591989268921e-09
9.096631790746008e-09
1.070200651612759e-08
1.272401169846365e-08
1.539462515940116e-08
1.893993871367410e-08
2.361892010673448e-08
2.981599884720787e-08
3.803968466749529e-08
4.887458854605543e-08
6.328563686885407e-08
8.249636936052721e-08
1.080014056265385e-07
1.413697018290995e-07
1.862326493498657e-07
2.454770183211788e-07
3.240123264198917e-07
4.285044709731139e-07
5.668897142806311e-07
7.499430472075458e-07
9.934100830070737e-07
1.315507935218913e-06
1.743032745877715e-06
2.308612181771576e-06
3.057878085115463e-06
4.051818464588798e-06
5.366439817587100e-06
7.105658601632150e-06
9.422237767288599e-06
1.248015168075252e-05
1.653862591805690e-05
2.188872070694228e-05
2.901491023840908e-05
3.834323202635991e-05
5.072619070146957e-05
6.707986975902163e-05
8.882964465835365e-05
1.175534141316083e-04
1.554295180269809e-04
2.058280118994897e-04
2.722679559358207e-04
3.603201226725466e-04
4.772926869360497e-04
6.303110658479985e-04
8.336049547447838e-04
1.101363448162581e-03
1.455230443583305e-03
1.920815598747494e-03
2.540341953474256e-03
3.354437255720803e-03
4.426679388952247e-03
5.833975558505173e-03
7.683792941758115e-03
1.010431268016157e-02
1.326414112011224e-02
1.737255068970805e-02
2.272298349882522e-02
2.963131317537113e-02
3.853226952335456e-02
4.993609858349616e-02
6.447978709141042e-02
8.293302139015145e-02
1.061215338625135e-01
1.348488988207186e-01
1.701548240615361e-01
2.126882253224344e-01
2.631961733311483e-01
3.220624441702240e-01
3.891249167241568e-01
4.637521969401389e-01
5.438381195462608e-01
6.264365446441613e-01
7.078352257919089e-01
7.837704820880249e-01
8.502785085891571e-01
9.043665955716863e-01
9.447331801486406e-01
9.726175925137945e-01
9.969537468872622e-01
###7.200000000000002e+00
6.359186713124157e-11
1.496184814840980e-08
4.663219653838770e-10
9.588394300537292e-10
1.131406990199953e-09
1.434856669494210e-09
1.804398912176566e-09
2.053248797846025e-09
2.143602279444927e-09
2.689457983475308e-09
3.556251885226006e-09
3.864719888392846e-09
4.709946859305431e-09
-3.905741652198707e-08
7.319348823765812e-09
8.846721591707056e-09
8.037440801272919e-09
7.506011896063788e-09
7.500735772106589e-09
7.867636253740811e-09
8.477331858170603e-09
9.361350918386756e-09
1.052250882491265e-08
1.225928044803033e-08
1.447308101133909e-08
1.738440629102664e-08
2.124618827006548e-08
2.635107099997316e-08
3.310156567038166e-08
4.205249083007549e-08
5.385425972017194e-08
6.954157944908172e-08
9.043552184177410e-08
1.182098215357569e-07
1.545350587880170e-07
2.033512871087593e-07
2.678352814511917e-07
3.532347116502216e-07
4.670994949520005e-07
6.178511280392808e-07
8.175640389422112e-07
1.083200095556451e-06
1.435004472625992e-06
1.901993432281429e-06
2.520171348370189e-06
3.339911255954315e-06
4.427694514766143e-06
5.868015248662496e-06
7.775730481047236e-06
1.031705246600045e-05
1.367527849025588e-05
1.813573872406705e-05
2.402027814680979e-05
3.186599528879098e-05
4.214554619457220e-05
5.580527908469342e-05
7.386152619372751e-05
9.789822606211830e-05
1.296791413491796e-04
1.716228351079461e-04
2.274864515862139e-04
3.011962723711576e-04
3.989673370018057e-04
5.289538463182367e-04
6.991114911298131e-04
9.253204379392167e-04
1.223465838273868e-03
1.617588496291165e-03
2.136202847457764e-03
2.826463899308901e-03
3.733335664701159e-03
4.927423690572498e-03
6.493691603673832e-03
8.550837626222234e-03
1.123985948855313e-02
1.474515510157497e-02
1.929436300969233e-02
2.520610855810769e-02
3.282118916417250e-02
4.260530306176972e-02
5.509687701675388e-02
7.096757454230186e-02
9.101545821003501e-02
1.160774384945491e-01
1.469560872797526e-01
1.846675128651839e-01
2.297729168352492e-01
2.829113304109511e-01
3.442920873561374e-01
4.135243110374054e-01
4.896876692469918e-01
5.704045599063599e-01
6.524855414504659e-01
7.320885789741808e-01
8.050302196817624e-01
8.676167268371027e-01
9.173343962954370e-01
9.534402749127123e-01
9.775578705402141e-01
9.975675977878442e-01
###7.600000000000002e+00
7.071444069168119e-11
1.492335078452430e-08
5.180130456416775e-10
1.000707228179001e-09
1.241332747734441e-09
1.585931880483025e-09
1.987571471032980e-09
2.278821952927766e-09
2.449611837493140e-09
3.091478468433253e-09
4.153717988303935e-09
4.554529102332746e-09
5.607388101866415e-09
-3.702944842955075e-08
8.855050640004673e-09
1.074313276673867e-08
9.702938851484065e-09
8.992907534093505e-09
8.848959709000030e-09
9.299789603116419e-09
9.956799052307993e-09
1.092084001286287e-08
1.220677230895682e-08
1.409110406003477e-08
1.651116468723715e-08
1.969017591481194e-08
2.390692203297429e-08
2.948028115995868e-08
3.683753928051557e-08
4.658482744151950e-08
5.944658957596456e-08
7.652831315989109e-08
9.925632847239250e-08
1.294682717986708e-07
1.690804014421440e-07
2.222027979077421e-07
2.924509805938521e-07
3.853470296665108e-07
5.094825951309634e-07
6.737253335284231e-07
8.917320653965985e-07
1.181658767321257e-06
1.566102506618324e-06
2.076391241136352e-06
2.752508930704976e-06
3.649745328567616e-06
4.840932259837782e-06
6.419753551537667e-06
8.513169013337361e-06
1.130266580452813e-05
1.499289731989826e-05
1.989792704092729e-05
2.637401976796185e-05
3.501593845081176e-05
4.634963911724686e-05
6.142299480468350e-05
8.137302708962980e-05
1.079436268164880e-04
1.431129127932655e-04
1.895743694914028e-04
2.514992786461610e-04
3.332773010286910e-04
4.418332855502013e-04
5.862747306867470e-04
7.754513872968892e-04
1.027032868588607e-03
1.358766717490182e-03
1.797423657833887e-03
2.374684923815447e-03
3.142901531218005e-03
4.151929516588860e-03
5.479882628216282e-03
7.220360715493070e-03
9.504141795356486e-03
1.248561323202183e-02
1.636619258565515e-02
2.139418703946290e-02
2.790926168310302e-02
3.628194318568270e-02
4.700737876556464e-02
6.065214043887408e-02
7.791877058799815e-02
9.963017237455521e-02
1.266350355774367e-01
1.597140468453830e-01
1.998543972019757e-01
2.475206790120578e-01
3.032222581875849e-01
3.669815886974378e-01
4.381709449607908e-01
5.155947953323833e-01
5.966038130093934e-01
6.777992527374894e-01
7.552834293504467e-01
8.249873321648551e-01
8.835561942765936e-01
9.289755351801036e-01
9.610534120018386e-01
9.817586615422090e-01
9.980828698689008e-01
###8.000000000000002e+00
1.303178230162796e-10
1.486771362494532e-08
5.743408465765283e-10
1.092979318699142e-09
1.358255224909880e-09
1.743454297740499e-09
2.202913271005496e-09
2.546655350658674e-09
2.793927689616651e-09
3.564443418388755e-09
4.863973151927535e-09
5.378027406694180e-09
6.682995007156593e-09
-3.456478267465071e-08
1.072580028451903e-08
1.306311051191217e-08
1.172520253212346e-08
1.079721953701859e-08
1.058273179353269e-08
1.102201852409061e-08
1.172984583496476e-08
1.278409911466145e-08
1.420190006229579e-08
1.607565785993380e-08
1.889790744093748e-08
2.237977533236850e-08
2.698699526901346e-08
3.307390845277171e-08
4.110018939746194e-08
5.177345896224742e-08
6.574370215688736e-08
8.435718303948786e-08
1.091169945302527e-07
1.419706429619699e-07
1.851807750878188e-07
2.430187542801949e-07
3.195969697857690e-07
4.206819230631046e-07
5.560471742815169e-07
7.353156297706197e-07
9.733033024305523e-07
1.289763416582202e-06
1.710043604164399e-06
2.267915156132506e-06
3.007848889380621e-06
3.990293665042225e-06
5.295400052243004e-06
7.027022572628011e-06
9.325072388112685e-06
1.238890573656522e-05
1.644566456773031e-05
2.184266080568205e-05
2.897261602671749e-05
3.849638556974243e-05
5.099787253610540e-05
6.763749974667333e-05
8.969877627563144e-05
1.190664885632808e-04
1.579931212199860e-04
2.094646726821141e-04
2.781133765860294e-04
3.688452215039194e-04
4.893578416727521e-04
6.498178860445556e-04
8.600492459192588e-04
1.139744172292991e-03
1.508584651944735e-03
1.996460032696108e-03
2.638339356971722e-03
3.492441523827355e-03
4.613733279976063e-03
6.088440099875519e-03
8.019580935121711e-03
1.055045778970690e-02
1.384980303875463e-02
1.813732491130935e-02
2.368215436496994e-02
3.084546671064232e-02
4.002798504359577e-02
5.175399774696143e-02
6.661780457817158e-02
8.534810584770071e-02
1.087915611380905e-01
1.377955052200499e-01
1.731195427098750e-01
2.157017326556300e-01
2.659059900099620e-01
3.240848211004063e-01
3.900719973373979e-01
4.629913030424794e-01
5.413837410540493e-01
6.223441672772866e-01
7.023093138748542e-01
7.773655044819170e-01
8.436286212071470e-01
8.981266017523577e-01
9.393615669276811e-01
9.676583469385910e-01
9.852986252623086e-01
9.985023428482988e-01
###8.400000000000002e+00
1.823843341291608e-10
1.481511669392421e-08
6.415163497338849e-10
1.193574617944407e-09
1.497040299055051e-09
1.936206953439867e-09
2.457812827828078e-09
2.854579886622447e-09
3.211958658219669e-09
4.129867359291039e-09
5.709496786162024e-09
6.369223376812004e-09
7.994476067909197e-09
-3.156932067350219e-08
1.301856908733347e-08
1.591035529026551e-08
1.421145356775114e-08
1.299300617087349e-08
1.268132657133616e-08
1.310591171605317e-08
1.386590912626976e-08
1.501628549978916e-08
1.657844469689729e-08
1.865579783812308e-08
2.170948827978403e-08
2.553547448328208e-08
3.056586505800747e-08
3.721932453822831e-08
4.597904398705875e-08
5.761295363130447e-08
7.286076974987904e-08
9.316021463255673e-08
1.201426488752012e-07
1.559064291123376e-07
2.030358863719028e-07
2.660465697060989e-07
3.495463801492649e-07
4.597645027012950e-07
6.073150116666140e-07
8.030297031878837e-07
1.062853691195567e-06
1.408563996086185e-06
1.868202975250769e-06
2.478396371217316e-06
3.288491296298184e-06
4.364837416998151e-06
5.795511325123121e-06
7.695706622713733e-06
1.021952645577827e-05
1.358608718700672e-05
1.804853717015524e-05
2.398906020722590e-05
3.184313543901561e-05
4.234134106071525e-05
5.613596335356270e-05
7.451177277878708e-05
9.891017675927055e-05
1.313815083530187e-04
1.744784107280008e-04
2.315009486944108e-04
3.076082205869357e-04
4.082579322407280e-04
5.420193858394523e-04
7.202000893628602e-04
9.537223105401151e-04
1.264473728006240e-03
1.674351177168028e-03
2.216425556044046e-03
2.929493727455313e-03
3.877933642307274e-03
5.122454569124836e-03
6.757613210304983e-03
8.896757491282836e-03
1.169641601496273e-02
1.534087064734364e-02
2.006788647754027e-02
2.616909767304235e-02
3.402805437928586e-02
4.407458360877668e-02
5.686091966423332e-02
7.300907714186859e-02
9.327057261216998e-02
1.185095018305475e-01
1.495697826540834e-01
1.871716842685509e-01
2.322025684521231e-01
2.848941130633785e-01
3.454524028363856e-01
4.135002813877660e-01
4.879089464416683e-01
5.669661395239624e-01
6.475369443419036e-01
7.259330486581547e-01
7.982937619207890e-01
8.609522478125575e-01
9.113653860491338e-01
9.485575795191183e-01
9.733439152521831e-01
9.882555909198791e-01
9.988377627277587e-01
###8.800000000000002e+00
2.586811347710512e-10
1.478876229115925e-08
7.449509182595015e-10
1.310433881231788e-09
1.645411033723976e-09
2.151262939696178e-09
2.745090055053238e-09
3.210804073692236e-09
3.695307549561560e-09
4.810545596937779e-09
6.737135561785089e-09
7.571998692397121e-09
9.599844400073349e-09
-2.790317642144040e-08
1.584115605992078e-08
1.942291141362096e-08
1.726452363905497e-08
1.567994136987042e-08
1.523832643793462e-08
1.563935260539529e-08
1.645116862349917e-08
1.770205481126699e-08
1.942999968013208e-08
2.168620847366086e-08
2.503967707725412e-08
2.923845280392930e-08
3.471560578329617e-08
4.202674229319877e-08
5.160113469554514e-08
6.428635444428485e-08
8.094012408398992e-08
1.030974464000200e-07
1.325031562366708e-07
1.714589818812860e-07
2.228875035968360e-07
2.915744634294749e-07
3.826026697344588e-07
5.028801521730865e-07
6.638012980923163e-07
8.775448923454381e-07
1.161366160784580e-06
1.539207435325399e-06
2.042053516505070e-06
2.709932760688225e-06
3.597224032896189e-06
4.776838501307340e-06
6.345997121839544e-06
8.432082425916436e-06
1.120491969364187e-05
1.490581377693813e-05
1.981704862887641e-05
2.635878884192266e-05
3.501327023061389e-05
4.659253544908086e-05
6.181798649885002e-05
8.211974764646709e-05
1.091028415322270e-04
1.450172754038867e-04
1.927251698911590e-04
2.559009880512444e-04
3.402551867986049e-04
4.518914218807704e-04
6.003130029942369e-04
7.980840232381100e-04
1.057328748675826e-03
1.402423822483414e-03
1.857512472163689e-03
2.459237801758426e-03
3.250508429576053e-03
4.302439846888808e-03
5.681792982881951e-03
7.492250602689610e-03
9.858027990018878e-03
1.294958784889074e-02
1.696768290956993e-02
2.217120942072654e-02
2.886651048233500e-02
3.746930310288925e-02
4.843528327399222e-02
6.234203149937111e-02
7.983524278947614e-02
1.016984248755746e-01
1.287955019823772e-01
1.619581591894078e-01
2.018627934253747e-01
2.493098341853034e-01
3.044538792826545e-01
3.672752403463385e-01
4.371919221702964e-01
5.128421932943501e-01
5.922551094680940e-01
6.720975583455193e-01
7.486136521089847e-01
8.180261145188846e-01
8.769629245208097e-01
9.233195275730038e-01
9.566449677257483e-01
9.781980554543038e-01
9.907007278878115e-01
9.991098888454074e-01
###9.200000000000003e+00
3.133938659869878e-10
1.475522688487938e-08
8.544407873766560e-10
1.422895230094160e-09
1.834694345877773e-09
2.407691685474647e-09
3.071802823554619e-09
3.632429199915405e-09
4.278037885821201e-09
5.629659398679025e-09
7.985241273578307e-09
9.044694033362197e-09
1.156370222363182e-08
-2.340756542551357e-08
1.932970891979767e-08
2.377103086407408e-08
2.103488351745978e-08
1.898280822106365e-08
1.836636840775886e-08
1.872992673387410e-08
1.958625490688985e-08
2.095340977069551e-08
2.285691977129524e-08
2.535666847768489e-08
2.901045233385255e-08
3.361485124233030e-08
3.961961052438811e-08
4.763249179236704e-08
5.810422991621630e-08
7.196096336216075e-08
9.014983304472055e-08
1.143425212751760e-07
1.464180911152399e-07
1.888887850727727e-07
2.450215080390116e-07
3.199344846570065e-07
4.191100398622000e-07
5.506638760208993e-07
7.262074120699301e-07
9.593751864694651e-07
1.269686490681770e-06
1.683007408666658e-06
2.233465109308247e-06
2.964592465232447e-06
3.936987495624791e-06
5.230321884738442e-06
6.952354579499649e-06
9.243301871078674e-06
1.229117581337145e-05
1.636166319601849e-05
2.176951812127683e-05
2.897489364994444e-05
3.851609066643377e-05
5.128963481287664e-05
6.809942628043996e-05
9.053212574266058e-05
1.203761144435129e-04
1.601025043421500e-04
2.129213263082990e-04
2.829068590766389e-04
3.763942842395183e-04
5.001709836631492e-04
6.647770422804790e-04
8.842052317213297e-04
1.171851039594062e-03
1.554731991118778e-03
2.059587027273094e-03
2.726891062945419e-03
3.603995112438469e-03
4.769279141176074e-03
6.295953641790880e-03
8.297453806223541e-03
1.090943654803818e-02
1.431750687948576e-02
1.873941926179495e-02
2.445529089606194e-02
3.178735027867127e-02
4.118385692625415e-02
5.312527847213867e-02
6.821351872493245e-02
8.711550939794555e-02
1.106465015939523e-01
1.396543022988520e-01
1.749633307815379e-01
2.171838386768415e-01
2.670328046637688e-01
3.245431900817269e-01
3.894942443971581e-01
4.610867561962479e-01
5.377064243633946e-01
6.171540117441692e-01
6.959524780802583e-01
7.702957397673967e-01
8.365469166360637e-01
8.916764653342864e-01
9.340484689456126e-01
9.637071819138087e-01
9.823086010893242e-01
9.927050886251479e-01
9.993230106518466e-01
###9.600000000000003e+00
3.808943447901527e-10
1.475121537385289e-08
9.773780069962218e-10
1.578891222123905e-09
2.047925896795642e-09
2.698304379017141e-09
3.453326077475418e-09
4.148190375336950e-09
4.986339360569786e-09
6.623437861023943e-09
9.511773999357431e-09
1.085147306525923e-08
1.399161338138625e-08
-1.786668868527337e-08
2.366617869981092e-08
2.918953619504090e-08
2.571084175764155e-08
2.306367724149451e-08
2.221558128209655e-08
2.252156628806739e-08
2.342005760933042e-08
2.491124982308474e-08
2.700934436117763e-08
2.977545337919553e-08
3.376996986561219e-08
3.882918265073018e-08
4.542953183386010e-08
5.420436882656074e-08
6.566699219258340e-08
8.081311215786354e-08
1.007021030599211e-07
1.271330491290890e-07
1.621636320829953e-07
2.084874906125538e-07
2.697736195200005e-07
3.513497892123432e-07
4.596905877926302e-07
6.035411788073676e-07
7.955468769829728e-07
1.050055394505207e-06
1.389008275259904e-06
1.841284063268307e-06
2.444159176507404e-06
3.244984569530439e-06
4.310929668718496e-06
5.729961560966702e-06
7.620220646345168e-06
1.013746516874881e-05
1.348863856710553e-05
1.796769143717203e-05
2.392502116612463e-05
3.186390129094443e-05
4.238635488589120e-05
5.648151644238685e-05
7.504293409594844e-05
9.983801148129565e-05
1.328426181802429e-04
1.767915921410261e-04
2.352645641765280e-04
3.127788302615033e-04
4.163664252735865e-04
5.535548068614904e-04
7.360534754125604e-04
9.793807085251164e-04
1.298298306679220e-03
1.722768305834783e-03
2.282342308337131e-03
3.021695277462991e-03
3.992756528272423e-03
5.281920371054876e-03
6.969341845608044e-03
9.178820324764690e-03
1.205793658505968e-02
1.580801084276873e-02
2.066557729859689e-02
2.693059905987598e-02
3.494464463193261e-02
4.518600285780814e-02
5.815822674529900e-02
7.448706550959153e-02
9.486962419110584e-02
1.201204926785028e-01
1.510917652727376e-01
1.885803638696763e-01
2.331214784740568e-01
2.853418308247480e-01
3.451263585434622e-01
4.120570449860587e-01
4.851030443375278e-01
5.624222743165885e-01
6.415975357150959e-01
7.190283317599140e-01
7.909270004126955e-01
8.538476344185769e-01
9.051276151595502e-01
9.436147048032233e-01
9.698288829800904e-01
9.857582408393152e-01
9.943292898529127e-01
9.994911355219023e-01
###1.000000000000000e+01
4.812845966919138e-10
1.477127008698324e-08
1.124584078155262e-09
1.764369131043385e-09
2.303920770248531e-09
3.035190641550992e-09
3.909732362504295e-09
4.768810530751078e-09
5.838239545541720e-09
7.840907287260945e-09
1.139005752106844e-08
1.308419946136565e-08
1.699996431853396e-08
-1.099717764669603e-08
2.908659744954704e-08
3.597684792889357e-08
3.154302553405769e-08
2.813094318197709e-08
2.697717582678660e-08
2.719917978896427e-08
2.813374260578236e-08
2.975973466612855e-08
3.207152557677680e-08
3.513311760328464e-08
3.951003703204919e-08
4.507564578273572e-08
5.234078284101504e-08
6.196140887667275e-08
7.452823156275709e-08
9.110131352520539e-08
1.128775792848225e-07
1.417569738396191e-07
1.800230706582358e-07
2.306054705442342e-07
2.975458359616686e-07
3.865576836716118e-07
5.050491254758825e-07
6.622201169363748e-07
8.723460186964745e-07
1.150510135378234e-06
1.520939152659990e-06
2.015889507821632e-06
2.676399516850047e-06
3.553937909366607e-06
4.723025155691044e-06
6.280534049593577e-06
8.356272079828740e-06
1.112357956994108e-05
1.480991182116267e-05
1.973928719810916e-05
2.630558004227849e-05
3.505583273481796e-05
4.666269568065805e-05
6.222064968367624e-05
8.271974456678130e-05
1.101295392567304e-04
1.466184052908290e-04
1.952403868123147e-04
2.599684002475399e-04
3.458144832266464e-04
4.605447778448551e-04
6.125531731927969e-04
8.147438293225767e-04
1.084418435437408e-03
1.437766489086690e-03
1.907992881643105e-03
2.527559279463207e-03
3.345749535909957e-03
4.419692318470250e-03
5.844130550870227e-03
7.706538764613978e-03
1.014166629738817e-02
1.331043193701186e-02
1.742979783494312e-02
2.275549115603445e-02
2.960891576813960e-02
3.835029760423610e-02
4.948784049631240e-02
6.354849178100079e-02
8.118030057438193e-02
1.031020189981270e-01
1.301323549473960e-01
1.631143726287792e-01
2.028067382170115e-01
2.496625053704463e-01
3.042010587735259e-01
3.661544661478520e-01
4.348969836594477e-01
5.091719843949054e-01
5.869083419962986e-01
6.654999395341803e-01
7.412616475398338e-01
8.104714036580880e-01
8.699228737862158e-01
9.173512647245738e-01
9.520919811780230e-01
9.750958103229310e-01
9.886295253837979e-01
9.956343559855733e-01
9.996208854713300e-01
###1.040000000000000e+01
5.933650825979055e-10
1.480072359713852e-08
1.287581450849842e-09
2.004288109509957e-09
2.590380172769347e-09
3.453403570618567e-09
4.469927389207924e-09
5.517682972196154e-09
6.864644451591808e-09
9.337689177143369e-09
1.371987247033189e-08
1.586075354374931e-08
2.076023601749141e-08
-2.432213813994086e-09
3.590200173185723e-08
4.451424256211589e-08
3.885488706528608e-08
3.445941534387601e-08
3.289986727697351e-08
3.299928849520673e-08
3.396244373730290e-08
3.573035356745690e-08
3.827840845816526e-08
4.167373461681629e-08
4.647892548873028e-08
5.261784032261421e-08
6.062069721439636e-08
7.118712453566204e-08
8.497859346765376e-08
1.031313334780064e-07
1.269874662351617e-07
1.584956351503311e-07
2.004103339952854e-07
2.556478830554749e-07
3.288464137282084e-07
4.261741088923881e-07
5.556885399108595e-07
7.276144678953647e-07
9.574295926359667e-07
1.262189694099523e-06
1.666734587096140e-06
2.208399328352140e-06
2.932715311191457e-06
3.894353843064806e-06
5.177479208616670e-06
6.887598668209430e-06
9.167941693124126e-06
1.221119763476625e-05
1.626762109730442e-05
2.169480098731026e-05
2.893474692469121e-05
3.858219300176467e-05
5.138618475254415e-05
6.856156346582078e-05
9.120337196315743e-05
1.215008764183744e-04
1.618410818382428e-04
2.156361279731859e-04
2.872601914184195e-04
3.823127433290155e-04
5.093448660553478e-04
6.776927580667807e-04
9.015976316896415e-04
1.200246904739285e-03
1.591451945998283e-03
2.111849480645277e-03
2.797254400381389e-03
3.701731445494955e-03
4.887911972953675e-03
6.459710219928948e-03
8.512208560753583e-03
1.119228468994859e-02
1.467353101345842e-02
1.919102845340681e-02
2.501909602704745e-02
3.250125758034724e-02
4.201686265448039e-02
5.410360424994426e-02
6.931399798038176e-02
8.830689607364055e-02
1.118232910891990e-01
1.406889161616181e-01
1.757188040845300e-01
2.176307486465773e-01
2.667936443000493e-01
3.235829073109433e-01
3.875848733771920e-01
4.579524534715693e-01
5.332165879185435e-01
6.110820245178210e-01
6.887831508905360e-01
7.625939583424077e-01
8.289021605280115e-01
8.847819934218649e-01
9.283971484292730e-01
9.595502323790086e-01
9.795934061154743e-01
9.909978070073355e-01
9.966716242140439e-01
9.997137793052173e-01
###1.080000000000000e+01
6.753310540359194e-10
1.480562631312325e-08
1.365153812456149e-09
2.159358714381306e-09
2.826792168101367e-09
3.738301388589092e-09
4.819186019690366e-09
5.942297316630403e-09
7.424051935491028e-09
1.002523818396016e-08
1.458028422310836e-08
1.686445996432163e-08
2.192982835634913e-08
1.782080368592402e-09
3.756475737973175e-08
4.656241473342094e-08
4.136821572237530e-08
3.726489048744044e-08
3.591392388886647e-08
3.622275643820949e-08
3.743355468960328e-08
3.949207857260608e-08
4.239523556512462e-08
4.622822329602938e-08
5.154686446143224e-08
5.834394819035360e-08
6.717581013365626e-08
7.879057722514494e-08
9.392950231186544e-08
1.138220062468871e-07
1.399351898843503e-07
1.744150649210716e-07
2.201996824668213e-07
2.805857907486263e-07
3.606283697239406e-07
4.670585353768465e-07
6.086128154092325e-07
7.967324701665144e-07
1.048010460884687e-06
1.381824176177390e-06
1.824968415480635e-06
2.418418697998911e-06
3.212063035196045e-06
4.267527196042754e-06
5.675798053970676e-06
7.554090937733370e-06
1.006051266807800e-05
1.340778647934142e-05
1.787234375325777e-05
2.385015254707760e-05
3.182215645803158e-05
4.246096568016948e-05
5.658903144663669e-05
7.554980045948631e-05
1.005627544647125e-04
1.340437796425601e-04
1.786355434673972e-04
2.381445555532132e-04
3.173967260676149e-04
4.225724433764203e-04
5.631856542687402e-04
7.495201364775637e-04
9.973570637235036e-04
1.327833551365210e-03
1.760597616510567e-03
2.335992649708114e-03
3.093402229849196e-03
4.092142638110296e-03
5.400612230643516e-03
7.132763398933469e-03
9.391604524095425e-03
1.233650107555915e-02
1.615510015226135e-02
2.110077677907092e-02
2.746694635690707e-02
3.561975633050665e-02
4.595776232821101e-02
5.904744164943625e-02
7.546598463511464e-02
9.587854151925021e-02
1.210477816144854e-01
1.517968136000940e-01
1.889095813424563e-01
2.330479178601505e-01
2.844993410069407e-01
3.434464558610613e-01
4.093589625643458e-01
4.811590824468618e-01
5.571603373491187e-01
6.348616946233909e-01
7.113810757616431e-01
7.829713350360387e-01
8.461977446480103e-01
8.984442875242467e-01
9.383159272159227e-01
9.660704449012737e-01
9.834040158147862e-01
9.929342969718790e-01
9.974873136381166e-01
9.997979219895956e-01
###1.120000000000000e+01
7.363399852145722e-10
1.477062565615327e-08
1.447260388710797e-09
2.287145327050635e-09
2.999903606439998e-09
3.961156659527461e-09
5.083878587342183e-09
6.242462115708394e-09
7.802706336659030e-09
1.042540755305080e-08
1.490999839220540e-08
1.724290793747640e-08
2.220854305149205e-08
4.177045418696687e-09
3.744296296320137e-08
4.634184998030508e-08
4.213774844206682e-08
3.874313838277190e-08
3.782219705104339e-08
3.846681230528693e-08
4.001816893955612e-08
4.242951780971154e-08
4.575974448029523e-08
5.008729447631314e-08
5.598867193505163e-08
6.350643028280065e-08
7.324975297315496e-08
8.600783086443796e-08
1.026260157807004e-07
1.244145068642793e-07
1.529934219592988e-07
1.907444017190262e-07
2.407478055314984e-07
3.067849993512265e-07
3.943090821768131e-07
5.106825011859102e-07
6.654385773849471e-07
8.713060361874821e-07
1.146233730369495e-06
1.511823902248118e-06
1.997730901875894e-06
2.648307669109909e-06
3.518268133453879e-06
4.676988510536028e-06
6.223084671781920e-06
8.286882265728272e-06
1.104280099127541e-05
1.472504228827792e-05
1.963971253198396e-05
2.622552338352108e-05
3.500320898963666e-05
4.673779282811887e-05
6.232668196777781e-05
8.325757118450636e-05
1.108966208576578e-04
1.478882158074373e-04
1.971800372740923e-04
2.629900345173712e-04
3.506430450829179e-04
4.669755645323629e-04
6.225461397936790e-04
8.286716505742340e-04
1.102806909996975e-03
1.468185838578891e-03
1.946523309774223e-03
2.582109597732944e-03
3.418158091334230e-03
4.519785680901285e-03
5.961388530287876e-03
7.867779405266961e-03
1.035009708784662e-02
1.358134496950849e-02
1.776297212876340e-02
2.316768891507176e-02
3.010959653276901e-02
3.897631043026051e-02
5.018587096234387e-02
6.433293317109125e-02
8.201618833957738e-02
1.039084480356104e-01
1.307857825429097e-01
1.634599509670603e-01
2.026799015218725e-01
2.490423737661023e-01
3.027318158069128e-01
3.637525948429812e-01
4.314260875178108e-01
5.044465582269617e-01
5.809181741638785e-01
6.581774205597932e-01
7.332285213675745e-01
8.023606952215737e-01
8.623513793371193e-01
9.109359715220526e-01
9.471693045050588e-01
9.717303256749174e-01
9.866061002110682e-01
9.945032916189015e-01
9.981227830810319e-01
9.998545239308592e-01
###1.160000000000000e+01
8.170829105525087e-10
1.474426539829570e-08
1.552569293075061e-09
2.420097906294993e-09
3.178527493270455e-09
4.192128601806288e-09
5.357585920463524e-09
6.569897034750744e-09
8.184654982373629e-09
1.083060820950180e-08
1.525520607946838e-08
1.765239797703368e-08
2.255438073251653e-08
6.450569561771460e-09
3.742989375780827e-08
4.622908861039584e-08
4.295477663597869e-08
4.025472291712837e-08
3.977319437701007e-08
4.077593392096124e-08
4.268960237603752e-08
4.550048898499056e-08
4.928268280452172e-08
5.414415641152721e-08
6.069098580619142e-08
6.899413403753032e-08
7.973027529241702e-08
9.373721998353497e-08
1.119754044634581e-07
1.358425621402450e-07
1.671264250803228e-07
2.084568459960062e-07
2.630787870552322e-07
3.353094666971648e-07
4.310380010850994e-07
5.583595039343673e-07
7.275629154416185e-07
9.529790780211741e-07
1.253867164784536e-06
1.654401206423863e-06
2.187274167286741e-06
2.900684670029631e-06
3.854723594505484e-06
5.127046047045818e-06
6.825251940767493e-06
9.093611648498398e-06
1.212443495293022e-05
1.617585063311462e-05
2.158857006375136e-05
2.884366146656024e-05
3.851302111242988e-05
5.145483648502056e-05
6.865692308650806e-05
9.176272627537072e-05
1.223042288088745e-04
1.631641517256371e-04
2.176381367720702e-04
2.903996145529410e-04
3.873077863123063e-04
5.159510801564028e-04
6.879547672547079e-04
9.158260739055904e-04
1.218822286026257e-03
1.622549231365753e-03
2.150745272815252e-03
2.852162324806501e-03
3.774026350053242e-03
4.987611162151784e-03
6.573956951642528e-03
8.668968703286949e-03
1.139310001594891e-02
1.493277647827720e-02
1.950491457904114e-02
2.540174853481066e-02
3.295735053774932e-02
4.258264699423638e-02
5.471367147692150e-02
6.997304340510897e-02
8.897939835585225e-02
1.124085472873678e-01
1.410462972446606e-01
1.756822502813514e-01
2.170253386904801e-01
2.655933367379745e-01
3.214656424790042e-01
3.844558557355410e-01
4.537253240503811e-01
5.277511089102925e-01
6.044340060202668e-01
6.809547211982345e-01
7.542606366811143e-01
8.207250180054809e-01
8.773668808426193e-01
9.223002671594283e-01
9.550232136706830e-01
9.766069935558489e-01
9.892751479628832e-01
9.957622490645962e-01
9.986116383982826e-01
9.998952335204634e-01
###1.200000000000001e+01
8.857093743432328e-10
1.471665438023933e-08
1.656693867591363e-09
2.549920257031817e-09
3.354825122243731e-09
4.427172369585150e-09
5.641315369554380e-09
6.901221022973819e-09
8.573126055032322e-09
1.125084396247814e-08
1.563061565296350e-08
1.809493240360404e-08
2.293835143058713e-08
8.627332912634284e-09
3.752302964668530e-08
4.623561978281888e-08
4.384037053607508e-08
4.180839933015310e-08
4.178109911708508e-08
4.316096864698479e-08
4.546797897408681e-08
4.870505515886630e-08
5.297759260116519e-08
5.842835765658606e-08
6.566595712880388e-08
7.483230557155668e-08
8.665352003503545e-08
1.020316787117687e-07
1.220291539442876e-07
1.481765645177006e-07
1.824202578980998e-07
2.276666936563155e-07
2.873578213144471e-07
3.663801603282494e-07
4.711082342334580e-07
6.104095269830570e-07
7.955140917149210e-07
1.042411108947939e-06
1.371852152970239e-06
1.810801475026729e-06
2.395299458021729e-06
3.177814675938304e-06
4.224633772971643e-06
5.622031616938688e-06
7.487683958382390e-06
9.981848734311068e-06
1.331562960861655e-05
1.777506762652319e-05
2.373649740366140e-05
3.173017619603883e-05
4.238425523070381e-05
5.665929622210749e-05
7.564070781902663e-05
1.011476394825132e-04
1.348870321148081e-04
1.800138557033691e-04
2.401977422127526e-04
3.206125425631897e-04
4.277177149044686e-04
5.699697491354094e-04
7.599652654879494e-04
1.011730919604150e-03
1.346335560181870e-03
1.792016315363752e-03
2.374730805913393e-03
3.148005877312487e-03
4.163500974739717e-03
5.498807967925438e-03
7.242133808614189e-03
9.541483819259672e-03
1.252680776323145e-02
1.639843185883420e-02
2.138953036946334e-02
2.781257429249044e-02
3.602185068986612e-02
4.644623125673649e-02
5.955320569128081e-02
7.598132499669794e-02
9.636446356848051e-02
1.213852981670578e-01
1.518282971580212e-01
1.884594158965213e-01
2.319377959606459e-01
2.826864490156722e-01
3.406664725602925e-01
4.055074930955478e-01
4.761899849030208e-01
5.509928970423743e-01
6.276195266636465e-01
7.031265036066680e-01
7.744302977489668e-01
8.380385429338237e-01
8.912501471551881e-01
9.325737211865369e-01
9.619417360268920e-01
9.807772387503902e-01
9.914805730204210e-01
9.967618657238565e-01
9.989834489617109e-01
9.999217237258724e-01
###1.240000000000001e+01
9.769624153292613e-10
1.469444065749450e-08
1.766185978720064e-09
2.697398627157999e-09
3.536714638414435e-09
4.665119392978514e-09
5.929089730018643e-09
7.239964070804270e-09
8.972230663041537e-09
1.168464666222106e-08
1.602606534862521e-08
1.857386184257990e-08
2.337636098896586e-08
1.071731404417649e-08
3.771900324910073e-08
4.636226119611678e-08
4.478693322477613e-08
4.340945284420131e-08
4.385102008676511e-08
4.563019966383898e-08
4.836113344649676e-08
5.205403060505562e-08
5.685526091750176e-08
6.294294167158938e-08
7.093559713084621e-08
8.104523661088902e-08
9.405091972106407e-08
1.108767419849213e-07
1.328489075047336e-07
1.614812503086241e-07
1.989736006411530e-07
2.485001216753524e-07
3.137667059774207e-07
4.002231242003033e-07
5.148360027985814e-07
6.672799045788520e-07
8.698682743561784e-07
1.140310558350020e-06
1.501209263498546e-06
1.982286795184602e-06
2.623641696600796e-06
3.482252897720017e-06
4.631270578954026e-06
6.166286542122088e-06
8.216709601014013e-06
1.095946007294459e-05
1.462765931489808e-05
1.953669458110120e-05
2.610307556824295e-05
3.491159013815587e-05
4.665228271108113e-05
6.239725064679259e-05
8.334284855273261e-05
1.114986418441418e-04
1.487622103148424e-04
1.985953379352078e-04
2.650732985381953e-04
3.539104545188662e-04
4.722226575531088e-04
6.294266661422229e-04
8.391782487910037e-04
1.117132340948413e-03
1.486387377266323e-03
1.977955595937554e-03
2.620191798899392e-03
3.471907370364839e-03
4.589096148380290e-03
6.056671056003564e-03
7.970064920497061e-03
1.049022217447814e-02
1.375693885142308e-02
1.798563650453600e-02
2.342538570624216e-02
3.041001996958984e-02
3.931300693488078e-02
5.058390873621280e-02
6.471939774028899e-02
8.236979491647388e-02
1.041859905416063e-01
1.308498064853227e-01
1.631400665102339e-01
2.017908805846494e-01
2.473983169964768e-01
3.002978411910197e-01
3.602993781538892e-01
4.268562048894341e-01
4.987647629057049e-01
5.740981595041910e-01
6.504002912191956e-01
7.246221608806582e-01
7.936929062135987e-01
8.542886517929191e-01
9.040219556129990e-01
9.418092701835989e-01
9.679989873482744e-01
9.843180380179070e-01
9.932881552894451e-01
9.975489179251110e-01
9.992632866757204e-01
9.999501270144523e-01
###1.280000000000001e+01
1.053984854182788e-09
1.467631367669495e-08
1.882436212778407e-09
2.846958506606286e-09
3.726700421473263e-09
4.912032770695630e-09
6.223775014634794e-09
7.580589581035333e-09
9.381855985161025e-09
1.213759485333479e-08
1.644822523021701e-08
1.908417020394185e-08
2.386628620527119e-08
1.273652356494216e-08
3.801798794670935e-08
4.660674132998571e-08
4.580703884236904e-08
4.507387095788777e-08
4.598891764153405e-08
4.819642069946461e-08
5.137231239194464e-08
5.556022012249920e-08
6.093277783856557e-08
6.770796505913261e-08
7.652429862432547e-08
8.765885449066607e-08
1.019573671121725e-07
1.204233650478487e-07
1.444995921498601e-07
1.758598816390446e-07
2.168959720872822e-07
2.710987078759899e-07
3.424844924236073e-07
4.370940022107294e-07
5.625347289782100e-07
7.293962111384205e-07
9.511943962357270e-07
1.247577159771029e-06
1.643030720184850e-06
2.170537935870402e-06
2.874309429910093e-06
3.816719961926697e-06
5.078281414463108e-06
6.764780549996786e-06
9.018750388841285e-06
1.203564380923502e-05
1.607223382328501e-05
2.147747583500143e-05
2.871038388966706e-05
3.841768469783660e-05
5.135378890806408e-05
6.872223419878325e-05
9.183437393554362e-05
1.229096032552396e-04
1.640563572045657e-04
2.190669902679351e-04
2.924686661043084e-04
3.905774142949697e-04
5.212137424735881e-04
6.948093662939166e-04
9.262327257259712e-04
1.232878649624373e-03
1.640035427180748e-03
2.181777088722238e-03
2.889008886837575e-03
3.825956104637086e-03
5.053748440106415e-03
6.664741839204533e-03
8.762328301500092e-03
1.152050559871958e-02
1.508969598474602e-02
1.970141565881361e-02
2.562084327581499e-02
3.320336523861495e-02
4.284340595415449e-02
5.500783931593947e-02
7.022370553708461e-02
8.914994367126870e-02
1.124525851758184e-01
1.408095537851367e-01
1.749817271817756e-01
2.156727072334934e-01
2.634010605915297e-01
3.183982429384000e-01
3.803215571702828e-01
4.484521271631094e-01
5.213807104377374e-01
5.970067094646940e-01
6.727082275989572e-01
7.453867093002393e-01
8.120116510688193e-01
8.694671929508284e-01
9.157073818008947e-01
9.500626103979507e-01
9.732664543338336e-01
9.872995934961294e-01
9.947552135302247e-01
9.981583345908873e-01
9.994672993642955e-01
9.999733956083725e-01
###1.320000000000001e+01
1.141508053880785e-09
1.465552079533825e-08
2.005069821862555e-09
2.993694024815885e-09
3.931294051051008e-09
5.170406090594089e-09
6.530980044665007e-09
7.937518283546091e-09
9.807654579263047e-09
1.260417050285678e-08
1.689942453866089e-08
1.963242751960633e-08
2.440818614016666e-08
1.470143488395441e-08
3.841689475793976e-08
4.696939934678793e-08
4.689881836587064e-08
4.680337117179970e-08
4.820434207319290e-08
5.086438979037489e-08
5.451249440051378e-08
5.923530939655147e-08
6.522626993501910e-08
7.274085833445628e-08
8.245241416769043e-08
9.470684470630352e-08
1.104060583638937e-07
1.306636186371255e-07
1.570399326267176e-07
1.913801572125548e-07
2.362987348826721e-07
2.956253354669955e-07
3.737378471744546e-07
4.773121080303651e-07
6.146083367123847e-07
7.972810889646508e-07
1.039983264638910e-06
1.364999316762520e-06
1.797993442737188e-06
2.377060659063988e-06
3.149595934774262e-06
4.184247506888744e-06
5.569715403028515e-06
7.422946017421179e-06
9.901397489318436e-06
1.322054380623559e-05
1.766325036532745e-05
2.361460033557532e-05
3.158276641618548e-05
4.228181880121007e-05
5.654013482165345e-05
7.569427536886429e-05
1.011909286682026e-04
1.354782296461549e-04
1.809001882855531e-04
2.416127253454943e-04
3.226292941130385e-04
4.309136586886079e-04
5.750786223025037e-04
7.666644281577970e-04
1.021827552743555e-03
1.359859192420482e-03
1.808452005731144e-03
2.404876738347768e-03
3.182859447224668e-03
4.212506525830808e-03
5.560443888347165e-03
7.326707364688517e-03
9.623015276759182e-03
1.263811950807245e-02
1.653228228897916e-02
2.155384445395001e-02
2.798543039950722e-02
3.620364134747668e-02
4.662393598543702e-02
5.973202685773013e-02
7.607898306640064e-02
9.633508565694202e-02
1.211755219334239e-01
1.512682696754445e-01
1.873572898509085e-01
2.300970714017272e-01
2.799257646634642e-01
3.369572190925377e-01
4.006942571990148e-01
4.702327175090180e-01
5.439782842740761e-01
6.196406882443655e-01
6.944855583459647e-01
7.653719759017723e-01
8.293618317085306e-01
8.835781526364016e-01
9.263433892308128e-01
9.573928601914092e-01
9.778141399805141e-01
9.897931893961569e-01
9.959376426555411e-01
9.986321532130893e-01
9.996234236791385e-01
9.999996813872636e-01
###1.360000000000001e+01
1.223606974357020e-09
1.465223701578401e-08
2.126159504923166e-09
3.148137660322664e-09
4.134887859084893e-09
5.439016384258761e-09
6.856568870870091e-09
8.310339820537701e-09
1.023305362728382e-08
1.308910760098184e-08
1.737043088275107e-08
2.021182065821506e-08
2.499419902861722e-08
1.660563086465252e-08
3.891166933319056e-08
4.745256743794689e-08
4.807030835166477e-08
4.860452197576518e-08
5.050269688492225e-08
5.363674598007180e-08
5.778850669459904e-08
6.308451396375211e-08
6.974442315690463e-08
7.805499253438405e-08
8.874654999399883e-08
1.022143904772518e-07
1.194422432986495e-07
1.416599991358026e-07
1.705474137506420e-07
2.081496262892995e-07
2.572980799195359e-07
3.217574950997074e-07
4.077041723924727e-07
5.211596268182954e-07
6.708284606070452e-07
8.714792639260304e-07
1.137439876842459e-06
1.493627002843221e-06
1.968491963979772e-06
2.603698824052013e-06
3.451913873978967e-06
4.587924083975352e-06
6.109994386517492e-06
8.146881322095477e-06
1.087247746348020e-05
1.452457098811727e-05
1.941501682398350e-05
2.596772544212937e-05
3.474685498590531e-05
4.653680094964512e-05
6.225393550372753e-05
8.337496370927502e-05
1.114984754480816e-04
1.493189292643131e-04
1.994429467684968e-04
2.664259905845412e-04
3.558063623071210e-04
4.752608793455924e-04
6.342643941006018e-04
8.455307304506309e-04
1.126707322303014e-03
1.499043257322560e-03
1.992811696499442e-03
2.648880003788060e-03
3.503855692899772e-03
4.634289283913573e-03
6.112200894566279e-03
8.046394902693198e-03
1.055709955943456e-02
1.384840204710895e-02
1.809160378809702e-02
2.355152395970285e-02
3.052752728944101e-02
3.942114860957357e-02
5.066578063743380e-02
6.476612409536060e-02
8.229584427540741e-02
1.039347765450401e-01
1.303629559252721e-01
1.622311413629765e-01
2.002631205996957e-01
2.450570575854559e-01
2.969498497418283e-01
3.559463875574939e-01
4.213702399102356e-01
4.921442423527798e-01
5.664840882498026e-01
6.419321525159091e-01
7.156678517195579e-01
7.845304217004783e-01
8.457160794711955e-01
8.966328268521230e-01
9.359727152593016e-01
9.638644291060480e-01
9.817143330989769e-01
9.918615389039004e-01
9.968828071900067e-01
9.989957591746870e-01
9.997371142519619e-01
9.999996813872636e-01
###1.400000000000001e+01
1.317171904202584e-09
1.464424315771458e-08
2.260893020568050e-09
3.304399047222116e-09
4.343245739331682e-09
5.709613658287899e-09
7.177329629637293e-09
8.689340735300012e-09
1.068435946977954e-08
1.358807676408287e-08
1.786970725323831e-08
2.082245227032983e-08
2.563446733749574e-08
1.846575127882196e-08
3.950169735814488e-08
4.804373673122767e-08
4.933244223810137e-08
5.048135150852594e-08
5.289286606386646e-08
5.652648445962188e-08
6.119391339202613e-08
6.712447588034034e-08
7.450452476959508e-08
8.368256515226289e-08
9.543014389550873e-08
1.102235569550307e-07
1.291158921050707e-07
1.534713283950515e-07
1.850943809409209e-07
2.262533010186488e-07
2.800664729419309e-07
3.506917528536444e-07
4.446713601855835e-07
5.688536479809367e-07
7.329122233348937e-07
9.526017740262065e-07
1.244132066301800e-06
1.634596621832834e-06
2.155404962854050e-06
2.852376018816495e-06
3.783785871172747e-06
5.031674000951778e-06
6.703983738652596e-06
8.942942888573851e-06
1.194100822120771e-05
1.595976057737828e-05
2.134269779651595e-05
2.855929829094851e-05
3.823174860155230e-05
5.122316989805538e-05
6.854438851532897e-05
9.183180665835780e-05
1.228491095912306e-04
1.645586179948301e-04
2.198512970716728e-04
2.937135578900756e-04
3.922872283102382e-04
5.239857994217086e-04
6.992512858267735e-04
9.320583487776785e-04
1.241679733125440e-03
1.651479863742768e-03
2.194497719833421e-03
2.915511027163355e-03
3.854060920338825e-03
5.093728863972928e-03
6.712353291806797e-03
8.827771309698019e-03
1.156949333744628e-02
1.515736753917161e-02
1.977418144393270e-02
2.570210099298923e-02
3.325882157973453e-02
4.286737734211148e-02
5.498040284566095e-02
7.012291743957090e-02
8.888551346927075e-02
1.119588073187635e-01
1.400192302038319e-01
1.737010695365628e-01
2.137000886064551e-01
2.605329650280097e-01
3.144502667574579e-01
3.753203946734360e-01
4.422991052434122e-01
5.141223650811053e-01
5.888294705168079e-01
6.638129080382429e-01
7.361854430603735e-01
8.028175792616019e-01
8.610693092138725e-01
9.086484345345752e-01
9.446403628450060e-01
9.695402666708939e-01
9.850334274858000e-01
9.935625774876583e-01
9.976289502232877e-01
9.992691618989127e-01
9.998173694364328e-01
9.999996813872636e-01
###1.440000000000001e+01
1.406462947559221e-09
1.465312972234477e-08
2.295362882855575e-09
3.468657361453804e-09
4.555410828024791e-09
5.979513678086312e-09
7.499322934069029e-09
9.074513547892823e-09
1.114406479664878e-08
1.412322594479298e-08
1.839450177042280e-08
2.146835174242196e-08
2.632697189301372e-08
2.028877519605602e-08
4.018332989477267e-08
4.874705922804278e-08
5.068004307917714e-08
5.243841769516588e-08
5.537970212982025e-08
5.954199639911088e-08
6.476180278590331e-08
7.136867145471801e-08
7.952091763688465e-08
8.963735286526552e-08
1.025275331409129e-07
1.187627395902486e-07
1.394664568203104e-07
1.661573659625820e-07
2.007619709399162e-07
2.458096747569239e-07
3.046975889542012e-07
3.821028956209175e-07
4.848876881617516e-07
6.208433914224920e-07
8.006699121407874e-07
1.041287211898769e-06
1.360964578699606e-06
1.789029483147078e-06
2.360390262130922e-06
3.125301442374621e-06
4.148148376498697e-06
5.519038918375552e-06
7.356961690360441e-06
9.818543631987428e-06
1.311671772497755e-05
1.753892154497408e-05
2.346534269521702e-05
3.141296940847753e-05
4.206779138547230e-05
5.638224357608759e-05
7.547191336066813e-05
1.011411848580432e-04
1.353358638600006e-04
1.813257123730857e-04
2.422867009184477e-04
3.237207383233622e-04
4.323580322865581e-04
5.774890663059242e-04
7.705598303624680e-04
1.026893069171954e-03
1.367593178789635e-03
1.818274953181986e-03
2.414962064780409e-03
3.206462711262867e-03
4.235811421059625e-03
5.593785784171793e-03
7.364464626363238e-03
9.675262082701464e-03
1.266519899687674e-02
1.657124454593432e-02
2.158751244679728e-02
2.801427865108968e-02
3.618757681985692e-02
4.655103133243838e-02
5.958088375638892e-02
7.581486697139242e-02
9.586110082236848e-02
1.204184675194576e-01
1.501556858565523e-01
1.856837626126980e-01
2.276531210050353e-01
2.765151731774805e-01
3.324046938150618e-01
3.950494942126908e-01
4.634337572803701e-01
5.361067374813485e-01
6.109469459893182e-01
6.852249526843766e-01
7.559962532198705e-01
8.202048037663121e-01
8.754117886297612e-01
9.196535708333748e-01
9.523949667562512e-01
9.744844333296538e-01
9.878381012532361e-01
9.949486141138357e-01
9.982124600948219e-01
9.994730448463097e-01
9.998741835311903e-01
9.999996813872636e-01
###1.480000000000001e+01
1.491283148452657e-09
1.465942415396591e-08
2.431228030023711e-09
3.636798650374964e-09
4.774777119823803e-09
6.264477104688707e-09
7.833356139226727e-09
9.471152293200006e-09
1.161685066729697e-08
1.465531646125895e-08
1.894809855590989e-08
2.214756240588065e-08
2.706350293235007e-08
2.208579654240122e-08
4.095767280901251e-08
4.956349963285082e-08
5.211763829058212e-08
5.448464420123887e-08
5.797229565262240e-08
6.268644013366724e-08
6.852059331710969e-08
7.582886618968294e-08
8.481077972269469e-08
9.595466511890094e-08
1.100778518996478e-07
1.278877482543601e-07
1.505586749128276e-07
1.797825492904650e-07
2.176484739390652e-07
2.669487548298685e-07
3.314105321606439e-07
4.162141986321337e-07
5.286888533714471e-07
6.775411169301139e-07
8.746830676273355e-07
1.138314051856911e-06
1.488866685461551e-06
1.958323529480280e-06
2.585383532884976e-06
3.425018122761702e-06
4.548149867027907e-06
6.054414558954856e-06
8.074687715996420e-06
1.078159001975389e-05
1.440979881651669e-05
1.927671554078125e-05
2.580058607576803e-05
3.455304338181986e-05
4.628962562415923e-05
6.205964424873251e-05
8.309298536058842e-05
1.113826912795596e-04
1.490673925042672e-04
1.997590678303002e-04
2.669393789259096e-04
3.566758907050527e-04
4.763441023383142e-04
6.361799637469692e-04
8.487168694962835e-04
1.130768219508448e-03
1.505351474362674e-03
2.000521727045961e-03
2.655556095666954e-03
3.523664304629442e-03
4.651367875307386e-03
6.137204526937103e-03
8.072083099767655e-03
1.059341157052565e-02
1.385006400575403e-02
1.809694166825259e-02
2.353949783836816e-02
3.049675065324821e-02
3.932371737292775e-02
5.048491622911770e-02
6.447657937719194e-02
8.185229372435460e-02
1.032326792514414e-01
1.293210953162596e-01
1.607750419732301e-01
1.981737702502507e-01
2.421169830303658e-01
2.929778914451475e-01
3.507751048354802e-01
4.150884674051615e-01
4.847164885281000e-01
5.580469578996201e-01
6.327795590694861e-01
7.061014374591010e-01
7.750458419588120e-01
8.366727342029481e-01
8.887502729474934e-01
9.296765347508065e-01
9.592915054452578e-01
9.787628760610844e-01
9.901890680983447e-01
9.960691891829535e-01
9.986647437576416e-01
9.996237526620055e-01
9.999141443242808e-01
9.999996813872636e-01
###1.520000000000001e+01
1.583090369996336e-09
1.467029154696548e-08
2.567098219817177e-09
3.816716131173509e-09
5.002703732903727e-09
6.556447795390756e-09
8.177543280125453e-09
9.880599592419097e-09
1.210448668261014e-08
1.520976992218098e-08
1.953702630964864e-08
2.286060527110482e-08
2.785002437072856e-08
2.386373705824680e-08
4.182179515041847e-08
5.049164420771829e-08
5.364953840339389e-08
5.662244687606608e-08
6.067902190542341e-08
6.598912773192631e-08
7.246114239914664e-08
8.050740073110670e-08
9.040422373348882e-08
1.026489834444591e-07
1.181145718014987e-07
1.376175540034357e-07
1.624436347504871e-07
1.944387199845752e-07
2.358495796604539e-07
2.898028300306100e-07
3.603677547680955e-07
4.532700553445680e-07
5.763614339482058e-07
7.393884193366320e-07
9.555230569027514e-07
1.244415308751122e-06
1.628843922481258e-06
2.143760228321282e-06
2.831928695505326e-06
3.753768069046163e-06
4.987647998704119e-06
6.642856038033763e-06
8.863564987642806e-06
1.184025723612708e-05
1.583234900421306e-05
2.118842047115043e-05
2.836939990001076e-05
3.800781978307729e-05
5.092575592587291e-05
6.830760819437778e-05
9.147713653567294e-05
1.226456227586107e-04
1.641650048641363e-04
2.200102647168365e-04
2.940217965869937e-04
3.928474517829206e-04
5.246031835077810e-04
7.005022539976834e-04
9.343150074947417e-04
1.244394205780284e-03
1.655964782405144e-03
2.199500579840023e-03
2.917981335386622e-03
3.869102377514063e-03
5.103286863795568e-03
6.727015882854551e-03
8.839168956136003e-03
1.158678546072530e-02
1.512935698295534e-02
1.974067213984512e-02
2.563707921466358e-02
3.315916673353479e-02
4.267734804273186e-02
5.468006898789914e-02
6.968070602958555e-02
8.824620950081716e-02
1.110088244654123e-01
1.386769151081862e-01
1.718807073040548e-01
2.111715454073922e-01
2.570878177035608e-01
3.099073752754214e-01
3.695368648455762e-01
4.353865707301742e-01
5.060983435812826e-01
5.798705537439089e-01
6.542636074367810e-01
7.263888321359587e-01
7.933016759058433e-01
8.521928766536190e-01
9.010944903401695e-01
9.387565832115855e-01
9.653889300861699e-01
9.824394983224811e-01
9.921446946932680e-01
9.969667704850468e-01
9.990116073382254e-01
9.997337948170909e-01
9.999418150813212e-01
9.999996813872636e-01
###1.560000000000001e+01
1.680830873418560e-09
1.467382742588775e-08
2.698755898467405e-09
3.996404559928343e-09
5.234263400902390e-09
6.856006772473737e-09
8.533992046921383e-09
1.030493827591907e-08
1.259319449871822e-08
1.578698486322383e-08
2.015028923973427e-08
2.361046904819012e-08
2.868589355179995e-08
2.562932164344046e-08
4.277568266890047e-08
5.153163779895945e-08
5.527862054486010e-08
5.886444954579717e-08
6.350794386803140e-08
6.942851032944100e-08
7.659680013146893e-08
8.544963819408925e-08
9.626791777014508e-08
1.097465819679163e-07
1.266725708970765e-07
1.480164135475532e-07
1.751816447793543e-07
2.101783818162889e-07
2.554928476475312e-07
3.145424955097506e-07
3.917563048242690e-07
4.935200996309704e-07
6.282609113522802e-07
8.068518113387082e-07
1.043792451090171e-06
1.360421777460683e-06
1.782070662193761e-06
2.347085868412780e-06
3.102338246263314e-06
4.114668558676146e-06
5.470217966769457e-06
7.289030022960774e-06
9.730342166904844e-06
1.300418653165288e-05
1.739584115984170e-05
2.329002431181927e-05
3.119469921066400e-05
4.180572143779600e-05
5.602409105818293e-05
7.517206548549493e-05
1.006913259613758e-04
1.350227472761039e-04
1.807501609395015e-04
2.422492307399506e-04
3.237412027581657e-04
4.325201354632341e-04
5.775062287127152e-04
7.709689668657610e-04
1.027978439430962e-03
1.368607146738058e-03
1.820385793186776e-03
2.416639404923373e-03
3.203881905290042e-03
4.244933684831955e-03
5.594329806897704e-03
7.366564952048878e-03
9.669595639524233e-03
1.266014120312189e-02
1.650907465328988e-02
2.150920661814976e-02
2.788926727917876e-02
3.600907613699612e-02
4.625809652127182e-02
5.914653164260263e-02
7.520038110654194e-02
9.500723325815982e-02
1.192011032972443e-01
1.484855742008399e-01
1.834737075615319e-01
2.246693206052389e-01
2.725414186263860e-01
3.272810140744065e-01
3.886488756977228e-01
4.559143074034084e-01
5.275207687362193e-01
6.015139259505919e-01
6.753392593923414e-01
7.460385601133747e-01
8.107258179959046e-01
8.667627158018975e-01
9.124624966538667e-01
9.469401513672109e-01
9.707459740001981e-01
9.855771148507839e-01
9.937585027752556e-01
9.976794311409093e-01
9.992752823857436e-01
9.998134259018137e-01
9.999608409751375e-01
9.999996813872636e-01
