# NLO BK equation solver 0.0-dev build  (build Feb 16 2026 17:52:53)
# Initial condition: MV model, Q_s0^2 = 0.00711036 GeV^2, \gamma = 1, coefficient of E inside Log is 1, x0=0.01, \Lambda_QCD = 0.241 GeV
# # LO Kernel RC:  Balitsky. NLO Kernel RC:  smallest dipole
# Nc=3, Nf=4
# Using RungeKutta method in K1
# Resumming double log
# Resumming single log, K_sub=0.65 resum rc: smallest
# BK K1 integration relative accuracy: 0.02# NLO BK as^2 terms: MC integration method: Vegas, points=1000000
# Kinematical constraint: none
# Target kinematical constraint: disabled

###1.000000000000000e-05
###1.160836920850890e+00
###100
###1.000000000000000e+00
###0.000000000000000e+00
2.299469999661028e-12
3.062908530631664e-12
4.079258498938437e-12
5.432102359873797e-12
7.232571390736510e-12
9.628398901198523e-12
1.281593869388392e-11
1.705611638012474e-11
2.269559556525142e-11
3.019485699649530e-11
4.016543920782676e-11
5.341931713768955e-11
7.103435753137642e-11
9.444106167073005e-11
1.255374859227650e-10
1.668414489101235e-10
2.216920620819270e-10
2.945164834530072e-10
3.911828885590541e-10
5.194673675335065e-10
6.896713038217430e-10
9.154374391753834e-10
1.214828160778004e-09
1.611749712142278e-09
2.137832538734247e-09
2.834912806133916e-09
3.758305853100287e-09
4.981122333542768e-09
6.599956455823484e-09
8.742378773867683e-09
1.157680088046442e-08
1.532545579747853e-08
2.028146844715954e-08
2.683129166323756e-08
3.548417592684446e-08
4.691085277083734e-08
6.199427795107245e-08
8.189614663763831e-08
1.081440177398196e-07
1.427453434867355e-07
1.883365903048568e-07
2.483780817327476e-07
3.274083518335622e-07
4.313758700282602e-07
5.680712420626142e-07
7.476897325837960e-07
9.835626049086511e-07
1.293106854071210e-06
1.699057077168887e-06
2.231061307333620e-06
2.927745673575812e-06
3.839382042991362e-06
5.031329991861508e-06
6.588471594452442e-06
8.620917200292181e-06
1.127127233779834e-05
1.472425109039222e-05
1.921844593477662e-05
2.506190208706460e-05
3.265177068445535e-05
4.249944061696098e-05
5.526258742272194e-05
7.178601835211573e-05
9.315371456042332e-05
1.207551515540750e-04
1.563698730427943e-04
2.022754785188097e-04
2.613857685923593e-04
3.374279228368637e-04
4.351704662448608e-04
5.607176885977783e-04
7.218914860429582e-04
9.287287843832148e-04
1.194132414148452e-03
1.534726351633431e-03
1.971983642220287e-03
2.533718350479219e-03
3.256063070163795e-03
4.186092670846464e-03
5.385305031654908e-03
6.934232429751663e-03
8.938534288850830e-03
1.153701257708850e-02
1.491209045691966e-02
1.930338929322195e-02
2.502509850006740e-02
3.248779588739548e-02
4.222512813467394e-02
5.492509629588282e-02
7.146426134443129e-02
9.294043434188215e-02
1.206945361664148e-01
1.563043014032691e-01
2.015205554767113e-01
2.581014861136456e-01
3.274863443576573e-01
4.102511741593458e-01
5.053348322029101e-01
6.091589669209051e-01
7.150246086516603e-01
###4.000000000000000e-01
-5.920239585330137e-11
1.687402351315841e-11
2.728339535427543e-11
1.845230043945230e-11
6.275755191822935e-11
3.634599502719723e-11
1.657197266783932e-08
8.313231719866039e-11
3.223257524229395e-11
1.236375963612294e-10
1.064437184239095e-10
1.301621556648372e-10
1.355990759217711e-10
1.604320551654738e-10
1.883696138048060e-10
2.304606011406203e-10
2.962844655141821e-10
6.987064628786124e-10
4.738327934228568e-10
6.064625404373624e-10
7.842397870232238e-10
1.027091996856623e-09
1.348738903944855e-09
1.774334674136643e-09
2.334414034852021e-09
3.072937761767409e-09
4.059069476450527e-09
5.377644492075116e-09
7.123743779089055e-09
9.435688808350869e-09
1.249634582532968e-08
1.654495398141757e-08
2.190628044959566e-08
2.899347528466016e-08
3.834474448214199e-08
5.071750516068976e-08
6.704302776513228e-08
8.861544883582814e-08
1.170174611719258e-07
1.545198610395912e-07
2.038896371196749e-07
2.689951115936096e-07
3.547053357007960e-07
4.674872417391854e-07
6.157910120846665e-07
8.107259666680198e-07
1.066879709308005e-06
1.403050089663100e-06
1.843952145895659e-06
2.422646159378360e-06
3.180343042945070e-06
4.172981421834405e-06
5.469736932964301e-06
7.167691133880617e-06
9.379843943488682e-06
1.226865707113823e-05
1.603353194257241e-05
2.093970610773089e-05
2.732245324116614e-05
3.561157835964207e-05
4.639255290429108e-05
6.036474071537651e-05
7.848126439063427e-05
1.019268048605649e-04
1.322569317215322e-04
1.714632667766543e-04
2.220253456316288e-04
2.872487451979466e-04
3.712481392283748e-04
4.797249184467483e-04
6.192166914198466e-04
7.988186053124811e-04
1.029809451934505e-03
1.327266069725296e-03
1.710065770254423e-03
2.203088793989598e-03
2.838068440456731e-03
3.658290466120843e-03
4.717301031162690e-03
6.087356802134327e-03
7.865933731351598e-03
1.017131837636814e-02
1.317769210717434e-02
1.709551911409067e-02
2.220611261458591e-02
2.888428565107283e-02
3.760277381972704e-02
4.896313597657016e-02
6.379501305133133e-02
8.310385922927353e-02
1.081892403035713e-01
1.405082071505828e-01
1.817866314177275e-01
2.337646980089167e-01
2.981867020383732e-01
3.762209658612827e-01
4.687161497857123e-01
5.759422812225962e-01
7.053922359503270e-01
9.549734575540596e-01
###8.000000000000000e-01
-2.333344419355620e-11
5.114066299183258e-11
5.374528227127313e-11
4.537655011755205e-11
7.358548584534896e-11
8.019650933484586e-11
1.609173123767998e-08
1.275848519299220e-10
1.100135799646714e-10
2.406444378454124e-10
1.879301998137980e-10
2.080420323477543e-10
2.131493753449441e-10
2.380110361125993e-10
2.546004851596526e-10
3.004002826752233e-10
3.800025686933350e-10
7.539391966187635e-10
5.668869552653843e-10
7.099309154452256e-10
8.974000574977515e-10
1.162490394414391e-09
1.502396456449177e-09
1.962944516103808e-09
2.563803482874102e-09
3.372207296710565e-09
4.404020918434258e-09
5.817959095517946e-09
7.702770550985928e-09
1.020028731030496e-08
1.350685219356099e-08
1.788014750397152e-08
2.367718221248880e-08
3.134857004015306e-08
4.147036507521162e-08
5.486677629966881e-08
7.253962001842472e-08
9.593881604087687e-08
1.266747259355559e-07
1.673426613707024e-07
2.208249951193677e-07
2.914421629503502e-07
3.844301393543518e-07
5.068311765660728e-07
6.678046421027015e-07
8.794652687716900e-07
1.157750870605969e-06
1.523025660489199e-06
2.001991130283389e-06
2.631922763964551e-06
3.456343507757562e-06
4.536905220619962e-06
5.949547839597497e-06
7.801760603933391e-06
1.021275456426405e-05
1.336314455262908e-05
1.747168765959129e-05
2.283232547020914e-05
2.981098484099130e-05
3.887969475643259e-05
5.068827088224674e-05
6.600462166114971e-05
8.588964637909713e-05
1.116536646600959e-04
1.450343407503650e-04
1.882555077036149e-04
2.440491999128407e-04
3.161548778736631e-04
4.091578717403804e-04
5.297443519957304e-04
6.850642169951843e-04
8.856000845312997e-04
1.144131000324097e-03
1.478125822870040e-03
1.909294544437418e-03
2.466303711828131e-03
3.185437803921043e-03
4.118117597932613e-03
5.325761105462828e-03
6.893153316808190e-03
8.933495403763224e-03
1.158799757172146e-02
1.506061526011452e-02
1.959792905624399e-02
2.552511753835578e-02
3.328301195164619e-02
4.340725899699766e-02
5.657594702718872e-02
7.374652885842588e-02
9.605009478543600e-02
1.249081060884048e-01
1.618614923762847e-01
2.086281711602667e-01
2.668028736914553e-01
3.377574009668868e-01
4.220060214393928e-01
5.193504228164638e-01
6.281883102546146e-01
7.510947595827491e-01
9.623602117049115e-01
###1.200000000000000e+00
-2.258387690339186e-11
5.296439652554244e-11
9.609422908887765e-11
8.242395096034261e-11
1.180483161027646e-10
1.316524615730484e-10
1.560559531461405e-08
1.911256044696500e-10
1.798630161056901e-10
3.503052488251908e-10
1.812008625986633e-10
2.840522894541194e-10
3.473927246891582e-10
3.236318724454277e-10
3.443151479846572e-10
3.879444560351121e-10
4.656145701441298e-10
8.204137495165532e-10
6.645694713271897e-10
8.203334241881943e-10
1.025148393419236e-09
1.312721845995135e-09
1.673377191791685e-09
2.167699639670578e-09
2.816304977343594e-09
3.697963328347678e-09
4.809849547644889e-09
6.306809103827536e-09
8.339241628448042e-09
1.103898021545524e-08
1.461470327792075e-08
1.934090076807433e-08
2.561179478548617e-08
3.391171421166324e-08
4.487219447708576e-08
5.937527172459006e-08
7.851910719592590e-08
1.038584065086076e-07
1.371802755079951e-07
1.812888316715547e-07
2.392529701720011e-07
3.158761274873202e-07
4.168030885688186e-07
5.496724825510555e-07
7.244722057372842e-07
9.543964471313086e-07
1.256837979945988e-06
1.653960411091968e-06
2.174647757806662e-06
2.860530424778576e-06
3.758115953423377e-06
4.935019309990336e-06
6.474836502323873e-06
8.496152524869308e-06
1.112579597597411e-05
1.456412910763760e-05
1.905170975058829e-05
2.491370363005037e-05
3.255038510558950e-05
4.248194790205774e-05
5.543040199141266e-05
7.223981201437407e-05
9.409660521753564e-05
1.224454807438501e-04
1.592293299736761e-04
2.069286759727920e-04
2.686132148512758e-04
3.484625527643493e-04
4.516356608078034e-04
5.858805471999588e-04
7.592717506144223e-04
9.833828378677935e-04
1.273215771203751e-03
1.648855974216177e-03
2.135045003834839e-03
2.764147365600558e-03
3.580460954503787e-03
4.641572877059946e-03
6.018968529299442e-03
7.811309378418923e-03
1.015097679993247e-02
1.320169540275477e-02
1.720395617293972e-02
2.243809076099407e-02
2.927927665398693e-02
3.823543192003743e-02
4.990457094789632e-02
6.504306651739507e-02
8.471846806665347e-02
1.101604515149602e-01
1.428617354861289e-01
1.843686017865213e-01
2.362454879382314e-01
2.998587681248636e-01
3.759297779263361e-01
4.641199453862004e-01
5.629119127555574e-01
6.690202201004054e-01
7.828583696328709e-01
9.676544207112364e-01
###1.600000000000000e+00
-3.618552749114554e-11
6.689557155682169e-11
9.087825083053369e-11
1.222073331416716e-10
1.521702085054455e-10
1.600349949642090e-10
1.515250704257269e-08
2.652411175224011e-10
2.774143286599042e-10
4.662986694805812e-10
2.914371533251455e-10
3.717746836834772e-10
4.372005807323566e-10
4.070711859461510e-10
4.310158283495256e-10
4.773020819699570e-10
5.643288650864721e-10
8.959482138671377e-10
7.812596217574857e-10
9.367413916897079e-10
1.163822170896864e-09
1.471731192539806e-09
1.864481763710939e-09
2.394226583989793e-09
3.099638035185438e-09
4.044319692829395e-09
5.253120917873308e-09
6.864060826378857e-09
9.043972462463380e-09
1.195736216661883e-08
1.582395296708368e-08
2.093331032012413e-08
2.772019933730925e-08
3.670705475615439e-08
4.857711927772312e-08
6.428275183346798e-08
8.502320282398613e-08
1.124815320891420e-07
1.486137589985936e-07
1.964586149364622e-07
2.593266583862468e-07
3.424824843619698e-07
4.520558503327461e-07
5.963543121739911e-07
7.862445038616601e-07
1.036110650327669e-06
1.364961879530056e-06
1.796886570229001e-06
2.363194196660946e-06
3.110339930721445e-06
4.088098589768398e-06
5.371656591034973e-06
7.050169437245511e-06
9.257017256219172e-06
1.212659460786576e-05
1.588297807009237e-05
2.079049505630801e-05
2.720393737296343e-05
3.556905037069744e-05
4.645119649244546e-05
6.066971808959760e-05
7.913768499681339e-05
1.031998133539352e-04
1.344656840054741e-04
1.750144646417962e-04
2.277472748482597e-04
2.960343833238830e-04
3.845955532164675e-04
4.992403599834590e-04
6.488915335123101e-04
8.426342622115460e-04
1.093556126800116e-03
1.418854714223854e-03
1.841710684332485e-03
2.390403250637025e-03
3.100899532637504e-03
4.028260280095465e-03
5.235288251114145e-03
6.805478860939131e-03
8.852520214884111e-03
1.153125346952158e-02
1.502891728003640e-02
1.962493818806080e-02
2.563441406679921e-02
3.348705114170993e-02
4.375533209167436e-02
5.709356864357309e-02
7.435409729185928e-02
9.666618780343021e-02
1.253408778346882e-01
1.618892539390204e-01
2.077889054972249e-01
2.643765340135333e-01
3.326399300628702e-01
4.126242123705977e-01
5.031050128357425e-01
6.014961152959045e-01
7.035691911345797e-01
8.088457557256954e-01
9.719925965242788e-01
###2.000000000000000e+00
-1.055506115555355e-11
-5.038050039671951e-11
1.234650263543861e-10
1.587717409509500e-10
2.014005254801460e-10
1.958647536430929e-10
1.480441263036856e-08
3.376695043146158e-10
3.757483451037096e-10
5.630735769283328e-10
3.917225577187897e-10
4.640057928964457e-10
5.183252020118439e-10
4.964142193442750e-10
5.243057180312280e-10
5.745818856955242e-10
6.685620776226065e-10
9.820666246987868e-10
9.132895178995578e-10
1.073325189200091e-09
1.321734519817646e-09
1.642321316603070e-09
2.070416419252392e-09
2.637609888572953e-09
3.399808150542440e-09
4.419041650817090e-09
5.737618268567663e-09
7.485215792580140e-09
9.834457199465164e-09
1.299187536911393e-08
1.714727865814780e-08
2.266929669462950e-08
3.002011224781449e-08
3.974705199088390e-08
5.260090385429798e-08
6.961859926563833e-08
9.209942130758728e-08
1.218606073267481e-07
1.610514684738127e-07
2.129549804624776e-07
2.811786120322680e-07
3.714599269171629e-07
4.904448664367372e-07
6.472298420581949e-07
8.536017346208575e-07
1.125268059914387e-06
1.482941377072832e-06
1.952967884977078e-06
2.569333176055275e-06
3.383461896718304e-06
4.449101060327134e-06
5.849546655882992e-06
7.680512263394024e-06
1.009119168026241e-05
1.322457790295173e-05
1.733188688254309e-05
2.269809483620662e-05
2.972639735189405e-05
3.889706904454838e-05
5.083457858966576e-05
6.646559393754852e-05
8.677920300306057e-05
1.132959782739849e-04
1.478294417361669e-04
1.925793612668696e-04
2.509420012103331e-04
3.266330743293897e-04
4.249953872155517e-04
5.525717158273141e-04
7.195696086645549e-04
9.361523732052518e-04
1.217499918519215e-03
1.583021778856034e-03
2.059297256941549e-03
2.678753674585678e-03
3.481761241025579e-03
4.534547574809411e-03
5.906575827729031e-03
7.694468397452538e-03
1.002935645608478e-02
1.308604378404165e-02
1.708515226132129e-02
2.233784302053107e-02
2.920720533354619e-02
3.816760776593786e-02
4.985956184537579e-02
6.499081431062964e-02
8.449491484217751e-02
1.095494890394200e-01
1.415106864030361e-01
1.818688391454076e-01
2.319589477146431e-01
2.928508525919610e-01
3.650572347287690e-01
4.479686384530040e-01
5.395940087378159e-01
6.365596398842025e-01
7.341538220779857e-01
8.314226662784766e-01
9.757218089623615e-01
###2.400000000000000e+00
-1.734099901762945e-11
6.003953544742618e-12
1.613179947501752e-10
1.546086506456475e-10
2.448483089456849e-10
2.429489051515725e-10
1.436220536176012e-08
4.203001837479847e-10
4.663266781654675e-10
6.595134236703572e-10
4.930433567107293e-10
5.636860507999712e-10
6.075114227988107e-10
5.876449969417548e-10
6.143164756035515e-10
6.773172801240818e-10
7.770238265428068e-10
1.078799104429020e-09
1.045466380875615e-09
1.222892210327563e-09
1.486175163055066e-09
1.831585843135015e-09
2.296365560917518e-09
2.906264153260106e-09
3.728485951617245e-09
4.836621016412566e-09
6.268842208959133e-09
8.163432320688087e-09
1.071164131900757e-08
1.412203971832640e-08
1.859158636184667e-08
2.456519602423069e-08
3.252466024353564e-08
4.306388626329005e-08
5.696995764516406e-08
7.542956234205261e-08
9.980596755497049e-08
1.320691846321490e-07
1.745905919417630e-07
2.309074962931243e-07
3.049685510661775e-07
4.030188490763980e-07
5.322861335278606e-07
7.026910477742432e-07
9.270409497660517e-07
1.222514674653666e-06
1.611747240449987e-06
2.123482879445410e-06
2.794666668175440e-06
3.682216297696705e-06
4.844288939284006e-06
6.372929758332717e-06
8.371665914172364e-06
1.100644415407199e-05
1.443082928958529e-05
1.892441338727684e-05
2.479451870910142e-05
3.250612600154373e-05
4.256964319697079e-05
5.567862676918667e-05
7.288565595127238e-05
9.524728936776734e-05
1.244860319230497e-04
1.626704739710227e-04
2.121311082275797e-04
2.767972094525801e-04
3.608009442288718e-04
4.701701127533060e-04
6.123110202857656e-04
7.988669991286111e-04
1.041201692489121e-03
1.356861777221975e-03
1.767790167759238e-03
2.304434068148086e-03
3.003760128214880e-03
3.911534446969255e-03
5.105296094680994e-03
6.663048378314955e-03
8.695637479691544e-03
1.135341373085377e-02
1.483206911233692e-02
1.938658263545748e-02
2.536109193434354e-02
3.317395834312466e-02
4.333923633766053e-02
5.656291506867479e-02
7.360297711828112e-02
9.545875035134768e-02
1.233420395183378e-01
1.586166029914012e-01
2.027087563128488e-01
2.567729312990346e-01
3.215875850065680e-01
3.970843286613009e-01
4.821339006966263e-01
5.740558373884949e-01
6.689423769663340e-01
7.618397809909504e-01
8.515246499311733e-01
9.789985742459656e-01
###2.800000000000000e+00
5.405707992567632e-12
-1.694182686141417e-11
1.892592556618142e-10
2.103374958887382e-10
3.200531147493234e-10
2.740196486275863e-10
1.397276570598644e-08
4.851570605027654e-10
5.401332996770396e-10
7.844243467129569e-10
5.986725458742774e-10
6.573646413176875e-10
6.981200761655006e-10
6.896041382855275e-10
7.146064673386927e-10
7.884433779687791e-10
8.940708590124808e-10
1.188434405218864e-09
1.185006134010828e-09
1.381875507651080e-09
1.661136446883013e-09
2.040544645803370e-09
2.542160985247352e-09
3.203867327399221e-09
4.095634129458836e-09
5.291618462859021e-09
6.845632927823191e-09
8.903524334479418e-09
1.166322625087672e-08
1.534902989979858e-08
2.019024891709453e-08
2.664335867625162e-08
3.525675612039776e-08
4.667996054341883e-08
6.175173293818636e-08
8.175429914757646e-08
1.081917517755228e-07
1.431809613253139e-07
1.893314268430819e-07
2.504548344835557e-07
3.308946624182624e-07
4.374105100773171e-07
5.779081526154522e-07
7.631630039140578e-07
1.007219957265301e-06
1.328675737716007e-06
1.752454357062052e-06
2.309837039304830e-06
3.041151310891467e-06
4.009118974502927e-06
5.277080086655933e-06
6.946019330162296e-06
9.130226963832699e-06
1.201126188317802e-05
1.575697149445721e-05
2.067706077982471e-05
2.710543328891676e-05
3.557195540845685e-05
4.662430165099932e-05
6.103565129014398e-05
7.999152247876333e-05
1.046355420055118e-04
1.369077972265695e-04
1.791597340128169e-04
2.338997486928563e-04
3.056350266316634e-04
3.989616864910634e-04
5.206979554599354e-04
6.792389118409703e-04
8.877544743683180e-04
1.159126538156449e-03
1.513424994065494e-03
1.975460149506938e-03
2.580133933755884e-03
3.369334701656647e-03
4.395136480416758e-03
5.747070758170439e-03
7.513150115693074e-03
9.819061242886975e-03
1.283617008450652e-02
1.678351247603517e-02
2.195081641395172e-02
2.871921238539092e-02
3.755506835611875e-02
4.902225537832236e-02
6.388197281633462e-02
8.293795547757157e-02
1.072348994248254e-01
1.380125725983048e-01
1.766065344644498e-01
2.243381154947031e-01
2.821498809076399e-01
3.504855297158612e-01
4.287211283859630e-01
5.152295362538671e-01
6.068037227683039e-01
6.991253775060660e-01
7.871928913445303e-01
8.696191644341817e-01
9.818976909147280e-01
###3.200000000000000e+00
-4.242850313336393e-10
1.288719292867768e-12
1.834882108733155e-10
2.625272703643871e-10
3.697565743511462e-10
3.129516286868219e-10
1.361374918672599e-08
5.595296317048259e-10
6.341021290111834e-10
8.929169037816478e-10
7.096776034409561e-10
7.585441135390056e-10
8.062550583866219e-10
7.992306191361384e-10
8.256939093924563e-10
9.059900032468744e-10
1.021070632430248e-09
1.306166241174411e-09
1.338350503511382e-09
1.549731602908358e-09
1.852191618670628e-09
2.267103407189840e-09
2.812837135186644e-09
3.530374015317100e-09
4.494454855712746e-09
5.788475030453425e-09
7.474923991597254e-09
9.709418763496826e-09
1.269857342811863e-08
1.669027283493266e-08
2.194090721320890e-08
2.890181963445420e-08
3.823378632534772e-08
5.061080504682365e-08
6.694152880088396e-08
8.863751044384559e-08
1.173226299613236e-07
1.552844120812188e-07
2.053783371429949e-07
2.717683949392116e-07
3.591512214212913e-07
4.749041306959198e-07
6.276511936167338e-07
8.291528649673727e-07
1.094717383277208e-06
1.444655896234226e-06
1.906219901646406e-06
2.513648838405496e-06
3.310860777426690e-06
4.367132117885441e-06
5.751347085311961e-06
7.574241901641151e-06
9.962631578089090e-06
1.311526964100910e-05
1.721568190914437e-05
2.260646446549978e-05
2.965345249562202e-05
3.895486202227286e-05
5.110520738758532e-05
6.696309289430466e-05
8.786140065601052e-05
1.150468855194043e-04
1.507111278925288e-04
1.974975339518015e-04
2.581449527146404e-04
3.377925642534855e-04
4.415620692194810e-04
5.771901218065783e-04
7.541371973092181e-04
9.873391203171597e-04
1.291361642965988e-03
1.689111587963762e-03
2.208616553306581e-03
2.889646547476085e-03
3.779767221393183e-03
4.938002387714622e-03
6.466781601511530e-03
8.465159925371515e-03
1.107523976900435e-02
1.449035445151063e-02
1.895495030741836e-02
2.479444783790948e-02
3.243110485071135e-02
4.237497701747379e-02
5.523350844211114e-02
7.183058182792043e-02
9.300045214625947e-02
1.198229900410433e-01
1.535409890590451e-01
1.954372903279561e-01
2.466944601214127e-01
3.080048673251418e-01
3.794196114723147e-01
4.599404489462643e-01
5.473400926600791e-01
6.380075432084019e-01
7.273826399311690e-01
8.105175328709493e-01
8.859938949702010e-01
9.844671473660882e-01
###3.600000000000000e+00
-4.078173164093034e-10
-3.375412466840244e-11
2.119928355825306e-10
2.775760753974636e-10
4.205356107259237e-10
3.148480184439511e-10
1.324579683476026e-08
6.331089795826687e-10
7.251576587244443e-10
1.001483044380701e-09
8.156525225536199e-10
8.655500280248312e-10
9.135858389375859e-10
9.086772648707940e-10
9.463584192304460e-10
1.029682118869669e-09
1.157946063791176e-09
1.435363556488638e-09
1.502233801782690e-09
1.733575635997788e-09
2.063059132028548e-09
2.511553280727420e-09
3.105144338331366e-09
3.883645948936218e-09
4.930106233483530e-09
6.328385991198684e-09
8.159450357388529e-09
1.058397784359830e-08
1.382585400136788e-08
1.813489746736930e-08
2.384754612613213e-08
3.136564551884720e-08
4.147658562470114e-08
5.489349087892735e-08
7.260760391875930e-08
9.613447064302953e-08
1.272596143523560e-07
1.684620193454398e-07
2.228604503220450e-07
2.949778692489088e-07
3.899388557682199e-07
5.157770406061490e-07
6.819069294559484e-07
9.011750953197582e-07
1.190237389337057e-06
1.571372089741108e-06
2.074373994623715e-06
2.736610710993049e-06
3.606156280164153e-06
4.759371285643613e-06
6.271376299273845e-06
8.263873050166446e-06
1.087707159719273e-05
1.432867949006120e-05
1.882100902522793e-05
2.473233584304484e-05
3.246482463969595e-05
4.269032315713116e-05
5.605862707982945e-05
7.352628460692933e-05
9.658346266578403e-05
1.266027120818109e-04
1.660483353970186e-04
2.178925715634448e-04
2.851548011784956e-04
3.736465511964882e-04
4.891326228258595e-04
6.403389823098407e-04
8.379403041430055e-04
1.098827452396377e-03
1.439473385022875e-03
1.885975743821520e-03
2.469932062199952e-03
3.236520211620142e-03
4.239614845961919e-03
5.545785145200721e-03
7.271579395680990e-03
9.528086610521673e-03
1.247502227333704e-02
1.632916230565776e-02
2.136244366873696e-02
2.793592025846274e-02
3.651241889851088e-02
4.764883398076371e-02
6.199279947668258e-02
8.042259175939885e-02
1.037958996103265e-01
1.332134143071832e-01
1.699035937407199e-01
2.150608179209670e-01
2.697113508145894e-01
3.342726924351666e-01
4.084119095416142e-01
4.907184094221059e-01
5.784869935290106e-01
6.677652824370292e-01
7.538659637113739e-01
8.319911037946059e-01
9.007941808139952e-01
9.867500322560224e-01
###4.000000000000000e+00
-4.389140665105393e-10
-4.006191722798166e-12
2.178996051149119e-10
3.151181329521884e-10
4.582337439719681e-10
3.750396325183683e-10
1.288771397302333e-08
7.115162288142748e-10
8.163669149253403e-10
1.097755436438771e-09
9.226888551352697e-10
9.889335336359396e-10
1.025578459964154e-09
1.029218057570270e-09
1.073012152927627e-09
1.162624781297877e-09
1.301951400543195e-09
1.577548721138995e-09
1.674518648135933e-09
1.938262124450858e-09
2.290162303369563e-09
2.777800524930228e-09
3.424187206860444e-09
4.269759579503518e-09
5.404770389857672e-09
6.918182166448410e-09
8.905784184124930e-09
1.153722995133166e-08
1.505328744496551e-08
1.969928689810291e-08
2.590797326700226e-08
3.405921107367674e-08
4.500781454287622e-08
5.955910167721865e-08
7.877979379561396e-08
1.042928599096687e-07
1.380832974239975e-07
1.828163164931701e-07
2.419080997229326e-07
3.202616469382781e-07
4.235063655406377e-07
5.603648632578832e-07
7.411167324219611e-07
9.797559404922051e-07
1.294576859368627e-06
1.709901840403421e-06
2.258257387690560e-06
2.980652546066079e-06
3.929651810215950e-06
5.189461114456481e-06
6.842009426552366e-06
9.022301582957893e-06
1.188195319201160e-05
1.566384074388038e-05
2.058902203809922e-05
2.707634582262853e-05
3.556867598141052e-05
4.681881536132169e-05
6.153841923069917e-05
8.079740215119449e-05
1.062370097805816e-04
1.394332477855788e-04
1.830957154348731e-04
2.405874903402384e-04
3.152432682523846e-04
4.136347849029183e-04
5.422474784415840e-04
7.109144644698869e-04
9.316255101277948e-04
1.223550572997045e-03
1.605260016184564e-03
2.106290888201324e-03
2.762471306508704e-03
3.624544455425341e-03
4.753654386867986e-03
6.227533706082632e-03
8.169351003749513e-03
1.071164601545834e-02
1.403015986161632e-02
1.836695018970403e-02
2.402130949177428e-02
3.139246415348831e-02
4.098369964660982e-02
5.339587374597964e-02
6.931582461572450e-02
8.966913541371052e-02
1.153289610930963e-01
1.474012783464970e-01
1.870744762596671e-01
2.354404255237177e-01
2.933301084276127e-01
3.608896122128770e-01
4.373869068951802e-01
5.210196977805918e-01
6.086630353055152e-01
6.961225562558556e-01
7.786594768580214e-01
8.517272715361374e-01
9.141479969904450e-01
9.887650412121350e-01
###4.399999999999999e+00
-4.276234129251356e-10
2.278132834328432e-11
2.444703158985783e-10
3.247023604871750e-10
5.127017322439924e-10
4.259535478608307e-10
1.254885251629893e-08
7.871641581401594e-10
9.169829662728089e-10
1.204932255207605e-09
1.008447699539539e-09
1.103296731379614e-09
1.145343151687681e-09
1.148240475061006e-09
1.201947152706872e-09
1.300236901309505e-09
1.449233731896521e-09
1.735427283934918e-09
1.863582829849493e-09
2.151349529696477e-09
2.534875529631689e-09
3.064150944529867e-09
3.773592774985103e-09
4.687893646565136e-09
5.917620380194442e-09
7.559807792796355e-09
9.716542884939940e-09
1.257189694248469e-08
1.638319719458274e-08
2.141108476143275e-08
2.812746588179311e-08
3.699487851202510e-08
4.885375662293822e-08
6.464118063847416e-08
8.550061878221695e-08
1.131860454602279e-07
1.498787602748708e-07
1.984576161212656e-07
2.627090027739207e-07
3.477369076987231e-07
4.601190969619444e-07
6.089857952162263e-07
8.057580204276688e-07
1.065485793227839e-06
1.408632470174659e-06
1.861365168153523e-06
2.459391944702851e-06
3.247812028766816e-06
4.284130209291565e-06
5.660978686066299e-06
7.468223573320049e-06
9.855130165378174e-06
1.298674998354579e-05
1.713326509183283e-05
2.253735205361153e-05
2.966206651214713e-05
3.899686834614152e-05
5.138283973967594e-05
6.760405985082899e-05
8.885000353159664e-05
1.169458687586375e-04
1.536773046294868e-04
2.020462572897568e-04
2.658353287150594e-04
3.487717384675654e-04
4.582182195467110e-04
6.015217337307622e-04
7.897110435680927e-04
1.036299178180933e-03
1.362914295445707e-03
1.790549816388986e-03
2.352528902974438e-03
3.089178030631948e-03
4.057876657938883e-03
5.327410735218497e-03
6.987410396145023e-03
9.168095299006767e-03
1.202552843330794e-02
1.575242320037655e-02
2.061717350922032e-02
2.694786838057307e-02
3.518106586505398e-02
4.586335534238054e-02
5.963466411508506e-02
7.721889317098504e-02
9.958245506719066e-02
1.275999979848483e-01
1.623739238702413e-01
2.050290879208385e-01
2.565214732694449e-01
3.174960674936618e-01
3.877850480591470e-01
4.662763662625478e-01
5.507917330796770e-01
6.378533391262383e-01
7.230940262346881e-01
8.018224817049940e-01
8.698163940056156e-01
9.261462043007441e-01
9.905363743758456e-01
###4.800000000000000e+00
-4.060986901724881e-10
2.047789516370933e-11
2.705120519485327e-10
3.624881323247040e-10
5.540205556309399e-10
4.859849514250230e-10
1.222413044321386e-08
8.771016522636324e-10
1.013205969892173e-09
1.330345156739807e-09
1.112703032622534e-09
1.199916155358278e-09
1.256076709204849e-09
1.271127520096978e-09
1.333736142534343e-09
1.440296619394590e-09
1.605205871977022e-09
1.896210715197078e-09
2.058773503278635e-09
2.376521229436530e-09
2.798732313732435e-09
3.361893390965082e-09
4.143540478931968e-09
5.134286276080329e-09
6.472636413170515e-09
8.253235237618684e-09
1.059520620449629e-08
1.369591045747469e-08
1.782856096191240e-08
2.328794579476538e-08
3.054969755728864e-08
4.019016394516839e-08
5.304431217512681e-08
7.016753908001055e-08
9.281577852974633e-08
1.228620110811873e-07
1.627185439262767e-07
2.155088216235224e-07
2.853847550617218e-07
3.778009474790613e-07
5.000821855059693e-07
6.620787074572707e-07
8.763268457594305e-07
1.159328513486347e-06
1.533314225691968e-06
2.027124833929396e-06
2.679729799299702e-06
3.540552239059953e-06
4.672979916183940e-06
6.178631429308198e-06
8.156261734761573e-06
1.077097571771203e-05
1.420301240936754e-05
1.875157504155519e-05
2.468555619536826e-05
3.251540310693687e-05
4.278539984375730e-05
5.642941275748119e-05
7.432037402514092e-05
9.777924347591910e-05
1.288308695664144e-04
1.695032617516840e-04
2.231150434684022e-04
2.939322468033321e-04
3.861054732472462e-04
5.079215812070010e-04
6.676164292326302e-04
8.776530048471731e-04
1.153131460605598e-03
1.518526583406488e-03
1.997375616025744e-03
2.627301927959817e-03
3.453611368106468e-03
4.540778090875938e-03
5.966068840312379e-03
7.831222575611238e-03
1.027631199466874e-02
1.348008362355609e-02
1.765429495387028e-02
2.309379328249222e-02
3.015840746765357e-02
3.932037395776133e-02
5.116864070869880e-02
6.638290262130928e-02
8.571724841742832e-02
1.101709325471378e-01
1.406134988988379e-01
1.781257584498591e-01
2.237326524654298e-01
2.782462884604232e-01
3.421461306884522e-01
4.148878995917422e-01
4.950039305354580e-01
5.799678197970572e-01
6.660136515695423e-01
7.486754794629867e-01
8.233835581307607e-01
8.863219930953778e-01
9.368717731619292e-01
9.920911050207076e-01
###5.200000000000000e+00
-3.861648978282472e-10
8.152516554217269e-11
3.309536191795274e-10
4.068098054492009e-10
5.761711736106521e-10
5.269037640640761e-10
1.193354481220273e-08
9.593833966417665e-10
1.126324633747906e-09
1.439701399045107e-09
1.227260080533754e-09
1.308540337522023e-09
1.373482828255478e-09
1.398092284017321e-09
1.475103549946238e-09
1.585413125495445e-09
1.769650242246532e-09
2.068955876193256e-09
2.268346723567012e-09
2.610514473965890e-09
3.078367817558451e-09
3.684080451618780e-09
4.534341093725142e-09
5.622267789857492e-09
7.074452210415062e-09
9.007976400211546e-09
1.154958788997158e-08
1.491517285334509e-08
1.940290609904767e-08
2.533023515677835e-08
3.319648392685757e-08
4.367150535369166e-08
5.760862427455405e-08
7.619195446425795e-08
1.007834587224782e-07
1.333994476871992e-07
1.767178827425516e-07
2.340932445301185e-07
3.100857140477556e-07
4.106328588471543e-07
5.436872823161645e-07
7.200363647757976e-07
9.534439796954559e-07
1.261923710989400e-06
1.669729057605956e-06
2.208540417346556e-06
2.921045534878678e-06
3.861575582280465e-06
5.100235021756956e-06
6.747752901254478e-06
8.912539987229092e-06
1.177790434269349e-05
1.554207418432491e-05
2.053517301415829e-05
2.705477496243165e-05
3.566653194457624e-05
4.697254850497762e-05
6.201498074042433e-05
8.175875057561324e-05
1.076782132995990e-04
1.420256180108780e-04
1.870790806097461e-04
2.465427607789582e-04
3.251870702447806e-04
4.276741148071018e-04
5.632879832319363e-04
7.412862343881107e-04
9.756925830246373e-04
1.283396153149418e-03
1.691982654670680e-03
2.227927263683548e-03
2.933429437932162e-03
3.859364897242338e-03
5.077864972569602e-03
6.675330565900466e-03
8.766531915470664e-03
1.150284939116381e-02
1.508639155317603e-02
1.974859536789745e-02
2.581251710054060e-02
3.366948533095181e-02
4.382867516055582e-02
5.691879035259995e-02
7.365844713601719e-02
9.482464437599657e-02
1.214448453812209e-01
1.543661689067378e-01
1.946315582862941e-01
2.431601472550751e-01
3.005993463353007e-01
3.672166191214916e-01
4.421148648001788e-01
5.234903027056684e-01
6.084783481808933e-01
6.930973339454259e-01
7.728451847449641e-01
8.433690032095307e-01
9.013054945360230e-01
9.464109642708403e-01
9.934334563593207e-01
###5.600000000000001e+00
-3.843280255085802e-10
1.121978088990542e-10
3.498379383777464e-10
4.178935666113393e-10
6.349229116841279e-10
5.767665821652557e-10
1.163205917310542e-08
1.022507959086925e-09
1.227246597923574e-09
1.539726372567538e-09
1.345909184944435e-09
1.416610049273653e-09
1.494026920045597e-09
1.530970870164796e-09
1.621003544389592e-09
1.743635125207469e-09
1.947430465584063e-09
2.261046541468877e-09
2.494675753817449e-09
2.869176774460799e-09
3.381698325378533e-09
4.042479025322491e-09
4.967912154594591e-09
6.151780780532176e-09
7.724753116702645e-09
9.824956715145425e-09
1.258462579784815e-08
1.623351818684197e-08
2.110364991382565e-08
2.753066638506331e-08
3.607737924698643e-08
4.745783854667923e-08
6.257908827489240e-08
8.275652855561068e-08
1.094727444539130e-07
1.448870454851475e-07
1.919779506749163e-07
2.543533646101571e-07
3.370078626464180e-07
4.464477158457934e-07
5.913167402434817e-07
7.833770304580873e-07
1.037764419919032e-06
1.374169543249435e-06
1.819047125253805e-06
2.407267323019841e-06
3.185613385424056e-06
4.213773550116731e-06
5.569312125982858e-06
7.372881663594918e-06
9.744056819808261e-06
1.288651353598907e-05
1.701729345184526e-05
2.250177238621081e-05
2.967019267649923e-05
3.914785597720505e-05
5.160108727400221e-05
6.819648914398780e-05
9.000041338146277e-05
1.186571145384962e-04
1.566686996735223e-04
2.066013510833589e-04
2.725798365110883e-04
3.599576103153124e-04
4.739286748158606e-04
6.249144847328976e-04
8.233400314899117e-04
1.084915817019798e-03
1.428523459528573e-03
1.885182539589778e-03
2.484597789346614e-03
3.273966935982285e-03
4.310248837741470e-03
5.673971540924006e-03
7.461570117014751e-03
9.801083349211825e-03
1.285722501499287e-02
1.685510974552133e-02
2.204835452147060e-02
2.878795930676889e-02
3.749690248033777e-02
4.872219985149923e-02
6.312990914148656e-02
8.147479744558177e-02
1.045518595826538e-01
1.334070288876447e-01
1.688507244236717e-01
2.118792475235657e-01
2.632764337199604e-01
3.235216075487276e-01
3.926378743951824e-01
4.693931870655683e-01
5.516433286657983e-01
6.362453646040940e-01
7.190504051860480e-01
7.955945521297676e-01
8.618029250200115e-01
9.148348566720365e-01
9.548272539618052e-01
9.945988129715424e-01
###6.000000000000001e+00
-3.574993371964546e-10
1.462679881678360e-10
3.355386290997719e-10
4.764087390193164e-10
6.592254395720203e-10
6.376403403989253e-10
1.135065175079582e-08
1.099642884575451e-09
1.308022598483938e-09
1.638675835902198e-09
1.461434924545899e-09
1.539611484542607e-09
1.618968699432042e-09
1.667970176744222e-09
1.776385872840758e-09
1.900893941116575e-09
2.132950841523986e-09
2.461479442772648e-09
2.733280413956585e-09
3.145681842310290e-09
3.704507982952891e-09
4.426070100501755e-09
5.437968016376829e-09
6.722519729584723e-09
8.433633182234933e-09
1.071269386405585e-08
1.370846586537526e-08
1.767486239824667e-08
2.295590859121828e-08
2.992775366231221e-08
3.920963107905998e-08
5.158210888675656e-08
6.799213016268545e-08
8.990486612205595e-08
1.189331524718870e-07
1.574092736116796e-07
2.086171371138373e-07
2.764482653517848e-07
3.663832196993813e-07
4.855473002347949e-07
6.433354214108246e-07
8.526125133161299e-07
1.129972550076955e-06
1.496987974272826e-06
1.982508247547202e-06
2.625069540345224e-06
3.475660272740116e-06
4.600249989804471e-06
6.085150863748425e-06
8.060098466273667e-06
1.065903763547938e-05
1.410699710099111e-05
1.864316989747123e-05
2.467129591128870e-05
3.255804477032681e-05
4.299624547764131e-05
5.672313406298845e-05
7.504083859236315e-05
9.913160470622587e-05
1.308275121560640e-04
1.729205899425314e-04
2.282868336726943e-04
3.015138632450391e-04
3.986159556205570e-04
5.253759978005790e-04
6.935163341545837e-04
9.146436526287512e-04
1.206450935058707e-03
1.589986104726945e-03
2.100007149099828e-03
2.769865690466669e-03
3.652205281511665e-03
4.810388753950153e-03
6.334421149173865e-03
8.331110131245609e-03
1.094232743149089e-02
1.434826679823997e-02
1.879799170966513e-02
2.456650175852486e-02
3.203463721403392e-02
4.165807363896252e-02
5.401967561717771e-02
6.982174531647341e-02
8.985086186552176e-02
1.149135151629483e-01
1.460623939453251e-01
1.840634066295922e-01
2.298384477578368e-01
2.840424986037366e-01
3.469534634368825e-01
4.183334722379381e-01
4.966267367002267e-01
5.793719174241762e-01
6.631972039987397e-01
7.438208584115514e-01
8.169049984263033e-01
8.787199280429350e-01
9.269698550376690e-01
9.622037474513133e-01
9.955922199295681e-01
###6.400000000000001e+00
-3.347157841572232e-10
1.844849057869960e-10
3.524381867592060e-10
4.989770436011808e-10
6.982813586830563e-10
6.964127160025229e-10
1.107415873306611e-08
1.173802972589194e-09
1.402526170037012e-09
1.744074236977901e-09
1.580613735884505e-09
1.668498337524082e-09
1.757448707371328e-09
1.813467400228380e-09
1.935664933493733e-09
2.083315073647613e-09
2.330261937102616e-09
2.676131802501294e-09
2.976848705799292e-09
3.444234244905404e-09
4.053989830790242e-09
4.844027998017816e-09
5.939375838640220e-09
7.340228922640058e-09
9.199211797151688e-09
1.167301983868887e-08
1.492879716960740e-08
1.924158707039694e-08
2.497663668741239e-08
3.255456346225877e-08
4.262063755593603e-08
5.606897404139112e-08
7.389387672132951e-08
9.769247193168018e-08
1.292478793306482e-07
1.710686050574497e-07
2.267592596174350e-07
3.005611318597446e-07
3.984554806851635e-07
5.282300626249364e-07
7.001843800926976e-07
9.283322280254414e-07
1.230842243272251e-06
1.631422224385383e-06
2.161611747923361e-06
2.863860635859395e-06
3.793877870072083e-06
5.024608835006765e-06
6.651728456215015e-06
8.815957190874593e-06
1.166609171913751e-05
1.545142325605822e-05
2.043584506705771e-05
2.706529286785919e-05
3.574794682600769e-05
4.724936147943701e-05
6.239251887472633e-05
8.261981238982620e-05
1.092539465652180e-04
1.443278683014473e-04
1.909559048440740e-04
2.523623402560120e-04
3.336605811329692e-04
4.415694059934977e-04
5.825615354997942e-04
7.697653676185507e-04
1.016142572910271e-03
1.341553056592601e-03
1.769376097620052e-03
2.338624086695641e-03
3.086407762729781e-03
4.071459054597161e-03
5.364299956498133e-03
7.064628949570627e-03
9.290653220301499e-03
1.219930691161460e-02
1.598651228309316e-02
2.092656051578372e-02
2.731684966066071e-02
3.556846177764891e-02
4.616966044987912e-02
5.973802616453733e-02
7.701052905138135e-02
9.879764032645386e-02
1.259152220089346e-01
1.594093871551851e-01
1.999924091580999e-01
2.484896724658616e-01
3.054138652339667e-01
3.708241746808920e-01
4.442194336909561e-01
5.237324057677823e-01
6.065924386164465e-01
6.892567106031963e-01
7.673694557164540e-01
8.367759232648668e-01
8.941642253736342e-01
9.377854291807054e-01
9.686137322939017e-01
9.964299039726330e-01
###6.800000000000002e+00
-3.227332208810363e-10
2.003727511528527e-10
3.753267615218861e-10
5.364339425056289e-10
7.460783036043347e-10
7.470321065938893e-10
1.079766818089055e-08
1.247104024820244e-09
1.499185739868541e-09
1.852638529997024e-09
1.701631291704299e-09
1.793292956599599e-09
1.891763658424478e-09
1.964697828251367e-09
2.100914912260236e-09
2.272368884965108e-09
2.538667615489766e-09
2.905034320485469e-09
3.251326069339779e-09
3.766267204473885e-09
4.426749739445902e-09
5.293940367377679e-09
6.480520280474409e-09
8.006651694640862e-09
1.002472440907446e-08
1.271503028340317e-08
1.625370631785335e-08
2.094138173530160e-08
2.717174914525263e-08
3.541136710416247e-08
4.633412406442926e-08
6.095378152730193e-08
8.032312875774016e-08
1.061824788738475e-07
1.404870905539150e-07
1.859758791483854e-07
2.465585328219711e-07
3.268895630368786e-07
4.334751159980721e-07
5.748781926223435e-07
7.623067697106621e-07
1.011131501115455e-06
1.341214486843987e-06
1.778635398921301e-06
2.357937967467190e-06
3.125700195038646e-06
4.143260012763137e-06
5.490879660238203e-06
7.274461608500871e-06
9.647364155735156e-06
1.277486680433119e-05
1.693312618497805e-05
2.241303273258787e-05
2.970816027067461e-05
3.927104519877129e-05
5.195206127078577e-05
6.866485516601890e-05
9.101238731439985e-05
1.204690546703638e-04
1.592973977583916e-04
2.109659630052202e-04
2.790881190391187e-04
3.693569895183118e-04
4.892790525217068e-04
6.460777727090527e-04
8.544645960969174e-04
1.128908494368359e-03
1.491543046970491e-03
1.968475310721148e-03
2.603286774368831e-03
3.437107714989706e-03
4.535474965839220e-03
5.976444856479982e-03
7.870321071865801e-03
1.034757177254251e-02
1.358046770378380e-02
1.778269349242236e-02
2.325301489475213e-02
3.031366211609407e-02
3.940622684649460e-02
5.104930444945064e-02
6.589405109082350e-02
8.471064742465174e-02
1.083287247453260e-01
1.375613963887403e-01
1.734441344944274e-01
2.166178820100280e-01
2.677981461855372e-01
3.273411089326851e-01
3.950727756906750e-01
4.702197465793962e-01
5.506155388190495e-01
6.332266234744269e-01
7.143482923403693e-01
7.896425721138466e-01
8.552068778449231e-01
9.081689453808910e-01
9.473568111681311e-01
9.741436059799338e-01
9.971392436819843e-01
###7.200000000000002e+00
-3.074035245922381e-10
1.930628512587805e-10
3.897669496813827e-10
5.852076341058173e-10
8.059119032636990e-10
8.050365492082145e-10
1.054869340634750e-08
1.314497020171122e-09
1.596340252862805e-09
1.963381019736516e-09
1.822364520712956e-09
1.921908757959426e-09
2.031795286721593e-09
2.124338511843431e-09
2.279327609602232e-09
2.473858822601567e-09
2.758696318506079e-09
3.151801027591224e-09
3.542662285261662e-09
4.105920583567021e-09
4.826547342238756e-09
5.773778044277702e-09
7.063176420775008e-09
8.724673798766851e-09
1.091890665694369e-08
1.384102356704275e-08
1.768921419139828e-08
2.278531945773175e-08
2.955342377557587e-08
3.851423636292287e-08
5.038839216924168e-08
6.627277539588278e-08
8.732475485641786e-08
1.154354479767072e-07
1.527508352326131e-07
2.022500186694297e-07
2.681632900946538e-07
3.556319108027882e-07
4.717277784851398e-07
6.258691909988171e-07
8.302914227424661e-07
1.101793643191709e-06
1.462131252359478e-06
1.939936613647353e-06
2.573317237424065e-06
3.413087990680202e-06
4.526959917554257e-06
6.003147306017050e-06
7.959207733269837e-06
1.056245868738286e-05
1.399632578490976e-05
1.856657190092262e-05
2.459439401239709e-05
3.262545214531407e-05
4.316484058206653e-05
5.715372527765092e-05
7.560549557269766e-05
1.003062921042956e-04
1.328919068928921e-04
1.758946914476028e-04
2.331611646582385e-04
3.087409883063790e-04
4.089733546753273e-04
5.422562218413219e-04
7.166128069462261e-04
9.484853176021750e-04
1.254009687977451e-03
1.657908031008336e-03
2.189102307151090e-03
2.896374579759607e-03
3.825133273024362e-03
5.048236139332876e-03
6.651783801291178e-03
8.757585036463116e-03
1.150893098420212e-02
1.509440065994144e-02
1.974782369210345e-02
2.579009524528623e-02
3.357068229053177e-02
4.356147850792464e-02
5.631183163043669e-02
7.250418389617036e-02
9.293666890037884e-02
1.184547095323638e-01
1.498594953177742e-01
1.881647301101323e-01
2.339194851837698e-01
2.877301491591028e-01
3.497678552535410e-01
4.196236340369238e-01
4.962512919829524e-01
5.771882620890926e-01
6.591752267580714e-01
7.384059408512107e-01
8.106181687711532e-01
8.722092812244540e-01
9.207911216866099e-01
9.557633965494226e-01
9.788718249460568e-01
9.977269603172124e-01
###7.600000000000002e+00
-2.956766362157129e-10
2.256209066615366e-10
4.254973808323175e-10
6.437946521989489e-10
8.451580559880620e-10
8.641453287057012e-10
1.030374497055112e-08
1.384914007999417e-09
1.687331412910514e-09
2.075000218888530e-09
1.940544833939903e-09
2.057735084124132e-09
2.182817187358774e-09
2.278963698219874e-09
2.460317408378357e-09
2.672590000321344e-09
2.988580079012343e-09
3.420432947591383e-09
3.849078473244125e-09
4.465419302601984e-09
5.257477692420550e-09
6.293588876432896e-09
7.690364184642560e-09
9.500497402176672e-09
1.188597189730619e-08
1.506255236355965e-08
1.924504563421415e-08
2.478750182571508e-08
3.214490776645222e-08
4.188372321128283e-08
5.478776285327414e-08
7.206369256588709e-08
9.495103109435835e-08
1.255198924661651e-07
1.661202617106028e-07
2.200144683806602e-07
2.917636744771290e-07
3.870341182915908e-07
5.135362060751477e-07
6.816287546692116e-07
9.046260608261178e-07
1.200980179205318e-06
1.594540809071550e-06
2.116733731134992e-06
2.809414984175827e-06
3.728698742013644e-06
4.948319932721005e-06
6.566380953393150e-06
8.712378191581405e-06
1.156971546542472e-05
1.534196144429471e-05
2.036757321099397e-05
2.700219560597870e-05
3.584872137002934e-05
4.746881938535786e-05
6.290390467559460e-05
8.328902144418437e-05
1.105995256196389e-04
1.466597154937915e-04
1.942874914230011e-04
2.577734329824618e-04
3.416354667324668e-04
4.529224892850464e-04
6.010257625640081e-04
7.948481085975379e-04
1.052724207769225e-03
1.392677438151691e-03
1.842195027653769e-03
2.433451122002492e-03
3.220436411882710e-03
4.253786222414644e-03
5.613870447425598e-03
7.395511188988752e-03
9.733111332560291e-03
1.278282498533305e-02
1.675184689875324e-02
2.189427274030042e-02
2.855052138492595e-02
3.710298963093891e-02
4.805175106387669e-02
6.197324877904056e-02
7.958306314724733e-02
1.017027697667266e-01
1.291878614879008e-01
1.628101536544410e-01
2.035575145189678e-01
2.518795918504151e-01
3.082457485862046e-01
3.726417456932303e-01
4.444071195911169e-01
5.222199398801057e-01
6.033632451943391e-01
6.843721827663217e-01
7.613793590910894e-01
8.302757900041359e-01
8.878075870849762e-01
9.320988478539142e-01
9.630945930007414e-01
9.828804214542113e-01
9.982123731953250e-01
###8.000000000000002e+00
-2.743431664619151e-10
2.553111671523655e-10
4.510115493564637e-10
6.812428896873930e-10
9.008970413954949e-10
9.206147576496786e-10
1.007419715430254e-08
1.463471913790388e-09
1.792157748353215e-09
2.172716650885762e-09
2.065530016622541e-09
2.191846089884723e-09
2.335334047355279e-09
2.450696192684053e-09
2.643915220721903e-09
2.890914852892541e-09
3.233481786629339e-09
3.692065914978329e-09
4.177296810558462e-09
4.849608380077508e-09
5.717075164406741e-09
6.851720516516005e-09
8.368738165385944e-09
1.033965104976996e-08
1.293481098846174e-08
1.638736354299608e-08
2.093426401843138e-08
2.696109945880867e-08
3.495938959963742e-08
4.555298776777173e-08
5.957690182266424e-08
7.836946503424911e-08
1.032612970707603e-07
1.365181147806782e-07
1.807032487581308e-07
2.393824295539776e-07
3.175169204936120e-07
4.213412823052302e-07
5.592561521717402e-07
7.426107901370178e-07
9.860261691055411e-07
1.309611094859178e-06
1.739673981342641e-06
2.310615095978878e-06
3.068602989240106e-06
4.075202179904024e-06
5.411508663145605e-06
7.185866085487522e-06
9.541337176971013e-06
1.267954772103636e-05
1.682554893568516e-05
2.235779115630032e-05
2.965928777405354e-05
3.940836382844288e-05
5.222584212532794e-05
6.926533863251910e-05
9.179003261421726e-05
1.219949126535769e-04
1.619039425108738e-04
2.146692890993479e-04
2.850536973034190e-04
3.780923067866320e-04
5.016345500279940e-04
6.661247841150661e-04
8.815422319503653e-04
1.168213103581304e-03
1.546228053553960e-03
2.046068277843618e-03
2.703529401586948e-03
3.578365887969749e-03
4.726698084402024e-03
6.236647820655073e-03
8.213184533892080e-03
1.080326368740131e-02
1.417780662014656e-02
1.856181242785234e-02
2.423123672887489e-02
3.154833237880028e-02
4.092534544857094e-02
5.289110706652302e-02
6.805024166538347e-02
8.714622222419262e-02
1.110201500395094e-01
1.405273823095382e-01
1.764112906458329e-01
2.196134597799156e-01
2.704713390509904e-01
3.293053058796042e-01
3.958977876470910e-01
4.693417587506428e-01
5.480444534084007e-01
6.290470933748747e-01
7.087292686466183e-01
7.832149870383069e-01
8.486065099704881e-01
9.020342304505902e-01
9.421538620813165e-01
9.694352275920547e-01
9.862461840837541e-01
9.986072249227759e-01
###8.400000000000002e+00
-2.705501632168060e-10
3.006183566592642e-10
4.815444057125185e-10
7.317452323998253e-10
9.409107531177422e-10
9.907615612972625e-10
9.858122464322490e-09
1.539589038306358e-09
1.897095813736327e-09
2.281014517583243e-09
2.196358104169406e-09
2.332806696210385e-09
2.484404563183707e-09
2.626151802425003e-09
2.838552170413089e-09
3.116530817910765e-09
3.488813359669639e-09
3.985372934843434e-09
4.526373913270574e-09
5.261423299996145e-09
6.210665658764743e-09
7.447895665765237e-09
9.098507279808190e-09
1.124363568442378e-08
1.406886938148315e-08
1.782160698748369e-08
2.276614805083985e-08
2.932247985884647e-08
3.801926081297646e-08
4.954489301088926e-08
6.479368830162463e-08
8.523589382039190e-08
1.123243873704934e-07
1.485087390236002e-07
1.966076328278541e-07
2.605306943217841e-07
3.456466399388683e-07
4.588261332557301e-07
6.092350196628870e-07
8.093287648550862e-07
1.075139570742608e-06
1.428657146738707e-06
1.898768914964484e-06
2.523316520540083e-06
3.353142812171999e-06
4.455773315847814e-06
5.920634382747502e-06
7.867337705484087e-06
1.045386687809806e-05
1.390217018431771e-05
1.846136347203456e-05
2.455303762709911e-05
3.259263127515170e-05
4.334132018398802e-05
5.748521639751432e-05
7.630035774235996e-05
1.011981769973697e-04
1.346070237673135e-04
1.787926724157251e-04
2.372419916672251e-04
3.152781655828977e-04
4.184811479545423e-04
5.555937024329787e-04
7.382450810508694e-04
9.775338567532630e-04
1.296042268947649e-03
1.716067168294313e-03
2.271420491128082e-03
3.001652083206077e-03
3.973062154552085e-03
5.247462385558860e-03
6.921500636457546e-03
9.110451718455977e-03
1.197541367331115e-02
1.570228190139238e-02
2.053576838095490e-02
2.677068361446609e-02
3.479638852988847e-02
4.505221743478456e-02
5.809680330341874e-02
7.455978048694123e-02
9.520758133177133e-02
1.208983161656709e-01
1.524816682460684e-01
1.906608663692765e-01
2.363282428898819e-01
2.896638485546167e-01
3.508610208922776e-01
4.194717435113092e-01
4.943463554019077e-01
5.736354194165634e-01
6.541533726175779e-01
7.321754823790568e-01
8.038721623045241e-01
8.656028244966945e-01
9.149333031089978e-01
9.510395696620119e-01
9.748765739876749e-01
9.890467699274600e-01
9.989263708908169e-01
###8.800000000000002e+00
-2.604375046977827e-10
3.126394050468691e-10
4.969439023217867e-10
7.694983896836313e-10
9.826543599156351e-10
1.045187020881274e-09
9.640991068149782e-09
1.624225308918708e-09
1.996747114878087e-09
2.396154345710992e-09
2.330671855696363e-09
2.476913365631092e-09
2.642283105733479e-09
2.806470067336819e-09
3.048004544994875e-09
3.353809391582787e-09
3.761243082724086e-09
4.298006152008476e-09
4.892463781973524e-09
5.701703044528730e-09
6.731697542490884e-09
8.088934984472784e-09
9.883388312218068e-09
1.221967663328597e-08
1.529421155784061e-08
1.937456809696299e-08
2.475251662344631e-08
3.187594190424259e-08
4.134324098917618e-08
5.387146750452505e-08
7.047474592287065e-08
9.271613137503533e-08
1.222021319908099e-07
1.615916968661581e-07
2.139683012861967e-07
2.836223834942971e-07
3.763834499127330e-07
4.998226189879859e-07
6.639102882530266e-07
8.823588333536949e-07
1.172734515242698e-06
1.559126735034922e-06
2.073296905754032e-06
2.756883473845180e-06
3.665702092926257e-06
4.874183898043185e-06
6.480781981729696e-06
8.617685242714385e-06
1.145899390661304e-05
1.524979345800023e-05
2.026610760138119e-05
2.697517986297151e-05
3.583291382551664e-05
4.768629395043102e-05
6.329690418817835e-05
8.408387576243273e-05
1.116558862070477e-04
1.485692573118008e-04
1.974874252311747e-04
2.622362633253569e-04
3.487356734502611e-04
4.631909099598652e-04
6.153276360205051e-04
8.180670642136175e-04
1.083720859358245e-03
1.437350881807466e-03
1.903661239906718e-03
2.520112614362749e-03
3.330365383442670e-03
4.407722642505140e-03
5.819941386480834e-03
7.673216076745255e-03
1.009369771602034e-02
1.325640952454555e-02
1.736490415151181e-02
2.268502144796465e-02
2.952538851599062e-02
3.830801012514300e-02
4.949877032833706e-02
6.368207810467776e-02
8.150771083794453e-02
1.037813544972599e-01
1.313486942848661e-01
1.650547283848174e-01
2.055520464751582e-01
2.536509304009903e-01
3.094221622383064e-01
3.728532699436501e-01
4.432963596050755e-01
5.193432150334804e-01
5.989047784978182e-01
6.786030091850614e-01
7.546660114115202e-01
8.233276906301074e-01
8.812837884084493e-01
9.265565010500955e-01
9.588336718916038e-01
9.795088454668701e-01
9.913564065997379e-01
9.991778259297788e-01
###9.200000000000003e+00
-2.457158170121212e-10
3.311650255267801e-10
5.357284958292977e-10
8.016837386942982e-10
1.029784885884441e-09
1.111532253508646e-09
9.435294320040868e-09
1.712892477544251e-09
2.099180260450419e-09
2.515336968603246e-09
2.453331922211263e-09
2.626918160145599e-09
2.807609472369386e-09
2.979642503563235e-09
3.266433282151469e-09
3.605338508605611e-09
4.043050447408527e-09
4.633597489253487e-09
5.288908283839630e-09
6.169410173738740e-09
7.297044640257027e-09
8.777912307835802e-09
1.072734279807143e-08
1.327292658107956e-08
1.661895188769178e-08
2.105420789615102e-08
2.690593428336733e-08
3.465824064231467e-08
4.495485249973746e-08
5.857317548034462e-08
7.666089369962543e-08
1.008658077535398e-07
1.329705638308220e-07
1.758613072793505e-07
2.329200229973425e-07
3.088424330158362e-07
4.099851188043959e-07
5.446479022973558e-07
7.237447590588169e-07
9.623456502789331e-07
1.279682208944244e-06
1.702198492146925e-06
2.264747042305486e-06
3.013310157201790e-06
4.009029211157032e-06
5.333959625975771e-06
7.096831143326333e-06
9.443504499087777e-06
1.256571055127274e-05
1.673515808773415e-05
2.225590406259832e-05
2.964591867377975e-05
3.940992602199751e-05
5.248812126591290e-05
6.972188265897830e-05
9.269030852981711e-05
1.232128968409166e-04
1.640171432922884e-04
2.181743200483794e-04
2.899001707702948e-04
3.857627489668252e-04
5.126759895914702e-04
6.813842316999646e-04
9.063091217871775e-04
1.201061923374020e-03
1.593384973444553e-03
2.110637666628276e-03
2.794217528844634e-03
3.692288618721462e-03
4.885512427186190e-03
6.448480455351103e-03
8.496897501901052e-03
1.116904502705873e-02
1.465447990942659e-02
1.917515559966681e-02
2.501748017814631e-02
3.250650580462074e-02
4.209699779272889e-02
5.427770028835906e-02
6.966026053557503e-02
8.891664796999765e-02
1.128777992934280e-01
1.423765936761607e-01
1.782434496667711e-01
2.210730745310402e-01
2.715681000232629e-01
3.297027388079836e-01
3.952326315408372e-01
4.672963117135666e-01
5.442482489861794e-01
6.237674884629957e-01
7.023220625206514e-01
7.761256693136552e-01
8.415598128711785e-01
8.956743702851574e-01
9.369677618723625e-01
9.656261054234438e-01
9.834193726365638e-01
9.932412308117852e-01
9.993773955083691e-01
###9.600000000000003e+00
-2.057507991264685e-10
3.584593278623501e-10
5.664145322146904e-10
8.344466057333897e-10
9.907921809772674e-10
1.162555485216203e-09
9.244890274187721e-09
1.795035846195591e-09
2.201583731283391e-09
2.632449921246098e-09
2.591903960213085e-09
2.778498025694393e-09
2.980410124114270e-09
3.181522789077142e-09
3.494951336645066e-09
3.869769810086775e-09
4.347404706739780e-09
4.983405960410644e-09
5.707054086228028e-09
6.667387481559167e-09
7.900829095363463e-09
9.515154460518338e-09
1.163473406507721e-08
1.440840969324884e-08
1.804990810729256e-08
2.287382604823381e-08
2.923996284660736e-08
3.765930781122065e-08
4.887824535366379e-08
6.369075043585939e-08
8.339852750499216e-08
1.097483514180998e-07
1.447145465736010e-07
1.914373465064476e-07
2.536331388999581e-07
3.363923188224962e-07
4.467651016936019e-07
5.936931033594842e-07
7.893419404705751e-07
1.049945984624459e-06
1.396879695527043e-06
1.859050380896872e-06
2.474889049705724e-06
3.294912733196907e-06
4.386317390381275e-06
5.839547367975846e-06
7.774950543476221e-06
1.035294453353114e-05
1.378409891966575e-05
1.837260965992650e-05
2.445143232610143e-05
3.259182519359453e-05
4.336037386415974e-05
5.779140922397822e-05
7.682283358156265e-05
1.022150257230812e-04
1.359920574594453e-04
1.811106200388081e-04
2.410467597576751e-04
3.204943177553723e-04
4.267083041856548e-04
5.673861318003839e-04
7.544113968859100e-04
1.003787631099643e-03
1.330584005888402e-03
1.765518884401906e-03
2.338735543793501e-03
3.095978094368083e-03
4.090275745874357e-03
5.410248342152940e-03
7.137389970186972e-03
9.398281430257430e-03
1.234320273356987e-02
1.617786121440180e-02
2.114198461097315e-02
2.754417629050230e-02
3.572812173413472e-02
4.617677231130387e-02
5.940594033959427e-02
7.604819893497754e-02
9.680713567192062e-02
1.225065713787003e-01
1.539871970453537e-01
1.920469758362977e-01
2.372076882236254e-01
2.900650524805135e-01
3.504623750361919e-01
4.179370874422294e-01
4.914094160065392e-01
5.689812188887220e-01
6.481414603100850e-01
7.252386886533958e-01
7.965126415727705e-01
8.585532263591483e-01
9.087950524574677e-01
9.462285503140913e-01
9.714966755288449e-01
9.866922410330047e-01
9.947654754295420e-01
9.995289804601976e-01
###1.000000000000000e+01
-1.720499992467718e-10
3.808979276019345e-10
6.023308074435434e-10
8.798401064157346e-10
1.040782640921936e-09
1.199185068774337e-09
9.072250644923147e-09
1.877837120711083e-09
2.309902673330434e-09
2.753802575614845e-09
2.732474399678353e-09
2.940481612049723e-09
3.159339602992035e-09
3.389781363325863e-09
3.732808832014575e-09
4.145536600379309e-09
4.672543961491230e-09
5.357999317384860e-09
6.153037460191443e-09
7.199800968032770e-09
8.547431733349923e-09
1.030763396875916e-08
1.261394196359473e-08
1.563254022024792e-08
1.959689789354278e-08
2.484475743059778e-08
3.177063075430837e-08
4.093284443695303e-08
5.312560561178247e-08
6.925949531651229e-08
9.073320517590340e-08
1.194348105188498e-07
1.575287615924742e-07
2.084444174102798e-07
2.762602314215646e-07
3.665266519114858e-07
4.869814913091887e-07
6.473612370008497e-07
8.611975401813866e-07
1.145937721285246e-06
1.525381272691282e-06
2.031157222140735e-06
2.705636460203742e-06
3.604245934749673e-06
4.801069974695873e-06
6.395858378762777e-06
8.521351546818384e-06
1.135432355010928e-05
1.512636326707746e-05
2.017784085343769e-05
2.687324322900940e-05
3.584330228689089e-05
4.772276651866979e-05
6.365038625938978e-05
8.466903260188368e-05
1.127373726202057e-04
1.501113575304659e-04
2.000038264810148e-04
2.663493954648983e-04
3.543146196046331e-04
4.719567799802138e-04
6.278119553163712e-04
8.350327167563765e-04
1.111370624285297e-03
1.473424723718556e-03
1.955197774195075e-03
2.589856240285574e-03
3.427758554426178e-03
4.527259730980955e-03
5.985535912373406e-03
7.891488472828407e-03
1.038297064046731e-02
1.362328767330859e-02
1.783469610731040e-02
2.327640817253948e-02
3.027747208168386e-02
3.920118796589475e-02
5.056193418524432e-02
6.489631490351738e-02
8.286050544722279e-02
1.051775464418102e-01
1.326763226567790e-01
1.661867054889460e-01
2.064601460515029e-01
2.539604203730987e-01
3.091112209816040e-01
3.716574074225616e-01
4.409042643695911e-01
5.155424349195268e-01
5.934540109239688e-01
6.719470218980846e-01
7.472865964149333e-01
8.157961214322745e-01
8.743183331500863e-01
9.207016122938239e-01
9.544126435583400e-01
9.765327577432183e-01
9.894073614651143e-01
9.959843305543469e-01
9.996534126395896e-01
###1.040000000000000e+01
-1.471608612718053e-10
4.142451222312838e-10
6.532322160066226e-10
9.192063506704902e-10
1.089566200581653e-09
1.263968704199965e-09
8.897890872796696e-09
1.960801523006466e-09
2.418518036409100e-09
2.871606763821374e-09
2.882400194905029e-09
3.104938551822392e-09
3.337769096813001e-09
3.610563430154238e-09
3.984493590642109e-09
4.435530269843626e-09
5.011469436159336e-09
5.753948117979157e-09
6.627340658746788e-09
7.770137914055903e-09
9.237508847048050e-09
1.115808844368097e-08
1.366837670683687e-08
1.695506014686238e-08
2.126919831172183e-08
2.697870977104222e-08
3.451520968937892e-08
4.449379472506427e-08
5.774753775031785e-08
7.532465682922271e-08
9.872204115227946e-08
1.299887158785657e-07
1.715088711741981e-07
2.270021630426117e-07
3.009751976642448e-07
3.994611052453489e-07
5.309819199779881e-07
7.061274579200926e-07
9.399703930341938e-07
1.251167885585785e-06
1.666330870788938e-06
2.220108315445099e-06
2.959017404168646e-06
3.944179772126981e-06
5.257081051533262e-06
7.007920758416348e-06
9.342722346409783e-06
1.245735395146810e-05
1.660627797955865e-05
2.216855338494468e-05
2.954515433348831e-05
3.943186952447074e-05
5.253840955924723e-05
7.011972577828896e-05
9.334030782183733e-05
1.243646327049303e-04
1.657080508213852e-04
2.208768400770551e-04
2.942929345057794e-04
3.916642756791750e-04
5.219238218181935e-04
6.944983792303461e-04
9.239738038568582e-04
1.229977350188882e-03
1.630794932877235e-03
2.163927218407574e-03
2.865923171122656e-03
3.792085336972068e-03
5.006344839348590e-03
6.615213015864448e-03
8.715451261655236e-03
1.145679733322565e-02
1.501636804779962e-02
1.963385210668753e-02
2.558745153986897e-02
3.322879984871849e-02
4.294023287848495e-02
5.526626870103490e-02
7.076916415111974e-02
9.011069217177654e-02
1.140424897772828e-01
1.433952836202902e-01
1.789705969144446e-01
2.214755633598422e-01
2.712906188338926e-01
3.286690091118681e-01
3.932380427508696e-01
4.640672142585326e-01
5.396289713100404e-01
6.175919988529527e-01
6.951060816022152e-01
7.684130877494647e-01
8.339481907354714e-01
8.888629418378763e-01
9.314347298616545e-01
9.615988294056119e-01
9.808214877218338e-01
9.916397008224538e-01
9.969491704621941e-01
9.997468083969744e-01
###1.080000000000000e+01
-1.248372338422588e-10
4.392401171136455e-10
6.937840965189478e-10
9.747272539146082e-10
1.133194206974555e-09
1.321930788430691e-09
8.739137914384743e-09
2.050970819665321e-09
2.530609248165365e-09
2.994337605919792e-09
3.020271334734366e-09
3.274201778090308e-09
3.535996761942294e-09
3.838145926491316e-09
4.244997480118875e-09
4.740085093157288e-09
5.365339333723356e-09
6.174002312244879e-09
7.131405596839293e-09
8.377700641300128e-09
9.979203794403187e-09
1.207830921930240e-08
1.480413504699137e-08
1.838161629676058e-08
2.307758226520331e-08
2.928995233457559e-08
3.749320882484515e-08
4.836173793146855e-08
6.277675614676227e-08
8.192925935197838e-08
1.074171375822919e-07
1.415004290557109e-07
1.867636940115662e-07
2.472811485508955e-07
3.279815192294334e-07
4.354883047663125e-07
5.791214889881651e-07
7.704655826327515e-07
1.026262150452238e-06
1.366565211730636e-06
1.820976873192272e-06
2.427485317633333e-06
3.237360986162482e-06
4.317855518019740e-06
5.758594519548801e-06
7.681538897155673e-06
1.024722625242833e-05
1.367253820402875e-05
1.823743198975667e-05
2.436372493001225e-05
3.249199065004326e-05
4.339259104361294e-05
5.785450842281402e-05
7.726493042519845e-05
1.029147413123312e-04
1.372067542731342e-04
1.829219873291762e-04
2.439364808360624e-04
3.251543161065533e-04
4.329023490928040e-04
5.770761331943368e-04
7.680663454646507e-04
1.022025528942412e-03
1.360638092274058e-03
1.803974362044197e-03
2.393392963221618e-03
3.169046796055674e-03
4.191663583935008e-03
5.530937768882069e-03
7.303577609374148e-03
9.614620332103394e-03
1.262633769899290e-02
1.653011940450272e-02
2.158396067022939e-02
2.808580881567506e-02
3.641012958069137e-02
4.695733486426824e-02
6.030258153663068e-02
7.703140836194453e-02
9.781094833434388e-02
1.234156952490208e-01
1.546690344943567e-01
1.923402829693716e-01
2.370812557296641e-01
2.891701637664180e-01
3.487031663777733e-01
4.151514688038856e-01
4.873585846070378e-01
5.635893603023375e-01
6.413137358298976e-01
7.175571134661061e-01
7.885700378010934e-01
8.509612637742087e-01
9.022139803134701e-01
9.410538068283399e-01
9.678648080372122e-01
9.844449527728650e-01
9.934588476146637e-01
9.977054579004982e-01
9.998125848251456e-01
###1.120000000000000e+01
-1.052618272911425e-10
4.679640393496406e-10
7.265792215908279e-10
1.017558401632180e-09
1.187544531907962e-09
1.386327822626466e-09
8.587687980276152e-09
2.132561063504631e-09
2.642743761682860e-09
3.123994833615411e-09
3.173029443982710e-09
3.453038502605821e-09
3.737955780000218e-09
4.075277041602543e-09
4.518297371542677e-09
5.060114408588287e-09
5.754359855838546e-09
6.619112415157876e-09
7.668589065157073e-09
9.030164909928068e-09
1.077352005584448e-08
1.305866151156683e-08
1.602700216391416e-08
1.992528192211616e-08
2.503332925539457e-08
3.179376286434844e-08
4.072496640067905e-08
5.256115181752174e-08
6.825052339856660e-08
8.912329210184128e-08
1.168961643875182e-07
1.540599655581587e-07
2.034203006616755e-07
2.694358391536527e-07
3.575117799272875e-07
4.749095020051987e-07
6.318187998625306e-07
8.409665992489011e-07
1.120841171004756e-06
1.493113514653240e-06
1.990691785327156e-06
2.655248274193442e-06
3.543240427145402e-06
4.728634207361957e-06
6.310379767870876e-06
8.422873134458913e-06
1.124335201725855e-05
1.501129226971637e-05
2.003553365078215e-05
2.678416672371123e-05
3.574226051037109e-05
4.776228798826702e-05
6.372200662376528e-05
8.515086214186404e-05
1.134847554764553e-04
1.513846997002533e-04
2.019127411494871e-04
2.693829960574484e-04
3.592061489760431e-04
4.783943603916880e-04
6.378902033418651e-04
8.491486648661401e-04
1.130011384339350e-03
1.504419483444560e-03
1.994400323877240e-03
2.645339737353907e-03
3.501512715820833e-03
4.629252099986584e-03
6.104717114518385e-03
8.055147602056509e-03
1.059442404391950e-02
1.389822474193845e-02
1.817285704377205e-02
2.369467135348495e-02
3.078245732895855e-02
3.983297473286699e-02
5.126604862249273e-02
6.568557449431003e-02
8.369723748468925e-02
1.059747795345738e-01
1.333132972952445e-01
1.665005125109297e-01
2.062917683572091e-01
2.532609824054847e-01
3.075766729702550e-01
3.691670450719032e-01
4.373350682513713e-01
5.107132727178921e-01
5.873487449134994e-01
6.645462094059944e-01
7.392286489914934e-01
8.077152214201220e-01
8.668242390274534e-01
9.143994972736743e-01
9.496194973126095e-01
9.732887536909243e-01
9.874812865007864e-01
9.949274315096693e-01
9.982919070072365e-01
9.998646667853117e-01
###1.160000000000000e+01
-7.678083970050755e-11
4.986308399828111e-10
7.516814115467929e-10
1.060334149963724e-09
1.241358260115662e-09
1.450701013936600e-09
8.446372244915381e-09
2.224237626712289e-09
2.761341464166021e-09
3.256260090893481e-09
3.330760819302655e-09
3.635238663159297e-09
3.950718807581421e-09
4.323159839049313e-09
4.806432464792405e-09
5.399136433007715e-09
6.153098856620526e-09
7.091508123964057e-09
8.240251233745135e-09
9.723930175011210e-09
1.162538065956051e-08
1.411075534863077e-08
1.734388443946422e-08
2.158715662197843e-08
2.714853679206085e-08
3.450686756158114e-08
4.423064840372241e-08
5.712638357834672e-08
7.420931003898464e-08
9.696053840514964e-08
1.272372418238285e-07
1.677624365268821e-07
2.216093238025923e-07
2.936429759656918e-07
3.898071115935385e-07
5.180278354861330e-07
6.895307774419628e-07
9.182106949818863e-07
1.224522724136886e-06
1.631959862914747e-06
2.177013080994405e-06
2.905525263099032e-06
3.879431273260885e-06
5.180313276709561e-06
6.917610579947060e-06
9.238941318859496e-06
1.234088960994029e-05
1.648657969400186e-05
2.201728810339845e-05
2.945294407642826e-05
3.932694128921723e-05
5.258298964277689e-05
7.019669698608944e-05
9.385421952360715e-05
1.251502109710949e-04
1.670295134778841e-04
2.228621505939065e-04
2.974561556126257e-04
3.967570940594431e-04
5.285391527247008e-04
7.048674285663783e-04
9.384005200391994e-04
1.248791189024658e-03
1.662451179532746e-03
2.203437474421668e-03
2.921827699302385e-03
3.865769822420003e-03
5.107927643919482e-03
6.731266849692475e-03
8.874545546554723e-03
1.166042121142015e-02
1.527909102138523e-02
1.995187963721604e-02
2.597469128491673e-02
3.368726975009228e-02
4.350664488652309e-02
5.587885654620319e-02
7.142692918100503e-02
9.077857596701536e-02
1.146111218018770e-01
1.437326759779962e-01
1.788928907142986e-01
2.208165087273071e-01
2.699917775733686e-01
3.264788864400686e-01
3.900131154780200e-01
4.597333623215383e-01
5.340572576608416e-01
6.108350335205556e-01
6.872144198958030e-01
7.600704766163779e-01
8.258226198420643e-01
8.815403506716556e-01
9.254586587165085e-01
9.572018289631964e-01
9.779523590649434e-01
9.900049413536982e-01
9.961021005368847e-01
9.987413654755110e-01
9.999062130417981e-01
###1.200000000000001e+01
-4.076945173404660e-11
5.250062157746735e-10
8.040064646363175e-10
1.098124864346513e-09
1.293513942959105e-09
1.514817234791521e-09
8.308460223142906e-09
2.317453636884000e-09
2.880953030243654e-09
3.392672869370492e-09
3.495604837590125e-09
3.822885006616094e-09
4.172137018767624e-09
4.577114299143667e-09
5.107120564621804e-09
5.755200651575903e-09
6.574186759612503e-09
7.593622507992607e-09
8.852362993539432e-09
1.046566558356028e-08
1.253781190706306e-08
1.524321203897744e-08
1.876217426001903e-08
2.338180514237611e-08
2.943691590744342e-08
3.744761135897562e-08
4.803488365364835e-08
6.208663071251189e-08
8.069963038969440e-08
1.054959360953393e-07
1.385205859002826e-07
1.827180059342529e-07
2.414717105899335e-07
3.201024625437106e-07
4.251247439700658e-07
5.652319540760092e-07
7.527252222761274e-07
1.002875258455980e-06
1.338087119506855e-06
1.784262714182558e-06
2.381643192474649e-06
3.180420271057630e-06
4.248941930036502e-06
5.677296560994829e-06
7.585521402418043e-06
1.013739411010199e-05
1.354890402496660e-05
1.811173380918375e-05
2.420187061375393e-05
3.239606328514949e-05
4.328083502756275e-05
5.790198933833059e-05
7.733829679087677e-05
1.034559250999371e-04
1.380158761315219e-04
1.842831811173223e-04
2.459600777059070e-04
3.283995562499557e-04
4.381421344686976e-04
5.837786589920209e-04
7.786100159261549e-04
1.036600084702934e-03
1.379403792209591e-03
1.835985693252315e-03
2.432751243004559e-03
3.224691582683562e-03
4.264268282995086e-03
5.630712410984516e-03
7.414638487939873e-03
9.766536218099114e-03
1.281889075066934e-02
1.677601355447865e-02
2.187578077714814e-02
2.843437127725395e-02
3.681272449002669e-02
4.744379508739028e-02
6.080899238778597e-02
7.754138850594221e-02
9.828799095458214e-02
1.237308120871869e-01
1.546765726888320e-01
1.918443913643084e-01
2.359052128846888e-01
2.872675246719302e-01
3.458393716962653e-01
4.111990063219141e-01
4.822863664553700e-01
5.573222813023683e-01
6.339719494150324e-01
7.092482686973965e-01
7.800290333355401e-01
8.428677630994619e-01
8.951258792641255e-01
9.354392929221738e-01
9.638667057870142e-01
9.819282712018323e-01
9.920808387062332e-01
9.970227527248577e-01
9.990718292759533e-01
9.999586783372227e-01
###1.240000000000001e+01
-7.776703906305658e-12
5.450412505609731e-10
8.363880767400360e-10
1.145992264943851e-09
1.352739020433210e-09
1.586267458184649e-09
8.178578228236582e-09
2.419684065205252e-09
3.000776420896623e-09
3.534696770698591e-09
3.663145647154082e-09
4.015922574216402e-09
4.399961895593821e-09
4.843987807825600e-09
5.424557775905835e-09
6.136100759151835e-09
7.020088382965934e-09
8.122837731340198e-09
9.518046166108006e-09
1.125867271255987e-08
1.351532007175511e-08
1.646033702250588e-08
2.029308558876878e-08
2.531838692769415e-08
3.191298031827830e-08
4.063432496208664e-08
5.216651690541359e-08
6.747729736633118e-08
8.776317256089598e-08
1.148011744541564e-07
1.508314103115275e-07
1.990414446364737e-07
2.631737423970349e-07
3.490250915024718e-07
4.637655862167311e-07
6.169160134543303e-07
8.219725241500959e-07
1.095684425234347e-06
1.462495320522085e-06
1.951478272897079e-06
2.606386887739095e-06
3.482557077716044e-06
4.655233627643711e-06
6.223831988334180e-06
8.320586186286060e-06
1.112640649990742e-05
1.487951479251021e-05
1.990213710977966e-05
2.661164515292191e-05
3.563972297858466e-05
4.763975028712217e-05
6.376563398285146e-05
8.521391224555035e-05
1.140433058165416e-04
1.522017409127544e-04
2.033004410056952e-04
2.714276219069746e-04
3.624941003829984e-04
4.837194494284994e-04
6.446867605377387e-04
8.597227672349990e-04
1.144497690691866e-03
1.522788908886007e-03
2.026321253531907e-03
2.684045866857955e-03
3.556073252699406e-03
4.699641271144275e-03
6.201226062899288e-03
8.159019884695055e-03
1.073619782398840e-02
1.407550127010875e-02
1.839662075244906e-02
2.395362834043651e-02
3.108362311456885e-02
4.016852962337035e-02
5.166001272495931e-02
6.606787822457080e-02
8.403965734122487e-02
1.062357962233512e-01
1.333406122263393e-01
1.661401563354024e-01
2.053483774397864e-01
2.515465144666841e-01
3.050468069746995e-01
3.656188812605530e-01
4.326674121418260e-01
5.049310961861703e-01
5.804333441106215e-01
6.566777769612598e-01
7.305897980664908e-01
7.990657951102118e-01
8.588404484051432e-01
9.076003577862529e-01
9.443933281285686e-01
9.696867260635219e-01
9.852949832892578e-01
9.937785679651936e-01
9.977513962750985e-01
9.993281973425645e-01
9.999673633407289e-01
###1.280000000000001e+01
2.509026290540140e-11
5.750773607440212e-10
8.642190503394508e-10
1.193238497009761e-09
1.405330373299814e-09
1.708857940436386e-09
8.061544601038310e-09
2.517449370488514e-09
3.121424340778856e-09
3.677331488292766e-09
3.836802756913602e-09
4.216114013746615e-09
4.634110629713168e-09
5.124017914747166e-09
5.754923558855091e-09
6.528282535683632e-09
7.489321745206766e-09
8.687472930050777e-09
1.020367185265471e-08
1.210186110849370e-08
1.456048590913072e-08
1.776484308768549e-08
2.193667326921257e-08
2.739963511650043e-08
3.458222477901088e-08
4.407218466949461e-08
5.664062391856594e-08
7.332259594469508e-08
9.544325213333016e-08
1.249313533256012e-07
1.642489318931169e-07
2.168578541100050e-07
2.868881167316502e-07
3.806461433258644e-07
5.060502755146398e-07
6.735104846704470e-07
8.978170142118279e-07
1.197441154707610e-06
1.599011050099438e-06
2.135015595689275e-06
2.853128253897037e-06
3.814438276561630e-06
5.101812093764699e-06
6.825013080812096e-06
9.129528764875410e-06
1.221506806762909e-05
1.634490175825568e-05
2.187456276235758e-05
2.926848302290740e-05
3.921408489081409e-05
5.244394061414721e-05
7.021879735664699e-05
9.389365643115576e-05
1.257116852118126e-04
1.678358421646131e-04
2.242576353978418e-04
2.994735414145068e-04
4.000309386030555e-04
5.338889881765337e-04
7.116545989112284e-04
9.488607330770107e-04
1.262995855566380e-03
1.680071302815233e-03
2.234884254118534e-03
2.959057816137326e-03
3.918290259867218e-03
5.174929649716871e-03
6.822969453877227e-03
8.968626919234399e-03
1.178900579394299e-02
1.543706886445447e-02
2.014831491320565e-02
2.619406804022647e-02
3.393290766435191e-02
4.376679727550734e-02
5.616639270086281e-02
7.166960864247750e-02
9.093587068568078e-02
1.146348417842841e-01
1.434488037522424e-01
1.781433187893263e-01
2.194015141726878e-01
2.677229256797061e-01
3.233146081300595e-01
3.857836317561605e-01
4.543630117658602e-01
5.275977521866297e-01
6.033196993009059e-01
6.788926464335625e-01
7.511799663012420e-01
8.171461375884114e-01
8.737352372276321e-01
9.189943207763014e-01
9.523783556376917e-01
9.747360446486606e-01
9.881254567943716e-01
9.951561948396301e-01
9.983232434686422e-01
9.995247212804781e-01
9.999901825065236e-01
###1.320000000000001e+01
5.388491968985601e-11
6.054159244327124e-10
8.965257773580092e-10
1.233426544269476e-09
1.464606510648723e-09
1.776925975481948e-09
7.962748654871209e-09
2.612510098002703e-09
3.243036464500181e-09
3.819882374673451e-09
4.014278995083145e-09
4.418872350811536e-09
4.891795339132555e-09
5.414036830533877e-09
6.100336105477670e-09
6.930800444129273e-09
7.985687608539162e-09
9.286083455220002e-09
1.093291424739321e-08
1.300226475558360e-08
1.567858118613727e-08
1.916376266991526e-08
2.370601643209851e-08
2.965482062413297e-08
3.747678696309446e-08
4.780253558515432e-08
6.150269337259282e-08
7.967388488093267e-08
1.038041625197450e-07
1.359748787415944e-07
1.788852656276367e-07
2.363130246323620e-07
3.128037037564059e-07
4.152411653161565e-07
5.523184664748891e-07
7.355003476949881e-07
9.809773920941834e-07
1.309022938450799e-06
1.748832135137219e-06
2.336590085807656e-06
3.124207404247460e-06
4.179264869508506e-06
5.592944590655388e-06
7.485921193995155e-06
1.001969901723690e-05
1.341393889330963e-05
1.795870226585069e-05
2.404686805337024e-05
3.219468874883692e-05
4.315172499372241e-05
5.773904533749095e-05
7.733446209567898e-05
1.034615354005230e-04
1.385667365366902e-04
1.850694684251769e-04
2.473358658402788e-04
3.303466464648427e-04
4.413321254280943e-04
5.890410627730768e-04
7.852023383769639e-04
1.046727572397007e-03
1.393003433953073e-03
1.852449556560641e-03
2.463212347384613e-03
3.259774245789732e-03
4.313817575248608e-03
5.693008175060446e-03
7.499741552289963e-03
9.848208382939457e-03
1.293062910842447e-02
1.690998073076291e-02
2.203945365432407e-02
2.860626941684578e-02
3.699238781526889e-02
4.761865854587272e-02
6.097641311238709e-02
7.762567696427766e-02
9.824032125859818e-02
1.234938328283579e-01
1.540590011583489e-01
1.906817698766990e-01
2.339960885866243e-01
2.844183733580524e-01
3.420288247603431e-01
4.062838941644253e-01
4.762323655996190e-01
5.502200103687286e-01
6.259083179746724e-01
7.005501628145343e-01
7.709721788639847e-01
8.342368734316959e-01
8.875584468234268e-01
9.293440536136333e-01
9.594553184445306e-01
9.790860423133388e-01
9.904852935539679e-01
9.962627246188279e-01
9.987620883332624e-01
9.996662242965805e-01
9.999901825065236e-01
###1.360000000000001e+01
9.300935015486775e-11
6.436380383845755e-10
9.394463820415532e-10
1.276697945601158e-09
1.519625359336290e-09
1.838203255219830e-09
7.861424070080655e-09
2.718716786340650e-09
3.366593608446619e-09
3.966275038129131e-09
4.195065269219059e-09
4.631080693279183e-09
5.144177360191901e-09
5.717159557042966e-09
6.463217248407865e-09
7.363985766667924e-09
8.509592453365126e-09
9.920824088844078e-09
1.171130223043151e-08
1.396962183626453e-08
1.687902589618351e-08
2.066944929516569e-08
2.561250894096805e-08
3.209258709948896e-08
4.060823087368848e-08
5.184468223095200e-08
6.678524180211520e-08
8.658643769731956e-08
1.129095793268810e-07
1.480139618305852e-07
1.948590289918297e-07
2.575651035709428e-07
3.410011633604336e-07
4.530788723519261e-07
6.030114184582720e-07
8.034215480541275e-07
1.072131798393597e-06
1.431442109479754e-06
1.913290340315170e-06
2.557964304503350e-06
3.422198891030100e-06
4.580183752568133e-06
6.133017601372535e-06
8.213241089463049e-06
1.099935205034000e-05
1.473335030087670e-05
1.973576885029487e-05
2.644014965261575e-05
3.541757146103476e-05
4.748996573769464e-05
6.356873961114156e-05
8.516961528716677e-05
1.139984580020586e-04
1.527234644250465e-04
2.040475991502583e-04
2.727261814873233e-04
3.643048901759870e-04
4.867342808891308e-04
6.496366965762813e-04
8.659523212031780e-04
1.154083822056576e-03
1.535462675227785e-03
2.041188737660930e-03
2.712914277115326e-03
3.588145362925386e-03
4.745138850292664e-03
6.257199302001865e-03
8.235338896934024e-03
1.080287305745766e-02
1.416657338120436e-02
1.850153504545726e-02
2.407747608801963e-02
3.120006507001778e-02
4.027263339406462e-02
5.173620044988796e-02
6.610145235238774e-02
8.394954548759612e-02
1.059627065654629e-01
1.328217069160492e-01
1.651793367431719e-01
2.037497041240130e-01
2.491214666309515e-01
3.016081604592682e-01
3.611630379034900e-01
4.270765818996141e-01
4.982073984334876e-01
5.727275332758271e-01
6.481363216518076e-01
7.215885387012937e-01
7.899174547951515e-01
8.503314256199800e-01
9.003265622222069e-01
9.386963232642679e-01
9.656874209088739e-01
9.828054744227075e-01
9.924352466433140e-01
9.971412437026779e-01
9.990936636180764e-01
9.997665553511516e-01
9.999901825065236e-01
###1.400000000000001e+01
1.257517141506992e-10
6.954638831145410e-10
9.833476900334292e-10
1.326427688273092e-09
1.583479632355761e-09
1.909084376810861e-09
7.769363067093091e-09
2.822917549351911e-09
3.497682203180902e-09
4.115371241148236e-09
4.382083502540473e-09
4.857421473348249e-09
5.409230113181356e-09
6.024750246711187e-09
6.844217285791588e-09
7.823779131503447e-09
9.064759720664621e-09
1.059719979748391e-08
1.254274274794959e-08
1.499970575624744e-08
1.816610335796797e-08
2.229017692924081e-08
2.767123034609748e-08
3.472616918892185e-08
4.399597984443648e-08
5.623460795728441e-08
7.252119278332645e-08
9.411050135863546e-08
1.228279712273397e-07
1.611490473741389e-07
2.122879308879779e-07
2.807784019836225e-07
3.719921394235370e-07
4.945094331561932e-07
6.584714504634803e-07
8.778477317605586e-07
1.172077197994875e-06
1.565750450863766e-06
2.093863325300298e-06
2.801092881625292e-06
3.749470176504544e-06
5.021033634295035e-06
6.726919329995439e-06
9.013275014839391e-06
1.207729245769215e-05
1.618553166928469e-05
2.169160795521486e-05
2.907398890564726e-05
3.896613382826273e-05
5.226767862633287e-05
6.999084572344829e-05
9.379748922558224e-05
1.255964091866719e-04
1.683075886351610e-04
2.249243733535122e-04
3.006567783565733e-04
4.016363015761763e-04
5.366124087614558e-04
7.161542240045893e-04
9.545402741837027e-04
1.271781636980356e-03
1.691447842634889e-03
2.247594582282871e-03
2.985735637452167e-03
3.946406739447390e-03
5.215015877676955e-03
6.870699504874479e-03
9.033997085542958e-03
1.183702187430182e-02
1.550315120606355e-02
2.021887256706507e-02
2.627144869913180e-02
3.398453670978322e-02
4.378439941018210e-02
5.613004080344363e-02
7.155276743276850e-02
9.064945575730059e-02
1.141146700547360e-01
1.426231029976837e-01
1.768062339188297e-01
2.173457492579902e-01
2.647646285621059e-01
3.192690114354212e-01
3.806805196070368e-01
4.481082015117807e-01
5.202437413979870e-01
5.950695394718259e-01
6.699382112678195e-01
7.419455439313853e-01
8.079819541210133e-01
8.654134536416219e-01
9.120556034227112e-01
9.470940662073380e-01
9.711389950664749e-01
9.859629019997245e-01
9.940336473736597e-01
9.978326764636133e-01
9.993425657777807e-01
9.998381677822301e-01
9.999901825065236e-01
###1.440000000000001e+01
1.635801518786935e-10
7.284073105711719e-10
1.022381663367448e-09
1.389741636721781e-09
1.643762374076679e-09
1.979294113934080e-09
7.682951738060426e-09
2.929555053950832e-09
3.633546942041204e-09
4.278365400195335e-09
4.585219010874142e-09
5.089447693489034e-09
5.685355043266710e-09
6.362093573519257e-09
7.246050560055093e-09
8.310790236371770e-09
9.652342249701032e-09
1.131681232822709e-08
1.342537202589601e-08
1.610349980440457e-08
1.954780841976652e-08
2.403445522477007e-08
2.989127756884115e-08
3.757514992799966e-08
4.766679882172206e-08
6.100051255854267e-08
7.875873290744345e-08
1.022964461057452e-07
1.336401647842753e-07
1.754693615725413e-07
2.313280834090601e-07
3.061516792134652e-07
4.058828722941078e-07
5.398498655110067e-07
7.192337731918961e-07
9.594015809995756e-07
1.281588343705634e-06
1.713165662163328e-06
2.292085614816025e-06
3.068092610885785e-06
4.109176235543413e-06
5.505709669540664e-06
7.379869120738945e-06
9.893532010802986e-06
1.326361084334478e-05
1.778343523618891e-05
2.384481831916575e-05
3.197459432121837e-05
4.287225909732317e-05
5.752700273298967e-05
7.706078823941597e-05
1.032955579739817e-04
1.383538415625796e-04
1.854482838536024e-04
2.478844960171308e-04
3.313447443297623e-04
4.426454595789671e-04
5.913528052728182e-04
7.891176066758077e-04
1.051609898719599e-03
1.400648760594828e-03
1.862085767660661e-03
2.473065977269993e-03
3.283322910814502e-03
4.336827308847882e-03
5.726242589174443e-03
7.537291488837339e-03
9.899863526079002e-03
1.295643411259255e-02
1.694686132918580e-02
2.206937417408405e-02
2.862942194578737e-02
3.697019778853143e-02
4.753755311378956e-02
6.081370760199963e-02
7.734332123789353e-02
9.774032449955201e-02
1.227033861182499e-01
1.529039862281377e-01
1.889439754903674e-01
2.314626297309657e-01
2.809069928168470e-01
3.373668533519009e-01
4.005347509669360e-01
4.693339290146860e-01
5.422680405113032e-01
6.171589455169906e-01
6.912464493341843e-01
7.615791253311504e-01
8.251346684111044e-01
8.794841211349720e-01
9.227784590574190e-01
9.545935942321502e-01
9.758785787042223e-01
9.886232484292454e-01
9.953327452884285e-01
9.983716803484508e-01
9.995277399314692e-01
9.998888228702599e-01
9.999901825065236e-01
###1.480000000000001e+01
2.002704264114375e-10
7.617600707646944e-10
1.071828627105088e-09
1.433529348620262e-09
1.707504797113748e-09
2.052049557315294e-09
7.606774010340179e-09
3.041789349907232e-09
3.774464843756871e-09
4.434075253962867e-09
4.787152022162322e-09
5.327668622190359e-09
5.984640599489444e-09
6.712355908529819e-09
7.669770975943641e-09
8.824197517384352e-09
1.027223898934101e-08
1.208290276232868e-08
1.437230097518648e-08
1.728468686227870e-08
2.103121060859361e-08
2.591348746192198e-08
3.227815371469769e-08
4.065391565016406e-08
5.164095531552672e-08
6.617574350234012e-08
8.553254334416226e-08
1.112109624720591e-07
1.454303070952478e-07
1.910993599209090e-07
2.521202104869816e-07
3.338961534223918e-07
4.429546845713149e-07
5.895010674812924e-07
7.858071937306196e-07
1.048809727668921e-06
1.401705663884691e-06
1.874896258157286e-06
2.509856562687619e-06
3.361412339946938e-06
4.504406827903454e-06
6.038337232083854e-06
8.098110883678064e-06
1.086172970526161e-05
1.456861499269968e-05
1.954263126615571e-05
2.621454448043113e-05
3.516735314929531e-05
4.716753964603447e-05
6.331593262146991e-05
8.484007569155291e-05
1.137447362850242e-04
1.523886875454522e-04
2.042940327917594e-04
2.731099776829617e-04
3.650644296904963e-04
4.876588884644814e-04
6.514028274638180e-04
8.690830568725417e-04
1.157898461163275e-03
1.541623178031334e-03
2.048577814450822e-03
2.719252480475880e-03
3.607755760874442e-03
4.761756377546686e-03
6.281788940923157e-03
8.260378895253814e-03
1.083778769379736e-02
1.416637946658104e-02
1.850425917038095e-02
2.406073037443514e-02
3.116110783121333e-02
4.016562708233590e-02
5.154404382806830e-02
6.579688686103483e-02
8.348375592663698e-02
1.052298263670533e-01
1.317403045965741e-01
1.636698420800969e-01
2.015917301869923e-01
2.460928971496110e-01
2.975331665541859e-01
3.558848983452754e-01
4.206861287099379e-01
4.906868109053460e-01
5.642184259553462e-01
6.389409354865488e-01
7.119983302259911e-01
7.804372901317961e-01
8.413524676689493e-01
8.925453929689230e-01
9.325261048701436e-01
9.612501726315661e-01
9.799699314600777e-01
9.908467077951222e-01
9.963789597895176e-01
9.987876225075879e-01
9.996639080509943e-01
9.999241827265368e-01
9.999901825065236e-01
###1.520000000000001e+01
2.370216662424414e-10
7.981280071089575e-10
1.112915720115909e-09
1.487677701815702e-09
1.772240130321102e-09
2.132143678463881e-09
7.539195415700225e-09
3.155887401973798e-09
3.915007567742540e-09
4.610315107915167e-09
5.001524040080800e-09
5.583296902560190e-09
6.288492965835609e-09
7.082702239136078e-09
8.116206105765982e-09
9.367109286573473e-09
1.093587990886974e-08
1.289930650386475e-08
1.538450826838008e-08
1.855024303913489e-08
2.262511869290922e-08
2.793679813197579e-08
3.486641311434718e-08
4.398349091437457e-08
5.594826536581453e-08
7.179491274562679e-08
9.290198156519440e-08
1.209224328673852e-07
1.582793320350361e-07
2.081634301153917e-07
2.748321235781986e-07
3.642232436984907e-07
4.835171688099597e-07
6.438450879771620e-07
8.587488904000548e-07
1.146796701350150e-06
1.533500848869669e-06
2.052343386500360e-06
2.748960713053511e-06
3.683606118153905e-06
4.938598318875403e-06
6.623997024018133e-06
8.887967068587133e-06
1.192637917599403e-05
1.600465629680817e-05
2.147838499398639e-05
2.882201976724962e-05
3.867912807268366e-05
5.189138138427223e-05
6.967768363214524e-05
9.339329614640801e-05
1.252394030859341e-04
1.678173956545685e-04
2.249994922890061e-04
3.008135984123684e-04
4.020640251762566e-04
5.370431998900315e-04
7.172302366338327e-04
9.566884653163943e-04
1.274217113957997e-03
1.695672031333890e-03
2.252169194222195e-03
2.987682790447082e-03
3.961069639829340e-03
5.223802917053912e-03
6.884588705181269e-03
9.044092055299779e-03
1.185246392778946e-02
1.547267366033136e-02
2.018161751830872e-02
2.620121679006942e-02
3.387515441618267e-02
4.358270035456198e-02
5.581638302589402e-02
7.109204635368799e-02
8.998354614867266e-02
1.131291568857800e-01
1.412315802204747e-01
1.749255492135570e-01
2.147458832931811e-01
2.612223531425814e-01
3.146186006038494e-01
3.747836594416390e-01
4.410950292886448e-01
5.121258299652974e-01
5.860394886943706e-01
6.603528179043821e-01
7.321433788542089e-01
7.984869274616948e-01
8.566191082711291e-01
9.046152189769276e-01
9.413446923840105e-01
9.671222972877611e-01
9.834773496790098e-01
9.926914028716730e-01
9.972145277130802e-01
9.991057941958829e-01
9.997630736597444e-01
9.999486706903926e-01
9.999901825065236e-01
###1.560000000000001e+01
2.701158730504653e-10
8.568373811539734e-10
1.154485721512219e-09
1.541850884469966e-09
1.836278653813602e-09
2.214291242405337e-09
7.478930612364692e-09
3.279867347582113e-09
4.057323616589319e-09
4.785713233994018e-09
5.219961214549856e-09
5.847964543632048e-09
6.606127534404436e-09
7.471824884564955e-09
8.593266773318838e-09
9.941875180207059e-09
1.163883967186151e-08
1.376874942494128e-08
1.646663026994175e-08
1.990676880630167e-08
2.434013896767714e-08
3.011858019643704e-08
3.766131798432953e-08
4.758809167895937e-08
6.062095699625831e-08
7.789978323717591e-08
1.009176886734682e-07
1.315048045848450e-07
1.722961838527130e-07
2.267894484421259e-07
2.996583201762313e-07
3.973794269172217e-07
5.279300337151959e-07
7.033753407961157e-07
9.387087601629116e-07
1.254304434200711e-06
1.678129854048436e-06
2.247171318676211e-06
3.011487012650851e-06
4.037506208896418e-06
5.415742526675046e-06
7.267535113325190e-06
9.756071407862168e-06
1.309708702501771e-05
1.758359370951234e-05
2.360643773532529e-05
3.169017586942349e-05
4.254214663790114e-05
5.708663916148267e-05
7.666811428083918e-05
1.027953777940319e-04
1.378660108491076e-04
1.847620522059963e-04
2.477344362987028e-04
3.312064896225783e-04
4.426547263143681e-04
5.911618189017909e-04
7.893191085834215e-04
1.052512416234847e-03
1.401344221400656e-03
1.863921655482014e-03
2.474232061999355e-03
3.279974923051095e-03
4.344338394174570e-03
5.725655303770802e-03
7.538246889793887e-03
9.892614808034833e-03
1.294879991406003e-02
1.688653335207529e-02
2.198691607074211e-02
2.849895205295058e-02
3.678057247327452e-02
4.723067828802423e-02
6.036216233202377e-02
7.670846142984217e-02
9.685574901191557e-02
1.214471995510274e-01
1.511820791703595e-01
1.866705852919443e-01
2.284028031517792e-01
2.768431080864953e-01
3.321419964118983e-01
3.940265314612357e-01
4.617089900168508e-01
5.335892973612567e-01
6.076629616936586e-01
6.813342449982739e-01
7.516336330520860e-01
8.156897662089926e-01
8.709310791391379e-01
9.157172456481582e-01
9.492773245680715e-01
9.722716160464251e-01
9.864630646354176e-01
9.942090126721355e-01
9.978756978693542e-01
9.993465335600568e-01
9.998345210480855e-01
9.999654159173486e-01
9.999901825065236e-01
