# NLO BK equation solver 0.0-dev build  (build Feb 16 2026 17:52:53)
# Initial condition: MV model, Q_s0^2 = 0.00686114 GeV^2, \gamma = 1, coefficient of E inside Log is 1, x0=0.01, \Lambda_QCD = 0.241 GeV
# # LO Kernel RC:  Balitsky. NLO Kernel RC:  smallest dipole
# Nc=3, Nf=4
# Using RungeKutta method in K1
# Resumming double log
# Resumming single log, K_sub=0.65 resum rc: smallest
# BK K1 integration relative accuracy: 0.02# NLO BK as^2 terms: MC integration method: Vegas, points=1000000
# Kinematical constraint: none
# Target kinematical constraint: disabled

###1.000000000000000e-05
###1.160836920850890e+00
###100
###1.000000000000000e+00
###0.000000000000000e+00
2.218873158454007e-12
2.955553030228814e-12
3.936279747517545e-12
5.241706185371163e-12
6.979068449631140e-12
9.290921770628371e-12
1.236673771453558e-11
1.645829640260817e-11
2.190011081783528e-11
2.913652177360742e-11
3.875763326718797e-11
5.154696036792585e-11
6.854459039588733e-11
9.113088530312344e-11
1.211373742361863e-10
1.609936258176105e-10
2.139217150336471e-10
2.841936272064758e-10
3.774718572532551e-10
5.012599419356517e-10
6.654981993379470e-10
8.833511906350429e-10
1.172248213058540e-09
1.555257591943214e-09
2.062901119895572e-09
2.735548597292136e-09
3.626576550219887e-09
4.806533090887515e-09
6.368626783106869e-09
8.435956809713807e-09
1.117103190657668e-08
1.478829578777339e-08
1.957059929377990e-08
2.589085001630152e-08
3.424044911459665e-08
4.526661885945146e-08
5.982136724708279e-08
7.902567182083544e-08
1.043535502727292e-07
1.377420932665813e-07
1.817353586016774e-07
2.396723848479569e-07
3.159326296251959e-07
4.162560674205578e-07
5.481602418331939e-07
7.214830716323335e-07
9.490885569338253e-07
1.247783223931808e-06
1.639504817965491e-06
2.152862203219714e-06
2.825127655866289e-06
3.704811004927079e-06
4.854980961661523e-06
6.357544468213208e-06
8.318752486356687e-06
1.087621434325836e-05
1.420816708130879e-05
1.854484215957353e-05
2.418348848798324e-05
3.150733821988272e-05
4.100985804778023e-05
5.332567534044319e-05
6.926999251588573e-05
8.988880669325017e-05
1.165229081565577e-04
1.508894941048000e-04
1.951863782128083e-04
2.522253054151324e-04
3.256029384958170e-04
4.199208652923003e-04
5.410697496210926e-04
6.965978732120792e-04
8.961912626768154e-04
1.152301980089088e-03
1.480973766842197e-03
1.902931063605839e-03
2.445019720009323e-03
3.142116957560281e-03
4.039666126013364e-03
5.197040465462655e-03
6.692001409069670e-03
8.626592355654439e-03
1.113489807982249e-02
1.439319894238666e-02
1.863314570455388e-02
2.415864737625228e-02
3.136714483115222e-02
4.077573002831414e-02
5.305197243111870e-02
6.904800243053721e-02
8.983384857256071e-02
1.167214520242661e-01
1.512631963199099e-01
1.951973196503662e-01
2.502975157888121e-01
3.180693435338641e-01
3.992341394580770e-01
4.929792029065836e-01
5.960751044752957e-01
7.022056457838187e-01
###4.000000000000000e-01
3.232122474064436e-11
5.086716032309035e-12
-6.997186583180475e-10
6.525139098802210e-11
-7.056047656111814e-11
1.695261110176210e-13
9.992924200126505e-13
2.049706275072676e-11
1.619946826731273e-11
4.157701489910514e-11
1.777229519115669e-09
7.838797804491894e-11
9.668438795778508e-11
7.875542164183326e-10
1.645356036350011e-10
1.859671736929490e-10
2.462975453194890e-10
3.172936224606362e-10
4.155941831769354e-10
5.492371103582488e-10
7.292804582055165e-10
9.643132721368865e-10
1.274105180754070e-09
1.687324099003273e-09
2.235862337194833e-09
2.961190696847730e-09
3.921226114860660e-09
5.192611715255916e-09
6.880920338086147e-09
9.112957729633535e-09
1.206573495463305e-08
1.597650926171044e-08
2.114495997511811e-08
2.798159901300041e-08
3.701159361814488e-08
4.894236407349727e-08
6.469398006005628e-08
8.548839421884137e-08
1.129179747248217e-07
1.490880335246670e-07
1.967606741718841e-07
2.595642328741400e-07
3.422678573903927e-07
4.510945286029840e-07
5.942174747901027e-07
7.823455877364097e-07
1.029442659064603e-06
1.353892659131712e-06
1.779279427032389e-06
2.337713963007358e-06
3.068763626211551e-06
4.026523643229573e-06
5.278029093611067e-06
6.916297133209624e-06
9.051477076632099e-06
1.183866073726860e-05
1.547166859212372e-05
2.020578983411299e-05
2.636486108383573e-05
3.436367538920046e-05
4.476660698110273e-05
5.824896979538109e-05
7.573126369857796e-05
9.835501324173542e-05
1.276230420352107e-04
1.654551117158352e-04
2.142455457567286e-04
2.771838483710459e-04
3.582408534664210e-04
4.629205989079027e-04
5.975333571735047e-04
7.708511011324434e-04
9.937565601758677e-04
1.280993602846782e-03
1.650246413721451e-03
2.126062551332821e-03
2.738916175582575e-03
3.530591257471509e-03
4.552853292743516e-03
5.875794362882958e-03
7.592920771878391e-03
9.818719445586958e-03
1.272047528042175e-02
1.650662080990641e-02
2.144486035816739e-02
2.790054339613183e-02
3.633191776682080e-02
4.732552888326080e-02
6.168825001138600e-02
8.040608859959283e-02
1.047541896486242e-01
1.361742724879640e-01
1.763901509464297e-01
2.271778707882207e-01
2.903460557347775e-01
3.672223952842653e-01
4.589418446842518e-01
5.662015678293503e-01
6.972615116792119e-01
9.536044917411844e-01
###8.000000000000000e-01
1.868851617145160e-11
3.769558773580529e-11
-6.917546726989225e-10
3.497438065525010e-11
-5.425905715440085e-11
5.338189528719210e-12
-2.635592806390902e-14
3.930689737966160e-11
2.759557603496541e-11
6.130640621867348e-11
1.686071809463882e-09
1.004576519221085e-10
1.060797732890224e-10
7.733090784230689e-10
1.990413450668814e-10
2.129539226529522e-10
2.855417876292733e-10
3.564447786176757e-10
4.601693337708373e-10
6.046173335021622e-10
7.960207300386578e-10
1.051359065404802e-09
1.384758644461146e-09
1.826650387770804e-09
2.426119728457115e-09
3.205512668377850e-09
4.240011098036717e-09
5.614968363437781e-09
7.435962972228524e-09
9.846881766220737e-09
1.303884568255669e-08
1.726649548909622e-08
2.285465907291781e-08
3.024868583914331e-08
4.002166648912559e-08
5.293454667601140e-08
6.998815122258105e-08
9.251266649079394e-08
1.222291038560564e-07
1.614254256275407e-07
2.131110444033058e-07
2.812091099196872e-07
3.709398696172205e-07
4.890467182365384e-07
6.444120507706721e-07
8.486938087292296e-07
1.117082687373568e-06
1.469684485971406e-06
1.931727505918511e-06
2.539624313051482e-06
3.335092884479499e-06
4.377916061849140e-06
5.741196291245234e-06
7.528078530984442e-06
9.855069139844465e-06
1.289479296452485e-05
1.685967904615440e-05
2.203229747565157e-05
2.876659335128447e-05
3.751765508002517e-05
4.891380768083883e-05
6.369247889966919e-05
8.288383294770274e-05
1.077460028403684e-04
1.399553653715871e-04
1.816645254666150e-04
2.355067542829038e-04
3.050933368848119e-04
3.948415444924599e-04
5.112161903423440e-04
6.611303707964502e-04
8.546717811333618e-04
1.104192053162240e-03
1.426750731690525e-03
1.842716196665628e-03
2.380436391564863e-03
3.074695229949344e-03
3.975199414808681e-03
5.141271061866019e-03
6.655242377896689e-03
8.626538147604942e-03
1.119053005358369e-02
1.454559293454685e-02
1.893337059787818e-02
2.466683987176632e-02
3.217580480171877e-02
4.198207049504914e-02
5.474751810274056e-02
7.140994311692474e-02
9.308123157749809e-02
1.211741884374982e-01
1.572230020275314e-01
2.029783924557592e-01
2.600640511206961e-01
3.299918579365853e-01
4.134611668609259e-01
5.105472974285579e-01
6.199596399278339e-01
7.446617784326736e-01
9.612644855058963e-01
###1.200000000000000e+00
1.945502744054684e-11
4.768887750020391e-11
-6.762891670542440e-10
4.061629960706805e-11
4.100352870898653e-11
3.185822182534442e-12
9.082815386614737e-12
5.096225585450879e-11
4.315234339873206e-11
6.678560920516947e-11
1.611359280254539e-09
1.299896391557755e-10
1.431578119417000e-10
7.577875706299238e-10
2.241040547123812e-10
2.505847634019838e-10
3.234868305988081e-10
3.871867309869193e-10
5.089598552040301e-10
6.663181285069583e-10
8.729310464530574e-10
1.142464109048222e-09
1.508442595328729e-09
1.981349629408988e-09
2.629242200324260e-09
3.470353414615891e-09
4.587512599289432e-09
6.070612070766314e-09
8.037149811542223e-09
1.064187815329908e-08
1.409902949949246e-08
1.866742508606532e-08
2.471240324026975e-08
3.271054359542702e-08
4.329012871853939e-08
5.727225670217162e-08
7.573862256289819e-08
1.001452446965767e-07
1.323514512753517e-07
1.748434837275042e-07
2.308971696899337e-07
3.047684015306526e-07
4.021449391834917e-07
5.303738527920607e-07
6.990904497881437e-07
9.210020300179026e-07
1.212697405395898e-06
1.596049197572677e-06
2.098230705066362e-06
2.760191848505962e-06
3.626200044281037e-06
4.762139720204962e-06
6.248075864967340e-06
8.198013450736983e-06
1.073629783278734e-05
1.405394765124283e-05
1.838455941155424e-05
2.404114216210390e-05
3.141133352290272e-05
4.099648857112964e-05
5.349260874336693e-05
6.971245436884357e-05
9.080544103781386e-05
1.181651284681160e-04
1.536632226742455e-04
1.997035815375789e-04
2.592256066849400e-04
3.362971141021642e-04
4.358765481078889e-04
5.654451518695094e-04
7.327776649079051e-04
9.491682310784072e-04
1.228946656862227e-03
1.591692774716548e-03
2.061012671340784e-03
2.668866447544101e-03
3.456854962627062e-03
4.481753089102941e-03
5.812451646446930e-03
7.544717539688101e-03
9.805705173609352e-03
1.275553148448357e-02
1.662478153551238e-02
2.169239432727263e-02
2.831749623849585e-02
3.699799147934912e-02
4.832019659077318e-02
6.301922549954425e-02
8.215394124803284e-02
1.069331312735914e-01
1.388505176911567e-01
1.794612938485841e-01
2.303813562291723e-01
2.930252783579720e-01
3.682696944671457e-01
4.559503213515502e-01
5.547845035239515e-01
6.616761187285097e-01
7.772559057646985e-01
9.667089359770512e-01
###1.600000000000000e+00
3.827249204354465e-11
1.095775997221840e-10
-6.615526092884869e-10
4.897195424058326e-11
4.321712674524168e-11
3.574654211339463e-13
8.623885215540716e-13
7.895988084660000e-11
5.866710043666021e-11
8.255727000195530e-11
1.546779153327821e-09
1.626492428921749e-10
1.920278276791944e-10
7.672993960611814e-10
2.716828968806346e-10
2.887605093281455e-10
3.697968146851674e-10
4.397089113682503e-10
5.654079765005176e-10
7.391303106418442e-10
9.582307118056124e-10
1.247700937080997e-09
1.641846876690287e-09
2.156069863210342e-09
2.852595447819368e-09
3.761195489966024e-09
4.967291942526469e-09
6.567355852397595e-09
8.691869759132211e-09
1.150754189780672e-08
1.524545767767799e-08
2.019135243908077e-08
2.673117634381295e-08
3.538530496668982e-08
4.684234055924165e-08
6.198699114039814e-08
8.199131643403472e-08
1.084435317476070e-07
1.433597963529551e-07
1.894398456821405e-07
2.502469693809113e-07
3.304126557057473e-07
4.361356845741017e-07
5.754037519342054e-07
7.586867070451632e-07
9.998625211129737e-07
1.317009460562314e-06
1.733956196279598e-06
2.280161058599931e-06
3.001222211969939e-06
3.944598344523756e-06
5.182958098473694e-06
6.803394316762748e-06
8.932322227681165e-06
1.170257302786928e-05
1.532710892747546e-05
2.006199257469568e-05
2.625256764756111e-05
3.432515871070980e-05
4.482867666643362e-05
5.855092936744658e-05
7.637435798398941e-05
9.959107525131323e-05
1.297616884693566e-04
1.689055078835333e-04
2.197966186149071e-04
2.857019933014611e-04
3.711978898813466e-04
4.818585754435780e-04
6.263374718205527e-04
8.135002509367192e-04
1.055634918993551e-03
1.369761509897849e-03
1.778183683188478e-03
2.308076801804033e-03
2.994704150173309e-03
3.890470274656384e-03
5.056860383133541e-03
6.574721395178698e-03
8.554072258352755e-03
1.114585498595724e-02
1.452975354523862e-02
1.897837126575041e-02
2.480117182750719e-02
3.241588493091817e-02
4.238290988866922e-02
5.534452645654174e-02
7.213432408188410e-02
9.387481491752794e-02
1.218594617623063e-01
1.576152568416940e-01
2.026387449894480e-01
2.583196149406427e-01
3.257330608117865e-01
4.050582473275467e-01
4.952378693224652e-01
5.938649321594613e-01
6.968244225362299e-01
8.037984168088604e-01
9.711506851836411e-01
###2.000000000000000e+00
4.582142098859672e-11
1.023256671001073e-10
-6.770055141546902e-10
5.871043219639809e-11
2.222171500280338e-11
1.471024552659177e-11
1.136084743859078e-11
9.583813831730992e-11
6.960752929610639e-11
1.185407352439328e-10
1.477429257564062e-09
1.921644267778220e-10
2.332422403220284e-10
7.673914283570756e-10
3.195034689992710e-10
3.308991114214063e-10
4.143978731736668e-10
4.962865890898793e-10
6.223491531730831e-10
8.143051495385117e-10
1.049852450402393e-09
1.364796621816910e-09
1.791678273338898e-09
2.343739172811535e-09
3.092975954725131e-09
4.081572202074288e-09
5.379900418018790e-09
7.107374554268633e-09
9.404649598028686e-09
1.244879568850961e-08
1.649265117783521e-08
2.184589246353469e-08
2.892231794515273e-08
3.829175180556546e-08
5.070142917610515e-08
6.710792022583474e-08
8.878683565798596e-08
1.174639976241061e-07
1.553282660042984e-07
2.053224704106689e-07
2.713131783464193e-07
3.583345395745805e-07
4.731605622648198e-07
6.244508280463840e-07
8.236813594351336e-07
1.085878900146738e-06
1.430837493081027e-06
1.884577159658346e-06
2.479032567911566e-06
3.264748393492763e-06
4.292972974999497e-06
5.644189378326099e-06
7.411802243264655e-06
9.737511319831490e-06
1.276274149312955e-05
1.672622978187165e-05
2.190634247978092e-05
2.868834686486371e-05
3.753962871120918e-05
4.906170439813749e-05
6.414774273508884e-05
8.375270341892625e-05
1.093511779967827e-04
1.426709395135478e-04
1.858682979724970e-04
2.422047894069827e-04
3.152772169112802e-04
4.102441083317229e-04
5.334149428585968e-04
6.946684718996831e-04
9.038747532719465e-04
1.175499943023544e-03
1.528561500745268e-03
1.988731567562274e-03
2.587225109131466e-03
3.363505530031378e-03
4.380850025231611e-03
5.707574003956454e-03
7.437017576474090e-03
9.695860801453160e-03
1.265596246078424e-02
1.652882373437376e-02
2.161931385869037e-02
2.828263288622139e-02
3.698145181244526e-02
4.834610074766175e-02
6.307094314916160e-02
8.207575274441649e-02
1.065301538722145e-01
1.377874819334236e-01
1.773478619062269e-01
2.265859734513404e-01
2.866313747599350e-01
3.580911227209060e-01
4.404885953825016e-01
5.319755844311737e-01
6.293116291242555e-01
7.278642500335547e-01
8.267893288474329e-01
9.749672192534011e-01
###2.400000000000000e+00
4.211099305103315e-11
-2.050312499903885e-11
-6.186930326422918e-10
5.014320518846133e-11
5.042272683135949e-11
1.225789154287751e-11
7.666532175948366e-12
8.598772785752865e-11
8.625085549956349e-11
1.435652201570082e-10
1.403514741870977e-09
2.256496335081263e-10
2.581622275457239e-10
7.598629135973631e-10
3.529475882472420e-10
3.711773464548164e-10
4.620932879502331e-10
5.519790167744060e-10
6.866312598358667e-10
8.917752966913170e-10
1.150727721063520e-09
1.489571689201412e-09
1.949428351078587e-09
2.543209656902444e-09
3.349984775584295e-09
4.418141740428220e-09
5.825022063469238e-09
7.691029815945703e-09
1.017387120202376e-08
1.346930593758250e-08
1.784458287727541e-08
2.363957263106731e-08
3.130003396436570e-08
4.144770648326046e-08
5.489388541164418e-08
7.267261273683323e-08
9.617448901982515e-08
1.272743078427373e-07
1.683456250978746e-07
2.225986153792019e-07
2.942368602296153e-07
3.887459946494881e-07
5.135033591195313e-07
6.779069188236083e-07
8.945229211345641e-07
1.179737403221086e-06
1.555126407375464e-06
2.049118117016876e-06
2.696433744673923e-06
3.553129973982951e-06
4.674297055182744e-06
6.149412871929155e-06
8.079063010111119e-06
1.062091077404459e-05
1.392770514695325e-05
1.826386087132418e-05
2.392979631815249e-05
3.137308404366850e-05
4.108659373172543e-05
5.374101219571495e-05
7.034747374635743e-05
9.193137224396341e-05
1.201605619578679e-04
1.570070926611199e-04
2.047556299607696e-04
2.671894422924441e-04
3.482968858239406e-04
4.539187772593133e-04
5.911993151182834e-04
7.713380124412014e-04
1.005479237661871e-03
1.310353944890185e-03
1.707374580236551e-03
2.226036303194593e-03
2.901943459008544e-03
3.779930307673170e-03
4.934290507890602e-03
6.441542159052455e-03
8.408750898755542e-03
1.098218193913759e-02
1.435310776889782e-02
1.876836826728883e-02
2.456486015704630e-02
3.215222128493546e-02
4.203259541415247e-02
5.490229470693890e-02
7.150844333413707e-02
9.283505390621628e-02
1.200955752040434e-01
1.546537316353455e-01
1.979504771139912e-01
2.511911641042854e-01
3.151855843229586e-01
3.900646225351904e-01
4.747331828910353e-01
5.666537068272858e-01
6.620250561258767e-01
7.559424347811573e-01
8.472517298061033e-01
9.783079029441927e-01
###2.800000000000000e+00
2.929892506015533e-11
2.524580088926687e-11
-6.250256338749856e-10
6.013039880419479e-11
6.102708702392080e-11
1.591255358607481e-11
2.073381331910216e-11
9.515443468350308e-11
9.789404740429170e-11
1.615343430700110e-10
1.344394747170271e-09
2.500208667378350e-10
2.930368908792168e-10
7.537206491036899e-10
3.899513787567603e-10
4.131709596271213e-10
5.045094373725877e-10
6.101171022618254e-10
7.553188150025896e-10
9.711815536855374e-10
1.252354942040174e-09
1.620533606339002e-09
2.115343909522171e-09
2.757242507606071e-09
3.631263010000863e-09
4.784411926745300e-09
6.306069051584987e-09
8.323959714531233e-09
1.100996389991421e-08
1.457502972168356e-08
1.931095366557815e-08
2.558492240062634e-08
3.388211495908550e-08
4.487473515438172e-08
5.944579055892943e-08
7.871934816499814e-08
1.042043185696139e-07
1.379401436986970e-07
1.825108788773120e-07
2.414018962341847e-07
3.191890061432413e-07
4.218735436691954e-07
5.574565379079574e-07
7.361923516271858e-07
9.717946800651795e-07
1.282179002136176e-06
1.690888790793375e-06
2.228968413761289e-06
2.934247479706141e-06
3.868697012752902e-06
5.091970688672266e-06
6.702815786380633e-06
8.811124845975040e-06
1.159077451754506e-05
1.520780198631250e-05
1.995587654669172e-05
2.616087942273639e-05
3.433397070971371e-05
4.500362476363249e-05
5.891517931351733e-05
7.721166337261037e-05
1.009986452318678e-04
1.321617590887927e-04
1.729427124214933e-04
2.257918941148431e-04
2.950538590591918e-04
3.851856261025059e-04
5.027724120117370e-04
6.559049163573118e-04
8.573186741596160e-04
1.119551049627554e-03
1.461900632612010e-03
1.908500140517131e-03
2.493071679436279e-03
3.256262727371990e-03
4.248811497688160e-03
5.556850153429030e-03
7.266777437401097e-03
9.500217677300358e-03
1.242374770405325e-02
1.625110544518376e-02
2.126512808897546e-02
2.783890355027685e-02
3.642952508269780e-02
4.758753564268225e-02
6.206695877794292e-02
8.066213327900094e-02
1.044071233999165e-01
1.345403440464263e-01
1.724072606520719e-01
2.193508551266015e-01
2.763641566501436e-01
3.439191604594065e-01
4.216595578952758e-01
5.079129369973640e-01
5.996027927249855e-01
6.925158443164008e-01
7.816530517340115e-01
8.656709063784324e-01
9.812745986179138e-01
###3.200000000000000e+00
3.467861131039921e-11
-3.632008662834618e-12
-6.082453748907471e-10
9.169982042004287e-11
6.635254958001742e-11
1.346853948112229e-11
3.785038335170621e-11
9.996396055252344e-11
1.084114473921837e-10
1.815045388358398e-10
1.286832214628341e-09
2.506028822798591e-10
3.321527143061931e-10
7.519593776984255e-10
4.330455308484577e-10
4.559557131146212e-10
5.481035225353914e-10
6.688914011572885e-10
8.294862412178113e-10
1.059955759105541e-09
1.360714376509751e-09
1.760240668497896e-09
2.292859091379135e-09
2.986070262393260e-09
3.935278078771098e-09
5.181754810115442e-09
6.828732169086360e-09
9.010435821747861e-09
1.191682195694857e-08
1.577626799978492e-08
2.090216382358358e-08
2.769904545088195e-08
3.668687765971839e-08
4.860060439709478e-08
6.439257954565577e-08
8.529496635865705e-08
1.129376159594740e-07
1.495438881027375e-07
1.979230358073525e-07
2.618754660452962e-07
3.463768047172535e-07
4.579713618755756e-07
6.053720095354530e-07
7.997884171223286e-07
1.056135632169963e-06
1.394073101392529e-06
1.839212261505369e-06
2.425566228924548e-06
3.194494760727181e-06
4.214198121629343e-06
5.549697830894315e-06
7.309547666826758e-06
9.614618457303271e-06
1.265652654542965e-05
1.661623352245979e-05
2.181850764303313e-05
2.862113173148123e-05
3.760197798529207e-05
4.933238827791832e-05
6.464191584113601e-05
8.481560370649817e-05
1.110597900298066e-04
1.454952510160646e-04
1.906648340653233e-04
2.492324122946405e-04
3.261372159082987e-04
4.263876878014549e-04
5.574249479803719e-04
7.283782558911631e-04
9.536923936593938e-04
1.247560429925632e-03
1.632011281359824e-03
2.134397514393406e-03
2.793064920534673e-03
3.654277339975382e-03
4.775505741580572e-03
6.255541971110431e-03
8.191629165924374e-03
1.072131926701121e-02
1.403313344077410e-02
1.836573672619774e-02
2.403688847876181e-02
3.146027067670610e-02
4.113769855599318e-02
5.366490656352067e-02
6.985600898721660e-02
9.053823000743706e-02
1.167853219052115e-01
1.498405429415604e-01
1.910048458718138e-01
2.414832820011398e-01
3.020394266405297e-01
3.727707043613678e-01
4.528516872771900e-01
5.401042303072033e-01
6.310051930748830e-01
7.210651496713476e-01
8.053119264435068e-01
8.823461994085499e-01
9.839004555483158e-01
###3.600000000000000e+00
3.821517713878367e-11
5.908013007954453e-13
-6.095275714549923e-10
1.082626567883830e-10
9.671834965573796e-11
1.770952489374775e-12
4.782144949516752e-11
1.179045160618532e-10
1.241733681469343e-10
2.079165449221852e-10
1.243140480404361e-09
2.766235082666271e-10
3.597655567826921e-10
7.551825153816417e-10
4.773042629744447e-10
5.049647538655578e-10
5.913832696190128e-10
7.284721615518869e-10
9.105217863392676e-10
1.153751911897613e-09
1.482009843463420e-09
1.918038760090818e-09
2.489057232671591e-09
3.241533106970245e-09
4.262628102580738e-09
5.612289178855125e-09
7.393553837581164e-09
9.755192034324768e-09
1.290280138222559e-08
1.708089391385127e-08
2.263133872164632e-08
2.999490264866033e-08
3.973363993962625e-08
5.264711974123167e-08
6.976961925722452e-08
9.244443225483211e-08
1.224428654070964e-07
1.621735298152532e-07
2.147060800641716e-07
2.841710892145343e-07
3.760079909265161e-07
4.973121441506808e-07
6.576362722014433e-07
8.691795517141999e-07
1.148251654676852e-06
1.516299671860580e-06
2.001331919605721e-06
2.640677938731447e-06
3.479512721186922e-06
4.592795205831622e-06
6.051857287788571e-06
7.976179720738660e-06
1.049742733725033e-05
1.382824371569609e-05
1.816644258771231e-05
2.387149943167509e-05
3.133619365016058e-05
4.121068645667220e-05
5.411913532711468e-05
7.098358698388914e-05
9.324301100476851e-05
1.222247261662109e-04
1.603233926285214e-04
2.103896782407617e-04
2.753520322858665e-04
3.608213369849421e-04
4.724157149227192e-04
6.185262467746247e-04
8.094875842731918e-04
1.061638714433098e-03
1.390997607606298e-03
1.822753944255829e-03
2.387733625229719e-03
3.129435726901273e-03
4.100452809410411e-03
5.365526739512108e-03
7.037540121380411e-03
9.224978225055882e-03
1.208326460580414e-02
1.582408849542244e-02
2.071237540374399e-02
2.710174336859099e-02
3.544701803158117e-02
4.629526539794259e-02
6.028396409808622e-02
7.828288975331317e-02
1.011444421988957e-01
1.299668859041287e-01
1.659778787836105e-01
2.104036557812787e-01
2.642932144221238e-01
3.281463872998169e-01
4.016773919144209e-01
4.836314562238653e-01
5.713555423208367e-01
6.609763774429765e-01
7.478453242173164e-01
8.271216172369747e-01
8.974428267254650e-01
9.862365216921869e-01
###4.000000000000000e+00
4.807289735029444e-11
-4.180071707636890e-11
-6.019546852502067e-10
1.097413017898113e-10
8.986061019638469e-11
9.066546822305099e-13
5.729292113748339e-11
1.342399235185465e-10
1.587139594727519e-10
2.295800136265790e-10
1.204961026903042e-09
3.088648580409671e-10
4.022780434061876e-10
7.574973528122755e-10
5.191833748132211e-10
5.532089129042071e-10
6.545552780033253e-10
7.942276532686402e-10
9.976242327084842e-10
1.263515257797949e-09
1.623473371996293e-09
2.083723588416985e-09
2.703853118803722e-09
3.517586643539191e-09
4.622444488242526e-09
6.083782895738855e-09
8.010452849377905e-09
1.056712607808903e-08
1.397650677958144e-08
1.849999737970213e-08
2.451048313125282e-08
3.249169493922666e-08
4.304708267438005e-08
5.705134941962039e-08
7.562070068529094e-08
1.002247772469808e-07
1.328020247182505e-07
1.759240072608788e-07
2.330283164976817e-07
3.084417714263895e-07
4.083009484304266e-07
5.402261343159974e-07
7.146651870022308e-07
9.449369324027950e-07
1.248860062483771e-06
1.649895041238932e-06
2.178697416574614e-06
2.876158411384626e-06
3.791710037996048e-06
5.007848183473431e-06
6.602710419831139e-06
8.708154862357799e-06
1.146785528015464e-05
1.511717993489518e-05
1.987379077982991e-05
2.613529103590158e-05
3.433413516342089e-05
4.519973031277596e-05
5.941477837491430e-05
7.800910504819038e-05
1.025799204210719e-04
1.346293807902013e-04
1.768056393128733e-04
2.323396124343343e-04
3.044549779072713e-04
3.995063955060235e-04
5.238084396137121e-04
6.868188904152408e-04
9.001921113232352e-04
1.182446281165203e-03
1.551636106837537e-03
2.036348800219118e-03
2.671327880498022e-03
3.505980334899690e-03
4.599591069048845e-03
6.027271692322361e-03
7.910108675002726e-03
1.037635722907582e-02
1.359746655814375e-02
1.780980342118448e-02
2.330552990292513e-02
3.047629762147832e-02
3.981722178216707e-02
5.191949683498243e-02
6.746048321206087e-02
8.736109984454710e-02
1.124852780839675e-01
1.439413211945479e-01
1.829263205169790e-01
2.305667286460890e-01
2.877245423408631e-01
3.546213392391721e-01
4.305898560250082e-01
5.139581497778429e-01
6.016609586444698e-01
6.895671997208482e-01
7.729449493098720e-01
8.471893987449876e-01
9.110908598356642e-01
9.883100374100257e-01
###4.399999999999999e+00
6.541702275543485e-11
-4.568196539529162e-11
-5.708061887321579e-10
1.089777577335769e-10
9.930015001702351e-11
4.487578851314607e-12
7.028713590663200e-11
1.522654701890371e-10
1.659790782515810e-10
2.394303567979036e-10
1.166045439694982e-09
3.324759465637748e-10
4.266808553807602e-10
7.698789668158387e-10
5.553869811074203e-10
6.027454348751277e-10
7.107050800362146e-10
8.682371584446583e-10
1.085249174545279e-09
1.371789743459879e-09
1.761547043875771e-09
2.259283936256036e-09
2.930284534247401e-09
3.815870148125251e-09
5.005490888203711e-09
6.587490542315998e-09
8.667373819662929e-09
1.144561658180346e-08
1.513903825177821e-08
2.003357913491214e-08
2.654995550170064e-08
3.520131582904910e-08
4.664729567263403e-08
6.183585256662496e-08
8.198212847167670e-08
1.086871609547544e-07
1.440654887220419e-07
1.908949138121698e-07
2.529769400998441e-07
3.348604984185480e-07
4.435164305271405e-07
5.870415203998647e-07
7.769000356370544e-07
1.027456905333240e-06
1.358813312775800e-06
1.796002256148445e-06
2.372787743033632e-06
3.133985932190745e-06
4.133869033756637e-06
5.463045189744063e-06
7.207452832629650e-06
9.512447490561938e-06
1.253526841706881e-05
1.653648868665235e-05
2.175570395300015e-05
2.863352444148194e-05
3.764572621069557e-05
4.960829168230385e-05
6.527688692210564e-05
8.579360651549138e-05
1.129317564339659e-04
1.484076092193406e-04
1.951300244269763e-04
2.567613714180826e-04
3.368899588215030e-04
4.426623512008477e-04
5.811755808617703e-04
7.631035984469536e-04
1.001599860650041e-03
1.317516826673363e-03
1.731288314765872e-03
2.275197425322250e-03
2.988455780874420e-03
3.926661344244250e-03
5.156765855751990e-03
6.765788490182362e-03
8.881658927675298e-03
1.165522019568458e-02
1.527540734263515e-02
2.000348002006760e-02
2.616179077937666e-02
3.417859996445519e-02
4.459004029650486e-02
5.803036810170147e-02
7.521183625507939e-02
9.710025936659027e-02
1.245605965555924e-01
1.586996922201169e-01
2.006597137813491e-01
2.514487010878853e-01
3.117188549954828e-01
3.813907372623973e-01
4.594413445321888e-01
5.437810655516376e-01
6.310060227987150e-01
7.167890431584465e-01
7.964226396206895e-01
8.656108918847342e-01
9.233654162720910e-01
9.901384100032574e-01
###4.800000000000000e+00
8.294067430315618e-11
-5.691799009259056e-11
-7.041234366684121e-10
1.557576306347555e-10
1.138465408947582e-10
1.365704083009291e-11
8.277916558319928e-11
1.480782053436833e-10
1.681665337055753e-10
2.683493903123300e-10
1.136598876081330e-09
3.554828063253181e-10
4.495984445052246e-10
7.819423449314947e-10
5.927667650659639e-10
6.494599223930138e-10
7.710196634790347e-10
9.438969914742822e-10
1.176558355905006e-09
1.487617361872710e-09
1.908447958478021e-09
2.453570717181659e-09
3.177231314767573e-09
4.136123485444551e-09
5.424021674411110e-09
7.133826487729295e-09
9.385592900838734e-09
1.239698909057481e-08
1.639888220973165e-08
2.170504022407464e-08
2.876471817424484e-08
3.814487573098373e-08
5.056105223363528e-08
6.703701591535478e-08
8.889919780601990e-08
1.178931483831856e-07
1.563238580817595e-07
2.072014197197936e-07
2.747184855853053e-07
3.636700072072132e-07
4.819219421191446e-07
6.381288929979949e-07
8.448807823953062e-07
1.117929774092655e-06
1.479064352668998e-06
1.955853242728642e-06
2.585343651653003e-06
3.416563567595019e-06
4.509148104886347e-06
5.962732507784600e-06
7.871791795572370e-06
1.039664844148773e-05
1.371024263224599e-05
1.810003024632197e-05
2.383122131838914e-05
3.139114510927402e-05
4.130615421309772e-05
5.448651691844958e-05
7.176827085577888e-05
9.442342916068583e-05
1.244234833068964e-04
1.637098736312557e-04
2.155122287280220e-04
2.839463431323344e-04
3.730119646985103e-04
4.907722620111364e-04
6.451631918287973e-04
8.482294674547640e-04
1.114819477086349e-03
1.468372845019431e-03
1.931863357867796e-03
2.541825790435410e-03
3.342245772344767e-03
4.395690993846880e-03
5.777396888309927e-03
7.586599020405529e-03
9.960289814524766e-03
1.307208662210245e-02
1.712942882980570e-02
2.242036819882033e-02
2.929745853864633e-02
3.822613917560336e-02
4.978347953475203e-02
6.464493994833054e-02
8.355346941327117e-02
1.075080871375216e-01
1.373756388024488e-01
1.742418419472703e-01
2.191574401040691e-01
2.729787993415884e-01
3.362064060701953e-01
4.083895652478151e-01
4.881511680341456e-01
5.730352092563403e-01
6.593459662514847e-01
7.426348963205293e-01
8.183091360924479e-01
8.824491839711158e-01
9.343683392666297e-01
9.917362973135291e-01
###5.200000000000000e+00
1.029925763666338e-10
-4.908150009419007e-11
-7.101192139880258e-10
1.987123529629491e-10
1.150097275209047e-10
2.348967570623710e-11
8.449451949683480e-11
1.608778060549573e-10
1.853230958991747e-10
2.844727982937173e-10
1.104096537561333e-09
3.833486879331982e-10
4.818258412671355e-10
7.943594017271533e-10
6.362071864907819e-10
7.041976952684248e-10
8.441217861272946e-10
1.029754953569123e-09
1.275200010432629e-09
1.613161387583798e-09
2.066035490015941e-09
2.659302503228363e-09
3.445024376761379e-09
4.484589101494092e-09
5.875953010060600e-09
7.727505204193019e-09
1.016817567977652e-08
1.343091164391362e-08
1.776691184053266e-08
2.351930384855327e-08
3.117230380973833e-08
4.134393027091792e-08
5.481512045000418e-08
7.269582813998517e-08
9.642889294223142e-08
1.279148900856133e-07
1.696777946580617e-07
2.249661317227472e-07
2.984098686389539e-07
3.951710479617693e-07
5.238277974106620e-07
6.939185072202990e-07
9.191331973669835e-07
1.216798738809438e-06
1.610589861571864e-06
2.130845373848202e-06
2.818142635201475e-06
3.726357803566803e-06
4.921334848747226e-06
6.511856346633309e-06
8.601889025568072e-06
1.136923802838530e-05
1.500372286920702e-05
1.982277115549250e-05
2.612052475471993e-05
3.443613171732607e-05
4.535256101606740e-05
5.988465816099079e-05
7.896016483369079e-05
1.039937464530121e-04
1.371793349510613e-04
1.807113873919520e-04
2.381769087504758e-04
3.141979037682419e-04
4.132524758277038e-04
5.443920666809906e-04
7.165160897634287e-04
9.431981829961226e-04
1.241118198974833e-03
1.636620315087988e-03
2.155574438525988e-03
2.839031165890855e-03
3.736376860388281e-03
4.917662583603661e-03
6.467352171831090e-03
8.496937424277106e-03
1.115484363527008e-02
1.463748229272558e-02
1.917216014122689e-02
2.507470890401269e-02
3.272901911917009e-02
4.263558730619060e-02
5.541633537035914e-02
7.178097677155758e-02
9.249978257923418e-02
1.185986150699075e-01
1.509286837389713e-01
1.905401964330321e-01
2.383803430127074e-01
2.951436678508549e-01
3.611284898853960e-01
4.355365700816152e-01
5.166371674430246e-01
6.016478114644759e-01
6.866284557206354e-01
7.670905428607913e-01
8.386295060929843e-01
8.977662995669927e-01
9.441697732796067e-01
9.931267417760905e-01
###5.600000000000001e+00
1.179679184752122e-10
-5.065860879251323e-11
-6.852328779963905e-10
2.006290165339199e-10
1.239465969704936e-10
4.546830701131719e-11
9.066271400145010e-11
1.764417292469876e-10
2.002911060063433e-10
2.958148972660837e-10
1.077158472403786e-09
4.159553494311637e-10
5.216610241225238e-10
8.124292117668371e-10
6.693392787139471e-10
7.579471987077053e-10
9.108909997966743e-10
1.118651009541062e-09
1.385436049411604e-09
1.748010470235320e-09
2.239254737797526e-09
2.881906863781161e-09
3.731651156723678e-09
4.859364290766386e-09
6.367198617933815e-09
8.369268125670887e-09
1.101710757338323e-08
1.455221832842608e-08
1.925271821164229e-08
2.548935831024733e-08
3.378846552824413e-08
4.481959375669381e-08
5.944235466342121e-08
7.885545391632346e-08
1.046276462682639e-07
1.388361803214335e-07
1.842279804373212e-07
2.443416359607161e-07
3.242081747926750e-07
4.295441778250050e-07
5.695778290189036e-07
7.548502513231337e-07
1.000317339477974e-06
1.324926787894237e-06
1.754514389942140e-06
2.322489584391868e-06
3.073364118275879e-06
4.066138679217789e-06
5.373916056726702e-06
7.115473203103004e-06
9.404799024110272e-06
1.243960691480573e-05
1.642902608262386e-05
2.172290395147467e-05
2.864840133532911e-05
3.780138569319803e-05
4.982931066625950e-05
6.586270503631474e-05
8.693140119848130e-05
1.146129406333067e-04
1.513410479068874e-04
1.996028877189820e-04
2.633787408465156e-04
3.478538423726505e-04
4.580412989485940e-04
6.041061290573694e-04
7.960214438615719e-04
1.049032622735080e-03
1.381836765217163e-03
1.824045221578003e-03
2.404705524070314e-03
3.169747745637496e-03
4.174580234642560e-03
5.497373385451377e-03
7.232084988610667e-03
9.504179975052981e-03
1.247434064356176e-02
1.636200870360679e-02
2.141650383067588e-02
2.798172084446827e-02
3.647226626638530e-02
4.742713575292696e-02
6.150631918402148e-02
7.945335685393878e-02
1.020615324574508e-01
1.303747476424352e-01
1.652141560414383e-01
2.075796252613919e-01
2.583026031032622e-01
3.178866973510582e-01
3.864200024160743e-01
4.627520000737817e-01
5.448222847730561e-01
6.295438894142168e-01
7.128039421435864e-01
7.901415325567031e-01
8.574032880627585e-01
9.116164355286428e-01
9.528375238650991e-01
9.943298126067841e-01
###6.000000000000001e+00
1.314469301565164e-10
-1.184457461994505e-10
-6.482975388786479e-10
2.140021662962345e-10
1.273457936310454e-10
6.535515352062115e-12
1.132811855086597e-10
2.002980712514690e-10
2.273241877058152e-10
3.246363208338269e-10
1.063374140426574e-09
4.552975551967416e-10
5.651016357104856e-10
8.469235367243314e-10
7.284225063222347e-10
8.247169242932874e-10
9.876257801396455e-10
1.216379293447328e-09
1.509336612561509e-09
1.901570528061158e-09
2.429438934516068e-09
3.130745221628736e-09
4.051119857421022e-09
5.271251858243342e-09
6.904332163376865e-09
9.072063290152465e-09
1.194252789562991e-08
1.577620984300479e-08
2.087068679873220e-08
2.763281793961930e-08
3.663850417496884e-08
4.860823888301000e-08
6.448311983914350e-08
8.556227429101583e-08
1.135558726185966e-07
1.507343791958267e-07
2.000955932813043e-07
2.654575003345510e-07
3.522996420725667e-07
4.670651804516558e-07
6.195552505646503e-07
8.214592381436585e-07
1.089080818041424e-06
1.443227338649199e-06
1.912149048167364e-06
2.532502751706988e-06
3.353234983593969e-06
4.439150760623159e-06
5.871547140147545e-06
7.779038685881665e-06
1.028824834569741e-05
1.361840812347340e-05
1.799951158675061e-05
2.381927976160119e-05
3.143873147134043e-05
4.151989969529136e-05
5.478149822096535e-05
7.248080766542015e-05
9.576454541138733e-05
1.263888036259346e-04
1.670680665958407e-04
2.205913244432198e-04
2.913914365738652e-04
3.852762926074210e-04
5.078832772674960e-04
6.705753804821630e-04
8.845451861939883e-04
1.166907692058468e-03
1.538493612773018e-03
2.032603698719825e-03
2.681744882972938e-03
3.537189057378778e-03
4.660794598647647e-03
6.139743170038577e-03
8.078525597799157e-03
1.061634903840496e-02
1.392823763739526e-02
1.825803777212738e-02
2.387573681117650e-02
3.115557422019844e-02
4.054423636770486e-02
5.261635224761921e-02
6.806987803443952e-02
8.767947398911095e-02
1.122512408687088e-01
1.428399301412928e-01
1.802258498730361e-01
2.253407143636291e-01
2.788771146465487e-01
3.411530489743576e-01
4.120017422743041e-01
4.899522142860206e-01
5.726105625736342e-01
6.566439844698190e-01
7.378191705154297e-01
8.117627919929027e-01
8.746530641341690e-01
9.240660493701093e-01
9.604483709397477e-01
9.953607679563380e-01
###6.400000000000001e+00
1.439271135231462e-10
-1.123735430961679e-10
-6.322085134906723e-10
2.115656109347742e-10
1.279989690364217e-10
1.329001474581723e-11
1.370082796875143e-10
2.147681078045945e-10
2.456870005950275e-10
3.405949002266051e-10
1.044792047010605e-09
4.851924049681244e-10
5.977430620026998e-10
8.721123783693432e-10
7.824940968584729e-10
8.934541247004701e-10
1.068274632508826e-09
1.314265767545736e-09
1.636329319079443e-09
2.060303693165902e-09
2.633658124635810e-09
3.391706606517897e-09
4.383929608733363e-09
5.714103477857180e-09
7.478568660081711e-09
9.829603636091980e-09
1.294326451404500e-08
1.709902118863145e-08
2.262180750058941e-08
2.995884289371530e-08
3.973258945294297e-08
5.272480515968739e-08
6.996314590216827e-08
9.286053067863134e-08
1.232798108784558e-07
1.636951204723441e-07
2.173785726404657e-07
2.884953783710949e-07
3.829851414706959e-07
5.080242340550539e-07
6.741678724903526e-07
8.942334265590739e-07
1.186197450580772e-06
1.572721694739535e-06
2.084824582129529e-06
2.762812343975247e-06
3.660272805527421e-06
4.848715442685375e-06
6.418692199068369e-06
8.509124177782265e-06
1.126097557923990e-05
1.491711748624422e-05
1.973173234907170e-05
2.613330772011789e-05
3.452112153562865e-05
4.563137089147879e-05
6.026183214068004e-05
7.981006410464032e-05
1.055549267558611e-04
1.394504653868338e-04
1.845246017610708e-04
2.439015949712296e-04
3.225180815946412e-04
4.268902093334795e-04
5.633101206480650e-04
7.445106237645153e-04
9.829821322868020e-04
1.297993185149714e-03
1.712627261084272e-03
2.264316361078743e-03
2.989290619495285e-03
3.944764499015562e-03
5.199555581580997e-03
6.850376222430892e-03
9.013090800131086e-03
1.184154102720017e-02
1.552649060766194e-02
2.033641570990316e-02
2.656352001725345e-02
3.461218448573744e-02
4.496239722662550e-02
5.822300845856170e-02
7.512454233029374e-02
9.647289225176041e-02
1.230773762442574e-01
1.559967275665922e-01
1.959544563202652e-01
2.437944473293943e-01
3.000668466644621e-01
3.648801510636543e-01
4.378066852919312e-01
5.170458880272714e-01
5.999108840234231e-01
6.828809480803084e-01
7.616234358195224e-01
8.319503052398892e-01
8.904302615542034e-01
9.351847434148004e-01
9.670816930068883e-01
9.962350909447543e-01
###6.800000000000002e+00
1.409513372073886e-10
-8.059639693083605e-11
-6.122208629528386e-10
2.121901160675963e-10
1.284108833941994e-10
2.606800724439638e-11
1.544392633409173e-10
2.230695654117888e-10
2.586424486335501e-10
3.328864067357831e-10
1.029665239376057e-09
5.118102827032106e-10
6.335435563417357e-10
8.998663526268719e-10
8.325650395831394e-10
9.609460679630892e-10
1.155589685321059e-09
1.418535480968318e-09
1.770798912418165e-09
2.229947542945442e-09
2.844884449774049e-09
3.672285785373269e-09
4.749001416851883e-09
6.188476331049488e-09
8.103687885780754e-09
1.064998430003347e-08
1.402821637499356e-08
1.853348400250524e-08
2.452699611599165e-08
3.248818063646330e-08
4.309605015197302e-08
5.720240107518801e-08
7.592566604362325e-08
1.008053283742968e-07
1.338724043747609e-07
1.778198711577544e-07
2.362273355369386e-07
3.136163256574670e-07
4.164950461790764e-07
5.527695557961117e-07
7.338621755270779e-07
9.738785028843342e-07
1.292492565356692e-06
1.714544986626847e-06
2.274127314923282e-06
3.015460885286571e-06
3.997423744182717e-06
5.298793423441552e-06
7.020051684921520e-06
9.312226263724325e-06
1.233199899273524e-05
1.634864787575185e-05
2.164253469395598e-05
2.868793364587531e-05
3.792852102137574e-05
5.018033683072582e-05
6.632814947188369e-05
8.793033630615458e-05
1.164053971730320e-04
1.539369527194665e-04
2.039003301460626e-04
2.697864984203175e-04
3.571004230368800e-04
4.731352957340921e-04
6.249067859921310e-04
8.266546011645488e-04
1.092357428321769e-03
1.443611406505939e-03
1.905980838565510e-03
2.521409753081940e-03
3.330230224395374e-03
4.396126450624320e-03
5.795247669166219e-03
7.634979795349961e-03
1.004307645615518e-02
1.318852922842241e-02
1.727998286630288e-02
2.260908728293769e-02
2.949307472447803e-02
3.836765490336404e-02
4.974249838029741e-02
6.425969520766762e-02
8.268701409672474e-02
1.058460122207630e-01
1.345491963398235e-01
1.698458358373347e-01
2.123861516954339e-01
2.629142350034506e-01
3.218285424177216e-01
3.890020951429647e-01
4.637400974317677e-01
5.439443665091739e-01
6.266483807200558e-01
7.081706602937425e-01
7.841792655277851e-01
8.507074049587163e-01
9.047645849784492e-01
9.450446757583897e-01
9.728167435374748e-01
9.969738258182186e-01
###7.200000000000002e+00
1.525319617823153e-10
-6.381762330355994e-11
-6.118817738996869e-10
2.139459878084697e-10
1.285101133908538e-10
3.937510183472298e-11
1.702011488329749e-10
2.338223464301918e-10
2.810763955669692e-10
3.679689873658641e-10
1.016088267264077e-09
5.426720650967028e-10
6.722038510630623e-10
9.281072218256580e-10
8.920693957679073e-10
1.025720363169025e-09
1.245575358819968e-09
1.529501969934222e-09
1.913206525883189e-09
2.410566311658910e-09
3.078552161779471e-09
3.973527138570532e-09
5.140543963837260e-09
6.703132673844839e-09
8.777809953837622e-09
1.153837808066681e-08
1.520517575485183e-08
2.009221539686713e-08
2.659600893092953e-08
3.523788259390491e-08
4.675368466151378e-08
6.207603593981252e-08
8.242276493451234e-08
1.094613909336293e-07
1.454114618940762e-07
1.932179440882346e-07
2.567926152161977e-07
3.410526983767481e-07
4.531025272758481e-07
6.016645538320127e-07
7.991475106003074e-07
1.061021991694863e-06
1.408857968954609e-06
1.869907737162732e-06
2.481682457934100e-06
3.292622933517572e-06
4.367645052420888e-06
5.793467805021375e-06
7.681397792657212e-06
1.019598648084434e-05
1.351202186304655e-05
1.792886562824901e-05
2.375070863345528e-05
3.150919909943440e-05
4.169417153914678e-05
5.521048615629219e-05
7.304324435955870e-05
9.692360184966400e-05
1.284346637918758e-04
1.700062930207008e-04
2.253997719414919e-04
2.985125940780815e-04
3.954956298049119e-04
5.244739238376153e-04
6.933057636092323e-04
9.178503682067190e-04
1.213775080254951e-03
1.605156155286397e-03
2.120338568722022e-03
2.806249592929742e-03
3.707720816635047e-03
4.895119665762155e-03
6.452863698132682e-03
8.499577285029539e-03
1.117570789554251e-02
1.466630829519493e-02
1.920045904569688e-02
2.508928499824382e-02
3.267959494274186e-02
4.243644319404524e-02
5.490144458240014e-02
7.074585037696260e-02
9.076842158682531e-02
1.158097162119313e-01
1.466698117329912e-01
1.843773530214039e-01
2.294983301563708e-01
2.826667864624653e-01
3.441013386439066e-01
4.134460225965249e-01
4.897246982098795e-01
5.705585323067167e-01
6.527323572220934e-01
7.324488529645893e-01
8.054506384715396e-01
8.680367060568417e-01
9.177105887016446e-01
9.537246144744310e-01
9.777334258974070e-01
9.975864018963376e-01
###7.600000000000002e+00
1.677764630785164e-10
-4.394746428002287e-11
-5.866884462075504e-10
2.140949582530258e-10
1.297031001711767e-10
3.736127097548233e-11
1.891686273801041e-10
2.463507471751605e-10
2.928890156323282e-10
3.854961426668742e-10
1.000900062039638e-09
5.679002573901561e-10
7.074991629058795e-10
9.599243243309174e-10
9.535238461998829e-10
1.098260241449903e-09
1.342009060715793e-09
1.646557934229109e-09
2.064237428237931e-09
2.603476206632616e-09
3.330304997179924e-09
4.296849587614851e-09
5.565289759675783e-09
7.259033316178673e-09
9.506871081492610e-09
1.250204449365334e-08
1.648226719978800e-08
2.178454258931320e-08
2.884425837095263e-08
3.822923100523995e-08
5.073095562496094e-08
6.737853970531800e-08
8.949155670578447e-08
1.188886597907550e-07
1.579959206507769e-07
2.100173553700829e-07
2.792317299235981e-07
3.710031290022652e-07
4.930915874253317e-07
6.551042920165730e-07
8.705331908546842e-07
1.156391512700755e-06
1.536298082017724e-06
2.040231314113700e-06
2.709327455472460e-06
3.596905576525556e-06
4.774365920782547e-06
6.337179732126634e-06
8.409037045706584e-06
1.116931050698086e-05
1.481282881935277e-05
1.967234964476028e-05
2.607850707495683e-05
3.462627864519123e-05
4.585672679485627e-05
6.077492762634868e-05
8.047553397367430e-05
1.068844405246100e-04
1.417603268452225e-04
1.878166774924741e-04
2.492410326987178e-04
3.303815810513405e-04
4.380981362512818e-04
5.814493216005872e-04
7.691977848791053e-04
1.019020713480477e-03
1.348434181320883e-03
1.784178863472993e-03
2.357749860312742e-03
3.121398572269874e-03
4.124809418030635e-03
5.445643917618551e-03
7.177420291443716e-03
9.450410180507435e-03
1.241874499139703e-02
1.628424866667068e-02
2.129695289263027e-02
2.778909675559697e-02
3.613656675369783e-02
4.683500151202171e-02
6.045443763599030e-02
7.769731526749871e-02
9.938727664094917e-02
1.263738886657129e-01
1.594387383174235e-01
1.995840080750189e-01
2.472743197800087e-01
3.030134331991561e-01
3.668338292958039e-01
4.381392451106892e-01
5.156788058928430e-01
5.967982278753320e-01
6.780810520272571e-01
7.556681347512633e-01
8.254067363022467e-01
8.839639410313627e-01
9.293279272600424e-01
9.613108170918919e-01
9.819115734155376e-01
9.980950096764023e-01
###8.000000000000002e+00
1.734399681052746e-10
-3.619352443106537e-11
-5.853182644985315e-10
2.183323218493256e-10
1.209225413598988e-10
5.124690664916278e-11
1.927585203278269e-10
2.636860186510585e-10
3.113469071440012e-10
4.068457870995455e-10
9.829584410129552e-10
5.947704487216155e-10
7.488411951405663e-10
9.947869917921547e-10
1.013788176115399e-09
1.176393622796080e-09
1.443506750422587e-09
1.776815636389107e-09
2.226612977299057e-09
2.816046372308270e-09
3.600673469928191e-09
4.648199154361201e-09
6.024376153341276e-09
7.860994754799849e-09
1.029593769673760e-08
1.354861075666423e-08
1.786858000948355e-08
2.362343703575016e-08
3.128879553014937e-08
4.148092811173780e-08
5.506140656436814e-08
7.315219896842871e-08
9.719232890127237e-08
1.291655729872279e-07
1.717173204437636e-07
2.283496818460007e-07
3.037215622229771e-07
4.037141414516139e-07
5.368153261618822e-07
7.135627937464613e-07
9.486752976042323e-07
1.260847216394333e-06
1.675971387918606e-06
2.227046659904746e-06
2.959212291641290e-06
3.931071959899197e-06
5.221326994061888e-06
6.935383455183513e-06
9.209809984669663e-06
1.224151609997883e-05
1.624661592144428e-05
2.159552581098195e-05
2.864897911170624e-05
3.806964740226027e-05
5.045933200956315e-05
6.693121882054307e-05
8.870371818256926e-05
1.179173635702147e-04
1.565282052037222e-04
2.075596246448431e-04
2.756754369323451e-04
3.657224255872970e-04
4.853405689018043e-04
6.446246852959628e-04
8.533336243164248e-04
1.131168267560321e-03
1.497561798353418e-03
1.982386315288130e-03
2.620330553907638e-03
3.469560496778478e-03
4.585085423192745e-03
6.052368330746650e-03
7.974312462335017e-03
1.049410878756924e-02
1.378021640409617e-02
1.805218087638736e-02
2.358112959798645e-02
3.072224474015081e-02
3.988015475111160e-02
5.158015588638910e-02
6.641867920592835e-02
8.512885608032895e-02
1.085543538056743e-01
1.375466333261637e-01
1.728615387146443e-01
2.154526978500022e-01
2.656832863320402e-01
3.239099459158230e-01
3.899690705383810e-01
4.630066331729771e-01
5.415105233230612e-01
6.225735999514358e-01
7.026220994194211e-01
7.777603099686566e-01
8.440470254628136e-01
8.985144038744144e-01
9.396814681934691e-01
9.678873262113745e-01
9.854313521366322e-01
9.985105686094266e-01
###8.400000000000002e+00
1.798008910058564e-10
-3.201353551691572e-11
-5.906338252812282e-10
2.146173884799665e-10
1.331573963890705e-10
6.471604350131922e-11
1.948436784307481e-10
2.760204802727876e-10
3.301374446934941e-10
4.334354977424018e-10
9.757353833047485e-10
6.287779537700463e-10
7.951205861724454e-10
1.032358264991664e-09
1.081605045943973e-09
1.266046682787568e-09
1.551943464371936e-09
1.908941585978031e-09
2.401855589777955e-09
3.041459395848166e-09
3.892292507004441e-09
5.028104795577054e-09
6.519601907133840e-09
8.512892560205904e-09
1.115353888151751e-08
1.468392795737584e-08
1.937296954823373e-08
2.562285922024398e-08
3.394573489376307e-08
4.502689848012202e-08
5.977546027111618e-08
7.944281213080978e-08
1.055827687968002e-07
1.403710258608059e-07
1.866864696738346e-07
2.483559201655385e-07
3.304692333835932e-07
4.394769475289275e-07
5.846257172127612e-07
7.775397644408454e-07
1.034224264796307e-06
1.375290931845625e-06
1.829141932612522e-06
2.432036299228857e-06
3.233512867385702e-06
4.298310170116832e-06
5.712857374935350e-06
7.593559573917782e-06
1.009171096636753e-05
1.342320035825427e-05
1.782803471295479e-05
2.371711373144068e-05
3.148675889782532e-05
4.187434761552044e-05
5.554744146611494e-05
7.374285501577923e-05
9.781020281456998e-05
1.301347085429335e-04
1.728898403048971e-04
2.294397892320190e-04
3.049670099793564e-04
4.048832069456141e-04
5.376892840857950e-04
7.146203212214858e-04
9.465242849415800e-04
1.255315464535309e-03
1.662597664994615e-03
2.201403834033131e-03
2.910354534833168e-03
3.853733418182510e-03
5.092178732460725e-03
6.719625612556549e-03
8.849135795156012e-03
1.163780128529291e-02
1.526856346536285e-02
1.998037443810420e-02
2.606417470621640e-02
3.390098554865455e-02
4.392397368013477e-02
5.668508780814230e-02
7.280964359938791e-02
9.305423303230051e-02
1.182795957142450e-01
1.493302401353327e-01
1.869318764333687e-01
2.319742975016723e-01
2.847022973894037e-01
3.453154330302434e-01
4.134382755295571e-01
4.879647139794454e-01
5.671318904154927e-01
6.477998429210763e-01
7.262811474106833e-01
7.986911443684527e-01
8.613584032065276e-01
9.117297861215159e-01
9.488475134733337e-01
9.735447392998641e-01
9.883677224870874e-01
9.988474852738207e-01
###8.800000000000002e+00
1.947996849473919e-10
-3.672983264878173e-11
-5.908209459613457e-10
2.243397533060953e-10
1.421824564277582e-10
7.553734102196352e-11
2.094140409612159e-10
2.926769425154291e-10
3.463105601550660e-10
4.603008704641575e-10
9.772238668291867e-10
6.688186291888627e-10
8.347707187632823e-10
1.076912640317922e-09
1.151352473600288e-09
1.356909491989824e-09
1.665310935754812e-09
2.055228533779128e-09
2.589049650492400e-09
3.282886447482520e-09
4.206329889761760e-09
5.430298855256343e-09
7.057281313693203e-09
9.221300432640842e-09
1.208367720764455e-08
1.591427449271323e-08
2.100827807844322e-08
2.779589909837317e-08
3.683533645209073e-08
4.888276872583626e-08
6.490862167456237e-08
8.629830703747397e-08
1.147301635666283e-07
1.525916948654256e-07
2.030493680871917e-07
2.702017144441566e-07
3.597000211527453e-07
4.785759484937934e-07
6.369174122940814e-07
8.475651550523833e-07
1.127913323779767e-06
1.500731325845200e-06
1.997157451559021e-06
2.656966596901598e-06
3.534814741901720e-06
4.701939998529763e-06
6.253639636513293e-06
8.317954781378812e-06
1.106270826957781e-05
1.472576384755089e-05
1.957204689448768e-05
2.605873787893138e-05
3.462100119936836e-05
4.607826824921349e-05
6.117276094932248e-05
8.127596952171650e-05
1.079092979450645e-04
1.436592629940755e-04
1.910026934207734e-04
2.536720060964759e-04
3.374090836151475e-04
4.482565839425954e-04
5.956689519805027e-04
7.921058835891184e-04
1.049642295407639e-03
1.392587353248935e-03
1.844930051414030e-03
2.443300670605786e-03
3.230218622871496e-03
4.276908274302000e-03
5.649897485009587e-03
7.452468522165205e-03
9.808118619795353e-03
1.288837286226389e-02
1.689274118678735e-02
2.208093871623841e-02
2.875885186803452e-02
3.733971194206041e-02
4.828188783138086e-02
6.216600207204007e-02
7.963771248230912e-02
1.014870922038655e-01
1.285727915102547e-01
1.617331742828859e-01
2.016428720151447e-01
2.491389555974356e-01
3.042918602913774e-01
3.671712768169802e-01
4.371729312471469e-01
5.129380964620617e-01
5.924540655055590e-01
6.723927716428304e-01
7.489853185486267e-01
8.184319897067280e-01
8.773574349848637e-01
9.236625528955212e-01
9.569066836899554e-01
9.783727996537677e-01
9.907953870230460e-01
9.991160747817122e-01
###9.200000000000003e+00
1.985149148566990e-10
2.031188929093965e-11
-5.796946376027252e-10
2.332250358760989e-10
1.558633091859576e-10
8.744182975373304e-11
2.263116560628931e-10
3.121792841959554e-10
3.695039548178077e-10
4.843626243035400e-10
9.810840526882000e-10
7.088461401358429e-10
8.750072593268840e-10
1.129787076570143e-09
1.228377973376139e-09
1.461396787727568e-09
1.789465044834362e-09
2.215128227543273e-09
2.793853654365641e-09
3.548083124499917e-09
4.548837066441901e-09
5.876145521153933e-09
7.641104791369431e-09
9.988824247623461e-09
1.309622242827984e-08
1.725346828824508e-08
2.278630325392706e-08
3.015782553661219e-08
3.998073952330399e-08
5.307930025888395e-08
7.050121035376426e-08
9.376879509788560e-08
1.247070788008203e-07
1.659255705844435e-07
2.208823819312268e-07
2.940706043835924e-07
3.916436908284495e-07
5.213451631775192e-07
6.941552315343949e-07
9.242244915957781e-07
1.230583702331539e-06
1.638281429516841e-06
2.181490839478995e-06
2.904112139082725e-06
3.865776916364155e-06
5.145726492701437e-06
6.848436159108848e-06
9.115655827024144e-06
1.213246285951358e-05
1.616147063328738e-05
2.149648507567390e-05
2.864352007261536e-05
3.808250750150924e-05
5.072544108651306e-05
6.739252627078744e-05
8.960935222048263e-05
1.191118542942465e-04
1.586252690467992e-04
2.110559643208822e-04
2.804902264718691e-04
3.733215768052930e-04
4.962598251834880e-04
6.597907477006558e-04
8.778150517775637e-04
1.163622790704853e-03
1.544248869793750e-03
2.046222035308221e-03
2.709986916310337e-03
3.582496680214717e-03
4.742326881170847e-03
6.262357669988308e-03
8.255735436782749e-03
1.085746171465698e-02
1.425359148644642e-02
1.866151458829942e-02
2.436208104837008e-02
3.167645014760821e-02
4.105215680364639e-02
5.296990930812120e-02
6.803739448621177e-02
8.691920918131762e-02
1.104385758216036e-01
1.394415693455702e-01
1.747512841603648e-01
2.169862207613116e-01
2.668792096353270e-01
3.244179025265778e-01
3.894298644645665e-01
4.611058430695286e-01
5.378449770312923e-01
6.173979380997583e-01
6.962767662394878e-01
7.706796312003088e-01
8.369526109702516e-01
8.920578654379570e-01
9.343685239163393e-01
9.639435434250028e-01
9.824588741692529e-01
9.927823808282482e-01
9.993293129572793e-01
###9.600000000000003e+00
1.839836706135231e-10
2.414893425789566e-11
-5.745171778830393e-10
2.246532922948998e-10
1.717499975872690e-10
1.025201517954339e-10
2.443064239260097e-10
3.369361667208221e-10
3.982694900521361e-10
5.185731299620046e-10
9.945801851849613e-10
7.581404533881296e-10
9.304190971266252e-10
1.189726198457317e-09
1.314171151574060e-09
1.573590502297256e-09
1.926963395726648e-09
2.391321469790922e-09
3.016198438364700e-09
3.837185745173299e-09
4.921408674724328e-09
6.359265098318904e-09
8.276061002652451e-09
1.082482840606186e-08
1.419751404628383e-08
1.871037290606829e-08
2.472151827510279e-08
3.272952848492179e-08
4.340675001891849e-08
5.765020550013437e-08
7.659625617254830e-08
1.019147990894779e-07
1.355918492069921e-07
1.804815501533870e-07
2.403563425171680e-07
3.201449707654920e-07
4.265637570765587e-07
5.681233045038496e-07
7.569275145328469e-07
1.008208749772233e-06
1.343155027278353e-06
1.789188544430284e-06
2.383802510696554e-06
3.175514714993889e-06
4.229671256938398e-06
5.633795878903266e-06
7.502912554487342e-06
9.994011253573839e-06
1.330919931390470e-05
1.774405369578234e-05
2.361970069491642e-05
3.149306491202511e-05
4.190552602768748e-05
5.585937023136277e-05
7.426944149441774e-05
9.882906205676371e-05
1.314946508642752e-04
1.751847189542203e-04
2.332384452535071e-04
3.101553953237075e-04
4.130495046092557e-04
5.493620152355512e-04
7.306925976280474e-04
9.725121805457297e-04
1.289514387935984e-03
1.711595558390021e-03
2.268074755802841e-03
3.003722279855599e-03
3.969965778885659e-03
5.253467005899693e-03
6.934005417363113e-03
9.135076557732373e-03
1.200386863522798e-02
1.574190690022673e-02
2.058480880248592e-02
2.683483452192894e-02
3.483110691396880e-02
4.505159933817350e-02
5.800064642699889e-02
7.431071256552013e-02
9.467315234514871e-02
1.199181523172903e-01
1.508902133148993e-01
1.883844454614614e-01
2.329642554850917e-01
2.852080065550390e-01
3.450325105687795e-01
4.120270678346844e-01
4.851595932792566e-01
5.625937999679772e-01
6.418685617158620e-01
7.193736560777795e-01
7.913173180376416e-01
8.542463763195433e-01
9.054911873608319e-01
9.439111779070891e-01
9.700390673545976e-01
9.858872709070557e-01
9.943938559350453e-01
9.994959842517458e-01
###1.000000000000000e+01
1.895860316589009e-10
3.393913959157187e-11
-5.689106932580112e-10
2.269178838658589e-10
1.765342990639609e-10
1.140414540535800e-10
2.876966794698119e-10
3.613394583007425e-10
4.249219500825132e-10
5.427364756653291e-10
1.011752060135092e-09
8.064319432308834e-10
9.903631745632967e-10
1.262990536064130e-09
1.405049108608291e-09
1.682648548608418e-09
2.074535886570457e-09
2.578986431929707e-09
3.257006369826634e-09
4.147146040465252e-09
5.324176719263137e-09
6.884847619667856e-09
8.963039957921023e-09
1.172636266478256e-08
1.539232681883951e-08
2.029493176581403e-08
2.682457993138872e-08
3.552737529520669e-08
4.713785180527808e-08
6.262951984643690e-08
8.324173028604141e-08
1.107966412062940e-07
1.474656275312057e-07
1.963697765590786e-07
2.616313826342510e-07
3.486482200036251e-07
4.647710390234307e-07
6.193068316693138e-07
8.256921375990049e-07
1.100203779758974e-06
1.466544243625070e-06
1.954704038031058e-06
2.605974340827627e-06
3.473721998764032e-06
4.629844475039544e-06
6.170636577621496e-06
8.223679792127125e-06
1.096180444806696e-05
1.460688854635245e-05
1.949022552077024e-05
2.596250810710245e-05
3.463870744236891e-05
4.612788672220302e-05
6.153252797553662e-05
8.187042062417026e-05
1.090244574848405e-04
1.451794254536824e-04
1.934995099594604e-04
2.577750666170647e-04
3.429610692804798e-04
4.569764909066779e-04
6.080139829228224e-04
8.090028815326500e-04
1.077042941817939e-03
1.428369680947394e-03
1.896041553938356e-03
2.512455509239253e-03
3.326722284491276e-03
4.395570298766070e-03
5.814052742620431e-03
7.669269837179372e-03
1.009608842474066e-02
1.325420130170698e-02
1.736133771544708e-02
2.267214736043185e-02
2.951083620697068e-02
3.823450606863057e-02
4.935185410653140e-02
6.339090977124347e-02
8.100544292483060e-02
1.029117452063064e-01
1.299381587888488e-01
1.629226135698983e-01
2.026299159055939e-01
2.495462314297867e-01
3.040956073286751e-01
3.660949314600344e-01
4.349051812817301e-01
5.092656062047300e-01
5.871157845163453e-01
6.657962912206842e-01
7.416291630751348e-01
8.108709149476259e-01
8.703117734770288e-01
9.176944918085383e-01
9.523603715692127e-01
9.752791625722421e-01
9.887387327089970e-01
9.956871454513455e-01
9.996351613793357e-01
###1.040000000000000e+01
1.950698190214372e-10
3.262963737940117e-11
-5.609824438289239e-10
2.347960247584053e-10
1.899816807279517e-10
1.250333691065527e-10
3.222037628404439e-10
3.819439022959391e-10
4.566012730810466e-10
5.786521066138573e-10
1.032125166357729e-09
8.598781031684536e-10
1.054355533747943e-09
1.328773417160471e-09
1.505117789833674e-09
1.809069595853245e-09
2.232034761532563e-09
2.780770096574624e-09
3.516688310886203e-09
4.483563199390556e-09
5.758516266164741e-09
7.451553182964383e-09
9.709334377948040e-09
1.270975045620829e-08
1.669034571738115e-08
2.201646210142162e-08
2.911343078297276e-08
3.857436139458998e-08
5.120116806343617e-08
6.805410348692589e-08
9.048303797307958e-08
1.204846702317741e-07
1.604285537751669e-07
2.137273944542611e-07
2.848881643440669e-07
3.798222251047114e-07
5.065736351122199e-07
6.753521508067659e-07
9.010321445978240e-07
1.201037405704992e-06
1.601910771920833e-06
2.136433837445176e-06
2.849935587867175e-06
3.801453339104161e-06
5.069842318200851e-06
6.761418499885624e-06
9.017240129708346e-06
1.202770320388925e-05
1.603754657822984e-05
2.141526590254734e-05
2.854682074031673e-05
3.811068074732297e-05
5.079130178970279e-05
6.779744480045294e-05
9.026992099152751e-05
1.202927026123995e-04
1.603013931636552e-04
2.137400981909406e-04
2.848811828184137e-04
3.792107736078954e-04
5.054840524961543e-04
6.727977841184062e-04
8.954089855370844e-04
1.192336368449831e-03
1.581372757873731e-03
2.099129383474713e-03
2.781164973536707e-03
3.681586301648502e-03
4.862457369301069e-03
6.428122050693780e-03
8.473321291598361e-03
1.114454507168685e-02
1.461508104803734e-02
1.912020771831969e-02
2.493324797399854e-02
3.240122559830520e-02
4.189912590872926e-02
5.396697891699260e-02
6.915677806208062e-02
8.813409165883196e-02
1.116391760615255e-01
1.405028424076079e-01
1.755421102724492e-01
2.174737516531089e-01
2.667073616344324e-01
3.235021821090200e-01
3.875568482763279e-01
4.580002781154588e-01
5.333444988149191e-01
6.113202315181590e-01
6.891069039922190e-01
7.629736636760291e-01
8.292974210295014e-01
8.851556736622729e-01
9.287173647929717e-01
9.597944116828544e-01
9.797527503356219e-01
9.910893973080461e-01
9.967140897881686e-01
9.997285886212059e-01
###1.080000000000000e+01
2.083463681455791e-10
3.782100164426726e-11
-5.503762527724564e-10
2.334846046904792e-10
2.008372161322228e-10
1.455313923283616e-10
3.419006274587155e-10
4.100060958951662e-10
4.902466570848427e-10
6.131996189324608e-10
1.051162269361016e-09
9.120160245184118e-10
1.120591274721067e-09
1.404672408184920e-09
1.609791950455849e-09
1.942160127065925e-09
2.403117600342128e-09
2.998479705869253e-09
3.795725128074884e-09
4.843394303631899e-09
6.227713775223918e-09
8.067622561413426e-09
1.051756026607990e-08
1.377693991137545e-08
1.810093830987143e-08
2.388794379784437e-08
3.159654164716414e-08
4.189005353471644e-08
5.562773361422599e-08
7.396810976017472e-08
9.838418120315590e-08
1.310595433917152e-07
1.745837649870755e-07
2.326949765048036e-07
3.103115556072560e-07
4.139257176336875e-07
5.523252584744597e-07
7.367646616757067e-07
9.835866610516521e-07
1.311626808902804e-06
1.750486663047399e-06
2.335926940422988e-06
3.118015266414140e-06
4.161539747668518e-06
5.553781181451483e-06
7.411757213393554e-06
9.890994586920136e-06
1.320223126102238e-05
1.761481665920400e-05
2.353866291344736e-05
3.139870602952315e-05
4.194451586143915e-05
5.593840902006129e-05
7.471905101982434e-05
9.954893645359731e-05
1.327410284405206e-04
1.769943177410841e-04
2.361051759145662e-04
3.148233611346589e-04
4.192468734789541e-04
5.590399445404439e-04
7.442743652416011e-04
9.906987594276531e-04
1.319371357471190e-03
1.749873566568432e-03
2.322499804427940e-03
3.076372641984881e-03
4.070809318722307e-03
5.373859791314318e-03
7.099590315414328e-03
9.350904334760749e-03
1.228659580832889e-02
1.609442188600864e-02
2.102762787000193e-02
2.737889385555210e-02
3.551757781902024e-02
4.583843662298353e-02
5.891063230060907e-02
7.530932636920480e-02
9.570934688643015e-02
1.208722670922932e-01
1.516226919224767e-01
1.887478147418375e-01
2.329083393873576e-01
2.844258777572702e-01
3.433972506096228e-01
4.093688544601901e-01
4.812418752475854e-01
5.573191524672920e-01
6.351284660957272e-01
7.117255814577527e-01
7.833628449169674e-01
8.465906620932550e-01
8.988024221672116e-01
9.386110741178189e-01
9.662883402067727e-01
9.835409941401579e-01
9.930100589899004e-01
9.975212514903364e-01
9.998016857572621e-01
###1.120000000000000e+01
2.056520782714489e-10
4.848584528846318e-11
-5.396932279165954e-10
2.405043633870165e-10
2.111227749856663e-10
1.559093044342095e-10
3.560174968448744e-10
4.353403443996429e-10
5.160231568548499e-10
6.479876025244969e-10
1.079744094092361e-09
9.658674941055018e-10
1.190221657822053e-09
1.489432991385017e-09
1.723754740714857e-09
2.087130128610798e-09
2.585276511691112e-09
3.233466839726479e-09
4.096069430042669e-09
5.233686697396001e-09
6.736486512953177e-09
8.733474741677527e-09
1.139539775230508e-08
1.493631449785291e-08
1.963347068715025e-08
2.592415874379975e-08
3.430734022890328e-08
4.550214871485124e-08
6.045196833103204e-08
8.041670184365170e-08
1.070053945929391e-07
1.426024407528597e-07
1.900455265942277e-07
2.534250888726811e-07
3.381175694988025e-07
4.512426344415039e-07
6.024394264973245e-07
8.040231096897766e-07
1.074071898604803e-06
1.433024936490514e-06
1.913527700237125e-06
2.555083668914230e-06
3.412581921665277e-06
4.557588115295295e-06
6.086129954682577e-06
8.127589538273893e-06
1.085357055616914e-05
1.449652159770191e-05
1.935351163971893e-05
2.588107098744010e-05
3.454477828590008e-05
4.617601348572039e-05
6.162174902379766e-05
8.235984674053247e-05
1.097944550878065e-04
1.464872917329381e-04
1.954143204479247e-04
2.607898343389367e-04
3.478722950517534e-04
4.634223339386177e-04
6.180889450593420e-04
8.230543178198364e-04
1.095675305117083e-03
1.459213786064901e-03
1.935156887908376e-03
2.567850725010443e-03
3.400239508680868e-03
4.497315599154598e-03
5.933353088214992e-03
7.833066734759423e-03
1.030752168833284e-02
1.352943056787148e-02
1.770027101416519e-02
2.309267484417915e-02
3.001976489762748e-02
3.887269259468673e-02
5.006522568398888e-02
6.419517549616754e-02
8.186218454376579e-02
1.037424167588390e-01
1.306229007642811e-01
1.632962876300769e-01
2.025322838718695e-01
2.489242739529364e-01
3.026742473945673e-01
3.637353484575037e-01
4.314672497049112e-01
5.045646650681128e-01
5.811148344611520e-01
6.584697294540368e-01
7.335837464237269e-01
8.027557711306577e-01
8.627402118146746e-01
9.112786479455403e-01
9.474406844350967e-01
9.719219327852449e-01
9.867229659424666e-01
9.945649567313029e-01
9.981490351950032e-01
9.998572126472890e-01
###1.160000000000000e+01
2.183270599400399e-10
5.054392039769456e-11
-5.357030559975947e-10
2.463022305966678e-10
2.199338160259813e-10
1.782296231493064e-10
3.791280437619748e-10
4.662950329220013e-10
5.456477139875764e-10
6.889143950813293e-10
1.105825262898726e-09
1.029116002264353e-09
1.267497267096235e-09
1.578931203955739e-09
1.847482411279999e-09
2.240881900560219e-09
2.781075394401492e-09
3.486931398793266e-09
4.422212659810613e-09
5.657509931891029e-09
7.286505885717928e-09
9.456697596619656e-09
1.234800745589274e-08
1.619501860338821e-08
2.130009173838757e-08
2.813786165675708e-08
3.725672483188203e-08
4.943464221718161e-08
6.570895969622381e-08
8.744729127117375e-08
1.164104679781798e-07
1.552059207380854e-07
2.069401803921131e-07
2.760803986044754e-07
3.685265087442554e-07
4.920805635267116e-07
6.572994824058355e-07
8.777499308053906e-07
1.173259968757592e-06
1.566204188149666e-06
2.092557574200364e-06
2.795768458897723e-06
3.736478338388059e-06
4.993269652596914e-06
6.671974650822748e-06
8.915750548572699e-06
1.191357370670585e-05
1.592272778467728e-05
2.127075873058166e-05
2.846372299171115e-05
3.801591699676604e-05
5.084623839165239e-05
6.789474675587281e-05
9.079435541951988e-05
1.211003104231493e-04
1.616604031300675e-04
2.157412265565680e-04
2.880298827488090e-04
3.843292120765609e-04
5.121226587472765e-04
6.831739134945709e-04
9.098264332013553e-04
1.211213019640923e-03
1.612984082247626e-03
2.138671683598243e-03
2.837079856221998e-03
3.755160932470665e-03
4.964079329781755e-03
6.544580819774055e-03
8.632719290298622e-03
1.134877943396583e-02
1.487906812266891e-02
1.944035928313149e-02
2.532497821251558e-02
3.286616344180578e-02
4.247581186813866e-02
5.459244975616882e-02
6.983667981434004e-02
8.882731956383273e-02
1.122451821591529e-01
1.408948703219735e-01
1.755315851199190e-01
2.168958604114862e-01
2.655014403928945e-01
3.214250255603191e-01
3.844664384727047e-01
4.537964604430569e-01
5.278914915225481e-01
6.046546266130746e-01
6.812655345993895e-01
7.546251301516610e-01
8.211177263400913e-01
8.777420252503479e-01
9.226200952242490e-01
9.552689019043229e-01
9.767742606304622e-01
9.893741233714104e-01
9.958118558523046e-01
9.986318009753037e-01
9.998983096191092e-01
###1.200000000000001e+01
1.958916682496274e-10
6.073166842858412e-11
-5.303350950602352e-10
2.577659068701687e-10
2.336594679656974e-10
1.985341665242841e-10
4.041041530975866e-10
4.962814506624879e-10
5.849577656912031e-10
7.336425074187137e-10
1.142971198676528e-09
1.093417790937068e-09
1.348745060466471e-09
1.672651476380740e-09
1.977062250021867e-09
2.406551550162840e-09
2.992276024606417e-09
3.759610209680053e-09
4.774141411961649e-09
6.115445766896818e-09
7.883232547318521e-09
1.024178128942159e-08
1.338146731668208e-08
1.756246138009360e-08
2.311113873440744e-08
3.054729832352699e-08
4.046752027602257e-08
5.371973881090818e-08
7.143931285190510e-08
9.512046960501585e-08
1.266817060327502e-07
1.689819127584491e-07
2.254052534376897e-07
3.008727887348698e-07
4.018175706104653e-07
5.368120049673320e-07
7.174152848084284e-07
9.585657069835087e-07
1.282052449271640e-06
1.712360389797371e-06
2.289174759733714e-06
3.060289189582448e-06
4.092419177326650e-06
5.472456404258576e-06
7.316769796814349e-06
9.783417773350764e-06
1.308133897515909e-05
1.749364190198579e-05
2.338426232191385e-05
3.131081548258798e-05
4.184431815908746e-05
5.599674209926379e-05
7.481506095508364e-05
1.001001319240241e-04
1.335786361420093e-04
1.783973556475118e-04
2.381637064014927e-04
3.180762662287664e-04
4.245253829581067e-04
5.657875655760977e-04
7.548564366981845e-04
1.005320533087106e-03
1.338250615734521e-03
1.781873668605195e-03
2.361992316099583e-03
3.132097777950056e-03
4.143558273366342e-03
5.474113022153805e-03
7.211528678284958e-03
9.503800534337125e-03
1.248063869000983e-02
1.634268555591642e-02
2.132313345498643e-02
2.773442504094157e-02
3.592888867693646e-02
4.633721371546980e-02
5.943262916238051e-02
7.584635412161266e-02
9.621679504590562e-02
1.212296628758795e-01
1.516842251198720e-01
1.883246360130940e-01
2.318260835850872e-01
2.826164948717230e-01
3.406487209140259e-01
4.055459657958583e-01
4.762964033630214e-01
5.511638360269306e-01
6.278681020799685e-01
7.034555514213128e-01
7.748042171055098e-01
8.384286660201293e-01
8.916118799228221e-01
9.328736037203349e-01
9.621653158981881e-01
9.809240520143035e-01
9.915641257529620e-01
9.968021673869295e-01
9.989990693723279e-01
9.999309478712215e-01
###1.240000000000001e+01
1.989299990407946e-10
6.480509048795714e-11
-5.247909010917998e-10
2.749886420989813e-10
2.408100335831205e-10
2.195962111027520e-10
4.313863292007279e-10
5.328338312928141e-10
6.299008114236691e-10
7.759424564237051e-10
1.182269728243937e-09
1.163912165533882e-09
1.437398898224662e-09
1.778196146418767e-09
2.116780083003062e-09
2.585197199932903e-09
3.220670753170992e-09
4.052166989803725e-09
5.154392675992402e-09
6.609165026994079e-09
8.529614415899168e-09
1.109190685005900e-08
1.450221145610190e-08
1.904698586622979e-08
2.508115335296621e-08
3.316985257747145e-08
4.396648820736627e-08
5.839079329786778e-08
7.768889028422944e-08
1.034930953541880e-07
1.378965031115039e-07
1.840298581002458e-07
2.455869672570502e-07
3.279861635154376e-07
4.382563573870733e-07
5.857954287802153e-07
7.833125610181710e-07
1.047187543814453e-06
1.401193276776353e-06
1.872768539566902e-06
2.505073748407159e-06
3.351000294504269e-06
4.483898632896718e-06
5.999664319712329e-06
8.026617549144606e-06
1.073886501491648e-05
1.436784358976282e-05
1.922524603795698e-05
2.571494900035360e-05
3.445020585300030e-05
4.606500137440847e-05
6.167583445450550e-05
8.244768530051045e-05
1.103659187125076e-04
1.473408931801536e-04
1.968551234218411e-04
2.628883103140906e-04
3.511800631196839e-04
4.688012732805933e-04
6.249816905870701e-04
8.337222795368664e-04
1.110305272936218e-03
1.477784510638157e-03
1.967174750549214e-03
2.606769257481298e-03
3.455052533991698e-03
4.568162489497455e-03
6.030710173482066e-03
7.938266701184677e-03
1.045086521104940e-02
1.370897543580627e-02
1.792826072595649e-02
2.335736425431747e-02
3.032965162405315e-02
3.921902321216912e-02
5.047381889213953e-02
6.459815938500861e-02
8.223598973775627e-02
1.040424328076142e-01
1.306997244517669e-01
1.630013214419575e-01
2.016694045099172e-01
2.473089106868925e-01
3.002499516294727e-01
3.603070594312599e-01
4.269237426600558e-01
4.988991414333529e-01
5.742999377312010e-01
6.506749133365203e-01
7.249709307054030e-01
7.940758110200880e-01
8.546730367873983e-01
9.043647586886976e-01
9.420878716900065e-01
9.682009114603165e-01
9.844459323023411e-01
9.933585403877752e-01
9.975813209221625e-01
9.992755909031040e-01
9.999442320692602e-01
###1.280000000000001e+01
2.118056276976039e-10
7.431925135546993e-11
-5.161462198566534e-10
2.884753948191611e-10
2.620924470540813e-10
2.467191442212403e-10
4.558301752153075e-10
5.697413103863714e-10
6.720534887810412e-10
8.292257536180463e-10
1.231958001279310e-09
1.238178179251363e-09
1.526284934018912e-09
1.888447972752593e-09
2.266626776442094e-09
2.776824338682714e-09
3.467036787671967e-09
4.372809299081666e-09
5.566189503742932e-09
7.143662455562906e-09
9.229753302141504e-09
1.201494370348800e-08
1.572164081919016e-08
2.066570938929346e-08
2.722607405811493e-08
3.602602443567886e-08
4.777763572009458e-08
6.348355364817613e-08
8.450936678813432e-08
1.126361206234174e-07
1.501460373306362e-07
2.004749820608497e-07
2.676689802402468e-07
3.576597756954748e-07
4.781521435029103e-07
6.394611381492010e-07
8.555399496134978e-07
1.144382422975424e-06
1.531910481060614e-06
2.048923035736472e-06
2.742293273604610e-06
3.670480083518449e-06
4.914393572853310e-06
6.579849501446341e-06
8.807864606403412e-06
1.179098971778879e-05
1.578483456492082e-05
2.113351321592544e-05
2.828654323514175e-05
3.791196796015402e-05
5.071942856045379e-05
6.792943347779141e-05
9.086422780113209e-05
1.216826545719012e-04
1.625108542693692e-04
2.171941628489448e-04
2.901214186604217e-04
3.876401570905433e-04
5.175385352244851e-04
6.900815044768146e-04
9.204205395393076e-04
1.225598486228928e-03
1.630876188345118e-03
2.170333783435481e-03
2.874780748362237e-03
3.808125998766585e-03
5.031843366343401e-03
6.637612649193572e-03
8.728926920778443e-03
1.147972072863930e-02
1.504026505930047e-02
1.964236153800331e-02
2.555149169836158e-02
3.312173958598936e-02
4.274832062067013e-02
5.489867035082522e-02
7.010259176119732e-02
8.901969855260218e-02
1.123136362003939e-01
1.406665753555685e-01
1.748524553164890e-01
2.155678377577871e-01
2.633314258713643e-01
3.183733992320326e-01
3.803538329350530e-01
4.485448684468601e-01
5.215454870847284e-01
5.972368262932863e-01
6.730061583904733e-01
7.457478334837175e-01
8.123942516861684e-01
8.698419737461237e-01
9.160346554238631e-01
9.503188383394653e-01
9.734457095805038e-01
9.874107942364737e-01
9.948148407093917e-01
9.981877208247970e-01
9.994808249351821e-01
9.999666098977840e-01
###1.320000000000001e+01
2.240254485407647e-10
8.772788602170988e-11
-4.944929679383487e-10
3.018890246241026e-10
2.797445716640357e-10
2.771486329601065e-10
4.886218772584553e-10
6.112519254355745e-10
7.174559372616359e-10
8.794412033608363e-10
1.282826201197961e-09
1.314025850861458e-09
1.630458259565744e-09
2.012969026940793e-09
2.428598873705131e-09
2.983044280079645e-09
3.732637432646708e-09
4.713916255256767e-09
6.011048526090011e-09
7.723214955985878e-09
9.989071603043938e-09
1.301731952713932e-08
1.704678629429732e-08
2.242248587679255e-08
2.955869894795403e-08
3.913664675477928e-08
5.193206838838730e-08
6.903988654913880e-08
9.195021371250081e-08
1.226198927444788e-07
1.635328494030413e-07
2.184565517165029e-07
2.918273768055703e-07
3.901432046177864e-07
5.218680100666789e-07
6.982954363478138e-07
9.347721869303931e-07
1.251026172521827e-06
1.675408862726752e-06
2.242383845357608e-06
3.003003212335438e-06
4.021664093226082e-06
5.387816538599545e-06
7.217613281904917e-06
9.667427633155401e-06
1.294968904502201e-05
1.734534623264461e-05
2.323504726975132e-05
3.111949620320189e-05
4.172610660551374e-05
5.584952348781968e-05
7.482317411982854e-05
1.001408098134259e-04
1.341565823879393e-04
1.792223047463274e-04
2.395969977861786e-04
3.201068576101430e-04
4.277681165932463e-04
5.711528094143141e-04
7.616103438681378e-04
1.015626979323282e-03
1.352123385827706e-03
1.798731461959849e-03
2.392767829601184e-03
3.167839493916540e-03
4.193859993775113e-03
5.537517539898697e-03
7.298395715474460e-03
9.588317619223803e-03
1.259570619990796e-02
1.648159209900127e-02
2.149292502260973e-02
2.791487370173553e-02
3.612149384336484e-02
4.652751854801194e-02
5.962265206792188e-02
7.595736755174516e-02
9.620663951763456e-02
1.210416956298098e-01
1.511322474724438e-01
1.872376979423723e-01
2.300067696462893e-01
2.798754432879534e-01
3.369565512506165e-01
4.007507249907493e-01
4.703517709075882e-01
5.441629111524074e-01
6.198886764123877e-01
6.947968001308519e-01
7.657393619679493e-01
8.297402525425652e-01
8.839392912906109e-01
9.266501240171084e-01
9.576259840671384e-01
9.779715502023469e-01
9.898871416889055e-01
9.959847732127531e-01
9.986501184032817e-01
9.996258607779539e-01
1.000003793078036e+00
###1.360000000000001e+01
2.343183625203760e-10
9.490528390975627e-11
-4.780114561912879e-10
3.231632462001601e-10
3.004510468773010e-10
3.079602339080327e-10
5.221104848339751e-10
6.522766162148970e-10
7.683951499348775e-10
9.391050578069124e-10
1.338849879971712e-09
1.403395999308242e-09
1.743472004954740e-09
2.146651619667733e-09
2.600791103797995e-09
3.206528859001234e-09
4.019031020495745e-09
5.084371055003258e-09
6.493702818037733e-09
8.355202889279959e-09
1.081331537539168e-08
1.410566339042795e-08
1.848601400189351e-08
2.433148080145878e-08
3.209946498475831e-08
4.252629963223727e-08
5.646211354891241e-08
7.510207364028271e-08
1.000735296297934e-07
1.335226991177891e-07
1.781693380584331e-07
2.381255023282714e-07
3.182621110272219e-07
4.257111489566264e-07
5.697418594779006e-07
7.627840250531798e-07
1.021606821990125e-06
1.368038810339896e-06
1.832961569342473e-06
2.454866561398141e-06
3.289466841347983e-06
4.407851275075479e-06
5.908517751197818e-06
7.919532451399176e-06
1.061399590057614e-05
1.422528725855725e-05
1.906347913067179e-05
2.555070345521050e-05
3.424084533913175e-05
4.592951171469090e-05
6.150092116360155e-05
8.242036500526225e-05
1.103595828647398e-04
1.478940730566876e-04
1.976424112543827e-04
2.642562953626242e-04
3.531078186433160e-04
4.718966875928433e-04
6.300729174108692e-04
8.401545620232065e-04
1.120140790059410e-03
1.490844619452321e-03
1.982583579060301e-03
2.636071814896400e-03
3.488016637606695e-03
4.614618420485335e-03
6.088186871310072e-03
8.016747861606392e-03
1.052110467778893e-02
1.380451933815610e-02
1.803917330515152e-02
2.348879136509197e-02
3.045635699836516e-02
3.933856730472152e-02
5.056977551776672e-02
6.465820399294687e-02
8.217701059298065e-02
1.038100650792055e-01
1.302341593929614e-01
1.621067803101226e-01
2.001564180301172e-01
2.449788935583556e-01
2.969178350117169e-01
3.559653121980595e-01
4.214520308729049e-01
4.922902467495971e-01
5.666927291296302e-01
6.422035910897789e-01
7.159879335674351e-01
7.849006598978274e-01
8.460869417989725e-01
8.969747284799972e-01
9.362573595637347e-01
9.640716819344494e-01
9.818484475458399e-01
9.919352751680547e-01
9.969129439792389e-01
9.989950409802496e-01
9.997256188102204e-01
1.000003793078036e+00
###1.400000000000001e+01
2.701139308360914e-10
1.070675015517784e-10
-4.556486922882266e-10
3.376171776001290e-10
3.233455554400962e-10
3.371675177743502e-10
5.623184192643822e-10
6.979946955726631e-10
8.214708734606503e-10
1.000211501642883e-09
1.404499318471786e-09
1.498812948430211e-09
1.860583300246528e-09
2.287217410181895e-09
2.789259638937027e-09
3.448048900090214e-09
4.329709007024694e-09
5.486798642422274e-09
7.014382508101157e-09
9.040282928363971e-09
1.170939800629862e-08
1.528656232645766e-08
2.005229519242857e-08
2.640932179678752e-08
3.486715307498545e-08
4.622144364864428e-08
6.139947014523784e-08
8.170636303495833e-08
1.089436361034786e-07
1.454368759941659e-07
1.941615025753636e-07
2.596214170259955e-07
3.471997514430603e-07
4.646593106767227e-07
6.221947444020503e-07
8.334566728547361e-07
1.116887625351644e-06
1.496418711109007e-06
2.005940807924079e-06
2.688282831871443e-06
3.604298579180621e-06
4.832339188846954e-06
6.481381158119460e-06
8.691619271823781e-06
1.165544267583787e-05
1.562980261925765e-05
2.095655888391946e-05
2.810102695224932e-05
3.767729238029554e-05
5.055953893297664e-05
6.772560567108089e-05
9.078713907063085e-05
1.216107597896062e-04
1.630164891411268e-04
2.179211469499938e-04
2.913788003509917e-04
3.893854735919443e-04
5.203849879693518e-04
6.947674689553471e-04
9.263179937535366e-04
1.234662584461834e-03
1.642757167774667e-03
2.183730015402071e-03
2.901990151824083e-03
3.837352884514124e-03
5.073169316765932e-03
6.687202422274482e-03
8.796915630967943e-03
1.153191778427692e-02
1.511212958732881e-02
1.972071762403825e-02
2.563794065042734e-02
3.318620245526543e-02
4.278284891121186e-02
5.488485208539119e-02
7.001727084885033e-02
8.877048371823712e-02
1.118400188034704e-01
1.399004861512214e-01
1.735900815287651e-01
2.136021956236258e-01
2.604753057232507e-01
3.144373723707595e-01
3.753623825428662e-01
4.424050506238866e-01
5.142936051655207e-01
5.890612581787139e-01
6.641071062612603e-01
7.365188543586944e-01
8.031860191583767e-01
8.614294054564962e-01
9.089734208131135e-01
9.449009944460527e-01
9.697256910254525e-01
9.851499857165823e-01
9.936225764937929e-01
9.976515616501315e-01
9.992670344083951e-01
9.998082753624636e-01
1.000003793078036e+00
###1.440000000000001e+01
2.835476486447434e-10
1.186980580749427e-10
-4.441580801288130e-10
3.563757794564828e-10
3.490107511723383e-10
3.704577481461986e-10
6.010087974078057e-10
7.516005316721840e-10
8.796392926493033e-10
1.063923358017924e-09
1.478151169850791e-09
1.601680002143784e-09
1.988829656317592e-09
2.442986982623868e-09
2.992195478390486e-09
3.708966426927181e-09
4.665067105196922e-09
5.922444303011003e-09
7.574915393658911e-09
9.782954653669974e-09
1.268178714283672e-08
1.657127561724461e-08
2.175716123046133e-08
2.867024362205774e-08
3.788268643601971e-08
5.024875515119878e-08
6.679067856266231e-08
8.892679860687164e-08
1.186424493233137e-07
1.584520076098343e-07
2.116508069621831e-07
2.831603627227972e-07
3.788904342561051e-07
5.073327593294214e-07
6.797049056683068e-07
9.109919565902349e-07
1.221453498833518e-06
1.637396444516720e-06
2.195974849696545e-06
2.944774327149284e-06
3.950298215305386e-06
5.299257152212821e-06
7.111649208711958e-06
9.541796695170382e-06
1.280182505398241e-05
1.717586968697314e-05
2.304079459953660e-05
3.090965949658972e-05
4.146297750757148e-05
5.565761501673398e-05
7.457988738881393e-05
1.000058660868610e-04
1.339928142240824e-04
1.796609011886362e-04
2.402160756212293e-04
3.212065174789278e-04
4.292435748015176e-04
5.736260859198723e-04
7.657611723301161e-04
1.020809085000724e-03
1.360121876151594e-03
1.808987503705642e-03
2.403486867639576e-03
3.192202342553581e-03
4.218199702553586e-03
5.572190758289375e-03
7.338128073526192e-03
9.643419850495862e-03
1.262637133090013e-02
1.652476076854564e-02
2.153232033766893e-02
2.794974065171475e-02
3.611384591149746e-02
4.646745562229527e-02
5.948504447949922e-02
7.571068051170685e-02
9.574923670174543e-02
1.203043614610042e-01
1.500442918741717e-01
1.855813826301419e-01
2.275700241401280e-01
2.764714091596250e-01
3.324133959034808e-01
3.951116572711679e-01
4.635582075483913e-01
5.363056795161004e-01
6.112061808293620e-01
6.855326906311947e-01
7.563335255773469e-01
8.205695574894728e-01
8.757579174117055e-01
9.199587738597355e-01
9.526339940065264e-01
9.746492230017468e-01
9.879382458657999e-01
9.949986828779952e-01
9.982308673154271e-01
9.994723453952256e-01
9.998682614111081e-01
1.000003793078036e+00
###1.480000000000001e+01
2.929770968266150e-10
1.348544183762922e-10
-4.338097727677402e-10
3.767437615060059e-10
3.764905245902068e-10
4.132208371717215e-10
6.395972052794243e-10
8.035370308592615e-10
9.399698422500352e-10
1.144346452038460e-09
1.553756406022511e-09
1.713311593261120e-09
2.127672757145998e-09
2.605125575096467e-09
3.211555347100940e-09
3.990877701839645e-09
5.028055786584408e-09
6.394610116290144e-09
8.185485542914598e-09
1.058953436885747e-08
1.373869088511944e-08
1.796828327428409e-08
2.361023528078998e-08
3.113487513138205e-08
4.116801305462058e-08
5.464095782339870e-08
7.267119174635832e-08
9.681417143377700e-08
1.292351444659052e-07
1.726790885668005e-07
2.307867466808283e-07
3.089285529850137e-07
4.136073267864075e-07
5.540839888720741e-07
7.427211577484508e-07
9.960207024423411e-07
1.336151412111762e-06
1.792114409702455e-06
2.404813883720816e-06
3.226745276665101e-06
4.330668793299165e-06
5.812800301649775e-06
7.804557966026779e-06
1.047679162884952e-05
1.406355655213427e-05
1.887711991608112e-05
2.533462430855082e-05
3.400201763134124e-05
4.562573175742937e-05
6.126840224509622e-05
8.212339466608997e-05
1.101425188786341e-04
1.476159351783795e-04
1.979629304902842e-04
2.647118129341316e-04
3.539692468742154e-04
4.730161786930541e-04
6.320469359469273e-04
8.435957871091929e-04
1.124304122572655e-03
1.497400372068699e-03
1.990718681219945e-03
2.643433367389224e-03
3.508677488003703e-03
4.632906174479884e-03
6.114828152858985e-03
8.044773705524132e-03
1.056039949625653e-02
1.380997404896210e-02
1.804928834152765e-02
2.348351849886498e-02
3.043185968337828e-02
3.924958647261340e-02
5.040249167403579e-02
6.438222404844854e-02
8.175087655406417e-02
1.031249965109375e-01
1.292146071779342e-01
1.606744937357164e-01
1.980850696551305e-01
2.420504927954678e-01
2.929548279982907e-01
3.508074218566737e-01
4.151745820868845e-01
4.848738694395183e-01
5.582704211480447e-01
6.330605914091681e-01
7.064273855388232e-01
7.753910315985624e-01
8.370261549098816e-01
8.890861027203024e-01
9.299612604716230e-01
9.595089175831987e-01
9.789080481381039e-01
9.902744907462729e-01
9.961105399812592e-01
9.986796976538045e-01
9.996239432580298e-01
9.999103307874683e-01
1.000003793078036e+00
###1.520000000000001e+01
3.073898151479494e-10
1.492114547272603e-10
-4.162745441336411e-10
3.978030281334009e-10
4.028777105324745e-10
4.573315016203140e-10
6.892838637222122e-10
8.617311839427011e-10
1.004970852679907e-09
1.223703495699182e-09
1.642790030429547e-09
1.831753033065945e-09
2.268748619630034e-09
2.782657193203657e-09
3.449076698342776e-09
4.297924802269893e-09
5.424710444857227e-09
6.906374274100065e-09
8.850791985299254e-09
1.146425942568156e-08
1.488701542469316e-08
1.948785741727173e-08
2.562676257460284e-08
3.381542192824748e-08
4.475116193532799e-08
5.943132618606234e-08
7.909305646944093e-08
1.054287203242591e-07
1.408079598762697e-07
1.882254005824330e-07
2.517221510478611e-07
3.371398815382102e-07
4.516040993640004e-07
6.053357568614559e-07
8.118578321004070e-07
1.089290850179153e-06
1.462125729388114e-06
1.962018629828818e-06
2.634180080346475e-06
3.536524751431740e-06
4.748906991149496e-06
6.377301199614874e-06
8.566550829922477e-06
1.150538094962497e-05
1.545127239729004e-05
2.074930536484453e-05
2.785943171651938e-05
3.740360163193636e-05
5.020340807684984e-05
6.743108770556803e-05
9.042207044143457e-05
1.212969981907426e-04
1.625903051731621e-04
2.180805756092163e-04
2.916337073029298e-04
3.899469761057453e-04
5.210410366305319e-04
6.960931022024138e-04
9.288361578243360e-04
1.237555894507564e-03
1.647529998868426e-03
2.189131133081546e-03
2.905217501117553e-03
3.853425637245662e-03
5.084042363598855e-03
6.703598316127276e-03
8.811074791869770e-03
1.155283065206660e-02
1.508852035763466e-02
1.969209918319281e-02
2.558089239772366e-02
3.309327388780212e-02
4.260297611177562e-02
5.459799149669849e-02
6.958659470866164e-02
8.814691093092727e-02
1.109052788014577e-01
1.385735488751380e-01
1.717884979924164e-01
2.110941792960148e-01
2.570329549552593e-01
3.099054911122160e-01
3.695897471538228e-01
4.355042294085252e-01
5.062809972469668e-01
5.801147797839642e-01
6.545605531632992e-01
7.267243269696265e-01
7.936487014492805e-01
8.525425305435332e-01
9.014138698011885e-01
9.390240077981430e-01
9.655866172123528e-01
9.825677333672138e-01
9.922172450240981e-01
9.970004907082893e-01
9.990237769617754e-01
9.997345960169349e-01
9.999394738450407e-01
1.000003793078036e+00
###1.560000000000001e+01
3.247046189026286e-10
1.615325287054039e-10
-4.004061104563905e-10
4.223702788893723e-10
4.322518418625714e-10
4.944257592974016e-10
7.398772077799066e-10
9.243179330639675e-10
1.077130879187332e-09
1.312329601857930e-09
1.733222866303892e-09
1.961009099384844e-09
2.425160008217071e-09
2.974028240560153e-09
3.705621409783639e-09
4.627566182587118e-09
5.850972895593076e-09
7.461258628057475e-09
9.575361741506402e-09
1.241406497559706e-08
1.613484577657182e-08
2.114223382632448e-08
2.782253180178736e-08
3.673557879999797e-08
4.865895333401753e-08
6.465946113013415e-08
8.610168229856548e-08
1.148391642181609e-07
1.534636179451251e-07
2.052482388318648e-07
2.746453005843257e-07
3.680452239808642e-07
4.932290664040424e-07
6.615340209556990e-07
8.876804966729491e-07
1.191651061742068e-06
1.600340185465235e-06
2.148780773535397e-06
2.886144688767229e-06
3.876954881783590e-06
5.208499834739759e-06
6.998182868463127e-06
9.405212932826870e-06
1.263686631409748e-05
1.697838916785539e-05
2.280947597425212e-05
3.063636949190757e-05
4.114659870385304e-05
5.523993123064294e-05
7.421302011882786e-05
9.954508732289931e-05
1.335545304766831e-04
1.790518581684809e-04
2.401635992647736e-04
3.211813336343864e-04
4.294018395930061e-04
5.736986960962385e-04
7.662521371000571e-04
1.022152537369926e-03
1.361379787953026e-03
1.811522829132179e-03
2.405632164677467e-03
3.190537764345119e-03
4.228415692066697e-03
5.574211882606331e-03
7.342303092506330e-03
9.640493990827026e-03
1.262528426648078e-02
1.646934075522930e-02
2.146005319165659e-02
2.783267324157649e-02
3.594357555018706e-02
4.618453967285551e-02
5.906479492052421e-02
7.511089366557339e-02
9.491231963634134e-02
1.191030875817671e-01
1.483904040369215e-01
1.833915878878340e-01
2.246040901633313e-01
2.725066363457986e-01
3.272994906977410e-01
3.887280636928576e-01
4.560528445858734e-01
5.277255148591797e-01
6.017811029310031e-01
6.756536241566727e-01
7.463809468356631e-01
8.110715096289492e-01
8.671074297886184e-01
9.127661586977006e-01
9.471854457738441e-01
9.709234478946975e-01
9.856884971299320e-01
9.938191327932117e-01
9.977068636263500e-01
9.992847738158586e-01
9.998143647990139e-01
9.999594066117163e-01
1.000003793078036e+00
