# NLO BK equation solver 0.0-dev build  (build Feb 16 2026 17:52:53)
# Initial condition: MV model, Q_s0^2 = 0.00673424 GeV^2, \gamma = 1, coefficient of E inside Log is 1, x0=0.01, \Lambda_QCD = 0.241 GeV
# # LO Kernel RC:  Balitsky. NLO Kernel RC:  smallest dipole
# Nc=3, Nf=4
# Using RungeKutta method in K1
# Resumming double log
# Resumming single log, K_sub=0.65 resum rc: smallest
# BK K1 integration relative accuracy: 0.02# NLO BK as^2 terms: MC integration method: Vegas, points=1000000
# Kinematical constraint: none
# Target kinematical constraint: disabled

###1.000000000000000e-05
###1.160836920850890e+00
###100
###1.000000000000000e+00
###0.000000000000000e+00
2.177835285980197e-12
2.900890325476181e-12
3.863478584600952e-12
5.144761270263749e-12
6.849991165546318e-12
9.119086953782486e-12
1.213801594046185e-11
1.615390159467017e-11
2.149507010990639e-11
2.859764425358335e-11
3.804081409915866e-11
5.059360367066184e-11
6.727686396063861e-11
8.944542724291568e-11
1.188969486864985e-10
1.580160622465578e-10
2.099652509034279e-10
2.789374899699991e-10
3.704905469961135e-10
4.919891814620259e-10
6.531898661049606e-10
8.670136846479377e-10
1.150567580935942e-09
1.526493233566568e-09
2.024747937158737e-09
2.684954856025825e-09
3.559503321893430e-09
4.717636665567546e-09
6.250839566310516e-09
8.279934497923432e-09
1.096442461087062e-08
1.451478750077132e-08
1.920864270559269e-08
2.541200092249040e-08
3.360717488760576e-08
4.442941655025365e-08
5.871497609040883e-08
7.756409866601834e-08
1.024235401358427e-07
1.351945648347677e-07
1.783741784270187e-07
2.352396642449742e-07
3.100894822080142e-07
4.085574464578541e-07
5.380220642569521e-07
7.081393028942008e-07
9.315352438850794e-07
1.224705578135078e-06
1.609182314228169e-06
2.113045197811900e-06
2.772877157444625e-06
3.636290836939785e-06
4.765188497045718e-06
6.239962217898868e-06
8.164897858670733e-06
1.067506074725610e-05
1.394539005816764e-05
1.820185998491208e-05
2.373622221030214e-05
3.092462165943388e-05
4.025139943686362e-05
5.233944726978912e-05
6.798889338222036e-05
8.822639411221189e-05
1.143679500098527e-04
1.480990122595394e-04
1.915767683757785e-04
2.475609970719050e-04
3.195819018936286e-04
4.121560649077427e-04
5.310653677730315e-04
6.837187594915806e-04
8.796235726680202e-04
1.131002308263684e-03
1.453603198756315e-03
1.867769401934671e-03
2.399853590975387e-03
3.084093475050675e-03
3.965101161599094e-03
5.101167220062042e-03
6.568640800923120e-03
8.467721692742902e-03
1.093008870387568e-02
1.412888750422747e-02
1.829169864807834e-02
2.371717657824801e-02
3.079603903532990e-02
4.003689066064131e-02
5.209679920487187e-02
6.781528972908557e-02
8.824796801643564e-02
1.146915656809552e-01
1.486848315428615e-01
1.919584734043622e-01
2.462924455059714e-01
3.132238963153294e-01
3.935457092219506e-01
4.865699337326134e-01
5.892457570703331e-01
6.954586064545679e-01
###4.000000000000000e-01
5.572028607570353e-12
-2.336209482310586e-11
-1.014996856432307e-10
1.556387333971358e-11
-5.350025683840707e-09
-2.093953348787730e-09
-6.329648626997145e-09
-1.848077973193138e-11
5.049152301320712e-09
8.773431506674794e-11
2.606054994868912e-10
1.109052135077699e-10
1.219110427653986e-10
1.479922520115724e-10
4.893611492610683e-11
2.177358035573140e-10
2.736466954109885e-10
3.452841552396224e-10
4.371867583450131e-10
5.681896568766077e-10
7.393100809629420e-10
9.724755039337026e-10
1.275899159262174e-09
1.682200564840019e-09
2.219608127225986e-09
2.928950280301756e-09
3.859606038883817e-09
5.108870027013819e-09
6.760255359238119e-09
8.947807918285623e-09
1.184997961092548e-08
1.568867692395335e-08
2.075955829392746e-08
2.746486165223991e-08
3.633117356163602e-08
4.805435934772005e-08
6.350333711469291e-08
8.391226828291460e-08
1.108608538430488e-07
1.463387525758985e-07
1.931616699613047e-07
2.547754973696084e-07
3.359506709518922e-07
4.427783811737516e-07
5.832512801729176e-07
7.679133116537488e-07
1.010464526581552e-06
1.328947154139598e-06
1.746430786097326e-06
2.294652231395338e-06
3.012143775364117e-06
3.952314147882690e-06
5.180732353360059e-06
6.788802535367168e-06
8.884206222623557e-06
1.162061067302647e-05
1.518771401132527e-05
1.983367156521115e-05
2.587935886379788e-05
3.373080802925068e-05
4.394241207101399e-05
5.717667541844442e-05
7.434150226248590e-05
9.654555514079702e-05
1.252738366482931e-04
1.624102435584964e-04
2.103041520505935e-04
2.720882665370148e-04
3.516524896400285e-04
4.544139323660779e-04
5.865545183226978e-04
7.566938167615949e-04
9.755155372019703e-04
1.257328216851508e-03
1.620013368045789e-03
2.087186330431617e-03
2.688853946406339e-03
3.466162288048762e-03
4.469952453218367e-03
5.768719993962627e-03
7.454391409303623e-03
9.641708021144946e-03
1.249524568512997e-02
1.621298766426502e-02
2.106536049406338e-02
2.741086921320539e-02
3.570199076979888e-02
4.651607937845570e-02
6.065147917079126e-02
7.909118479217754e-02
1.030937247623130e-01
1.341001137444732e-01
1.738408658821029e-01
2.241081708912133e-01
2.867701536974160e-01
3.632351640759194e-01
4.547932699937551e-01
5.623464563542556e-01
6.943736712128524e-01
9.530613240359398e-01
###8.000000000000000e-01
-7.214590137123241e-11
-5.798116424259533e-11
-8.364759831154176e-11
1.939294941138812e-11
-5.286973905287982e-09
-2.067376572550763e-09
-6.277249118351182e-09
-1.261573292812333e-11
4.848465979312963e-09
1.447085261793736e-10
3.456571625782266e-10
1.829305841195094e-10
1.903335137758050e-10
2.063336337428156e-10
1.247032265666708e-10
2.791496435463365e-10
3.371606205080370e-10
4.147175575675889e-10
5.039858497064466e-10
6.520485549802153e-10
8.373203593949858e-10
1.091342396980342e-09
1.413745355285856e-09
1.855040339308128e-09
2.434326156878713e-09
3.201920757100558e-09
4.204861808230929e-09
5.552975138470090e-09
7.317460406405485e-09
9.679840777795675e-09
1.281670748043278e-08
1.697022143477496e-08
2.244772098913768e-08
2.969943540530052e-08
3.930180334258405e-08
5.200101198090110e-08
6.871212283565269e-08
9.081759276730449e-08
1.200309647247664e-07
1.584654370944660e-07
2.092560559539595e-07
2.760439834386635e-07
3.641117986733068e-07
4.800621935055770e-07
6.325462275818021e-07
8.330928257402463e-07
1.096575263319566e-06
1.442722778843734e-06
1.896234003561804e-06
2.493032968159045e-06
3.273767821449995e-06
4.297478997474319e-06
5.635730323702368e-06
7.389975781990489e-06
9.673825082250715e-06
1.265844984274063e-05
1.655193041466211e-05
2.162877128627594e-05
2.823899850372840e-05
3.682996075578302e-05
4.801781055153787e-05
6.252654212489649e-05
8.137366225417468e-05
1.057752330322362e-04
1.373971349916855e-04
1.783419700788195e-04
2.311993236525441e-04
2.995243849915438e-04
3.876361335810500e-04
5.018928189805471e-04
6.490788013762928e-04
8.391169182263582e-04
1.084117513021891e-03
1.400670802208806e-03
1.809385218908608e-03
2.337507321502527e-03
3.019355782638066e-03
3.903871783004626e-03
5.049462977401747e-03
6.536875443148136e-03
8.473727323702355e-03
1.099488034256462e-02
1.429638057129266e-02
1.861110422346949e-02
2.425074835705743e-02
3.164132349729035e-02
4.129797606781050e-02
5.387700067583358e-02
7.030854235542842e-02
9.170898594413020e-02
1.194768271700103e-01
1.551558225388074e-01
2.005177447061211e-01
2.572265722473903e-01
3.268593581143460e-01
4.102007320131234e-01
5.074274121802860e-01
6.173258554557404e-01
7.427931947503658e-01
9.609050579430369e-01
###1.200000000000000e+00
-8.070080435542253e-11
-3.164519853803093e-11
-7.682419935720412e-11
4.175655735047097e-11
-5.293760114735851e-09
-2.026704910680961e-09
-6.249897393511847e-09
1.456029418191718e-11
4.719300507010675e-09
1.809240229812175e-10
4.005796473985080e-10
2.408140764496345e-10
2.426989156295748e-10
2.545851231011706e-10
1.797947984547687e-10
3.200705922553757e-10
3.865196195660900e-10
4.755537857197213e-10
5.745424589733302e-10
7.247352751547713e-10
9.336834457439685e-10
1.202497466592385e-09
1.551532954084325e-09
2.034263715107880e-09
2.654447153349100e-09
3.481773216715232e-09
4.566953109475300e-09
6.017584324170680e-09
7.917317426782228e-09
1.047153855235279e-08
1.386271261490383e-08
1.835438166833640e-08
2.427707941927891e-08
3.212424193940974e-08
4.252202133205949e-08
5.627262719598484e-08
7.437002663925727e-08
9.831990663972462e-08
1.299831527876132e-07
1.716509197110284e-07
2.267389583664676e-07
2.991950972486193e-07
3.947726497439912e-07
5.206591048613867e-07
6.862622814853358e-07
9.041470482646399e-07
1.190504109403840e-06
1.566863849439863e-06
2.059852036661600e-06
2.709816558517827e-06
3.559880770500058e-06
4.674965998179267e-06
6.133896029288420e-06
8.048353645286229e-06
1.053979559531277e-05
1.379766412386244e-05
1.805081033935020e-05
2.360360304732276e-05
3.083859914737495e-05
4.024898656384461e-05
5.251826544900572e-05
6.844439113195153e-05
8.915984620647663e-05
1.160205674156563e-04
1.508733626442563e-04
1.960759213423058e-04
2.545257289283642e-04
3.302062484661992e-04
4.279927129653940e-04
5.552376128649716e-04
7.195697895930169e-04
9.320930054121520e-04
1.206898095975020e-03
1.563093406216873e-03
2.024255472020202e-03
2.621443871116749e-03
3.395830492465653e-03
4.403090837005109e-03
5.711174985989609e-03
7.414276719045758e-03
9.637081856068068e-03
1.254083167449436e-02
1.635158210058766e-02
2.133990071683614e-02
2.786566188457706e-02
3.642028103392422e-02
4.758544325662485e-02
6.209521197431245e-02
8.099886588350390e-02
1.055201884411852e-01
1.371413895162284e-01
1.774308432246961e-01
2.280373386834359e-01
2.904233214938240e-01
3.655211175736335e-01
4.532347620301792e-01
5.523204028540344e-01
6.596815981324702e-01
7.758718813632827e-01
9.664364746228531e-01
###1.600000000000000e+00
-1.277291057671837e-10
1.603995231751605e-11
-6.234948967505105e-11
5.828046149021510e-11
-5.304233528375884e-09
-2.009832213162992e-09
-6.221216219461646e-09
4.853798608132680e-11
4.540171165292551e-09
2.198463808130985e-10
4.451895943204095e-10
2.929865333727962e-10
3.033467969309900e-10
2.992059384413080e-10
2.318620623753085e-10
3.665757974326357e-10
4.393977627902608e-10
5.368910248289096e-10
6.484275391354099e-10
8.089451110959675e-10
1.026098415950604e-09
1.318263915417647e-09
1.699048136527671e-09
2.218919269449592e-09
2.887386719116077e-09
3.780536403499735e-09
4.955473802299905e-09
6.513860124808436e-09
8.571679959824653e-09
1.133023678221592e-08
1.499770185040440e-08
1.985402396429126e-08
2.626921548495706e-08
3.475817917144182e-08
4.601791260319859e-08
6.090752356903559e-08
8.051945157328177e-08
1.064802819964618e-07
1.407955854736641e-07
1.859948092703617e-07
2.457578133036232e-07
3.243973585669142e-07
4.281461995847503e-07
5.648875788373301e-07
7.448133343151003e-07
9.816242899376265e-07
1.293001381281807e-06
1.702402022999512e-06
2.238661116943813e-06
2.946693682442061e-06
3.872799183330044e-06
5.088865166807364e-06
6.679681531182250e-06
8.770074484505155e-06
1.148929137167699e-05
1.504942195946646e-05
1.969972320171516e-05
2.577750394350516e-05
3.370360245385393e-05
4.401712232564614e-05
5.749196789602138e-05
7.499401149101350e-05
9.779954730761968e-05
1.274320918718537e-04
1.658636287936943e-04
2.158380054753228e-04
2.805722857589586e-04
3.645386729696700e-04
4.732453794081606e-04
6.151532566185293e-04
7.990524851248551e-04
1.036920272233048e-03
1.345586161438002e-03
1.746829843698754e-03
2.267655810620589e-03
2.942626973288104e-03
3.823236285767596e-03
4.970278130977966e-03
6.463390820663726e-03
8.410783439360293e-03
1.096188657927703e-02
1.429492701510484e-02
1.867981847912827e-02
2.441943808866333e-02
3.192920639038344e-02
4.176382103141921e-02
5.456344991193286e-02
7.116163730784354e-02
9.267636825964103e-02
1.204199308386677e-01
1.559079104400453e-01
2.006558469344700e-01
2.561031512064962e-01
3.233460858531109e-01
4.026200365277306e-01
4.929190082308088e-01
5.918385189461220e-01
6.952269875798803e-01
8.027049406699567e-01
9.709403731383389e-01
###2.000000000000000e+00
-1.006050825713183e-10
-1.565663930026737e-11
-5.663783325689791e-11
7.374372953836285e-11
-5.276885137175104e-09
-1.981531227345127e-09
-6.204598252238768e-09
8.510257166086449e-11
4.362119777203849e-09
2.625906184250379e-10
4.948545909391981e-10
3.494330955238880e-10
3.558927345876617e-10
3.515882009479932e-10
2.932843817237087e-10
4.248044765627174e-10
4.935569079855302e-10
6.028444693401556e-10
7.163196696293470e-10
8.941962527862337e-10
1.138701764920802e-09
1.449531488729555e-09
1.862550062418643e-09
2.422481560622065e-09
3.146082337627651e-09
4.112806335812729e-09
5.384613059439340e-09
7.068500974130759e-09
9.285184898804277e-09
1.226721330617283e-08
1.623439649777101e-08
2.148717608515945e-08
2.843678110976743e-08
3.762831256608322e-08
4.981911986891833e-08
6.594737305044313e-08
8.721006941868501e-08
1.153547164351272e-07
1.525607442707301e-07
2.016067764406192e-07
2.664632696416736e-07
3.518519303923213e-07
4.645392947904548e-07
6.131139168485910e-07
8.086568495605431e-07
1.066145644811464e-06
1.404873430718671e-06
1.850445003730613e-06
2.434116801276706e-06
3.205759923897054e-06
4.215188117457640e-06
5.542152848634553e-06
7.277805213781712e-06
9.561558103096175e-06
1.253157209777162e-05
1.642460950569633e-05
2.151597387616411e-05
2.817210878758064e-05
3.686404579038089e-05
4.818056835295539e-05
6.299167688905295e-05
8.225028052986891e-05
1.073969531928178e-04
1.401275448065443e-04
1.825530086037257e-04
2.378881901421362e-04
3.096631193622201e-04
4.029663918985655e-04
5.239883205447796e-04
6.824406805559875e-04
8.880333731241112e-04
1.155023592681428e-03
1.502045459477531e-03
1.954318194391959e-03
2.542838315127730e-03
3.306387990161177e-03
4.307261119037572e-03
5.612663663904063e-03
7.315030058816199e-03
9.538840939643831e-03
1.245517201399169e-02
1.627316411645983e-02
2.129164743969583e-02
2.786899638116035e-02
3.645891181647067e-02
4.768703597510591e-02
6.224787701597616e-02
8.106060804448541e-02
1.052999595477716e-01
1.363315178258697e-01
1.756515521834983e-01
2.246608262845657e-01
2.845704773717072e-01
3.558936325702776e-01
4.383105178889061e-01
5.299647235920723e-01
6.276028114706205e-01
7.265480512341017e-01
8.259116187555275e-01
9.747918825029570e-01
###2.400000000000000e+00
-9.255504384949724e-11
-3.979462474107159e-12
-4.800360092952384e-11
8.311169195708556e-11
-5.268279401219327e-09
-1.952497044278965e-09
-6.245323815902241e-09
1.197630209234693e-10
4.203903415409762e-09
3.083928370337612e-10
5.557117303964668e-10
4.267810357300102e-10
4.128953638595911e-10
4.301917351532227e-10
3.695137633847061e-10
4.868596102527573e-10
5.649524811300171e-10
6.801389098237127e-10
8.044720218934386e-10
9.867235179882496e-10
1.260353996777776e-09
1.595031325134922e-09
2.043794851416010e-09
2.645827392561911e-09
3.432017234620716e-09
4.472420229475714e-09
5.851752742176882e-09
7.674547568559830e-09
1.006390523850395e-08
1.328932229662510e-08
1.758172922483902e-08
2.326487615390785e-08
3.079135507995064e-08
4.075193316165457e-08
5.395649547265314e-08
7.143084874411800e-08
9.449031667295284e-08
1.250078390322036e-07
1.653679906662060e-07
2.186029840435349e-07
2.890124125769003e-07
3.817536623674138e-07
5.041818007502830e-07
6.656746509418586e-07
8.783060501570489e-07
1.158401127193327e-06
1.527037029176220e-06
2.012221282345246e-06
2.647829280965636e-06
3.489252939636227e-06
4.590112870124255e-06
6.038779528880908e-06
7.934068252819889e-06
1.043018190675927e-05
1.367689610939518e-05
1.793664663869426e-05
2.350602897932624e-05
3.081267582530306e-05
4.035215829165211e-05
5.278249544828583e-05
6.909024238547519e-05
9.029786606944551e-05
1.180451934577094e-04
1.542379447783738e-04
2.011449398528692e-04
2.624865941169603e-04
3.421794208043170e-04
4.459740297030390e-04
5.808871852121463e-04
7.579691381788509e-04
9.881393334742192e-04
1.287943764919948e-03
1.678343543054621e-03
2.188381508176758e-03
2.853400481152623e-03
3.717407426831881e-03
4.853680753315561e-03
6.337761867782947e-03
8.275527028360168e-03
1.081096558934386e-02
1.413463933499457e-02
1.849171114983290e-02
2.421342915429984e-02
3.170659167734197e-02
4.147535546292140e-02
5.420438841903739e-02
7.064515411189008e-02
9.178382206360679e-02
1.188359421625292e-01
1.531875636301865e-01
1.962772447745724e-01
2.493354592329121e-01
3.132658216386565e-01
3.880532619340763e-01
4.727712404700072e-01
5.648925757810881e-01
6.605664411799100e-01
7.548434461480745e-01
8.465354783309287e-01
9.781656125145273e-01
###2.800000000000000e+00
-8.884739024803865e-11
7.063533634225799e-12
-1.540638613514856e-11
8.845035542776790e-11
-5.211484540983689e-09
-1.903018310134342e-09
-6.220803314747340e-09
1.530920213280022e-10
4.050483030655607e-09
3.534989298855664e-10
5.812586333004235e-10
4.850408158210954e-10
4.849109101512648e-10
4.903370959203879e-10
4.368024182813976e-10
5.511184782476926e-10
6.360615402507736e-10
7.630614939524821e-10
9.050948516013203e-10
1.091324199742653e-09
1.393362161961728e-09
1.753237436517354e-09
2.240725534301958e-09
2.889570362596452e-09
3.739463738181641e-09
4.866981685265344e-09
6.358660788538409e-09
8.335172587204026e-09
1.091229204714251e-08
1.441762611072594e-08
1.905122497629229e-08
2.520104464734148e-08
3.335400931281067e-08
4.414817667900312e-08
5.845629589399138e-08
7.739675813126097e-08
1.024080322080896e-07
1.355134753736829e-07
1.793071614185326e-07
2.371109694098647e-07
3.135724166176861e-07
4.143376956764909e-07
5.474058092634354e-07
7.230021118637221e-07
9.543158544696207e-07
1.259131110620663e-06
1.660511739000183e-06
2.189013385594121e-06
2.881572530725231e-06
3.799886506700273e-06
5.000825138265126e-06
6.583308576129924e-06
8.654007627384945e-06
1.138409101241200e-05
1.493619498346814e-05
1.960065234372965e-05
2.569970742964541e-05
3.372529485296162e-05
4.420567482492849e-05
5.787417130691597e-05
7.584502544497461e-05
9.922211667191861e-05
1.298551685176228e-04
1.699232125307249e-04
2.218513726822853e-04
2.899310182096923e-04
3.785080764880376e-04
4.941070866948487e-04
6.446490781304912e-04
8.426994158907542e-04
1.100621731305394e-03
1.437383662336219e-03
1.876747416926390e-03
2.451931170843783e-03
3.203164268585885e-03
4.180472462880223e-03
5.468981102837898e-03
7.153589470314186e-03
9.355073519395967e-03
1.223793352381159e-02
1.601525433726475e-02
2.096737437952436e-02
2.746359131226856e-02
3.595600492307553e-02
4.699639340505405e-02
6.133385683718021e-02
7.976353525105792e-02
1.033249389882878e-01
1.332602545875741e-01
1.709384069630275e-01
2.177033633688055e-01
2.745771139530232e-01
3.421023571478539e-01
4.198074294562278e-01
5.061462141698053e-01
5.980478443013555e-01
6.912554590534304e-01
7.807267041646074e-01
8.650903740575320e-01
9.811513735034866e-01
###3.200000000000000e+00
-2.755797484985813e-11
9.687565862615298e-14
3.761261740563741e-13
6.843932202896222e-11
-5.194511505369287e-09
-1.878098083766793e-09
-6.185208588481448e-09
1.812647914766158e-10
3.908852523382180e-09
4.024423801024541e-10
6.416314508043322e-10
5.461575109587652e-10
5.493158627604461e-10
5.511834115753354e-10
5.083595880342193e-10
6.219835451905551e-10
7.182402975470850e-10
8.521951990992893e-10
1.006028258989325e-09
1.217434877822688e-09
1.528561827730032e-09
1.929792507267639e-09
2.456731937767297e-09
3.145227184709435e-09
4.078610006549287e-09
5.296721439283809e-09
6.913499556121136e-09
9.054308212433203e-09
1.183113958371142e-08
1.564670699394303e-08
2.064715854189057e-08
2.730567717203648e-08
3.614500530722036e-08
4.783899513505413e-08
6.334847605941395e-08
8.388690721602605e-08
1.110257162658188e-07
1.469426947525942e-07
1.944840539757103e-07
2.572736792631294e-07
3.403267394303129e-07
4.498379970685591e-07
5.945398998425376e-07
7.855528292810111e-07
1.037285794277572e-06
1.369139641336329e-06
1.806366414635343e-06
2.382379085772193e-06
3.137549841211572e-06
4.139648467860712e-06
5.451094470112048e-06
7.180601199467135e-06
9.444533263767604e-06
1.243214481169775e-05
1.632142226919388e-05
2.143342638789077e-05
2.812003750633114e-05
3.693993321733797e-05
4.846440846594166e-05
6.351009105573501e-05
8.332931598626435e-05
1.091247945348373e-04
1.429798499261333e-04
1.873708359873401e-04
2.449328812796019e-04
3.205464978910549e-04
4.191077037520439e-04
5.479841450391284e-04
7.161009780296283e-04
9.377261490683811e-04
1.226860990176017e-03
1.605229131854806e-03
2.099677926956960e-03
2.748169016224222e-03
3.596299275316055e-03
4.700866943071167e-03
6.159886952797701e-03
8.068659628239657e-03
1.056378062866521e-02
1.383230933129707e-02
1.811165261196351e-02
2.371777627735447e-02
3.105988712435361e-02
4.063579916545101e-02
5.304184629260608e-02
6.908946991860318e-02
8.960717613025002e-02
1.156749664730806e-01
1.485445063018672e-01
1.895392541141023e-01
2.398645464689738e-01
3.003173318986998e-01
3.710195265190679e-01
4.511339741202408e-01
5.385045188051932e-01
6.296298358624427e-01
7.199733538173934e-01
8.045331477980677e-01
8.818656698057271e-01
9.838050091682439e-01
###3.600000000000000e+00
-2.611854011210930e-10
3.716706890608131e-11
2.175190634615282e-11
1.048647416535172e-10
-5.178229633593840e-09
-1.840196663966277e-09
-6.150441155301462e-09
2.239796776209888e-10
3.788387689938201e-09
4.464770549741713e-10
7.048012379643281e-10
6.047743651828425e-10
6.111450509216077e-10
6.193281152835352e-10
5.856499175705653e-10
7.050420528982821e-10
8.009204824476412e-10
9.482722044597922e-10
1.124891188248963e-09
1.350820937444083e-09
1.685196996460339e-09
2.118417200976674e-09
2.689775086687416e-09
3.435609068595460e-09
4.442765177357229e-09
5.766470264334593e-09
7.517409958613817e-09
9.834981435205296e-09
1.283803595558600e-08
1.698043201240760e-08
2.238491916616036e-08
2.959718483119863e-08
3.918331730188539e-08
5.185450715833429e-08
6.867283022405407e-08
9.094990451005209e-08
1.204034990566924e-07
1.593938637654650e-07
2.110184695775846e-07
2.792293714750967e-07
3.694962536289764e-07
4.885655305369226e-07
6.459636624990019e-07
8.538312732777175e-07
1.127897377948719e-06
1.489356216397474e-06
1.965862391244548e-06
2.593921919327378e-06
3.417877145626735e-06
4.511872163167171e-06
5.944940070038618e-06
7.836852525705557e-06
1.031294757472621e-05
1.358494442281344e-05
1.784657876395387e-05
2.345385256108885e-05
3.079100391282296e-05
4.049166315307780e-05
5.317469922567981e-05
6.975228349986049e-05
9.162703693627553e-05
1.201220771001443e-04
1.575757249800994e-04
2.067960455204755e-04
2.706710627772996e-04
3.547270054360398e-04
4.644764275253258e-04
6.082704494470741e-04
7.960826571316100e-04
1.044228610506561e-03
1.368430184235290e-03
1.793520656373683e-03
2.349854513632033e-03
3.080490586391091e-03
4.037319527808016e-03
5.284384175362715e-03
6.933414241299358e-03
9.091673340996661e-03
1.191302362342805e-02
1.560747067303118e-02
2.043879342459804e-02
2.676008979490361e-02
3.502087377100822e-02
4.576407198650620e-02
5.962897519170895e-02
7.748353602409355e-02
1.001823519134741e-01
1.288297863178254e-01
1.646659958052782e-01
2.089408054052398e-01
2.627024680331197e-01
3.264766493116997e-01
4.000009479154337e-01
4.820180731108560e-01
5.698912790185761e-01
6.597455979945601e-01
7.468939554102335e-01
8.264550156409703e-01
8.970472541327067e-01
9.861592874029630e-01
###4.000000000000000e+00
-2.755395577872686e-10
5.734162812140032e-11
7.392629777403802e-11
1.648859022438435e-10
-5.160129241024821e-09
-1.815832430748211e-09
-6.119211670703459e-09
2.919048564190677e-10
3.673867986803803e-09
5.074391045696148e-10
7.672130467785747e-10
6.704746177158692e-10
6.888172172037898e-10
7.163801015764434e-10
6.699537908471202e-10
7.932933594476534e-10
8.994120718914598e-10
1.056230852515069e-09
1.249216042543168e-09
1.497866812199343e-09
1.860530381334933e-09
2.322909377749746e-09
2.945035470082746e-09
3.754451872164731e-09
4.835479813519587e-09
6.276688486043224e-09
8.173949874788377e-09
1.068430734284955e-08
1.393688821043865e-08
1.841294035062419e-08
2.427684815517809e-08
3.209339519526091e-08
4.249072296509500e-08
5.622597833583157e-08
7.446691293751372e-08
9.864132948915650e-08
1.306163364156178e-07
1.729540825542689e-07
2.290512801902512e-07
3.031679884562705e-07
4.012939633327769e-07
5.308028361813216e-07
7.021021866725012e-07
9.283860361386714e-07
1.226887680311676e-06
1.620811759966254e-06
2.140392391482429e-06
2.825599379735882e-06
3.725045956090453e-06
4.920116369643096e-06
6.486925367035793e-06
8.558038245918419e-06
1.126790743601888e-05
1.485342323642254e-05
1.952660166692259e-05
2.568216403191886e-05
3.374105549238593e-05
4.441801903487745e-05
5.838827882160098e-05
7.667101309996148e-05
1.008291273582245e-04
1.323405025155291e-04
1.738133536171218e-04
2.284179661075902e-04
2.993504289261946e-04
3.928762661797745e-04
5.151555505382207e-04
6.756636225396570e-04
8.855995432634345e-04
1.163466373887761e-03
1.527045936641428e-03
2.004526129784004e-03
2.630109709951790e-03
3.452755250283625e-03
4.530958087778952e-03
5.938826894236316e-03
7.797174417720902e-03
1.023212576915829e-02
1.341379628808257e-02
1.757664890047188e-02
2.301281094722962e-02
3.011191285346186e-02
3.936498188876699e-02
5.136006584585139e-02
6.677497682419563e-02
8.652774844461485e-02
1.114910381615003e-01
1.427804885349846e-01
1.816042756823021e-01
2.291085634584040e-01
2.861606260282933e-01
3.530015508273971e-01
4.289883828206019e-01
5.124409094302147e-01
6.003148306334051e-01
6.884570563652562e-01
7.721081748232238e-01
8.466215239287269e-01
9.107568919192131e-01
9.882444940524043e-01
###4.399999999999999e+00
-2.445627592512044e-10
6.068772763844303e-11
8.142421778926842e-11
1.743409804827164e-10
-5.133797244396316e-09
-1.780945775948510e-09
-6.067792278635171e-09
3.318153163947301e-10
3.561174928003907e-09
5.671823706326119e-10
8.300188449244785e-10
7.270345354752251e-10
7.630951066870340e-10
7.865866978485584e-10
7.600650587926335e-10
8.870758593689902e-10
1.002023530179996e-09
1.172658040801949e-09
1.384482552959566e-09
1.657302545401920e-09
2.048185851485749e-09
2.551849819073510e-09
3.224452656941813e-09
4.102839275207748e-09
5.272410680276664e-09
6.839530035870157e-09
8.890229262473004e-09
1.161271326089230e-08
1.513405588828345e-08
1.997333490144640e-08
2.633685398790942e-08
3.481114997561988e-08
4.609407341982092e-08
6.098444255177310e-08
8.077460295957943e-08
1.070152818873512e-07
1.417476681587327e-07
1.877327567027214e-07
2.487481705520916e-07
3.292343522405799e-07
4.359715340272459e-07
5.769131530085703e-07
7.633880581427208e-07
1.009701053821145e-06
1.335131620282590e-06
1.764588679041791e-06
2.331397430583375e-06
3.079346543240671e-06
4.061776906856244e-06
5.368007814357929e-06
7.082189882984695e-06
9.350545863630107e-06
1.231853018736146e-05
1.625076438990715e-05
2.137863233993166e-05
2.814125821112233e-05
3.700168656768447e-05
4.876121567754004e-05
6.416123882405050e-05
8.434028336979903e-05
1.110283800298119e-04
1.459171428927773e-04
1.918743532395294e-04
2.524938499075799e-04
3.313281197894047e-04
4.354333096433338e-04
5.717515135283862e-04
7.509712637842451e-04
9.856873506198167e-04
1.296838469535961e-03
1.704470053058091e-03
2.240514275198893e-03
2.943486957308887e-03
3.868792544082159e-03
5.082386936754690e-03
6.669916082932154e-03
8.759393821218741e-03
1.149957428640639e-02
1.507756899014933e-02
1.975388748550776e-02
2.584953403326237e-02
3.379120805971166e-02
4.411083485605975e-02
5.744178723737508e-02
7.449636612551452e-02
9.623725368832883e-02
1.235415261246425e-01
1.575210306261651e-01
1.993297719226870e-01
2.499965843910734e-01
3.101795679088055e-01
3.798265540251317e-01
4.579010504335345e-01
5.423566836284106e-01
6.297666915541015e-01
7.157953086180162e-01
7.956877791761930e-01
8.651243430249926e-01
9.230900478954461e-01
9.900856307432173e-01
###4.800000000000000e+00
-2.384344641969820e-10
2.256732363952112e-10
8.938092078674499e-11
1.882334267912651e-10
-5.104769491641356e-09
-1.742094182982877e-09
-6.018302879456018e-09
3.699221056631788e-10
3.462577555138034e-09
6.250307900944945e-10
8.982268325486066e-10
7.974880742673582e-10
8.335175649526354e-10
8.698475502576472e-10
8.525613557997048e-10
9.822699722170066e-10
1.117813638500705e-09
1.302977079210159e-09
1.524412773127093e-09
1.827759617171846e-09
2.251877950633572e-09
2.800611986911210e-09
3.525590769787095e-09
4.479787120928662e-09
5.749002848674761e-09
7.444607535135141e-09
9.668443601769526e-09
1.261920730583168e-08
1.643575877830855e-08
2.167161384698693e-08
2.857973860337312e-08
3.776817011344190e-08
5.000711477399190e-08
6.616580051358740e-08
8.764484529895792e-08
1.161391506512783e-07
1.538694845323181e-07
2.038355245297946e-07
2.702106699679103e-07
3.576465892225473e-07
4.738200470851848e-07
6.272603283482357e-07
8.303200090970093e-07
1.098631706884725e-06
1.453456335187999e-06
1.921894694024333e-06
2.540606616482086e-06
3.357466295112827e-06
4.431108061213966e-06
5.859709948940644e-06
7.736199189446506e-06
1.022171837109120e-05
1.347519450681763e-05
1.778992160765612e-05
2.342203105262519e-05
3.085671462666747e-05
4.060613581474436e-05
5.356541992454009e-05
7.055613777508292e-05
9.284294862514681e-05
1.223523518680585e-04
1.610011616993952e-04
2.119665965221526e-04
2.792962535099581e-04
3.669652588192649e-04
4.828931417282324e-04
6.349311652321067e-04
8.350660242372180e-04
1.097503732565193e-03
1.445839111777915e-03
1.902731730621908e-03
2.504069098961596e-03
3.293437419408198e-03
4.332960311767569e-03
5.696827882723671e-03
7.482948221439548e-03
9.828408531163228e-03
1.290428762290357e-02
1.691694063864279e-02
2.215299901941244e-02
2.896457669008223e-02
3.781533586507775e-02
4.927769373140316e-02
6.402782300731774e-02
8.280890922905840e-02
1.066181278713483e-01
1.363306403277987e-01
1.730411331907144e-01
2.178182205054069e-01
2.715440413471933e-01
3.347022430620233e-01
4.068757932175774e-01
4.866730170156700e-01
5.716939148916318e-01
6.582043037255947e-01
7.417358603848782e-01
8.176600577361595e-01
8.820320229428216e-01
9.341344663560516e-01
9.916888332394093e-01
###5.200000000000000e+00
-2.233861038334915e-10
1.939901465617817e-10
1.033665212523756e-10
2.195334981127283e-10
-5.076364547271976e-09
-1.688808374978136e-09
-5.916065917013615e-09
4.099019584169146e-10
3.376762449019551e-09
6.865150318400378e-10
9.700150305664755e-10
8.715488016518758e-10
9.139945958737402e-10
9.504956026971825e-10
9.518185791781812e-10
1.085922834403628e-09
1.234035870420398e-09
1.431391553976616e-09
1.682178605795623e-09
2.011324255220003e-09
2.464336305188107e-09
3.067665185321977e-09
3.854328122214885e-09
4.889317554448604e-09
6.265482291111892e-09
8.103550054977184e-09
1.051317733416399e-08
1.371086740834673e-08
1.785294728125281e-08
2.352119884710724e-08
3.102092411387152e-08
4.098830549346611e-08
5.426548487311472e-08
7.180849014879463e-08
9.512576105353056e-08
1.260755410673475e-07
1.670770656162686e-07
2.213954070901764e-07
2.936087918183818e-07
3.887164461778404e-07
5.151442254908870e-07
6.822297218859324e-07
9.034670614523979e-07
1.196025699435645e-06
1.582952537957075e-06
2.094177932391221e-06
2.769762456500429e-06
3.662413304934517e-06
4.836570932405449e-06
6.399810651818899e-06
8.454978676664416e-06
1.118015103203362e-05
1.474896994528029e-05
1.948660246671520e-05
2.567689140920326e-05
3.385620572635621e-05
4.459300592596863e-05
5.888345603670154e-05
7.764330330762144e-05
1.022762772960776e-04
1.349296327553835e-04
1.777631167267837e-04
2.343190005994733e-04
3.091406274704400e-04
4.066680867704943e-04
5.358106931596107e-04
7.054022797881836e-04
9.288921196809669e-04
1.222300974494216e-03
1.612133700175419e-03
2.123954694132149e-03
2.798085621125863e-03
3.683431057728303e-03
4.849665225631944e-03
6.380005235904746e-03
8.384979232536408e-03
1.101260920720103e-02
1.445707685969193e-02
1.894454720916996e-02
2.478938988851995e-02
3.237428154164830e-02
4.220205412756260e-02
5.488378561112368e-02
7.113348347211193e-02
9.172362860888683e-02
1.176806103440369e-01
1.498592117868432e-01
1.893226359339412e-01
2.370357670786711e-01
2.937142700085036e-01
3.596541504373867e-01
4.340692103530353e-01
5.152264861989598e-01
6.003936013802944e-01
6.855775337442148e-01
7.662781025532965e-01
8.380545171674032e-01
8.974062168271519e-01
9.439733639356397e-01
9.930894183278135e-01
###5.600000000000001e+00
-2.063090953581707e-10
2.031064594718350e-10
1.167911183068888e-10
2.340050375031811e-10
-5.048499195819561e-09
-1.630948719226508e-09
-5.865551304912515e-09
4.598995108012487e-10
3.293393859464765e-09
7.484885624140869e-10
1.049111121235117e-09
9.590073284826979e-10
9.978409423560213e-10
1.038101101384747e-09
1.058726463944988e-09
1.197548528850577e-09
1.362695105970421e-09
1.570046333313133e-09
1.850275429724956e-09
2.207904378835404e-09
2.703183701431585e-09
3.355039432641944e-09
4.209308263512937e-09
5.332922432879060e-09
6.831300618186724e-09
8.816497178667881e-09
1.143225663187572e-08
1.488853359284018e-08
1.939397360660006e-08
2.553559718565806e-08
3.367809864895824e-08
4.449215257607937e-08
5.890155236089470e-08
7.795235090330491e-08
1.032775166454784e-07
1.368997263057533e-07
1.814757985770574e-07
2.405436125386900e-07
3.191339448758186e-07
4.226251246260017e-07
5.602687788683835e-07
7.422783580716502e-07
9.834338865208245e-07
1.302525674916457e-06
1.724705041277956e-06
2.282898943043773e-06
3.021042414908334e-06
3.996991804903263e-06
5.282226268264927e-06
6.994264133486028e-06
9.245728082442047e-06
1.223502653374337e-05
1.615265296619506e-05
2.135804231555138e-05
2.816653717644111e-05
3.717134795707156e-05
4.900289235386951e-05
6.477444325011977e-05
8.549760291796062e-05
1.127409468901979e-04
1.488983222691431e-04
1.963969391976487e-04
2.591788251042783e-04
3.423567105133863e-04
4.508933715961773e-04
5.947734247706072e-04
7.839203333381843e-04
1.033496694800912e-03
1.361414429912384e-03
1.797493866545938e-03
2.370336259920781e-03
3.125346014192054e-03
4.117243063810198e-03
5.423725750612052e-03
7.138068283311856e-03
9.383469061292551e-03
1.232141164603763e-02
1.616901017853235e-02
2.117317037509108e-02
2.767772352772649e-02
3.609591645606256e-02
4.696858226000451e-02
6.094641754283763e-02
7.877853418557533e-02
1.012563206089258e-01
1.294290413435756e-01
1.641243263098973e-01
2.063497702694475e-01
2.569509466698920e-01
3.164722754856116e-01
3.849715325941918e-01
4.613312956836639e-01
5.434718368978833e-01
6.283670151589794e-01
7.118366909607885e-01
7.894039452803594e-01
8.568892844441541e-01
9.113057800059134e-01
9.526728118586132e-01
9.942985157339989e-01
###6.000000000000001e+00
-2.042180307231495e-10
2.232354034478081e-10
1.282147212601847e-10
2.389736870359514e-10
-5.025022686126894e-09
-1.595144114105918e-09
-5.812134589479398e-09
5.030048555010284e-10
3.208471636176858e-09
8.227786250394068e-10
1.124998616396079e-09
1.042285722279192e-09
1.085422793221614e-09
1.133296665176104e-09
1.175061318730872e-09
1.315208004930482e-09
1.500434256515666e-09
1.722925828568889e-09
2.032451090090056e-09
2.421319838481530e-09
2.959493076123933e-09
3.670542661548923e-09
4.592370357104769e-09
5.813299898204299e-09
7.437343596601304e-09
9.589835533510948e-09
1.242830897784458e-08
1.618138039000886e-08
2.106979840087949e-08
2.772966103110945e-08
3.656870147762625e-08
4.830805392946412e-08
6.395098395743270e-08
8.464460489013393e-08
1.121600649374847e-07
1.487029080649266e-07
1.971757756754321e-07
2.614332222425021e-07
3.469662781518098e-07
4.596448565276071e-07
6.095638401421958e-07
8.079411012799782e-07
1.070912245364768e-06
1.419105362691023e-06
1.879945416086891e-06
2.489772450948037e-06
3.296700733187537e-06
4.364383240412435e-06
5.771935548568879e-06
7.648041443532425e-06
1.011626237291971e-05
1.339709427370891e-05
1.770007987845936e-05
2.342349419884924e-05
3.091663869927632e-05
4.083698012577115e-05
5.388418439037641e-05
7.129896123597076e-05
9.420732135228968e-05
1.243515653103880e-04
1.644097634301511e-04
2.171037977872125e-04
2.868233429797846e-04
3.793037390606307e-04
5.001167301964400e-04
6.604163578288964e-04
8.713608396942092e-04
1.149964687659982e-03
1.516287634609869e-03
2.003774913743315e-03
2.644461143125694e-03
3.489095788112056e-03
4.598874118496651e-03
6.060290874039914e-03
7.977156125591968e-03
1.048626417299752e-02
1.376398052811022e-02
1.805069121455106e-02
2.361561036844793e-02
3.083220141340938e-02
4.014631395596389e-02
5.213276076080922e-02
6.748350848699586e-02
8.697638697002683e-02
1.114193196980719e-01
1.418692899179252e-01
1.791153468744272e-01
2.240963645351968e-01
2.775261213141170e-01
3.397533331234410e-01
4.105891989316200e-01
4.885795669076627e-01
5.713274361014542e-01
6.555442739176832e-01
7.369361203444385e-01
8.111048909912906e-01
8.742067080252753e-01
9.238021260346322e-01
9.603118842395992e-01
9.953312302167199e-01
###6.400000000000001e+00
-2.206851874835698e-10
2.421259201916625e-10
1.451204848663179e-10
2.455991990149089e-10
-4.991095231741430e-09
-1.544200939346520e-09
-5.752361679138622e-09
5.567665598990480e-10
3.137901031386068e-09
8.839966896868496e-10
1.205680087588353e-09
1.129366115388556e-09
1.172264506563797e-09
1.085915506903757e-09
1.289740239134629e-09
1.436115899917431e-09
1.645532860874309e-09
1.886216803475755e-09
2.224734648024652e-09
2.649344438262539e-09
3.234102750247025e-09
4.006241299322876e-09
5.007421204872182e-09
6.339494218719717e-09
8.095138811010977e-09
1.042841161486624e-08
1.351050301584556e-08
1.758720175639315e-08
2.289202540166766e-08
3.011955790070377e-08
3.971490002055884e-08
5.246274622888717e-08
6.944900703203002e-08
9.193481081321192e-08
1.218420318602386e-07
1.615679109234921e-07
2.142947592404755e-07
2.842164346407879e-07
3.772717365931215e-07
5.000764992487051e-07
6.634404619422741e-07
8.797410409691526e-07
1.166640015281619e-06
1.546725538341416e-06
2.050119507023855e-06
2.716660038602952e-06
3.599256216589990e-06
4.767897151394798e-06
6.310562584931059e-06
8.367030285121854e-06
1.107482589729531e-05
1.467764489833103e-05
1.940731734713657e-05
2.570355908232001e-05
3.395611349856040e-05
4.488988402263684e-05
5.928754153061185e-05
7.852699336157698e-05
1.038650438284107e-04
1.372374127975957e-04
1.816370418711153e-04
2.401052456194480e-04
3.175521131368648e-04
4.204057872098673e-04
5.548682926412924e-04
7.334624277825426e-04
9.686588850757463e-04
1.279524855199716e-03
1.688545764229456e-03
2.233032409818092e-03
2.948896423609416e-03
3.892758698262935e-03
5.132598969741317e-03
6.764651619360317e-03
8.903877007896483e-03
1.170194296257581e-02
1.535053308450805e-02
2.011488854229454e-02
2.628644957357660e-02
3.426979521700394e-02
4.454154225386703e-02
5.771407465247057e-02
7.451256839769184e-02
9.574131529332665e-02
1.222195709889344e-01
1.550021260799260e-01
1.948242417364708e-01
2.425405682260116e-01
2.987183814448720e-01
3.634986691966057e-01
4.364247048657308e-01
5.157229289078828e-01
5.987052580315909e-01
6.818519384644190e-01
7.608129982111134e-01
8.313588155478615e-01
8.900409406937665e-01
9.349584880291837e-01
9.669693468487635e-01
9.962157950614570e-01
###6.800000000000002e+00
-2.097803706291401e-10
2.313832580993556e-10
1.643655348014097e-10
2.699512228675684e-10
-4.962205416657473e-09
-1.496445947389704e-09
-5.698102840169517e-09
6.034808125963215e-10
3.075147906271834e-09
9.520277499519743e-10
1.325022904956429e-09
1.219337363582934e-09
1.267888157506335e-09
1.214686281663609e-09
1.402656472222741e-09
1.572186246464598e-09
1.794198965831527e-09
2.062586862041987e-09
2.432916152914948e-09
2.896089569362452e-09
3.530993109027063e-09
4.375116066488978e-09
5.456053443027661e-09
6.902166563199348e-09
8.808512284571723e-09
1.133794253817194e-08
1.468523588177029e-08
1.911291521201313e-08
2.487419829882143e-08
3.272030905973011e-08
4.313806507482717e-08
5.698808537959805e-08
7.543663958317370e-08
9.987724533521075e-08
1.323902540404091e-07
1.755977352579081e-07
2.329667014695989e-07
3.090921170713352e-07
4.103737746129655e-07
5.442741119181703e-07
7.223658409081345e-07
9.582798970418807e-07
1.271419177368798e-06
1.686542456742136e-06
2.236689900997058e-06
2.965518653427225e-06
3.931392587844461e-06
5.211207712510172e-06
6.903188474065293e-06
9.158480357391551e-06
1.213042866878882e-05
1.608936708110507e-05
2.129068302615529e-05
2.822146986065943e-05
3.731411590610335e-05
4.937313763936620e-05
6.527013508562060e-05
8.653565866216723e-05
1.145710748090592e-04
1.515375376615819e-04
2.007579512759214e-04
2.656544475750834e-04
3.517067127585986e-04
4.660730405049577e-04
6.157383636652562e-04
8.146641345293072e-04
1.076819999549936e-03
1.423529398791367e-03
1.879799098044411e-03
2.487583228471415e-03
3.286522742415717e-03
4.339797070242986e-03
5.723029000221061e-03
7.542903794599316e-03
9.925858745978171e-03
1.303897470505995e-02
1.709114714042278e-02
2.237260437926727e-02
2.919864308352706e-02
3.800407304913139e-02
4.929835538095350e-02
6.372678104598935e-02
8.204830255413401e-02
1.050880647491780e-01
1.336655278237930e-01
1.688280244128469e-01
2.112370094642265e-01
2.616542712309428e-01
3.204831360417212e-01
3.876417558466295e-01
4.623988826573263e-01
5.426744998992317e-01
6.255257976904842e-01
7.072159447584527e-01
7.834382880036493e-01
8.501771058366899e-01
9.044277983748434e-01
9.448528550804438e-01
9.727253058601014e-01
9.969591546040439e-01
###7.200000000000002e+00
-2.032160738321049e-10
2.502368167558893e-10
2.035124745581801e-10
2.855539607016478e-10
-4.930023907709841e-09
-1.448465320443410e-09
-5.642722063959042e-09
6.492613195025647e-10
3.029455302292625e-09
1.024676602006271e-09
1.405932875328350e-09
1.311924022086663e-09
1.366448172706475e-09
1.334466730847658e-09
1.529726853157241e-09
1.711080719597082e-09
1.955669783340496e-09
2.251188698346299e-09
2.661430699695614e-09
3.160808678724605e-09
3.850355478696027e-09
4.761928649790214e-09
5.941474046681269e-09
7.511874588843987e-09
9.580172553734868e-09
1.232665175031248e-08
1.596316132880454e-08
2.077053068108599e-08
2.703028576256827e-08
3.554563734965770e-08
4.686471836506238e-08
6.191170217992090e-08
8.195990988869232e-08
1.085376392195901e-07
1.438903197165851e-07
1.909038896103050e-07
2.533407419743966e-07
3.362526286476192e-07
4.465487718104331e-07
5.925818520988680e-07
7.867852635455659e-07
1.044258838168174e-06
1.386215487608461e-06
1.839786473388810e-06
2.441276049082653e-06
3.238612006504877e-06
4.296172592751130e-06
5.698586986512625e-06
7.554905721549953e-06
1.002953765962919e-05
1.329353368631144e-05
1.764655890537045e-05
2.336886255565803e-05
3.100301984610608e-05
4.102678508472596e-05
5.433371380738090e-05
7.189382464147466e-05
9.540975457584652e-05
1.264399637330147e-04
1.673954501798397e-04
2.219765912476838e-04
2.940240399932123e-04
3.896330874479499e-04
5.168096924325217e-04
6.833552131596265e-04
9.048744142295154e-04
1.196924675901038e-03
1.583368822326012e-03
2.092010238389185e-03
2.769690545567978e-03
3.660365083235831e-03
4.834224566064561e-03
6.374991630488363e-03
8.400344462701100e-03
1.104986996799815e-02
1.450622480313304e-02
1.899679262123066e-02
2.483709844748182e-02
3.236786689297731e-02
4.205336789998484e-02
5.443337650340847e-02
7.018864147336906e-02
9.010509813889292e-02
1.150247904454683e-01
1.457603959490262e-01
1.833364015561094e-01
2.283348925171042e-01
2.814007585937652e-01
3.427666133072411e-01
4.121087053766565e-01
4.884224937624957e-01
5.693476344541919e-01
6.516825296474889e-01
7.315732926895575e-01
8.047741279918956e-01
8.675691687681802e-01
9.174194486451225e-01
9.535644553386364e-01
9.776575565594017e-01
9.975753477270800e-01
###7.600000000000002e+00
-1.574031763182754e-10
3.005653391901148e-10
2.187319905056680e-10
2.965430342749956e-10
-4.883247352820648e-09
-1.395568523806773e-09
-5.585389193264026e-09
6.971907615953039e-10
2.987183217250853e-09
1.089826221548314e-09
1.488016590804732e-09
1.404514349848047e-09
1.472069718621297e-09
1.457959627458938e-09
1.657482999809631e-09
1.861953655159102e-09
2.129548020932394e-09
2.449741682974474e-09
2.887566621997528e-09
3.443530397296666e-09
4.193891252119325e-09
5.183252133392238e-09
6.466200956606583e-09
8.173449112403902e-09
1.041573396245088e-08
1.339988899841818e-08
1.734989878129239e-08
2.257086948649374e-08
2.937574579622602e-08
3.861661296218519e-08
5.092280273275477e-08
6.727768108148331e-08
8.906965445816391e-08
1.179763472167427e-07
1.564364628602393e-07
2.076048112837563e-07
2.755887650815690e-07
3.659227781539974e-07
4.860905692891653e-07
6.453941060421154e-07
8.573203653622245e-07
1.138385887135222e-06
1.511920262502138e-06
2.007789221689079e-06
2.665739898419052e-06
3.538626474940933e-06
4.697081658651416e-06
6.234584904244597e-06
8.272305834003716e-06
1.098910364075019e-05
1.457607234570672e-05
1.936484937768342e-05
2.566440840396516e-05
3.407713746706539e-05
4.513253400464641e-05
5.982340811140428e-05
7.922930385495962e-05
1.052400682509352e-04
1.395936524295362e-04
1.849872773795894e-04
2.455258967737545e-04
3.255153092738445e-04
4.317290856333370e-04
5.731253881439436e-04
7.584048149099010e-04
1.004972463882772e-03
1.330150735330948e-03
1.760561480096465e-03
2.327098660566476e-03
3.081879747976177e-03
4.073673851660226e-03
5.380249329390440e-03
7.093570144375456e-03
9.343795818745710e-03
1.228361567435698e-02
1.611330522972063e-02
2.107853772878091e-02
2.752141682807303e-02
3.580711180879254e-02
4.643071405011039e-02
5.996286050110206e-02
7.711372729485538e-02
9.869470386994868e-02
1.255627307510241e-01
1.585078319108063e-01
1.985221039372775e-01
2.460955786853082e-01
3.017446670579700e-01
3.655091413267528e-01
4.368305651957395e-01
5.144205491812823e-01
5.956395976957940e-01
6.770998032134716e-01
7.548561976247822e-01
8.248005588423413e-01
8.835527180304237e-01
9.290764407515643e-01
9.611765951821536e-01
9.818526403872114e-01
9.980850218230330e-01
###8.000000000000002e+00
-1.443229812480104e-10
2.975658482675566e-10
2.412834491792648e-10
3.200315646717983e-10
-4.853140414885634e-09
-1.353860469795174e-09
-5.525342293213915e-09
7.429616095883669e-10
2.946188641779240e-09
1.164494476472307e-09
1.577004900959592e-09
1.499635437705379e-09
1.579995008391188e-09
1.581422351291099e-09
1.792230617429497e-09
2.016243183063204e-09
2.308545020643190e-09
2.660134824404338e-09
3.135511481505431e-09
3.747793895225872e-09
4.562735048014417e-09
5.638260657409456e-09
7.029514073473701e-09
8.887294809437084e-09
1.132248176608952e-08
1.456275083017611e-08
1.885320103902159e-08
2.452748377666448e-08
3.192605376196371e-08
4.195993291795343e-08
5.534167415069947e-08
7.312213914120216e-08
9.681134868881730e-08
1.282656219362673e-07
1.701141831574534e-07
2.258377883236923e-07
2.998824128891567e-07
3.983330665679019e-07
5.293259446716892e-07
7.031600773419832e-07
9.344760892478667e-07
1.241519052831156e-06
1.649760178093484e-06
2.192046459154754e-06
2.912091261882515e-06
3.868215228100924e-06
5.137743978823958e-06
6.824196868952157e-06
9.061958927481200e-06
1.204647862285998e-05
1.599021758467526e-05
2.126056062375283e-05
2.819954630587309e-05
3.747409948123816e-05
4.967371495046716e-05
6.589921900064474e-05
8.735092429567417e-05
1.161308695357818e-04
1.541797937395376e-04
2.044858987423315e-04
2.716415480493462e-04
3.604413983852508e-04
4.784227029920722e-04
6.356079568210759e-04
8.416297157184854e-04
1.115934634358933e-03
1.477758073299938e-03
1.956741732399966e-03
2.587123737524951e-03
3.426868493511987e-03
4.529970637258674e-03
5.981717162771662e-03
7.884147903125213e-03
1.037956321806844e-02
1.363548994409157e-02
1.786908960888788e-02
2.334703264774948e-02
3.043733986928336e-02
3.953083229105674e-02
5.115299691074851e-02
6.590364082615410e-02
8.451970248818091e-02
1.078357892225563e-01
1.367095982585044e-01
1.719035784914726e-01
2.143780324771800e-01
2.644976675676113e-01
3.226419285118898e-01
3.886555910662889e-01
4.617235988014418e-01
5.402978246828695e-01
6.214765727509451e-01
7.017001930504615e-01
7.770184967999160e-01
8.434981531968623e-01
8.981516784376904e-01
9.394674756128925e-01
9.677770045279551e-01
9.853833424874203e-01
9.985023954815698e-01
###8.400000000000002e+00
-1.528281368721822e-10
3.069127272537898e-10
1.863442097451180e-10
3.306639309148601e-10
-4.819802311265324e-09
-1.308406270340920e-09
-5.460325173772383e-09
7.882487183214119e-10
2.915135460407714e-09
1.248321985755383e-09
1.668955045114816e-09
1.589777342607811e-09
1.692079550290329e-09
1.715102489551730e-09
1.942565504214210e-09
2.181661816212596e-09
2.501671007443959e-09
2.884901237590252e-09
3.400241984505682e-09
4.071521836422249e-09
4.969823812523075e-09
6.126738213849731e-09
7.641456502391915e-09
9.657937890957132e-09
1.230578632691405e-08
1.582413302948359e-08
2.048591608789369e-08
2.665250313137031e-08
3.469981035134582e-08
4.560224889882045e-08
6.015252380146918e-08
7.949051288244827e-08
1.052591401325345e-07
1.394906466725194e-07
1.850525447160599e-07
2.457442776617156e-07
3.264256059088812e-07
4.337677702388378e-07
5.766040502214622e-07
7.663836620438170e-07
1.018999657054392e-06
1.354518910696172e-06
1.800916800550420e-06
2.394254569218936e-06
3.182676178783261e-06
4.230325965129448e-06
5.622356602559698e-06
7.473269953294166e-06
9.931456099692018e-06
1.321153940383979e-05
1.754967038109382e-05
2.335245025852320e-05
3.099887338416430e-05
4.122767307321211e-05
5.469476379405448e-05
7.262020699431019e-05
9.634048826002833e-05
1.281903255720478e-04
1.703388724700201e-04
2.260998861807549e-04
3.005887064377251e-04
3.991548944189062e-04
5.301930925715019e-04
7.048329948233769e-04
9.338078712364174e-04
1.238803663424702e-03
1.641122639351223e-03
2.173699192779457e-03
2.874507695088319e-03
3.807640294557704e-03
5.032760203421833e-03
6.643543698792919e-03
8.752426038833449e-03
1.151471119197665e-02
1.511351348151152e-02
1.978444277384936e-02
2.581702352622742e-02
3.359927382821803e-02
4.355454507433839e-02
5.623591987501501e-02
7.227055484526101e-02
9.242023098537906e-02
1.175343688626394e-01
1.484700618454024e-01
1.859505557338756e-01
2.308738204113975e-01
2.835071060421508e-01
3.440481852842852e-01
4.121378118125095e-01
4.867086385044959e-01
5.659643399027520e-01
6.467541985918646e-01
7.254166343690895e-01
7.980109092715042e-01
8.608652717039466e-01
9.114126004928789e-01
9.486653335337870e-01
9.734536919099500e-01
9.883291344697843e-01
9.988406097522379e-01
###8.800000000000002e+00
-1.270830523031550e-10
3.155347525420416e-10
2.092441787944968e-10
3.489373628212411e-10
-4.786774589916720e-09
-1.252052597193522e-09
-5.394483226227772e-09
8.251071851900710e-10
2.886552054212757e-09
1.320465448921606e-09
1.759765525729369e-09
1.690510833516472e-09
1.803304489240069e-09
1.854673099066514e-09
2.094006875958219e-09
2.350080058012621e-09
2.703549636008501e-09
3.124748686834920e-09
3.688042107322947e-09
4.419883765763483e-09
5.389782204793396e-09
6.653073296815740e-09
8.301229668137798e-09
1.049072113365462e-08
1.336599221082810e-08
1.719135199748478e-08
2.225503795684006e-08
2.896016071042757e-08
3.771615332897364e-08
4.957015881862107e-08
6.539011672852542e-08
8.643101458435937e-08
1.144692658315902e-07
1.517317174224688e-07
2.013572609047507e-07
2.674744873883381e-07
3.554405937131975e-07
4.725157114553712e-07
6.283666833995743e-07
8.356062270368277e-07
1.111602168442285e-06
1.478410464876732e-06
1.966746772190711e-06
2.616259369618534e-06
3.479944868409664e-06
4.628367020755287e-06
6.155785749553228e-06
8.187790361157658e-06
1.088928208716597e-05
1.449582126210021e-05
1.927002250411764e-05
2.566204667516964e-05
3.409057305305079e-05
4.537580048348240e-05
6.024680463601625e-05
8.005866298566353e-05
1.062927399259647e-04
1.415457774287222e-04
1.882374820685650e-04
2.500434877326698e-04
3.326545034400138e-04
4.420397147068442e-04
5.875239903072756e-04
7.815111244578881e-04
1.035884891154088e-03
1.374753330011306e-03
1.821747110008802e-03
2.413365594577758e-03
3.191573241156619e-03
4.227181270896551e-03
5.585995278637683e-03
7.370735435914206e-03
9.704445874474429e-03
1.275664236876831e-02
1.672710599131153e-02
2.187179238603236e-02
2.849779802286794e-02
3.702058251297626e-02
4.789254329027545e-02
6.169485813961709e-02
7.907776405183756e-02
1.008276090382836e-01
1.278035681595612e-01
1.608475844802283e-01
2.006408089751430e-01
2.479997170258150e-01
3.030913828663839e-01
3.659123394055436e-01
4.358900542531985e-01
5.117148980740257e-01
5.913321627469588e-01
6.714083084209479e-01
7.481762487786592e-01
8.178093783604744e-01
8.769182812796612e-01
9.233861280794401e-01
9.567519668960530e-01
9.782981472962010e-01
9.907653267615674e-01
9.991169796808924e-01
###9.200000000000003e+00
-1.253934021391891e-10
3.239627876107741e-10
2.353848413039625e-10
3.629105487099225e-10
-4.746070059115416e-09
-1.193955032823643e-09
-5.335189236309901e-09
8.725285859362043e-10
2.854318621495530e-09
1.402375945772477e-09
1.852525825799789e-09
1.798288993502351e-09
1.925260748857219e-09
2.002275653654872e-09
2.255220333037949e-09
2.532642518848203e-09
2.921005994853756e-09
3.381626035754923e-09
3.997885777935034e-09
4.791806986280948e-09
5.845691436688282e-09
7.226727433680502e-09
9.013285639415525e-09
1.139196064285298e-08
1.451616545688512e-08
1.867425753005845e-08
2.417695865099231e-08
3.147038819160472e-08
4.099736117911304e-08
5.389167689731032e-08
7.109707848172636e-08
9.399622612425603e-08
1.245125639463768e-07
1.650971456181679e-07
2.191565642333603e-07
2.912258377721214e-07
3.871748733415676e-07
5.149089389224642e-07
6.850170888048649e-07
9.114236820612078e-07
1.213077865405334e-06
1.614300334425948e-06
2.148722715080282e-06
2.859994370495974e-06
3.806555156824524e-06
5.066191658816286e-06
6.742538401474361e-06
8.974748755447322e-06
1.194493131107700e-05
1.591230289195366e-05
2.116880793288441e-05
2.821153383537287e-05
3.750678001748519e-05
4.996184610615068e-05
6.638742124088244e-05
8.828767863065521e-05
1.173430583093059e-04
1.563319098234930e-04
2.080485978272726e-04
2.765553485422351e-04
3.681727554228934e-04
4.895202097012789e-04
6.509680357482673e-04
8.663325080058363e-04
1.148753977090909e-03
1.524965647200068e-03
2.021180471649966e-03
2.677705400866681e-03
3.540837167259367e-03
4.688833854562783e-03
6.193783440693781e-03
8.168005361592300e-03
1.074641608721758e-02
1.411319222871460e-02
1.848514544533837e-02
2.414006937746961e-02
3.140139990488607e-02
4.071502357915551e-02
5.256032256567753e-02
6.754473772325302e-02
8.633440789144711e-02
1.097528227345110e-01
1.386452522424988e-01
1.738407106971422e-01
2.159647279772676e-01
2.657363226683940e-01
3.232100340234198e-01
3.881772254962526e-01
4.598432967389912e-01
5.366540037928776e-01
6.163170926526987e-01
6.953460619795261e-01
7.699235555493993e-01
8.363854916531055e-01
8.916664029764525e-01
9.341259606743366e-01
9.638117838696684e-01
9.823976713370179e-01
9.927594972687155e-01
9.993254517172645e-01
###9.600000000000003e+00
-1.154708053919343e-10
3.378959365336180e-10
2.488888926272378e-10
3.830187204845155e-10
-4.706587580303796e-09
-1.141371037594217e-09
-5.264136310965811e-09
9.246249209073750e-10
2.835516702561373e-09
1.480735699860594e-09
1.951361995033047e-09
1.912440529314425e-09
2.051255850080948e-09
2.148565899372522e-09
2.426352039218920e-09
2.729212378753862e-09
3.144845003732643e-09
3.654462784338886e-09
4.326673292377870e-09
5.190954880255175e-09
6.336965818042947e-09
7.837076629497437e-09
9.781728598935972e-09
1.236689932046470e-08
1.576419857319828e-08
2.028139841657098e-08
2.626666784193593e-08
3.419869615440887e-08
4.456848680793059e-08
5.859360440790725e-08
7.731864689784807e-08
1.022460154275015e-07
1.354749571441163e-07
1.796926044383480e-07
2.386109890882985e-07
3.171932417422724e-07
4.218740765606335e-07
5.612825729000259e-07
7.470835652703827e-07
9.944937404585554e-07
1.324341467537069e-06
1.763355117521349e-06
2.348484892002651e-06
3.127896976605154e-06
4.165714820063390e-06
5.547839928701643e-06
7.388605560658974e-06
9.841732670173971e-06
1.310752035114049e-05
1.747456653307909e-05
2.326455863105480e-05
3.102735417699590e-05
4.128128177126835e-05
5.503230972501839e-05
7.318007988303812e-05
9.739005748329932e-05
1.295829133021901e-04
1.726944250289520e-04
2.299758027101643e-04
3.058921515333081e-04
4.074662995392722e-04
5.420515340743773e-04
7.211458881057014e-04
9.600924895160535e-04
1.273418715012145e-03
1.690732791845716e-03
2.241092943191822e-03
2.968872252638255e-03
3.925089334459488e-03
5.195956149569018e-03
6.860303033558345e-03
9.041084683384437e-03
1.188487786088730e-02
1.559174401819595e-02
2.039703023464476e-02
2.659975344301359e-02
3.454034402265587e-02
4.469603024296347e-02
5.757055138232225e-02
7.379571331457976e-02
9.406001901265990e-02
1.192064350221660e-01
1.500680177760005e-01
1.874505286917670e-01
2.319291265836768e-01
2.840636367606513e-01
3.438268792409321e-01
4.107868640019404e-01
4.839237341601146e-01
5.614409316504704e-01
6.408382628353926e-01
7.184990673673270e-01
7.906181671005068e-01
8.537296524272697e-01
9.051417554376259e-01
9.437002729903574e-01
9.699283283548096e-01
9.858380187034318e-01
9.943757483075146e-01
9.994916596273006e-01
###1.000000000000000e+01
-1.036700688733802e-10
3.464625253226446e-10
2.645499256682296e-10
4.019634856767600e-10
-4.656724475611993e-09
-1.079751623168293e-09
-5.169657706863376e-09
9.811787614174234e-10
2.816577951090606e-09
1.563024679098997e-09
2.048545070422088e-09
2.023739053073601e-09
2.184482939585622e-09
2.305694273434238e-09
2.602710248153571e-09
2.939493473392765e-09
3.385442831291036e-09
3.942618847369889e-09
4.675631231681042e-09
5.619692034224156e-09
6.865102646438932e-09
8.498614789249789e-09
1.061446698919214e-08
1.342486504463630e-08
1.711560538747527e-08
2.202582019071964e-08
2.853476749890331e-08
3.716629175140410e-08
4.845595744028403e-08
6.371431356946963e-08
8.409321984227667e-08
1.112418484013488e-07
1.473588285317088e-07
1.956226783593838e-07
2.598663665178569e-07
3.455763305517051e-07
4.598345968979985e-07
6.120536454753262e-07
8.151962120774601e-07
1.085511916800973e-06
1.446381465272732e-06
1.926952272968383e-06
2.567914967436519e-06
3.422305356488771e-06
4.560641186294769e-06
6.077771737955168e-06
8.100011532182234e-06
1.079672384235790e-05
1.438819361066927e-05
1.919778420413716e-05
2.557672569983103e-05
3.413177928702033e-05
4.545070236283144e-05
6.063433903474547e-05
8.068688430633475e-05
1.074565802442147e-04
1.431106812022110e-04
1.908039429086095e-04
2.542335660109136e-04
3.383421960788125e-04
4.509159285021281e-04
6.001135816983093e-04
7.986890400429263e-04
1.063624238301375e-03
1.410975895395479e-03
1.873534121352161e-03
2.483312190293964e-03
3.289240081509834e-03
4.347377387938688e-03
5.752410462476985e-03
7.590457903640320e-03
9.995448924344669e-03
1.312684523643610e-02
1.720126072183533e-02
2.247242486041914e-02
2.926218729413793e-02
3.792713009903420e-02
4.897690254164630e-02
6.293959345299417e-02
8.046582761872170e-02
1.022756082168429e-01
1.292018417249561e-01
1.620770814237018e-01
2.016725045693019e-01
2.484930782588193e-01
3.029454452605339e-01
3.648908092640761e-01
4.336790038707226e-01
5.080585023477081e-01
5.860017104180634e-01
6.648159926201660e-01
7.408027782334318e-01
8.102204651788331e-01
8.698442063173678e-01
9.173880719595606e-01
9.521808245585259e-01
9.751878503181651e-01
9.886989512503044e-01
9.956730523805674e-01
9.996223333537200e-01
###1.040000000000000e+01
-9.595505776448330e-11
3.519979730944556e-10
2.790641180349744e-10
4.308162863065500e-10
-4.601294852612912e-09
-1.017461689323362e-09
-5.108857104967635e-09
1.039345831873733e-09
2.830171372533403e-09
1.649263614217056e-09
2.151539761497475e-09
2.143988117730460e-09
2.319946482017863e-09
2.469726511210253e-09
2.790950337561245e-09
3.159526243690364e-09
3.643442368522021e-09
4.252506302149870e-09
5.049572440020801e-09
6.079151389868044e-09
7.432507260685739e-09
9.206497540274851e-09
1.151340914340680e-08
1.456443520727955e-08
1.857963838355880e-08
2.391971939055416e-08
3.099794748987737e-08
4.039198868539093e-08
5.268733209222184e-08
6.929371096923424e-08
9.148282444428570e-08
1.210515543424208e-07
1.604062709421908e-07
2.130219629472714e-07
2.830963103562636e-07
3.766277484075766e-07
5.013685584420985e-07
6.676594913613366e-07
8.898165999556859e-07
1.185352377908367e-06
1.580223760387406e-06
2.106524371432925e-06
2.808913466550836e-06
3.745863025577440e-06
4.995054244701008e-06
6.661023802507788e-06
8.883389932893311e-06
1.184887337415181e-05
1.580009827898834e-05
2.109846232898821e-05
2.812898200063877e-05
3.756034195549183e-05
5.005704165482743e-05
6.682447365704744e-05
8.898544399405488e-05
1.185880040192625e-04
1.580616562934965e-04
2.108199998684415e-04
2.810471233378302e-04
3.742100738321222e-04
4.989325133574536e-04
6.642309168329641e-04
8.842828494848102e-04
1.177835833322179e-03
1.562653785528246e-03
2.074870879528765e-03
2.749794692816899e-03
3.641248843860976e-03
4.810734997504900e-03
6.361912200768541e-03
8.388930466427386e-03
1.103714715127793e-02
1.447962742459924e-02
1.895017159922887e-02
2.472143533240586e-02
3.213839920585911e-02
4.157542682544910e-02
5.357282703393653e-02
6.868205295216602e-02
8.757006231573383e-02
1.109763905463734e-01
1.397440347094555e-01
1.746745440907643e-01
2.164991393247405e-01
2.656387478744479e-01
3.223538476208174e-01
3.863596826381638e-01
4.567886140670129e-01
5.321688214265886e-01
6.102458393642319e-01
6.881721293564793e-01
7.622024209268196e-01
8.287033461626249e-01
8.847373023316600e-01
9.284462183610468e-01
9.596397498189885e-01
9.796771817060900e-01
9.910576785973647e-01
9.967035346442307e-01
9.997235323821742e-01
###1.080000000000000e+01
-9.125613102392890e-11
3.631350291983468e-10
3.011180492424102e-10
4.489694177702616e-10
-4.558116158095306e-09
-9.544232459805484e-10
-5.040286274275084e-09
1.097628761737743e-09
2.823511444703172e-09
1.742454945533678e-09
2.264724406312327e-09
2.265439807006767e-09
2.464031580998166e-09
2.641105122747054e-09
2.983800032083510e-09
3.390577188881712e-09
3.918847876891200e-09
4.582870251729655e-09
5.451019057776096e-09
6.574864672113693e-09
8.044738145875014e-09
9.971643398819523e-09
1.248189363669561e-08
1.579940201537746e-08
2.016635286744874e-08
2.597497653123595e-08
3.367294636571729e-08
4.390010586026374e-08
5.729434607320719e-08
7.537021311893933e-08
9.953975100489907e-08
1.317590191707020e-07
1.746728399069758e-07
2.320369910272823e-07
3.084882895494363e-07
4.105879535089741e-07
5.468520801721969e-07
7.285668566388310e-07
9.716087560800761e-07
1.294869418631273e-06
1.727171675896049e-06
2.303741002099922e-06
3.073706554548762e-06
4.101661973380726e-06
5.472990260126081e-06
7.303376945206355e-06
9.746175971961186e-06
1.300869948732157e-05
1.735746962229508e-05
2.319538101118213e-05
3.094557049926541e-05
4.134557138221244e-05
5.514254398270038e-05
7.366280622971691e-05
9.815483230838084e-05
1.308966577903017e-04
1.745773300120271e-04
2.329335339686383e-04
3.106722770420371e-04
4.138301611034563e-04
5.519466390464387e-04
7.350133637353740e-04
9.786778456390009e-04
1.303724575262242e-03
1.729652862880008e-03
2.296343098554148e-03
3.042540936962745e-03
4.027465387901942e-03
5.318332889376752e-03
7.028673254490252e-03
9.260748251656570e-03
1.217212015000126e-02
1.595048151143514e-02
2.084699699297596e-02
2.715440460775772e-02
3.524001804241426e-02
4.549803151572834e-02
5.849683708414116e-02
7.481423520725021e-02
9.512183622807240e-02
1.201823206788198e-01
1.508368725401511e-01
1.878591387150343e-01
2.319179610100220e-01
2.833453468379076e-01
3.422463179057514e-01
4.081777875013292e-01
4.800508749066586e-01
5.561765363967122e-01
6.341024814405897e-01
7.108358181151589e-01
7.826432243536612e-01
8.460478917498712e-01
8.984266970080045e-01
9.383769405709808e-01
9.661570226993502e-01
9.834786159507100e-01
9.929851778443232e-01
9.975133004690114e-01
9.997983745457152e-01
###1.120000000000000e+01
-7.549002003290102e-11
3.882471507089752e-10
3.157598528343285e-10
4.756214266347720e-10
-4.507503695309129e-09
-8.885769404554210e-10
-4.955702758449144e-09
1.158142845981083e-09
2.831988959996059e-09
1.831801463492705e-09
2.375094846711130e-09
2.399344811267570e-09
2.618138893231095e-09
2.820302797545575e-09
3.193218901488905e-09
3.637205038289592e-09
4.208498539306184e-09
4.942946537731546e-09
5.880724238561547e-09
7.104174496174442e-09
8.702078371448853e-09
1.079678785461482e-08
1.352722000598659e-08
1.713614182328001e-08
2.188631123311243e-08
2.820657502548735e-08
3.658308321134061e-08
4.771347038589357e-08
6.231078326402695e-08
8.199834998321046e-08
1.083292813670007e-07
1.434464476485076e-07
1.902481561754064e-07
2.528166957675400e-07
3.362695635975173e-07
4.477543156820172e-07
5.966550144268667e-07
7.953194030607842e-07
1.061286645234512e-06
1.414987548012290e-06
1.888493988552975e-06
2.520417065300554e-06
3.364805048823031e-06
4.492972974380585e-06
5.999014160501068e-06
8.010443143588176e-06
1.069635824526140e-05
1.428704048271468e-05
1.907481591090526e-05
2.550913543878634e-05
3.405360538892868e-05
4.552625475244806e-05
6.075890006811070e-05
8.121629965555229e-05
1.082817254349266e-04
1.444920157196724e-04
1.928119793781227e-04
2.573560356475685e-04
3.433809353716359e-04
4.575572597346945e-04
6.104349880487432e-04
8.130591068847271e-04
1.082701555640705e-03
1.442279644134124e-03
1.913361121746321e-03
2.539674624251379e-03
3.363862606097425e-03
4.450784065812900e-03
5.873836024758353e-03
7.757028349451444e-03
1.021123231324333e-02
1.340728398243520e-02
1.754717115152009e-02
2.290140388542852e-02
2.978220122012406e-02
3.857964847788770e-02
4.970751051223571e-02
6.376312321284699e-02
8.134469579092071e-02
1.031315001852966e-01
1.299034710902334e-01
1.624887394050294e-01
2.016253284571701e-01
2.479182074712039e-01
3.015861639922242e-01
3.625833798021922e-01
4.302846982744855e-01
5.033934657914770e-01
5.800040122090059e-01
6.574862133997300e-01
7.327442710793683e-01
8.020889426390856e-01
8.622414017333501e-01
9.109426621874978e-01
9.472367612684395e-01
9.718122531701178e-01
9.866722282590876e-01
9.945456015714567e-01
9.981430505746085e-01
9.998546695446832e-01
###1.160000000000000e+01
-5.824111291458422e-11
3.972564938135710e-10
3.329907056349357e-10
5.014582275646152e-10
-4.457795288362026e-09
-8.186031021942047e-10
-4.872412171440064e-09
1.196673601706492e-09
2.839872078623410e-09
1.936401168188187e-09
2.488343963620113e-09
2.534391770418170e-09
2.773453748844883e-09
3.010091406844821e-09
3.415486014538725e-09
3.898571099517140e-09
4.512457299364137e-09
5.318116131606917e-09
6.341431911768303e-09
7.671218431142784e-09
9.409527354570608e-09
1.168460476663707e-08
1.465665866084279e-08
1.858883590018709e-08
2.375133619512775e-08
3.063050735685598e-08
3.974378929549186e-08
5.186185842032332e-08
6.777421776672286e-08
8.922181313523556e-08
1.179187651143139e-07
1.562009781460478e-07
2.072698851468249e-07
2.755337759185482e-07
3.666609112033394e-07
4.884413393398065e-07
6.512063311328086e-07
8.684883264181309e-07
1.159631136344250e-06
1.546831744519378e-06
2.065655937019539e-06
2.758542998711183e-06
3.684898253242698e-06
4.923317851623146e-06
6.577929775158033e-06
8.788966526582227e-06
1.174380283909777e-05
1.569561524580566e-05
2.096839507718484e-05
2.806068005325107e-05
3.748387339975893e-05
5.014163789463674e-05
6.696156882919497e-05
8.955470130338566e-05
1.194653442369206e-04
1.594998828608314e-04
2.129234997260394e-04
2.843212227746543e-04
3.794732055160405e-04
5.057943831843121e-04
6.749148207770873e-04
8.990306279846777e-04
1.197205738811077e-03
1.594715738228484e-03
2.115175858705803e-03
2.806726273202054e-03
3.716072164334899e-03
4.914091781101913e-03
6.480770680242098e-03
8.551491169965003e-03
1.124608549554927e-02
1.474928442137965e-02
1.927764771648425e-02
2.512198016842453e-02
3.261497734289393e-02
4.216875611555862e-02
5.421624134217072e-02
6.938387251387139e-02
8.828779014144592e-02
1.116105979965027e-01
1.401477985695580e-01
1.747005930063861e-01
2.159672611846930e-01
2.644788546044798e-01
3.203325748059892e-01
3.833149747302525e-01
4.526243610715106e-01
5.267507671802506e-01
6.035807315259671e-01
6.803301046417821e-01
7.538394418393775e-01
8.204997914296429e-01
8.772862531757819e-01
9.223214208943298e-01
9.550927014153840e-01
9.766834150755407e-01
9.893335518280737e-01
9.957968712335996e-01
9.986275123850213e-01
9.998962078981589e-01
###1.200000000000001e+01
-4.291858159418547e-11
4.091207733552148e-10
3.495298944010477e-10
5.296327878566697e-10
-4.404549301650254e-09
-7.403493943240034e-10
-4.779802071997732e-09
1.255938547991892e-09
2.856160751977381e-09
2.037055318743266e-09
2.606013059792200e-09
2.677972565921136e-09
2.938939662165243e-09
3.209866576033911e-09
3.647044865306907e-09
4.173854674339598e-09
4.842770076167121e-09
5.719067967746499e-09
6.831654948248379e-09
8.277214795505255e-09
1.017013859427600e-08
1.264343393542566e-08
1.587162529528832e-08
2.015434506519887e-08
2.577208295838387e-08
3.326050776917105e-08
4.318289925530467e-08
5.637747777289542e-08
7.372589184755427e-08
9.709839961470547e-08
1.283855295964519e-07
1.701278514238395e-07
2.258688810098197e-07
3.003787065122566e-07
3.999129376403695e-07
5.329953574294491e-07
7.109658800014074e-07
9.487125237472188e-07
1.267519291234156e-06
1.691604181456971e-06
2.260212068458129e-06
3.020134835735608e-06
4.036901368025193e-06
5.397045193922804e-06
7.215019556258534e-06
9.646227531098878e-06
1.289734920447099e-05
1.724851299649088e-05
2.305697058137858e-05
3.087513703128915e-05
4.126760432484672e-05
5.523276622339746e-05
7.380349766195663e-05
9.875777349565636e-05
1.318054386623149e-04
1.760604911348511e-04
2.351108543295217e-04
3.140587940592633e-04
4.192686116108884e-04
5.589494670548133e-04
7.459195483145256e-04
9.936748031799344e-04
1.323131266773166e-03
1.762222207080050e-03
2.336699598682563e-03
3.099548134439271e-03
4.101562289190064e-03
5.420477281123775e-03
7.143233444998052e-03
9.416974151951469e-03
1.237119438645009e-02
1.620483563234524e-02
2.115038098388804e-02
2.751941493871051e-02
3.566409160375923e-02
4.601345825898073e-02
5.903860241180938e-02
7.537314785178070e-02
9.565480160167453e-02
1.205723768988089e-01
1.509158776159187e-01
1.874723132371394e-01
2.308772441208629e-01
2.815819210603608e-01
3.395468458357690e-01
4.043993424506531e-01
4.751399130134435e-01
5.500480350533451e-01
6.268307058114212e-01
7.025625412864964e-01
7.740671256037659e-01
8.378552470988246e-01
8.912030262540985e-01
9.326101886022763e-01
9.620147471395118e-01
9.808483913703121e-01
9.915318604376857e-01
9.967911059290843e-01
9.989960667472748e-01
9.999308761076057e-01
###1.240000000000001e+01
-2.470310742697254e-11
4.118414561977672e-10
3.740518999108337e-10
5.554962786780319e-10
-4.365652601681448e-09
-6.666885244873035e-10
-4.683960125630921e-09
1.327804208067766e-09
2.874534549404891e-09
2.140333022841456e-09
2.729678275979000e-09
2.825786693952960e-09
3.114443366991002e-09
3.417101303989515e-09
3.888334773704394e-09
4.466735965418197e-09
5.197210122359845e-09
6.148382067948791e-09
7.359196774737904e-09
8.930934971297276e-09
1.098926954882592e-08
1.367737069770278e-08
1.718503685946018e-08
2.184929587665370e-08
2.796541922847649e-08
3.611773806830652e-08
4.692085658488201e-08
6.129124290721425e-08
8.021131736066011e-08
1.056922331627829e-07
1.398099109202871e-07
1.853505029803196e-07
2.461999424630173e-07
3.275625172759626e-07
4.363239315003199e-07
5.818018041563694e-07
7.764823377663413e-07
1.036691432252692e-06
1.385641675301169e-06
1.850558548005575e-06
2.473926219457516e-06
3.307643893935363e-06
4.423997252423130e-06
5.917972165622578e-06
7.916348368618961e-06
1.059038137650992e-05
1.416871839848820e-05
1.896034034698497e-05
2.536056540298276e-05
3.397909421615518e-05
4.544152163411369e-05
6.084950552417855e-05
8.135172570625209e-05
1.089134135108711e-04
1.454233384903852e-04
1.943245946833108e-04
2.595813785123546e-04
3.468379384258999e-04
4.631198411362612e-04
6.175528390462981e-04
8.240662337007775e-04
1.097736596477404e-03
1.461483973085329e-03
1.946017779725108e-03
2.579561640391921e-03
3.420117355041073e-03
4.523174994129298e-03
5.973308905548307e-03
7.865146729180832e-03
1.035842113288757e-02
1.359242636004242e-02
1.778156091279438e-02
2.317413837771849e-02
3.010282336342996e-02
3.893994764450951e-02
5.013379228453731e-02
6.418660913720008e-02
8.174318823308595e-02
1.034574772259579e-01
1.300199369448696e-01
1.622144118202855e-01
2.007981265075588e-01
2.463442341099095e-01
2.992059417921171e-01
3.592006442499711e-01
4.257868146683509e-01
4.977634118914472e-01
5.732118559052521e-01
6.496761520912339e-01
7.241187221733133e-01
7.933817117525785e-01
8.541438187078118e-01
9.040012112984792e-01
9.418576870039111e-01
9.680716262321624e-01
9.843829763375422e-01
9.933323835994847e-01
9.975725756481798e-01
9.992731621009935e-01
9.999500268681644e-01
###1.280000000000001e+01
-1.079127721069378e-11
4.231176354778121e-10
3.885413109793670e-10
5.893031091202389e-10
-4.313109454902992e-09
-5.876932183187530e-10
-4.586503417452927e-09
1.403164048293103e-09
2.902122484721709e-09
2.253745230827552e-09
2.861606389362983e-09
2.983133338128555e-09
3.293542931658504e-09
3.634983082910583e-09
4.148529028114534e-09
4.776996100311347e-09
5.573083290250875e-09
6.607665068689560e-09
7.924200206039962e-09
9.634822769640929e-09
1.187070858964962e-08
1.479395961878096e-08
1.857535714814412e-08
2.368428038916816e-08
3.034345205016708e-08
3.922184974516701e-08
5.099175524775690e-08
6.663294669755985e-08
8.728217636717249e-08
1.150649311819535e-07
1.522815659280599e-07
2.019914168066203e-07
2.684179818333348e-07
3.573045180849298e-07
4.761747946337752e-07
6.352756123896620e-07
8.483799742124833e-07
1.133193529111330e-06
1.515230146273339e-06
2.025033892517099e-06
2.708646240131793e-06
3.623814487078985e-06
4.849717535984152e-06
6.491149873703623e-06
8.688409413067070e-06
1.163031907308622e-05
1.556912990984553e-05
2.084675471337095e-05
2.790269038308461e-05
3.740176056763173e-05
5.004341623415127e-05
6.704495629723444e-05
8.967731351457035e-05
1.201128857097004e-04
1.604343787041909e-04
2.144582652159922e-04
2.865460910276721e-04
3.829481371021484e-04
5.114075457019601e-04
6.820684496488432e-04
9.099957834126539e-04
1.212082201835045e-03
1.613311983733226e-03
2.147550993616302e-03
2.845548815001620e-03
3.770704899326934e-03
4.983591628767871e-03
6.576151860422046e-03
8.650886281554096e-03
1.138117991378214e-02
1.491639227860923e-02
1.948659040854877e-02
2.535738953343395e-02
3.288219545100463e-02
4.245438959675814e-02
5.454251728163840e-02
6.967271179159072e-02
8.850579022285730e-02
1.117078720147329e-01
1.399632541206331e-01
1.740455725374889e-01
2.146769929155640e-01
2.623498841828720e-01
3.173208455636105e-01
3.792459085604377e-01
4.474132626889169e-01
5.204290816569299e-01
5.961780720776695e-01
6.720503472573979e-01
7.449409648357559e-01
8.117506802970796e-01
8.693616956473369e-01
9.157077364047177e-01
9.501181935017459e-01
9.733368587733501e-01
9.873597640014966e-01
9.947940887198450e-01
9.981786526822887e-01
9.994759007873859e-01
9.999917913453666e-01
###1.320000000000001e+01
5.662573147055131e-12
4.379459863168071e-10
4.076494107646334e-10
6.142774654697860e-10
-4.255282209079596e-09
-5.058381708572769e-10
-4.480069403827261e-09
1.480572767125710e-09
2.936026702862426e-09
2.368981274750607e-09
2.996745055789238e-09
3.145353907074767e-09
3.486106837223251e-09
3.867472682794628e-09
4.423738591178674e-09
5.106274946559920e-09
5.973830607707342e-09
7.099300339247024e-09
8.528361764755095e-09
1.038775958571110e-08
1.281360210361131e-08
1.599572897019864e-08
2.010729870353322e-08
2.566894324967765e-08
3.292415968666970e-08
4.259403210994641e-08
5.542239031637918e-08
7.243740133872578e-08
9.499519865291266e-08
1.252960888469663e-07
1.659020444686686e-07
2.201809926721314e-07
2.927365184512021e-07
3.898703671601795e-07
5.198237491118263e-07
6.938910367365821e-07
9.271245540737250e-07
1.239063981821339e-06
1.657534056040718e-06
2.216738104177352e-06
2.966717366699929e-06
3.971396865901251e-06
5.318002369329969e-06
7.122083107554354e-06
9.538888919182538e-06
1.277575767777363e-05
1.711234549839663e-05
2.292568366965625e-05
3.070378195499398e-05
4.117485812454408e-05
5.511761563664579e-05
7.387517337585139e-05
9.885656285106620e-05
1.324593655117214e-04
1.769880202348559e-04
2.366381504788152e-04
3.162497306701855e-04
4.226930491835160e-04
5.645198045439888e-04
7.529729121659604e-04
1.004424058445549e-03
1.337569743947235e-03
1.779851303794648e-03
2.368323896779157e-03
3.136433385333389e-03
4.153722882567669e-03
5.485832945599241e-03
7.232655155320709e-03
9.505040020526476e-03
1.249075770500062e-02
1.634966032789216e-02
2.132843604754632e-02
2.770933438709120e-02
3.586822128897656e-02
4.621952576336545e-02
5.924956562660411e-02
7.550939027133428e-02
9.567274169619312e-02
1.204143356882704e-01
1.504101723361760e-01
1.864098078866289e-01
2.290976362653142e-01
2.788792540146263e-01
3.358971336479046e-01
3.996458432687617e-01
4.692365213129085e-01
5.430718461184078e-01
6.188665808891463e-01
6.938824762628941e-01
7.649807714101986e-01
8.291428133995037e-01
8.835059346018492e-01
9.263638617878353e-01
9.574536300035651e-01
9.778815275476820e-01
9.898472193665151e-01
9.959717793643484e-01
9.986503557791782e-01
9.996318465244032e-01
9.999917913453666e-01
###1.360000000000001e+01
1.139560236601433e-11
4.697313552072771e-10
4.085012409871594e-10
6.449807194952187e-10
-4.198613500799932e-09
-4.095913416259821e-10
-4.366151895677992e-09
1.557399644499378e-09
2.979765909331875e-09
2.489615924486386e-09
3.142488547381111e-09
3.320931465495453e-09
3.689036453768823e-09
4.114113541950980e-09
4.715374204938576e-09
5.457364442490505e-09
6.402475212856767e-09
7.624249405568538e-09
9.178234533994325e-09
1.120440905589015e-08
1.383659203584689e-08
1.729623270349526e-08
2.177942246437702e-08
2.782483214997883e-08
3.572514043821621e-08
4.626064115947999e-08
6.023846255393106e-08
7.875902728211648e-08
1.033936641809159e-07
1.364546201425149e-07
1.807771352188379e-07
2.400537793283705e-07
3.193282262659551e-07
4.255025485081413e-07
5.676394046122389e-07
7.581257972793691e-07
1.013456988556709e-06
1.355306448118003e-06
1.813875300727173e-06
2.427336911636194e-06
3.250410359295199e-06
4.353806767260194e-06
5.833345937769446e-06
7.816751776459467e-06
1.047478256463382e-05
1.403738960724785e-05
1.881177822085828e-05
2.521544613518104e-05
3.379093739417780e-05
4.533173006647687e-05
6.070912951245629e-05
8.140338553959979e-05
1.089715100762503e-04
1.460595348588974e-04
1.952295399354275e-04
2.610713580194024e-04
3.489355682983144e-04
4.664290709756558e-04
6.229405809677262e-04
8.308531481900389e-04
1.108056707965019e-03
1.475200254123763e-03
1.962267260829657e-03
2.609866026448352e-03
3.454255495309949e-03
4.571614711259552e-03
6.032999144488081e-03
7.946598226892703e-03
1.043213939850678e-02
1.369294893933872e-02
1.789928865793470e-02
2.331444239980258e-02
3.023967691060008e-02
3.907178764148710e-02
5.024574975271339e-02
6.426731708044675e-02
8.170854211069356e-02
1.032541881686949e-01
1.295873371008078e-01
1.613615061464466e-01
1.993081119891409e-01
2.440544092425511e-01
2.959126393656183e-01
3.549012104534771e-01
4.203499929932596e-01
4.911897854916037e-01
5.656250326438337e-01
6.412160953178495e-01
7.151165105434141e-01
7.841875451230169e-01
8.455379216456759e-01
8.965834594958657e-01
9.360029692635309e-01
9.639263645277352e-01
9.817764652847704e-01
9.919076571715209e-01
9.969096949677537e-01
9.990085855477453e-01
9.997416122279106e-01
9.999917913453666e-01
###1.400000000000001e+01
3.653156558561523e-11
4.744558915469725e-10
4.314018088140935e-10
6.784804055233470e-10
-4.131306530677100e-09
-3.158243643626933e-10
-4.247239923310188e-09
1.636837161388533e-09
3.036504723112150e-09
2.617742669558459e-09
3.294979675999199e-09
3.501173129302378e-09
3.901636133468925e-09
4.371275511472481e-09
5.025933137903016e-09
5.834242850786397e-09
6.859913756110620e-09
8.185119611241969e-09
9.876551817411355e-09
1.207899041000718e-08
1.494128588792071e-08
1.870327177027436e-08
2.358865327642614e-08
3.016265214066971e-08
3.876799725744916e-08
5.024218592184343e-08
6.548608923196975e-08
8.564654317632379e-08
1.125550975637448e-07
1.486353090020841e-07
1.970280864260914e-07
2.617848667642074e-07
3.484386070355456e-07
4.645397629291285e-07
6.200397744413340e-07
8.285565116096095e-07
1.108197436453906e-06
1.482768755528104e-06
1.985539328705881e-06
2.658707363896597e-06
3.562320170471753e-06
4.774118874784796e-06
6.400133176740809e-06
8.580501487170511e-06
1.150527685684593e-05
1.542649648460446e-05
2.068368634914919e-05
2.773914881640379e-05
3.719108082432804e-05
4.991119733000506e-05
6.687076928259826e-05
8.969613547881551e-05
1.201140965180622e-04
1.610335573226685e-04
2.153104364119174e-04
2.879462334160643e-04
3.848856187190861e-04
5.145037006022451e-04
6.870849473120075e-04
9.163391686475669e-04
1.221696646941223e-03
1.625950433723585e-03
2.161805453402416e-03
2.873883390712268e-03
3.801266583013126e-03
5.027077277229103e-03
6.628209046263257e-03
8.722136463404660e-03
1.143735126801900e-02
1.499351985887725e-02
1.957204564798321e-02
2.545364314513582e-02
3.295742938107377e-02
4.250312026171539e-02
5.454559289179093e-02
6.960939872189063e-02
8.828236522571503e-02
1.112628742190756e-01
1.392318506212865e-01
1.728244517388660e-01
2.127374716404080e-01
2.595339665173373e-01
3.134260583499464e-01
3.743018266164518e-01
4.413169331183467e-01
5.132099491953314e-01
5.880217943580796e-01
6.631526007369164e-01
7.356918181532500e-01
8.025218844118726e-01
8.609249596691156e-01
9.086209043555800e-01
9.446774078684596e-01
9.696012773116197e-01
9.850909062895505e-01
9.936017290945478e-01
9.976505639088050e-01
9.992787760199197e-01
9.998204533899361e-01
9.999917913453666e-01
###1.440000000000001e+01
4.133781693637663e-11
4.927067146975995e-10
4.562233049556367e-10
7.092707463971208e-10
-4.064480430971552e-09
-2.119913895051403e-10
-4.122102949568843e-09
1.728622010328763e-09
3.095430703809713e-09
2.750778264735923e-09
3.449810553970483e-09
3.694702110072840e-09
4.129626979118183e-09
4.642408136742257e-09
5.355282593625809e-09
6.233043078664843e-09
7.339898740270039e-09
8.787994751495713e-09
1.062636377177237e-08
1.302328937945301e-08
1.613321448950820e-08
2.022455643097060e-08
2.554887383586408e-08
3.269801147030622e-08
4.207361204660249e-08
5.457522839296344e-08
7.119727388590319e-08
9.315885553422901e-08
1.225491409233396e-07
1.619440050222986e-07
2.147956629872986e-07
2.855553998249954e-07
3.802981650739155e-07
5.072857377832542e-07
6.774886101004927e-07
9.058263310933515e-07
1.212196364217296e-06
1.622857662597865e-06
2.174185473948236e-06
2.912974488747082e-06
3.905198506782914e-06
5.236454371185418e-06
7.023810923282200e-06
9.421571959273107e-06
1.263956363939900e-05
1.695632483823119e-05
2.274582502385957e-05
3.051785006498366e-05
4.093707806831981e-05
5.495758497210040e-05
7.365992137511380e-05
9.882865304217011e-05
1.323748962733870e-04
1.775154973445468e-04
2.373972241649903e-04
3.174941856227556e-04
4.243972566521827e-04
5.672921702780783e-04
7.574793869287661e-04
1.010055339674143e-03
1.346175921092339e-03
1.790937874517948e-03
2.380014128354511e-03
3.162129820453172e-03
4.179603885522915e-03
5.522945262789155e-03
7.275385956774321e-03
9.563568930441559e-03
1.252615900919192e-02
1.639957553844318e-02
2.137559129708758e-02
2.775478165954659e-02
3.587333594355514e-02
4.617326856906085e-02
5.912955727088528e-02
7.528558055009645e-02
9.524197519584353e-02
1.197074343089936e-01
1.493555163815407e-01
1.847963226298229e-01
2.266896088276767e-01
2.755207369338518e-01
3.313957941894560e-01
3.940558668711976e-01
4.624885326864093e-01
5.352477202202829e-01
6.102002103561920e-01
6.846178002330339e-01
7.555541685094642e-01
8.199556261775847e-01
8.753008266152481e-01
9.196425299525621e-01
9.524399171451314e-01
9.745439292848308e-01
9.878888038947092e-01
9.949818307878986e-01
9.982296007930952e-01
9.994802267198929e-01
9.998762627980413e-01
9.999917913453666e-01
###1.480000000000001e+01
5.957949043579303e-11
5.157395879384711e-10
4.836670908551288e-10
7.452972331327695e-10
-3.994505303031159e-09
-1.123502667244200e-10
-3.996058466592764e-09
1.816555934782646e-09
3.161005478163231e-09
2.893744287795097e-09
3.624126706955960e-09
3.898878016777109e-09
4.371335807946899e-09
4.933802192799270e-09
5.704770343778175e-09
6.657353462248161e-09
7.862453649184527e-09
9.432016389624238e-09
1.143251374868426e-08
1.403720612507248e-08
1.741995205101224e-08
2.186865511882212e-08
2.767043615468909e-08
3.545054007053190e-08
4.566394968370591e-08
5.928934363916413e-08
7.741904892561184e-08
1.013544346031366e-07
1.334559345172725e-07
1.764880316531267e-07
2.342281832807282e-07
3.115797492774570e-07
4.151770004027750e-07
5.541192802383826e-07
7.404464447798765e-07
9.904967812266541e-07
1.326293303647580e-06
1.776574496310695e-06
2.381378752535380e-06
3.192396106520555e-06
4.282134657895354e-06
5.744900770740425e-06
7.710034110424641e-06
1.034747008730010e-05
1.388795773998110e-05
1.864090357780941e-05
2.501560120480777e-05
3.357753042021290e-05
4.506051047570458e-05
6.051383206030807e-05
8.113069044538212e-05
1.088783293446120e-04
1.458682977401694e-04
1.956442347521914e-04
2.616785940942594e-04
3.499672017495284e-04
4.677716788872709e-04
6.252182576526234e-04
8.346726994508058e-04
1.112719388357527e-03
1.482431639623078e-03
1.971265260326226e-03
2.618309684219801e-03
3.476517471991591e-03
4.591743684499775e-03
6.062120915784245e-03
7.977812291813937e-03
1.047536631727706e-02
1.370360771586997e-02
1.791599818217965e-02
2.331750019550070e-02
3.022565592283402e-02
3.899680621493127e-02
5.009319218934190e-02
6.401060700188409e-02
8.130633918330549e-02
1.025984670913163e-01
1.285980546792124e-01
1.599626675935588e-01
1.972781493145311e-01
2.411548388353664e-01
2.919971497579280e-01
3.497868958439874e-01
4.141228703477663e-01
4.838124845999784e-01
5.572292962120545e-01
6.320902363752062e-01
7.055527281720182e-01
7.746562783532344e-01
8.364555309861287e-01
8.886651484918912e-01
9.296823062077552e-01
9.593412720285700e-01
9.788196452559562e-01
9.902344639745817e-01
9.960970490464216e-01
9.986783024381465e-01
9.996291053428225e-01
9.999154893928430e-01
9.999917913453666e-01
###1.520000000000001e+01
8.229394164036376e-11
5.363472611352851e-10
5.049800422377229e-10
7.802767565217175e-10
-3.905647166891599e-09
-1.251560493426692e-11
-3.863142097622617e-09
1.917592207864888e-09
3.211081596397478e-09
3.041887193728747e-09
3.812905935269034e-09
4.112626398732417e-09
4.626521255012198e-09
5.248096748021535e-09
6.075374927179502e-09
7.110688174506079e-09
8.430859741556109e-09
1.012270397437593e-08
1.229788130848877e-08
1.512904688671275e-08
1.880921886883153e-08
2.364915540960823e-08
2.996915007120441e-08
3.843780089074014e-08
4.956600198332133e-08
6.442084979965460e-08
8.419400727134407e-08
1.102956480743205e-07
1.453687349954070e-07
1.923801818924020e-07
2.554711553347763e-07
3.400453357322177e-07
4.533694308589460e-07
6.054577605413315e-07
8.094844721927655e-07
1.083440298199241e-06
1.451541629497231e-06
1.945440527555207e-06
2.608950237343052e-06
3.499392137136233e-06
4.696450125667998e-06
6.303986059564501e-06
8.464933837272789e-06
1.136580056002986e-05
1.526207781716878e-05
2.049371887349986e-05
2.751447615555307e-05
3.694560109770189e-05
4.959354507128249e-05
6.662777268758657e-05
8.935220386452585e-05
1.199382762960250e-04
1.607097201969062e-04
2.155775110296642e-04
2.883602793278161e-04
3.856296295943926e-04
5.153888395649146e-04
6.887389901145267e-04
9.192592417482916e-04
1.225080683078514e-03
1.631427738229662e-03
2.168248870924496e-03
2.878267572099534e-03
3.818977892771597e-03
5.040023665997813e-03
6.647713115807906e-03
8.739483203472936e-03
1.146229043438790e-02
1.497515599561701e-02
1.955049656479771e-02
2.540501709905777e-02
3.287577518317448e-02
4.233727515113902e-02
5.427383955007220e-02
6.919874174181184e-02
8.768401863911571e-02
1.103604168968359e-01
1.379356773880385e-01
1.710588714710159e-01
2.102688547105498e-01
2.561245820376467e-01
3.089382178227374e-01
3.685690743553472e-01
4.344588958513508e-01
5.052315316163103e-01
5.790955923455703e-01
6.536310989538761e-01
7.258949551658878e-01
7.929571948779947e-01
8.520157796506888e-01
9.010354105545043e-01
9.387743835600835e-01
9.654408529154171e-01
9.824925415059046e-01
9.921839888079569e-01
9.969896111406803e-01
9.990222618121102e-01
9.997377559261984e-01
9.999426638365321e-01
9.999917913453666e-01
###1.560000000000001e+01
1.070872459339163e-10
5.788562281628159e-10
5.487194084767537e-10
8.396963005822331e-10
-3.796741131094452e-09
1.298521275219379e-10
-3.678314800783481e-09
2.068909722205892e-09
3.353132070277821e-09
3.272734478504299e-09
4.095742277436744e-09
4.417014561854483e-09
4.966227274451818e-09
5.641183738539912e-09
6.534915971456509e-09
7.656182393315833e-09
9.087050666085483e-09
1.092368985607457e-08
1.328771349149271e-08
1.636482592677095e-08
2.036898551577179e-08
2.563565334669404e-08
3.252697771499647e-08
4.174209035477372e-08
5.385878791340716e-08
7.006411340045486e-08
9.163390921178841e-08
1.200923260944297e-07
1.584160432724730e-07
2.097901387804293e-07
2.787429121039193e-07
3.712639403426129e-07
4.952476935833616e-07
6.617264841296761e-07
8.852150503685047e-07
1.185470636923599e-06
1.589064147600509e-06
2.130911387028969e-06
2.859113034091140e-06
3.836852283123542e-06
5.151889695398532e-06
6.918947782894423e-06
9.295206252521747e-06
1.248636491201338e-05
1.677414731411469e-05
2.253242935825001e-05
3.026378464280278e-05
4.065189768768906e-05
5.458055141248349e-05
7.334406472506108e-05
9.839170686486036e-05
1.320968104450701e-04
1.770197994241176e-04
2.374728271951316e-04
3.176544044733496e-04
4.247656116676049e-04
5.676255926643130e-04
7.583480537555086e-04
1.011879977765545e-03
1.347984443973163e-03
1.794208829981306e-03
2.383261396862083e-03
3.161660776980206e-03
4.191647429156263e-03
5.526975050011291e-03
7.282761842759614e-03
9.564535897180548e-03
1.252893629675136e-02
1.634733559220946e-02
2.130992212960224e-02
2.764715238757808e-02
3.571463571510442e-02
4.590600607022959e-02
5.872693491452231e-02
7.470666630828787e-02
9.443151316067987e-02
1.185387114679054e-01
1.477353729486223e-01
1.826428687921702e-01
2.237637745435684e-01
2.715862746054049e-01
3.263241799053109e-01
3.877082481694671e-01
4.550148608526752e-01
5.266957599737975e-01
6.007999273470367e-01
6.747541289471291e-01
7.455976813817254e-01
8.104238287663864e-01
8.666217472612082e-01
9.124292564520398e-01
9.469690214303487e-01
9.707994802104664e-01
9.856275236517775e-01
9.937931045824031e-01
9.976984279911375e-01
9.992835983427734e-01
9.998163857419977e-01
9.999613626228249e-01
9.999917913453666e-01
