# NLO BK equation solver 0.0-dev build  (build Feb 16 2026 17:52:53)
# Initial condition: MV model, Q_s0^2 = 0.00709889 GeV^2, \gamma = 1, coefficient of E inside Log is 1, x0=0.01, \Lambda_QCD = 0.241 GeV
# # LO Kernel RC:  Balitsky. NLO Kernel RC:  smallest dipole
# Nc=3, Nf=4
# Using RungeKutta method in K1
# Resumming double log
# Resumming single log, K_sub=0.65 resum rc: smallest
# BK K1 integration relative accuracy: 0.02# NLO BK as^2 terms: MC integration method: Vegas, points=1000000
# Kinematical constraint: none
# Target kinematical constraint: disabled

###1.000000000000000e-05
###1.160836920850890e+00
###100
###1.000000000000000e+00
###0.000000000000000e+00
2.295762069324720e-12
3.057969544056609e-12
4.072680632586589e-12
5.423343012227132e-12
7.220908759402690e-12
9.612872961577180e-12
1.279527279788253e-11
1.702861313313531e-11
2.265899857233159e-11
3.014616733049649e-11
4.010067182641635e-11
5.333317767660117e-11
7.091981354982867e-11
9.428877402287483e-11
1.253350548180037e-10
1.665724145370468e-10
2.213345802611451e-10
2.940415711455193e-10
3.905521002035868e-10
5.186297185052159e-10
6.885591983583542e-10
9.139612823861184e-10
1.212869231898126e-09
1.609150741225907e-09
2.134385251261270e-09
2.830341466131132e-09
3.752245527769716e-09
4.973090198045403e-09
6.589313925690685e-09
8.728281555172986e-09
1.155813311302740e-08
1.530074326699211e-08
2.024876427092277e-08
2.678802579747932e-08
3.542695715365002e-08
4.683520830749722e-08
6.189431123529612e-08
8.176408785601073e-08
1.079696338669589e-07
1.425151644500187e-07
1.880328946894623e-07
2.479775682995363e-07
3.268804008882125e-07
4.306802698790672e-07
5.671552185476570e-07
7.464840715218983e-07
9.819765952538452e-07
1.291021699608223e-06
1.696317321798962e-06
2.227463687053797e-06
2.923024639162819e-06
3.833190981071885e-06
5.023216895751732e-06
6.577847583833224e-06
8.607015840231613e-06
1.125309734206770e-05
1.470050818619395e-05
1.918745619589046e-05
2.502148989447228e-05
3.259912006592369e-05
4.243091107669628e-05
5.517347811856421e-05
7.167026645427121e-05
9.300350976471083e-05
1.205604437743979e-04
1.561177439284300e-04
2.019493391715033e-04
2.609643350678370e-04
3.368839068417229e-04
4.344688997112156e-04
5.598137759290633e-04
7.207278446323961e-04
9.272318896188514e-04
1.192208005763473e-03
1.532253479013979e-03
1.968806920931376e-03
2.529637863101453e-03
3.250821162366191e-03
4.179356658093214e-03
5.376644532482433e-03
6.923089669686577e-03
8.924185273209706e-03
1.151851652597580e-02
1.488822438097803e-02
1.927256418041234e-02
2.498525352280978e-02
3.243626778866282e-02
4.215849535360117e-02
5.483900290855781e-02
7.135323692191675e-02
9.279774602911561e-02
1.205121436467682e-01
1.560730392483746e-01
2.012307425420676e-01
2.577442466007441e-01
3.270559743227170e-01
4.097487877319369e-01
5.047730646303916e-01
6.085664392252785e-01
7.144471558525322e-01
###4.000000000000000e-01
-7.926842276377937e-09
1.314613446178905e-08
6.158578544974257e-11
2.527459077227372e-11
5.017459773819954e-11
6.202087751335129e-11
1.078809902373117e-10
8.075676005598616e-11
8.688044836605758e-11
8.994644118041943e-11
1.233748094838724e-10
1.111035819539157e-10
1.215240655058406e-10
1.467337121565011e-10
1.787304541766150e-10
2.204603608894441e-10
2.943795934996133e-10
3.606529114163568e-10
4.570004649707997e-10
5.921596202357419e-10
7.790620800337781e-10
1.019166524002350e-09
1.342809813866942e-09
1.768731915605584e-09
2.332903198013630e-09
3.084243396055675e-09
4.078362020822017e-09
5.394494557362888e-09
7.137541807669915e-09
9.456574928754476e-09
1.250773755872091e-08
1.656223208487755e-08
2.191375264634569e-08
2.897874938497607e-08
3.832955589051491e-08
5.067033627301425e-08
6.699515428576740e-08
8.851723179521284e-08
1.169287324241707e-07
1.543666391598874e-07
2.037058069251170e-07
2.687248532397726e-07
3.542194733719728e-07
4.668762481527958e-07
6.149496232576424e-07
8.095691862424052e-07
1.065361109553970e-06
1.400935992879438e-06
1.841106384271905e-06
2.418835790495295e-06
3.175276882742934e-06
4.165739113569214e-06
5.461129462315918e-06
7.156943162502110e-06
9.365747353577530e-06
1.224935537981585e-05
1.600808406740279e-05
2.090635884978774e-05
2.727929012989305e-05
3.555528954514325e-05
4.631840322687559e-05
6.026848226939687e-05
7.835581311919894e-05
1.017639279962305e-04
1.320463597458480e-04
1.711901715107458e-04
2.216683435991452e-04
2.867911290530261e-04
3.706554247551364e-04
4.789622401199949e-04
6.182421547045397e-04
7.975491489482027e-04
1.028180408270812e-03
1.325165438091169e-03
1.707359227700582e-03
2.199826032469274e-03
2.833603633985780e-03
3.652505260832053e-03
4.709864565847674e-03
6.077530606810145e-03
7.852765772803865e-03
1.015575773828616e-02
1.315671580231547e-02
1.706964959616633e-02
2.217290049542633e-02
2.884199782460658e-02
3.754828784334011e-02
4.889477404899616e-02
6.370713018658400e-02
8.299488678747903e-02
1.080548146839109e-01
1.403431813767466e-01
1.815906204186603e-01
2.335363112290867e-01
2.979339550555562e-01
3.759607734121834e-01
4.684812324715094e-01
5.757668959678089e-01
7.053272362361743e-01
9.549511118525634e-01
###8.000000000000000e-01
-7.904480502219903e-09
1.309060958252129e-08
9.590928791124953e-11
6.840354125177058e-11
8.408146422980968e-11
1.208319449983197e-10
1.959283970735519e-10
1.683177333575919e-10
1.901504794851642e-10
1.434342696615057e-10
1.897189434739167e-10
1.862037413952915e-10
1.953070607390180e-10
2.166848347859468e-10
2.442213671438761e-10
2.993745445072814e-10
3.684130522333656e-10
4.386156828934437e-10
5.458811479908162e-10
6.893365634286926e-10
8.896160163057062e-10
1.149154306315815e-09
1.496467408001304e-09
1.955202789188579e-09
2.567396348726912e-09
3.379464055015268e-09
4.452215324667877e-09
5.872601723820533e-09
7.758665576773448e-09
1.026291896879209e-08
1.355592133066374e-08
1.794744944084767e-08
2.373448809251844e-08
3.137678522669282e-08
4.150050576329989e-08
5.485797873002281e-08
7.253272987765508e-08
9.588857600061314e-08
1.267148999272585e-07
1.672945640783589e-07
2.208195347267154e-07
2.913707672663483e-07
3.840443913870259e-07
5.063993707157715e-07
6.671062280893070e-07
8.783883883651015e-07
1.156377160543244e-06
1.520892787813243e-06
1.999059549717541e-06
2.627932863117324e-06
3.451059412971821e-06
4.529566763493322e-06
5.940661800793198e-06
7.790714075799069e-06
1.019755169344169e-05
1.334262620518994e-05
1.744517431267086e-05
2.279624301087102e-05
2.976435698582231e-05
3.881920044322481e-05
5.060921764068977e-05
6.590162478458780e-05
8.575432280665195e-05
1.114760763985378e-04
1.448093448932981e-04
1.879599824896031e-04
2.436635848885890e-04
3.156608636636362e-04
4.085180879692578e-04
5.289168603267845e-04
6.840097575281542e-04
8.842310773178613e-04
1.142343195212752e-03
1.475848778713732e-03
1.906315838362194e-03
2.462663789462216e-03
3.180587746841659e-03
4.111896141280031e-03
5.317569315916430e-03
6.882128182516013e-03
8.919402130821340e-03
1.157109511953219e-02
1.503872724059659e-02
1.957033618107672e-02
2.549057767632979e-02
3.323916199228778e-02
4.335286746050060e-02
5.650754378106734e-02
7.366187220094353e-02
9.595016890301805e-02
1.247897063563012e-01
1.617240219948834e-01
2.084787045844899e-01
2.666452913060651e-01
3.376034059156454e-01
4.218839380539861e-01
5.192789197496832e-01
6.281834595111855e-01
7.511386202230074e-01
9.623567943745682e-01
###1.200000000000000e+00
-7.914618967434273e-09
1.299255411440017e-08
2.294455936761902e-10
5.002542344435214e-11
1.041795364505218e-10
1.965678276963494e-10
2.999368049454449e-10
2.793788783446356e-10
3.027071153695426e-10
2.557471802252732e-10
2.795879733505012e-10
2.736290533641561e-10
2.827487707247583e-10
2.976963028424916e-10
3.411657066581745e-10
3.981930095837735e-10
4.658690498644004e-10
5.446825892863629e-10
6.588249935946033e-10
8.154694627193322e-10
1.029274677478998e-09
1.314350720093003e-09
1.675435861756704e-09
2.175916373954685e-09
2.840098982095455e-09
3.719477850719349e-09
4.877370083713125e-09
6.414376764786123e-09
8.452842264649638e-09
1.115447032688617e-08
1.472011243618510e-08
1.946843635693809e-08
2.573099497661507e-08
3.400700126056358e-08
4.496761160029954e-08
5.943609512449270e-08
7.857895011764770e-08
1.039129991130308e-07
1.373548762227876e-07
1.813971355504777e-07
2.394734427015878e-07
3.160463657464146e-07
4.165422135127040e-07
5.494432584566421e-07
7.239690139101367e-07
9.534657745050168e-07
1.255729991479839e-06
1.651898314479718e-06
2.171721266823657e-06
2.856459997519122e-06
3.752577863953694e-06
4.927644038404563e-06
6.465674755813655e-06
8.484780722458725e-06
1.110947409393157e-05
1.454270758284058e-05
1.902396269477641e-05
2.487505991100981e-05
3.250138245966477e-05
4.241894894884452e-05
5.534649389036221e-05
7.212943631961729e-05
9.395047947995152e-05
1.222542006675742e-04
1.589853393882695e-04
2.066221427227935e-04
2.681958389647524e-04
3.479313292813933e-04
4.509438100837509e-04
5.849940191327773e-04
7.581036853110537e-04
9.819221191669847e-04
1.271290431873214e-03
1.646390610375416e-03
2.131860544183690e-03
2.760322080038558e-03
3.575244727724062e-03
4.634786134148468e-03
6.010253602295060e-03
7.799906499575620e-03
1.013606592788972e-02
1.318388364923649e-02
1.718146051000011e-02
2.240953609090681e-02
2.924342959032509e-02
3.819116561441105e-02
4.984977428544207e-02
6.497644151197268e-02
8.464026852331169e-02
1.100727492368375e-01
1.427621608227582e-01
1.842599153115508e-01
2.361378550533529e-01
2.997664548213292e-01
3.758644928385239e-01
4.640946045620343e-01
5.629400955734298e-01
6.691045901774637e-01
7.829508238341943e-01
9.676630954531612e-01
###1.600000000000000e+00
-7.906743512200191e-09
1.292220986810025e-08
2.430266725818107e-10
9.005785167765730e-11
1.716978781725852e-10
2.445793072355560e-10
4.456769745199632e-10
3.764275046988012e-10
4.052673604011737e-10
3.333835593105992e-10
3.741492771594857e-10
3.708714432162511e-10
3.789538121411343e-10
4.053107419244407e-10
4.361542005160442e-10
5.043977707060098e-10
5.741930229058401e-10
6.614001704477738e-10
7.801636623626628e-10
9.473770152142850e-10
1.185073132193551e-09
1.488819915392833e-09
1.886307565148115e-09
2.427504768498774e-09
3.144150601122294e-09
4.090668578841513e-09
5.344358878582136e-09
7.008509842509929e-09
9.213335386670870e-09
1.212589134929888e-08
1.598402132566565e-08
2.111999957332606e-08
2.789023208004605e-08
3.686839662684582e-08
4.874187689211426e-08
6.441532579659032e-08
8.516158682059649e-08
1.126375019085637e-07
1.489714015399061e-07
1.967470388950860e-07
2.597847258460602e-07
3.429050151698448e-07
4.519766310674787e-07
5.963965890217827e-07
7.859495579408321e-07
1.035363853165153e-06
1.364077867429363e-06
1.794946214564990e-06
2.360300816671701e-06
3.106195926578312e-06
4.082407832449042e-06
5.363265301275388e-06
7.040637343512566e-06
9.245922693423520e-06
1.211020593002304e-05
1.586043202773410e-05
2.075912864058694e-05
2.716332211618159e-05
3.551659056805472e-05
4.638543307099387e-05
6.058029534606242e-05
7.902116105317648e-05
1.030323585607483e-04
1.342180159518696e-04
1.747474847181800e-04
2.274102252263992e-04
2.955758307818071e-04
3.840255288948510e-04
4.985055695718543e-04
6.479386693874720e-04
8.413541903660561e-04
1.091968503124094e-03
1.416779862313501e-03
1.839063116180518e-03
2.387007178785025e-03
3.096804780028057e-03
4.022645408970392e-03
5.228083259932720e-03
6.796224186376777e-03
8.840370645218046e-03
1.151605591971008e-02
1.501044573919230e-02
1.960197683931489e-02
2.560564433115836e-02
3.345124312512602e-02
4.371188831794314e-02
5.704002931707721e-02
7.429036439123587e-02
9.659361035624667e-02
1.252649647749603e-01
1.618100248350659e-01
2.077089262941405e-01
2.643157932763112e-01
3.326063176046031e-01
4.126244881202750e-01
5.031540416536845e-01
6.015985014313816e-01
7.037041864136462e-01
8.089753487809034e-01
9.720078076552676e-01
###2.000000000000000e+00
-7.900864108679153e-09
1.286460743234268e-08
2.776111761138957e-10
8.852442308277732e-11
2.246949227625779e-10
3.289836692809035e-10
5.516786049361324e-10
4.733118044888279e-10
5.023172486995250e-10
4.185141286824645e-10
4.578220498285452e-10
4.643298912163490e-10
4.827259382695534e-10
5.173393091768092e-10
5.392961936040988e-10
6.171009557135553e-10
6.972333694797791e-10
7.886171090039346e-10
9.174869379867414e-10
1.111701854029620e-09
1.354873883566218e-09
1.685826253718364e-09
2.116313278717532e-09
2.700414463364127e-09
3.476542640174597e-09
4.505269029339747e-09
5.855153314388896e-09
7.660057978626234e-09
1.004624157039965e-08
1.319639496847815e-08
1.737370170844657e-08
2.292767593923612e-08
3.026412173545929e-08
3.998258692009876e-08
5.285348664051787e-08
6.983235196635435e-08
9.231874824558419e-08
1.221303610216659e-07
1.615906580178894e-07
2.134489134297433e-07
2.818944217593479e-07
3.721537065779035e-07
4.905773714225635e-07
6.474353038657088e-07
8.534989213591012e-07
1.124708115689095e-06
1.482331661138245e-06
1.951144577753643e-06
2.566407874750291e-06
3.379282327199917e-06
4.443334846905167e-06
5.840161878929836e-06
7.670791137048914e-06
1.008018464692286e-05
1.320861023195320e-05
1.730886468900996e-05
2.266805331382711e-05
2.968305588477738e-05
3.884147480659500e-05
5.076454620844231e-05
6.636586027713199e-05
8.665154247454384e-05
1.131026678962389e-04
1.475040191470683e-04
1.922833789370259e-04
2.505774645266859e-04
3.261451298722566e-04
4.243779688358386e-04
5.517763014699689e-04
7.185414926709238e-04
9.347918156157741e-04
1.215773849420213e-03
1.580781295536520e-03
2.056484316793938e-03
2.675113403348399e-03
3.477364936913137e-03
4.528486798102584e-03
5.898954855558319e-03
7.684704190009177e-03
1.001654725605486e-02
1.307048190396848e-02
1.706601666583476e-02
2.231381463632300e-02
2.917871980684534e-02
3.813271320897276e-02
4.981769936248814e-02
6.494016226580406e-02
8.443839083371833e-02
1.094874126509871e-01
1.414529493281715e-01
1.818116936699812e-01
2.319136111235734e-01
2.928342612767058e-01
3.650737978498463e-01
4.480301535564064e-01
5.396985283110203e-01
6.367111316979763e-01
7.343187141836832e-01
8.315665790795853e-01
9.757446781547150e-01
###2.400000000000000e+00
-7.870733419323921e-09
1.283056542082802e-08
2.903872102963440e-10
1.466544443577104e-10
2.975018940668549e-10
4.109052965172076e-10
6.627675566562311e-10
5.859673976390452e-10
6.045206100551724e-10
5.257888139222132e-10
5.732910833452774e-10
5.623277359274073e-10
5.966932929060838e-10
6.099547027107783e-10
6.531744448685033e-10
7.318532469974802e-10
8.240801436531353e-10
9.228729107809208e-10
1.068018889555909e-09
1.284869091224566e-09
1.539362548222708e-09
1.897046816805867e-09
2.371833102594078e-09
2.998795060841155e-09
3.837806675673649e-09
4.952423261468741e-09
6.415696887702074e-09
8.369465024585234e-09
1.095148070378220e-08
1.436814315513873e-08
1.888508818349967e-08
2.490022416082355e-08
3.285999319847544e-08
4.337506719924273e-08
5.732546017385728e-08
7.572822473397847e-08
1.001137496360671e-07
1.324714013021663e-07
1.753290768945154e-07
2.316099565854731e-07
3.059434797120975e-07
4.039904519616136e-07
5.326369863276209e-07
7.030998455602442e-07
9.271538956152582e-07
1.222202501465536e-06
1.611422090601859e-06
2.121846717250752e-06
2.791873829623809e-06
3.678030442145793e-06
4.838364164111734e-06
6.362699885408837e-06
8.361737170023803e-06
1.099546218309869e-05
1.441546383277717e-05
1.890116893015871e-05
2.477001399628446e-05
3.246091727384335e-05
4.251050122539633e-05
5.560322830946952e-05
7.276706167437882e-05
9.510755074049041e-05
1.242767392379873e-04
1.623230098311622e-04
2.118093468349780e-04
2.764029224995959e-04
3.602720804266196e-04
4.695102584463905e-04
6.114639278066062e-04
7.977423909088173e-04
1.039751071382160e-03
1.355035980029349e-03
1.765384196165930e-03
2.301379189639404e-03
2.999833422678655e-03
3.906735555919943e-03
5.098957185506008e-03
6.655207407121277e-03
8.685478824772816e-03
1.134021017889061e-02
1.481591575637704e-02
1.936745708982850e-02
2.533715763442581e-02
3.314465056089148e-02
4.330579778178086e-02
5.652403021760210e-02
7.355718234362424e-02
9.540747466739558e-02
1.232895113672345e-01
1.585757902195305e-01
2.026769719406986e-01
2.567629303902494e-01
3.216235899334298e-01
3.971444708779007e-01
4.822350760026885e-01
5.742087657485365e-01
6.691284643020700e-01
7.620305444448946e-01
8.516815788349997e-01
9.790154708761837e-01
###2.800000000000000e+00
-7.865123784402359e-09
1.276140132589327e-08
3.334916261358936e-10
1.725286751346840e-10
3.671624799380938e-10
4.868474852687059e-10
7.579452141126006e-10
7.181100146610899e-10
7.067215516914376e-10
6.328213295034177e-10
6.793793122295084e-10
6.868423655527353e-10
7.067517086417175e-10
7.240197829647225e-10
7.739977830727129e-10
8.613103487667217e-10
9.686374005720042e-10
1.070844988843439e-09
1.228930645512413e-09
1.463557916603204e-09
1.742690959018717e-09
2.131964779403838e-09
2.642042082850934e-09
3.328765759723450e-09
4.234191937692381e-09
5.441093209634353e-09
7.026753415123088e-09
9.143590691886787e-09
1.193835040896781e-08
1.564541188392190e-08
2.053067419281586e-08
2.704624252339182e-08
3.568716023419549e-08
4.706776412556633e-08
6.219928850561163e-08
8.215349513093192e-08
1.086132629948974e-07
1.437166412509150e-07
1.902687632933869e-07
2.513879136660892e-07
3.321334732546724e-07
4.386691258907479e-07
5.784766961712195e-07
7.637748716693625e-07
1.007528312784935e-06
1.328617712389965e-06
1.752438358016306e-06
2.308370174626877e-06
3.038466505009131e-06
4.005002111647221e-06
5.271014951960451e-06
6.935497295704864e-06
9.119617509981724e-06
1.200028478884765e-05
1.574208986540011e-05
2.065384326102627e-05
2.708604500051751e-05
3.552472359108545e-05
4.656193642377000e-05
6.095180678003811e-05
7.985429047826994e-05
1.044818466590158e-04
1.366878535431959e-04
1.788129624719702e-04
2.335506486777370e-04
3.052028176439184e-04
3.983890258737027e-04
5.199860777940678e-04
6.783056655469670e-04
8.865320853612520e-04
1.157545665585859e-03
1.511480109198910e-03
1.972941334706450e-03
2.576820592439430e-03
3.365228507867155e-03
4.390009235918243e-03
5.740467342805592e-03
7.504839050983575e-03
9.808469890192151e-03
1.282266663398052e-02
1.676679173765076e-02
2.193145559926864e-02
2.869675449655406e-02
3.752887256664399e-02
4.899078184972820e-02
6.384629273629543e-02
8.289712597506106e-02
1.071944770246461e-01
1.379733842172339e-01
1.765835831301659e-01
2.243276010919961e-01
2.821670300439658e-01
3.505469965136665e-01
4.288181969403482e-01
5.153750155781097e-01
6.069848473946758e-01
6.993338009238935e-01
7.873974063566236e-01
8.697828451951081e-01
9.819106944700876e-01
###3.200000000000000e+00
-7.859724942933995e-09
1.269415108963183e-08
3.766010238520066e-10
2.176202036854992e-10
4.270881593861156e-10
5.822946232716476e-10
8.797946791853995e-10
8.284497752299329e-10
8.065175732511281e-10
7.545638139239793e-10
8.208611990328616e-10
8.225962243332441e-10
8.301502950172544e-10
8.510683924498527e-10
9.112991517746010e-10
9.979222058269424e-10
1.117329107333104e-09
1.234170522151141e-09
1.408252573379265e-09
1.659705474207759e-09
1.968682459691563e-09
2.387654679715571e-09
2.942204100838079e-09
3.689700213958457e-09
4.670218863662305e-09
5.978257766990019e-09
7.697211479171221e-09
9.991139153935703e-09
1.301963242931227e-08
1.703924681807845e-08
2.232307444856883e-08
2.939119920344538e-08
3.876078012890812e-08
5.109077829374972e-08
6.754409856144377e-08
8.915666134129861e-08
1.178801394037447e-07
1.559663534765651e-07
2.065477463641786e-07
2.729257748537548e-07
3.606440034296355e-07
4.764465498223876e-07
6.284455125606703e-07
8.300233778439452e-07
1.095295028230449e-06
1.444850420930942e-06
1.906456593989302e-06
2.512336975688907e-06
3.308350900765957e-06
4.363134533917858e-06
5.745305541922041e-06
7.563979651883609e-06
9.951849594073694e-06
1.310413342991083e-05
1.719969919316632e-05
2.258307954688719e-05
2.964059263672976e-05
3.890526563648670e-05
5.103806958283814e-05
6.687223358804496e-05
8.770442807679961e-05
1.148824090105184e-04
1.504747260799661e-04
1.971443675351370e-04
2.577641931139403e-04
3.373181215664493e-04
4.409501914613759e-04
5.764206471074515e-04
7.531461321593688e-04
9.860509143765029e-04
1.289683592210804e-03
1.687018945881072e-03
2.205912315834514e-03
2.886132333411674e-03
3.775413181120635e-03
4.932399079678721e-03
6.459749669734945e-03
8.456376642581634e-03
1.106411784541732e-02
1.447688358254556e-02
1.893888092399848e-02
2.477574148056044e-02
3.240920656681642e-02
4.234967826492764e-02
5.520468387105191e-02
7.179781555256093e-02
9.296743114939224e-02
1.197924163050311e-01
1.535153794340196e-01
1.954292319858477e-01
2.467037741055242e-01
3.080527784187980e-01
3.795074025611231e-01
4.600676574603275e-01
5.475089090960396e-01
6.382132127938005e-01
7.276086861963251e-01
8.107293035101329e-01
8.861563058162867e-01
9.844938212886156e-01
###3.600000000000000e+00
-7.847069615825778e-09
1.265278533019727e-08
4.198406501100147e-10
3.113238598020574e-10
5.090994081014166e-10
6.820022420079093e-10
1.016242958197832e-09
9.697992588314100e-10
9.147235943193856e-10
8.757232950053474e-10
9.584310838555362e-10
9.530094890240297e-10
9.586142450149648e-10
9.881609199571332e-10
1.051740969655023e-09
1.145823351520520e-09
1.283092681854072e-09
1.408371921630173e-09
1.599686855305325e-09
1.872141148410734e-09
2.212540889237544e-09
2.668285029955171e-09
3.272876856507440e-09
4.082196809346238e-09
5.144293158408987e-09
6.563692487298775e-09
8.428389670410128e-09
1.091398864376654e-08
1.419779685335351e-08
1.855551858009788e-08
2.427880285363137e-08
3.194453031250743e-08
4.211507863669861e-08
5.547859910093289e-08
7.335936646746613e-08
9.681575295237454e-08
1.279910486014237e-07
1.693264471131314e-07
2.242514161671179e-07
2.963834545540518e-07
3.917044609925356e-07
5.176371895754424e-07
6.829805958489893e-07
9.024143122905634e-07
1.191178480672582e-06
1.571861051374003e-06
2.074870701876306e-06
2.735535642471570e-06
3.603859410839864e-06
4.755551353574535e-06
6.265356222137565e-06
8.254707538031310e-06
1.086598870688886e-05
1.431749430572748e-05
1.880389749953040e-05
2.470924262513276e-05
3.245914842072265e-05
4.263904138807237e-05
5.598782295262706e-05
7.342830437495261e-05
9.640779977934567e-05
1.264244912307834e-04
1.657976190748039e-04
2.175337352337192e-04
2.847493473291126e-04
3.731433694458259e-04
4.884886826564897e-04
6.395351626551302e-04
8.368816149753723e-04
1.097452968539886e-03
1.437736232139006e-03
1.883786635518813e-03
2.467125439869484e-03
3.232885614712528e-03
4.235004085042636e-03
5.540029082750906e-03
7.264388903000519e-03
9.519090364321546e-03
1.246399694536697e-02
1.631606927451848e-02
2.134656007580799e-02
2.791750980099091e-02
3.649159724110877e-02
4.762541670647956e-02
6.196674130865111e-02
8.039435222535646e-02
1.037709155493258e-01
1.331925015404482e-01
1.698929081095715e-01
2.150721293331097e-01
2.697415356801723e-01
3.343443819165343e-01
4.085237956798919e-01
4.908734629068135e-01
5.786794806375694e-01
6.679952555314430e-01
7.540942514611961e-01
8.322009345618453e-01
9.009517692972955e-01
9.867655375413251e-01
###4.000000000000000e+00
-7.806734026379545e-09
1.258030232248273e-08
5.575401354307621e-10
3.410677043158649e-10
5.786815537362959e-10
7.834406357573166e-10
1.124048933598795e-09
1.087229199523772e-09
1.035072606064541e-09
1.003152414829723e-09
1.079897421905100e-09
1.095003525293480e-09
1.097245801807224e-09
1.131836606372278e-09
1.207547714083205e-09
1.310343326850973e-09
1.464124240300808e-09
1.604760681693688e-09
1.815968200121307e-09
2.108203556425157e-09
2.481907557327276e-09
2.980238543220871e-09
3.635894775774102e-09
4.513927512879920e-09
5.668317834549534e-09
7.205813447181320e-09
9.231045908005194e-09
1.192428980152104e-08
1.548449069047344e-08
2.021580048173854e-08
2.641532650746996e-08
3.472854534079648e-08
4.576377576029510e-08
6.025813945254696e-08
7.968405996812236e-08
1.051586721525520e-07
1.390002425198189e-07
1.839608631412295e-07
2.435510852940593e-07
3.219409192178470e-07
4.255852761753064e-07
5.625720564313010e-07
7.425171228635486e-07
9.814553625604338e-07
1.295953769889412e-06
1.710746944892284e-06
2.259188187121528e-06
2.979867029751535e-06
3.927758384723423e-06
5.185708080269212e-06
6.836137872037275e-06
9.013115573146285e-06
1.187092614149466e-05
1.565268081026706e-05
2.057102113628817e-05
2.705387081494149e-05
3.557035050490093e-05
4.676612099239158e-05
6.146431860987055e-05
8.069063873148559e-05
1.060598931661683e-04
1.392404369256342e-04
1.828273023931089e-04
2.402133939923391e-04
3.148173688574177e-04
4.131064734372553e-04
5.415834757999181e-04
7.100851257604823e-04
9.305064066149288e-04
1.222081382538702e-03
1.603441082852201e-03
2.103976482023117e-03
2.759499601028035e-03
3.620763461363985e-03
4.749003283818117e-03
6.222190007678568e-03
8.161822392431010e-03
1.070227235749175e-02
1.401890688242944e-02
1.835370935397634e-02
2.400590887792838e-02
3.137404824264058e-02
4.096387605260295e-02
5.337556665293031e-02
6.929369987674129e-02
8.964795986984386e-02
1.153104460458486e-01
1.473900722203011e-01
1.870747532968022e-01
2.354701966244714e-01
2.933829150144158e-01
3.609853562394045e-01
4.375248402071908e-01
5.211974508878784e-01
6.088769841350161e-01
6.963624033483639e-01
7.788975448888408e-01
8.519360715241410e-01
9.143014022856651e-01
9.887876001513520e-01
###4.399999999999999e+00
-7.789661514325329e-09
1.251502684513999e-08
5.728144935526102e-10
4.136340145905091e-10
4.498969483834684e-10
8.812411906235005e-10
1.252701618213206e-09
1.211140857578539e-09
1.139360708583329e-09
1.131385784560749e-09
1.213545659150448e-09
1.235717376947608e-09
1.247971507774549e-09
1.286491410609695e-09
1.376969625046778e-09
1.493826822420399e-09
1.658457104415742e-09
1.815030224124744e-09
2.046816616850865e-09
2.364227858154566e-09
2.785807038993144e-09
3.317655827970344e-09
4.029099024128730e-09
4.986623331712601e-09
6.240079300893706e-09
7.907896311369800e-09
1.011091043431449e-08
1.302660105739065e-08
1.688963638334140e-08
2.202711932642809e-08
2.874934373454073e-08
3.776396594994332e-08
4.972856348953704e-08
6.548859090977586e-08
8.657458553791535e-08
1.142363466433478e-07
1.509942231385233e-07
1.998942808044951e-07
2.645917384851230e-07
3.498232229928300e-07
4.625391448585044e-07
6.115753451582447e-07
8.075041824273450e-07
1.067736332378881e-06
1.410428706896117e-06
1.862620168172746e-06
2.460769350774149e-06
3.247431532606105e-06
4.282702532764586e-06
5.657468323404107e-06
7.462614051763975e-06
9.846439407499614e-06
1.297607064820617e-05
1.712250350441336e-05
2.251846420212492e-05
2.963969245308912e-05
3.900605030736534e-05
5.132777071984879e-05
6.752527796506746e-05
8.873788164304259e-05
1.167684548433483e-04
1.534721314831175e-04
2.017662771815541e-04
2.654497334617228e-04
3.483132879303454e-04
4.576586915815334e-04
6.008058543401989e-04
7.888569098187764e-04
1.035124763208392e-03
1.361372205438836e-03
1.788660248954893e-03
2.350063187587027e-03
3.086140234763663e-03
4.053957805147226e-03
5.322491080053618e-03
6.981710743043488e-03
9.160436921853039e-03
1.201614214696985e-02
1.574124380312739e-02
2.060390609955190e-02
2.693265453244903e-02
3.516445431068081e-02
4.584495162174174e-02
5.961680270224036e-02
7.720188345783205e-02
9.956539641975125e-02
1.275909399401543e-01
1.623740669646861e-01
2.050419260654187e-01
2.565719390785148e-01
3.175760423153118e-01
3.879084003257137e-01
4.664381509004560e-01
5.509911089060094e-01
6.380819096591791e-01
7.233397696140531e-01
8.020570394734490e-01
8.700186811484598e-01
9.262924590580544e-01
9.905600913366668e-01
###4.800000000000000e+00
-7.708881098888089e-09
1.244613683363213e-08
6.230314849236447e-10
4.748537906006776e-10
5.572366086531534e-10
9.727040297301380e-10
1.378795498072012e-09
1.331797041224056e-09
1.280853448574071e-09
1.269141684809214e-09
1.347248066505134e-09
1.381471460550808e-09
1.402004328168991e-09
1.448862141324271e-09
1.551798161986689e-09
1.683444461014327e-09
1.859666823479139e-09
2.038242765934283e-09
2.295385512918239e-09
2.640696910642107e-09
3.098661986330452e-09
3.683896929857920e-09
4.458841508027535e-09
5.499625159290918e-09
6.862712366910359e-09
8.673434394228728e-09
1.106344907037771e-08
1.422849909775813e-08
1.842285946309882e-08
2.400163882845163e-08
3.129099498538512e-08
4.106933360808999e-08
5.403068352854473e-08
7.120144624527596e-08
9.407618943735483e-08
1.241233396987730e-07
1.641369240702821e-07
2.172454743455375e-07
2.875299732624762e-07
3.802330951983770e-07
5.028382494789517e-07
6.650938813012117e-07
8.785004615167607e-07
1.162034758908342e-06
1.535607830294547e-06
2.028773659369259e-06
2.681593707184149e-06
3.540639460854922e-06
4.671839016262822e-06
6.175333856267687e-06
8.150921069810459e-06
1.076237090869538e-05
1.419246629437568e-05
1.874127082432920e-05
2.466592986128705e-05
3.249341812539625e-05
4.280170209529955e-05
5.637330338123665e-05
7.423802220448997e-05
9.765895215095618e-05
1.286507387872492e-04
1.692845046547560e-04
2.228245299636704e-04
2.935399981149520e-04
3.856214686519606e-04
5.073307148869353e-04
6.668668313005341e-04
8.767487125138257e-04
1.151894244127353e-03
1.516874441052933e-03
1.995358106641055e-03
2.624722619178664e-03
3.450389590442962e-03
4.536675727856663e-03
5.961095215439325e-03
7.825442817070812e-03
1.026867626042521e-02
1.347092000755475e-02
1.764352480422750e-02
2.308104851245454e-02
3.014341674275323e-02
3.930573273747105e-02
5.115298557737842e-02
6.636886081145629e-02
8.570440120561464e-02
1.101620781694050e-01
1.406144324799774e-01
1.781345540091861e-01
2.237604081924506e-01
2.783173078639449e-01
3.422500552654185e-01
4.150270446638391e-01
4.951874531721758e-01
5.801849721933174e-01
6.662538733237279e-01
7.489221795257148e-01
8.236124431308285e-01
8.865161990549554e-01
9.370085289180109e-01
9.921076030912632e-01
###5.200000000000000e+00
-7.695221888228378e-09
1.237723463390976e-08
6.683295360831110e-10
5.385574051231378e-10
6.218134925207383e-10
1.091045461337438e-09
1.502991255443474e-09
1.456305604135071e-09
1.417957065638144e-09
1.405971413451614e-09
1.486133108562194e-09
1.533792686600442e-09
1.567231580961726e-09
1.628162344825945e-09
1.752559293612161e-09
1.882770090255388e-09
2.075630297402827e-09
2.280891336534371e-09
2.562260495044888e-09
2.939733066342144e-09
3.443179050735294e-09
4.080198504290067e-09
4.925772955628441e-09
6.059672244162889e-09
7.538497596393364e-09
9.503139328931597e-09
1.210174472828546e-08
1.553678166924610e-08
2.008864670886292e-08
2.615264531981714e-08
3.405349843640292e-08
4.468736753127003e-08
5.871851252664704e-08
7.741979638654076e-08
1.022433005895885e-07
1.348961168441360e-07
1.784660036781491e-07
2.361468726940938e-07
3.125513758549940e-07
4.133966894955931e-07
5.468222036907205e-07
7.235108500664521e-07
9.560645652833126e-07
1.265126750566036e-06
1.672576854069927e-06
2.210644832419645e-06
2.923480610515413e-06
3.862074456481298e-06
5.098899227897605e-06
6.744156673226048e-06
8.907421767477663e-06
1.176961795097168e-05
1.553161614776072e-05
2.052524339942246e-05
2.703548621231838e-05
3.564522774704942e-05
4.699860481871714e-05
6.195868785686942e-05
8.167058742925369e-05
1.075542298472059e-04
1.418393065422916e-04
1.868466423578996e-04
2.462378077383191e-04
3.247874563370910e-04
4.271690926457762e-04
5.626681748298235e-04
7.405097518703061e-04
9.747251394524783e-04
1.282092119846972e-03
1.690253201624759e-03
2.225817127147012e-03
2.930785114063960e-03
3.855988732382479e-03
5.073567912073086e-03
6.670314444687754e-03
8.760493293155622e-03
1.149531704796185e-02
1.507712324131498e-02
1.973797770657788e-02
2.579974833010365e-02
3.365599650317038e-02
4.381487307093726e-02
5.690538200351789e-02
7.364787228061823e-02
9.481790536807295e-02
1.214439877517331e-01
1.543750975105724e-01
1.946544853634885e-01
2.432035207744258e-01
3.006853343594384e-01
3.673387360768384e-01
4.422717839596279e-01
5.236853425229938e-01
6.087105671909625e-01
6.933442492337057e-01
7.730925275505931e-01
8.435943261369706e-01
9.014892399017546e-01
9.465349952012378e-01
9.934594655124368e-01
###5.600000000000001e+00
-7.659663678726527e-09
1.233592697973936e-08
7.215273282847248e-10
6.421903303709859e-10
7.989096949051293e-10
1.196143214376264e-09
1.627482465407529e-09
1.579015886939846e-09
1.549257760843185e-09
1.544710312349609e-09
1.633463958929422e-09
1.938459954239801e-09
1.733735593982253e-09
1.815538405629438e-09
1.947914680326201e-09
2.095506426141834e-09
2.307640934585771e-09
2.536163118773537e-09
2.847463953201702e-09
3.261026196186947e-09
3.813164780737886e-09
4.510817147440462e-09
5.433597495066229e-09
6.666616453021359e-09
8.273134410536260e-09
1.040905276037736e-08
1.328550003006005e-08
1.694992775839504e-08
2.190346098688775e-08
2.849596498303365e-08
3.706704113727094e-08
4.862654090755286e-08
6.384188695999030e-08
8.418751199155756e-08
1.112239939390688e-07
1.466439786957473e-07
1.940733436410773e-07
2.567597114119504e-07
3.398374617442120e-07
4.495899589373442e-07
5.948474653293332e-07
7.872991959567958e-07
1.040860503655694e-06
1.377876074121386e-06
1.822482561316070e-06
2.409917186928961e-06
3.188569109629719e-06
4.214723789867105e-06
5.568310159602732e-06
7.369829365519815e-06
9.739274065642643e-06
1.287846047229976e-05
1.700704227033229e-05
2.249251053740554e-05
2.965051800858186e-05
3.912736770475448e-05
5.163874535281383e-05
6.813955810209049e-05
8.990724894513223e-05
1.185248640630124e-04
1.564801457871183e-04
2.063594021838568e-04
2.722642454961354e-04
3.595365541757469e-04
4.734040217403672e-04
6.242815131032148e-04
8.225064166206335e-04
1.083879924172554e-03
1.427122767833900e-03
1.883380003808168e-03
2.482381371388695e-03
3.271235038364817e-03
4.306706742879193e-03
5.669684814772122e-03
7.456453052469392e-03
9.794554490001555e-03
1.284929538227343e-02
1.684589641511795e-02
2.203782758043822e-02
2.877591554431633e-02
3.748492768703920e-02
4.871070584193277e-02
6.312133845758623e-02
8.146857528063955e-02
1.045521281057447e-01
1.334132216153487e-01
1.688710769868866e-01
2.119105817446167e-01
2.633376125705237e-01
3.236233474132417e-01
3.927757396742335e-01
4.695646374588964e-01
5.518465234351735e-01
6.364893671462630e-01
7.193039595395524e-01
7.958362667632217e-01
8.620180623544464e-01
9.150072753353690e-01
9.549399956190201e-01
9.946154281060903e-01
###6.000000000000001e+00
-7.687664341333816e-09
1.227336674311136e-08
7.716966122734880e-10
7.095798392694289e-10
8.898672584328192e-10
1.340995914340090e-09
1.744599653295672e-09
1.718650491280223e-09
1.682513630450289e-09
1.685255512779960e-09
1.791756972023578e-09
2.082767420313821e-09
1.924160889777631e-09
2.014961678885847e-09
2.161782021857324e-09
2.335809791529805e-09
2.559941415954954e-09
2.812815106623820e-09
3.157416016176702e-09
3.611394170096147e-09
4.213849502567609e-09
4.977445606212201e-09
5.985719471994231e-09
7.326216850834577e-09
9.073032009684773e-09
1.139528179568025e-08
1.451186577406368e-08
1.843122370158661e-08
2.388028476375095e-08
3.104498994661205e-08
4.035399261434041e-08
5.290142720784420e-08
6.942209716427628e-08
9.155840611820755e-08
1.209187177483556e-07
1.594512174466396e-07
2.110711312447162e-07
2.792342864268855e-07
3.696104306198702e-07
4.891021684902472e-07
6.473260095153334e-07
8.570404793332968e-07
1.133577258740150e-06
1.501247853803423e-06
1.986593660409611e-06
2.628289706086718e-06
3.479321159117214e-06
4.601889245762664e-06
6.083756967963675e-06
8.057608448964678e-06
1.065449928712565e-05
1.409950093455562e-05
1.863324567584412e-05
2.466285203967611e-05
3.253843985263829e-05
4.297527600514203e-05
5.675459554834007e-05
7.498254886714759e-05
9.903759351355522e-05
1.306922195515187e-04
1.727254379215184e-04
2.280358267367849e-04
3.011891096310635e-04
3.981790419588292e-04
5.248427558362916e-04
6.928289826493791e-04
9.137925101342046e-04
1.205341675313024e-03
1.588498323897171e-03
2.098196453478064e-03
2.767559201600017e-03
3.649368824785031e-03
4.806775310431593e-03
6.330040797470931e-03
8.325780182246053e-03
1.093601861338557e-02
1.434062146257426e-02
1.878874272043606e-02
2.455660382483742e-02
3.202414930578695e-02
4.164739728303376e-02
5.401068144125040e-02
6.981717956011313e-02
8.984955151398087e-02
1.149198666235746e-01
1.460764278428960e-01
1.840918096094049e-01
2.298834932625686e-01
2.841175969095444e-01
3.470663552839109e-01
4.184854974617024e-01
4.968135825024002e-01
5.795890433987929e-01
6.634441961073980e-01
7.440749231268268e-01
8.171480064508636e-01
8.789255831503052e-01
9.271280614410690e-01
9.623036242975218e-01
9.956083667166784e-01
###6.400000000000001e+00
-7.638171023678054e-09
1.221096176643221e-08
8.328921767298926e-10
7.665248435532580e-10
9.466819096504127e-10
1.462329187368033e-09
1.882116481104938e-09
1.847432650031099e-09
1.824663314366244e-09
1.842968562773242e-09
1.952286452718083e-09
2.240901957208426e-09
2.123579736749762e-09
2.223781330996452e-09
2.382410740216622e-09
2.577796862203986e-09
2.826994881644811e-09
3.108827280522354e-09
3.487638499231649e-09
3.989507812106409e-09
4.646087252235939e-09
5.482996778626032e-09
6.582503754730485e-09
8.041467777894408e-09
9.941843079740630e-09
1.246517843106338e-08
1.584518538840010e-08
2.005155705193196e-08
2.602840349031912e-08
3.381511486286645e-08
4.393094125808235e-08
5.756555563178597e-08
7.550966361978055e-08
9.958328707981497e-08
1.315376135692318e-07
1.734048018338561e-07
2.296072908747912e-07
3.037441211706663e-07
4.021168622662486e-07
5.322395751337714e-07
7.046722836740338e-07
9.332765324271443e-07
1.235006238984960e-06
1.636306115195954e-06
2.166380231451331e-06
2.867698668896348e-06
3.798263874660718e-06
5.026983712210374e-06
6.650708105024405e-06
8.813700954458114e-06
1.166204731396747e-05
1.544482566423185e-05
2.042632137263106e-05
2.705759573455656e-05
3.572879170725211e-05
4.722799960136858e-05
6.241755727076962e-05
8.256176588612851e-05
1.091537349094762e-04
1.441859674641877e-04
1.907553781717346e-04
2.521078130752008e-04
3.333251758761023e-04
4.411208821838559e-04
5.820144032514684e-04
7.690507479808754e-04
1.015239763908959e-03
1.340384251838782e-03
1.767823851487600e-03
2.336740763679678e-03
3.084027278707756e-03
4.068485134367945e-03
5.360542029540971e-03
7.060131074031771e-03
9.285330892351368e-03
1.219302398353463e-02
1.597927923056215e-02
2.091794950658255e-02
2.730770260954673e-02
3.555989739738510e-02
4.616107774692917e-02
5.973092273208842e-02
7.700810497090996e-02
9.880122044502081e-02
1.259253682842463e-01
1.594305458277630e-01
2.000263584282249e-01
2.485446030858312e-01
3.055002316808825e-01
3.709509654990972e-01
4.443868758681879e-01
5.239346930563404e-01
6.068233014410669e-01
6.895031700607478e-01
7.676136064640446e-01
8.370063247654039e-01
8.943534473706437e-01
9.379290944066517e-01
9.687031893721069e-01
9.964454803611551e-01
###6.800000000000002e+00
-7.604487836177106e-09
1.216300345204347e-08
8.727653618630404e-10
8.300541112031383e-10
1.033250297928044e-09
1.572793173676417e-09
2.016271143358491e-09
1.987861811958495e-09
1.975001104933971e-09
2.010051315367008e-09
2.126642063149663e-09
2.414137793979230e-09
2.340043808452974e-09
2.440557721458025e-09
2.613319406331982e-09
2.836111584498331e-09
3.107802621770942e-09
3.426247536310494e-09
3.844430620295103e-09
4.394702075734065e-09
5.112096335254085e-09
6.034184881602089e-09
7.227093454677385e-09
8.815640033729100e-09
1.088177304025183e-08
1.362828680610929e-08
1.729410715466716e-08
2.188173538004797e-08
2.836590994764098e-08
3.683469528342891e-08
4.782621277304947e-08
6.265240603237492e-08
8.215975268618268e-08
1.083343791576458e-07
1.431480786644864e-07
1.887061149020412e-07
2.498067618788442e-07
3.305023119135681e-07
4.375970621131417e-07
5.793663829501382e-07
7.673381361860169e-07
1.016682886207858e-06
1.345950577883176e-06
1.784224942678686e-06
2.363418118005850e-06
3.130294745619844e-06
4.148408125203121e-06
5.493825381395045e-06
7.274198329863119e-06
9.645611488014898e-06
1.277159175480209e-05
1.692719287909423e-05
2.240366125045072e-05
2.970035731655894e-05
3.925251252179387e-05
5.192981800921734e-05
6.867880750530426e-05
9.095407005173318e-05
1.203658685900888e-04
1.591516612761479e-04
2.107609659341569e-04
2.788203662273795e-04
3.690054072310948e-04
4.888195210167145e-04
6.455295592289989e-04
8.537348294689619e-04
1.127947185020769e-03
1.490339649261623e-03
1.966960617160787e-03
2.601355883240203e-03
3.434722830577886e-03
4.532441261122564e-03
5.972612551423350e-03
7.865662178302476e-03
1.034224295386094e-02
1.357433705564906e-02
1.777580269971344e-02
2.324519334804374e-02
3.030537962567243e-02
3.939830605903705e-02
5.104173958097215e-02
6.588962623073245e-02
8.471235747931373e-02
1.083373495642103e-01
1.375793065999981e-01
1.734769620456812e-01
2.166627694167880e-01
2.678690490291689e-01
3.274440677369640e-01
3.952141612903004e-01
4.704037986027610e-01
5.508335071847064e-01
6.334670656489143e-01
7.145974765698714e-01
7.898868438299371e-01
8.554256802039255e-01
9.083475356853657e-01
9.474870671428498e-01
9.742209081274683e-01
9.971522880128844e-01
###7.200000000000002e+00
-7.546589650671924e-09
1.213613038258187e-08
9.465390507582602e-10
9.113468272975401e-10
1.141846886495286e-09
1.692699364550238e-09
2.179771727676254e-09
2.124660153856231e-09
2.138451575953059e-09
2.177539247969174e-09
2.292365584624487e-09
2.600295729730029e-09
2.549751013170611e-09
2.673690017418839e-09
2.865478802359602e-09
3.115138000503805e-09
3.413145913454482e-09
3.765380885434677e-09
4.227963201706721e-09
4.830834593620255e-09
5.614120302144797e-09
6.621560956661706e-09
7.925490438028018e-09
9.654662199498576e-09
1.190180302749395e-08
1.489209158846399e-08
1.887025354356142e-08
2.389283240486785e-08
3.090985846019956e-08
4.012097194621693e-08
5.207374439771673e-08
6.818762893606027e-08
8.944682171587472e-08
1.178744477285852e-07
1.557971183469458e-07
2.054290856384168e-07
2.718483049218703e-07
3.597037679383035e-07
4.763655745627461e-07
6.308932623396845e-07
8.358552206818324e-07
1.107939384951034e-06
1.467379386061584e-06
1.946221236986440e-06
2.579348401860108e-06
3.418511780617294e-06
4.532896932591987e-06
6.006917505688210e-06
7.959895699496958e-06
1.056139171798868e-05
1.399375683122509e-05
1.856117863175587e-05
2.458555937217578e-05
3.261909176275986e-05
4.314710819923359e-05
5.713071230285478e-05
7.561159260698218e-05
1.002446800791384e-04
1.327902507380453e-04
1.757414474297591e-04
2.329549917881923e-04
3.084688602428882e-04
4.086128215993281e-04
5.417722637071792e-04
7.160484560393177e-04
9.477456508667750e-04
1.253022431267171e-03
1.656655102821564e-03
2.187601769654873e-03
2.894389693108723e-03
3.822799053188293e-03
5.045128158382548e-03
6.647986829965567e-03
8.753031230547374e-03
1.150393190383027e-02
1.508920200596306e-02
1.974062749691297e-02
2.578350560661320e-02
3.356419329117243e-02
4.355557201001010e-02
5.630623647694672e-02
7.250282269161529e-02
9.294332339960236e-02
1.184689684194807e-01
1.498848093579881e-01
1.882071275188004e-01
2.339804788630608e-01
2.878152801304579e-01
3.498870866954018e-01
4.197830694358337e-01
4.964447502707513e-01
5.774161261265472e-01
6.594264112089934e-01
7.386559290457388e-01
8.108566486383627e-01
8.724176899140130e-01
9.209571890652342e-01
9.558795068584963e-01
9.789390168729648e-01
9.977417851619406e-01
###7.600000000000002e+00
-7.501336673567599e-09
1.210982596033563e-08
1.006055762116591e-09
9.254357750059695e-10
1.252931602775394e-09
1.812031156298004e-09
2.321749408605469e-09
2.273202978923573e-09
2.294102838416985e-09
2.348297118300047e-09
2.482668806269154e-09
2.790401966069826e-09
2.769558164858306e-09
2.914741438612856e-09
3.131806460696262e-09
3.410603089903737e-09
3.732764472713494e-09
4.128716231811923e-09
4.640506808329861e-09
5.298789229794616e-09
6.157809146889740e-09
7.255943149581729e-09
8.680328067735800e-09
1.056423399905582e-08
1.301224084320926e-08
1.626642118904726e-08
2.058302555371380e-08
2.607819697144814e-08
3.367876622010346e-08
4.369500338349047e-08
5.669599007673098e-08
7.422641799988601e-08
9.738193439814555e-08
1.282724249580149e-07
1.695826722251768e-07
2.236519117088570e-07
2.959105130226797e-07
3.916137743184539e-07
5.187087444057786e-07
6.872175069910821e-07
9.108282778295373e-07
1.207826550614737e-06
1.600479732559364e-06
2.123642079312923e-06
2.816285778762360e-06
3.734840579097133e-06
4.955142535079605e-06
6.571030915928843e-06
8.714171363021133e-06
1.156973976427568e-05
1.534044836820082e-05
2.036319530165026e-05
2.699389973382601e-05
3.584231628713780e-05
4.745111297943210e-05
6.288370102577813e-05
8.328737198513411e-05
1.105368674005142e-04
1.465556893923016e-04
1.941325282590516e-04
2.575633606386398e-04
3.413501405396226e-04
4.525390071127241e-04
6.005223437719850e-04
7.942458280723240e-04
1.051979967075674e-03
1.391632085068665e-03
1.840908039908038e-03
2.431845551725462e-03
3.218463743902695e-03
4.251515344407257e-03
5.610727238577855e-03
7.391874149248637e-03
9.728618729763983e-03
1.277843506153983e-02
1.674699856209197e-02
2.188696970499767e-02
2.854501114391811e-02
3.709773809824735e-02
4.804707718522343e-02
6.197132147611749e-02
7.958534113342255e-02
1.017133479032338e-01
1.292042258467741e-01
1.628442458780024e-01
2.036103606804614e-01
2.519522758468714e-01
3.083476597685015e-01
3.727715830771341e-01
4.445793114584058e-01
5.224244165828074e-01
6.035932967906193e-01
6.846183248212373e-01
7.616267516232350e-01
8.305076500410532e-01
8.880043528746605e-01
9.322483780386215e-01
9.631974082459913e-01
9.829381349800745e-01
9.982153711731835e-01
###8.000000000000002e+00
-7.449920703626249e-09
1.206451404123399e-08
1.065272926881066e-09
1.021152530548093e-09
1.330452026715268e-09
1.936970017900429e-09
2.458709592979100e-09
2.418878343667136e-09
2.468239343843257e-09
2.530547251979136e-09
2.678792117041511e-09
2.987507317400546e-09
3.003821833299765e-09
3.171925943148837e-09
3.415031837765306e-09
3.720697543631573e-09
4.073950973612858e-09
4.512799150111149e-09
5.075807079883585e-09
5.800496803507854e-09
6.739889633586702e-09
7.940506198748791e-09
9.495980736103237e-09
1.154812069817410e-08
1.421477688868249e-08
1.775202151008543e-08
2.244281533299390e-08
2.844832052230144e-08
3.668796741431981e-08
4.757866451370123e-08
6.173001477149964e-08
8.081165853663089e-08
1.060086798912227e-07
1.396889936324347e-07
1.846079837967026e-07
2.435249982489976e-07
3.221736413159305e-07
4.264600993886238e-07
5.650004177920783e-07
7.488261270377068e-07
9.929121490593073e-07
1.317180545383460e-06
1.746336753044557e-06
2.318267550326093e-06
3.076298056705891e-06
4.082247794084788e-06
5.419269394246868e-06
7.191401163590766e-06
9.544205142677075e-06
1.268059020712814e-05
1.682528634612227e-05
2.235341133357550e-05
2.965278669924045e-05
3.940420805947499e-05
5.220872406630142e-05
6.924601359833056e-05
9.178063607904978e-05
1.219301408715596e-04
1.618019954215503e-04
2.145121456605743e-04
2.848331604885913e-04
3.777958056701495e-04
5.012460339964408e-04
6.656424698656543e-04
8.809430993697082e-04
1.167449998499883e-03
1.545164400054418e-03
2.044764383129768e-03
2.701952737175707e-03
3.576381541315724e-03
4.724450005387285e-03
6.233650539388211e-03
8.209648578320903e-03
1.079913348699646e-02
1.417352347309745e-02
1.855692794405006e-02
2.422474219832197e-02
3.154333499751034e-02
4.092174417747532e-02
5.288914673710121e-02
6.805222711639591e-02
8.715352471876081e-02
1.110355522347532e-01
1.405515643294384e-01
1.764545090423878e-01
2.196733593682397e-01
2.705552331122554e-01
3.294181613473167e-01
3.960409226783708e-01
4.695220761248953e-01
5.482583107808331e-01
6.292802091216538e-01
7.089699133486701e-01
7.834565410991128e-01
8.488228913156842e-01
9.022171169823490e-01
9.422898137521765e-01
9.695238635174459e-01
9.862947965811444e-01
9.986103552205802e-01
###8.400000000000002e+00
-7.415709885802949e-09
1.201346059949030e-08
1.131529780614262e-09
1.103308831728854e-09
1.434062708966344e-09
2.043270389568083e-09
2.611009397025455e-09
2.577317978212519e-09
2.640622020480716e-09
2.716655704000586e-09
2.881432089544563e-09
3.195649660551078e-09
3.248128046070395e-09
3.439999813232189e-09
3.712748812611092e-09
4.046158445318759e-09
4.439205427181452e-09
4.925022801295250e-09
5.546402203540482e-09
6.338264355614809e-09
7.366361251761707e-09
8.677996196759051e-09
1.037635054990544e-08
1.261172431012585e-08
1.551680835125961e-08
1.936139890172314e-08
2.446233813769070e-08
3.102153505870417e-08
3.996551277481451e-08
5.180990051267326e-08
6.721458584227283e-08
8.798310167253229e-08
1.153987250343163e-07
1.521562814286524e-07
2.009891537132510e-07
2.651940559804970e-07
3.508646438959447e-07
4.645475575692228e-07
6.156129056081560e-07
8.162552196696894e-07
1.082690402511889e-06
1.437021939501169e-06
1.906335662966753e-06
2.531820325035485e-06
3.361711697611339e-06
4.463967677250094e-06
5.929636116430744e-06
7.874189154027881e-06
1.045811823535362e-05
1.390447578305218e-05
1.846268919813355e-05
2.455001013463124e-05
3.258744423586485e-05
4.333756447195988e-05
5.746739138747484e-05
7.628350839769149e-05
1.012083643853516e-04
1.345431275881407e-04
1.786872735839152e-04
2.370866623877801e-04
3.150459880670021e-04
4.181852629660380e-04
5.552195280066464e-04
7.377543593714566e-04
9.769156264925467e-04
1.295269328626347e-03
1.714923718929293e-03
2.270078486754719e-03
3.000088918308138e-03
3.971031452956244e-03
5.245128907671870e-03
6.918631639909108e-03
9.107083070315708e-03
1.197130010706459e-02
1.569835124912057e-02
2.053135834559398e-02
2.676544539290297e-02
3.479216487386299e-02
4.505035971273132e-02
5.809630576896133e-02
7.456353713679024e-02
9.521972053273201e-02
1.209206167210353e-01
1.525142489422489e-01
1.907120381785093e-01
2.363863058054673e-01
2.897566750356574e-01
3.509816588914894e-01
4.196263369916596e-01
4.945379238807339e-01
5.738553105762568e-01
6.543918168951333e-01
7.324260490705269e-01
8.041109289422117e-01
8.658091047683546e-01
9.150997683699236e-01
9.511620696752214e-01
9.749552145965471e-01
9.890889275011971e-01
9.989259651191044e-01
###8.800000000000002e+00
-7.389913581027862e-09
1.201714585701772e-08
1.210361586841205e-09
1.196790086079075e-09
1.534496897087302e-09
2.163984721696524e-09
2.764975813021909e-09
2.735465918736434e-09
2.814654463082017e-09
2.911911873971815e-09
3.098209870093425e-09
3.422019479272216e-09
3.503491274152152e-09
3.722792545598414e-09
4.025749073831896e-09
4.393236680837973e-09
4.827531335649013e-09
5.364770819253511e-09
6.047445442961686e-09
6.914473165986722e-09
8.037686681005255e-09
9.469571958300043e-09
1.132728115387090e-08
1.376180022055591e-08
1.692808433914304e-08
2.110625648961163e-08
2.665579331465463e-08
3.381565928763071e-08
4.353115366706801e-08
5.641278404401089e-08
7.318755275314339e-08
9.582870117228653e-08
1.256390792287252e-07
1.657209842350433e-07
2.188647973495009e-07
2.888447874321272e-07
3.821902996794693e-07
5.061736870683135e-07
6.709830216266768e-07
8.900781252037652e-07
1.181086675218439e-06
1.568391999819602e-06
2.081843622353300e-06
2.766411701790460e-06
3.675268531376706e-06
4.883307268176777e-06
6.490863928748608e-06
8.625486342545346e-06
1.146443162334223e-05
1.525344496757693e-05
2.026812358843221e-05
2.697346575387541e-05
3.582795043956603e-05
4.768442476559637e-05
6.328122557549979e-05
8.406744415645021e-05
1.116543108119222e-04
1.485041656556272e-04
1.973804689468222e-04
2.620821467723747e-04
3.485049420142529e-04
4.629050778944781e-04
6.149525918209222e-04
8.175712048711804e-04
1.083091539286332e-03
1.436559795839409e-03
1.902495325931156e-03
2.518784992170106e-03
3.328768587853275e-03
4.405658217675176e-03
5.817762906236187e-03
7.670529196956632e-03
1.009066778919447e-02
1.325260075178053e-02
1.736141776432918e-02
2.268065844238766e-02
2.952092201567669e-02
3.830520052812079e-02
4.949864982089420e-02
6.368460670998724e-02
8.151666184359661e-02
1.037977265361310e-01
1.313756305000009e-01
1.650934030658021e-01
2.056086602722856e-01
2.537094305021895e-01
3.095222232391601e-01
3.729856353903759e-01
4.434588816962068e-01
5.195423845429942e-01
5.991306900715077e-01
6.788439081716756e-01
7.549080687076749e-01
8.235566567027026e-01
8.814781615455730e-01
9.267100651826397e-01
9.589433422591640e-01
9.795760668365402e-01
9.913908528494291e-01
9.991801807716407e-01
###9.200000000000003e+00
-7.349313650465357e-09
1.197918242752293e-08
1.285442287607141e-09
1.283725155992992e-09
1.607823581936923e-09
2.271374130123558e-09
2.928781093933708e-09
2.904018922998823e-09
3.002032964697058e-09
3.120330925419258e-09
3.316974056991450e-09
3.656268595115850e-09
3.775355546654681e-09
4.023875000948216e-09
4.361827629191506e-09
4.758518322333906e-09
5.239698064603425e-09
5.829229274697959e-09
6.582411036822093e-09
7.532112352715013e-09
8.759901258989178e-09
1.032409537683103e-08
1.235259416568039e-08
1.500409679208761e-08
1.845597187808714e-08
2.299747316874744e-08
2.903059136330284e-08
3.685015466510714e-08
4.740812811313053e-08
6.142072949608270e-08
7.969269919286136e-08
1.043640868731356e-07
1.368097265181546e-07
1.805239218173921e-07
2.383718760101506e-07
3.146760812105954e-07
4.164328607533815e-07
5.517031467067617e-07
7.314490793319451e-07
9.708733480916862e-07
1.288956139125755e-06
1.712414048835459e-06
2.274356948626005e-06
3.023937324584166e-06
4.019766539005672e-06
5.344507597670947e-06
7.108421369839926e-06
9.452665345767817e-06
1.257259996424033e-05
1.674005844081977e-05
2.225986146340902e-05
2.964721800854714e-05
3.940687611775640e-05
5.248545106122461e-05
6.970729235829437e-05
9.267400947496996e-05
1.232060201877966e-04
1.639522830968266e-04
2.180714540199786e-04
2.897352500603731e-04
3.855327914410781e-04
5.123731114299087e-04
6.810095034704976e-04
9.058205986988900e-04
1.200401050681548e-03
1.592582730665788e-03
2.109510747788851e-03
2.792898338532645e-03
3.690773147234732e-03
4.883641530088502e-03
6.446457289594344e-03
8.494570989351819e-03
1.116632946361209e-02
1.465148461475250e-02
1.917245495443395e-02
2.501411856228085e-02
3.250387864912097e-02
4.209558312511670e-02
5.428036774115257e-02
6.966553337968194e-02
8.892989466865388e-02
1.128976529268628e-01
1.424100663307076e-01
1.782899777984169e-01
2.211361571105530e-01
2.716413163096374e-01
3.298107484402889e-01
3.953722339686658e-01
4.674676630026209e-01
5.444530269907537e-01
6.239953484617133e-01
7.025607201059870e-01
7.763602382289025e-01
8.417758239971304e-01
8.958539912619410e-01
9.371047001001243e-01
9.657221189416832e-01
9.834782981051760e-01
9.932711639823461e-01
9.993875804028668e-01
###9.600000000000003e+00
-7.312428620350465e-09
1.203811778115117e-08
1.339798490060624e-09
1.371063516266206e-09
1.728930830035633e-09
2.402621600766760e-09
3.087633964783808e-09
3.084544206348041e-09
3.192899421376055e-09
3.333707735120989e-09
3.554094369525652e-09
3.907890729980879e-09
4.056844018441677e-09
4.337889338970595e-09
4.709475402022389e-09
5.147090870420822e-09
5.677047243719871e-09
6.329158371804608e-09
7.208151639627202e-09
8.198208039803625e-09
9.535870258973432e-09
1.124416811574940e-08
1.345682777580233e-08
1.634683935072042e-08
2.010702529933563e-08
2.506807533882025e-08
3.160885051802019e-08
4.014766078063557e-08
5.162916408535796e-08
6.687169573008847e-08
8.679122194269376e-08
1.136662294125934e-07
1.489873532371303e-07
1.966680721380975e-07
2.596603092525442e-07
3.428879024842320e-07
4.538488100564347e-07
6.014650187666910e-07
7.977819247702113e-07
1.059341065973691e-06
1.407148517038667e-06
1.870383126345734e-06
2.485656115513806e-06
3.306741434898961e-06
4.398497529807319e-06
5.851586217582159e-06
7.788058523410226e-06
1.036359880020584e-05
1.379267045441809e-05
1.837941453224198e-05
2.445674305579703e-05
3.259482558954463e-05
4.336046524744493e-05
5.779132394968635e-05
7.680983085524967e-05
1.021976735589639e-04
1.359744615911998e-04
1.810398965916242e-04
2.409498392930530e-04
3.203332494053391e-04
4.264754403461734e-04
5.670682606010995e-04
7.540257369043088e-04
1.003300710400991e-03
1.329937811498803e-03
1.764715075454862e-03
2.337651815847819e-03
3.094726291014214e-03
4.088732436996124e-03
5.408430667024069e-03
7.135470808326701e-03
9.395898605868156e-03
1.234071583453870e-02
1.617522903681974e-02
2.114054045888992e-02
2.754231008197354e-02
3.572603288097251e-02
4.617803169847427e-02
5.941013141982834e-02
7.605571224499508e-02
9.682314485901773e-02
1.225311375087609e-01
1.540279777433291e-01
1.921016770739170e-01
2.372763091727364e-01
2.901539846352861e-01
3.505811846315363e-01
4.180874961103992e-01
4.915824866746785e-01
5.691868728955666e-01
6.483665645906046e-01
7.254695406756876e-01
7.967406724504610e-01
8.587585783325478e-01
9.089644302047769e-01
9.463515908842997e-01
9.715796276161830e-01
9.867403996153967e-01
9.947878775021126e-01
9.995341088353776e-01
###1.000000000000000e+01
-7.266776966929497e-09
1.200962518074999e-08
1.490780371863724e-09
1.464047161595251e-09
1.839392042113632e-09
2.508955705172889e-09
3.250752809397653e-09
3.265326120626244e-09
3.389737754159565e-09
3.555624690918788e-09
3.794805679268541e-09
4.168998894976001e-09
4.352317730824414e-09
4.666951148652648e-09
5.081374565181101e-09
5.566561846356078e-09
6.143354170271860e-09
6.860852526018922e-09
7.814430427082217e-09
8.910711676092011e-09
1.036903511227230e-08
1.223584761957275e-08
1.464892992086514e-08
1.779772808755317e-08
2.189692953776974e-08
2.729613545353080e-08
3.441277226710847e-08
4.373064738833573e-08
5.622947218414822e-08
7.282647755215704e-08
9.454942894770232e-08
1.238058472472928e-07
1.622786914308634e-07
2.142676986306143e-07
2.829039945861951e-07
3.737013976365020e-07
4.947800071481271e-07
6.559551959704145e-07
8.704126394049806e-07
1.156291587192672e-06
1.536682707583355e-06
2.043673954906375e-06
2.717592073880242e-06
3.617472796664294e-06
4.814692203179111e-06
6.409346570315376e-06
8.535736528268286e-06
1.136679233824525e-05
1.513677723130866e-05
2.018691291140254e-05
2.688018117707054e-05
3.584796030655475e-05
4.772465912282953e-05
6.365172962016571e-05
8.465919303864945e-05
1.127224023079881e-04
1.500877115658393e-04
1.999301601619284e-04
2.662433353561975e-04
3.541549431162394e-04
4.717337866654645e-04
6.274888712522660e-04
8.346384185588098e-04
1.110861325975867e-03
1.472790188006726e-03
1.954378100197819e-03
2.588774470790254e-03
3.426576631510911e-03
4.525710807773017e-03
5.983775111692510e-03
7.889736854589078e-03
1.038077405355502e-02
1.362110288270819e-02
1.783270307429694e-02
2.327561518508430e-02
3.027688350566867e-02
3.920140276601689e-02
5.056521083925488e-02
6.490349045008356e-02
8.287121535924884e-02
1.051973326535722e-01
1.327072151403004e-01
1.662327248473241e-01
2.065221850412644e-01
2.540371800611201e-01
3.092133458818190e-01
3.717850345476862e-01
4.410597399851651e-01
5.157258837596640e-01
5.936663538634048e-01
6.721738754605410e-01
7.475204034127561e-01
8.160160612349454e-01
8.745092203863787e-01
9.208556329246755e-01
9.545248825437836e-01
9.766047487036682e-01
9.894473750141194e-01
9.960026018281084e-01
9.996566633019821e-01
###1.040000000000000e+01
-7.197287028708837e-09
1.197866542301063e-08
1.544500281298777e-09
1.553104985503186e-09
1.954172459554100e-09
2.656569253970511e-09
3.429632263909949e-09
3.452582724411203e-09
3.600700121939812e-09
3.793093420188791e-09
4.042968413695083e-09
4.440048214600006e-09
4.659927855414534e-09
5.015788412856848e-09
5.468987368057260e-09
6.002550277771935e-09
6.636781841974120e-09
7.424726396217406e-09
8.462435471440067e-09
9.671625508321967e-09
1.126364401407761e-08
1.330253799622591e-08
1.593286424645364e-08
1.936420504102314e-08
2.383336991255094e-08
2.970311188251253e-08
3.745062537774231e-08
4.762455339725319e-08
6.123628695070520e-08
7.932059092594505e-08
1.029989062090218e-07
1.348504435340141e-07
1.767752968914682e-07
2.334765548008158e-07
3.083054110551679e-07
4.073872842661116e-07
5.395633430607069e-07
7.155585720230070e-07
9.500245547694946e-07
1.262543647386212e-06
1.678738056127117e-06
2.233847054500313e-06
2.972301015048803e-06
3.958988679568768e-06
5.272299769780862e-06
7.022958742704537e-06
9.359038446054164e-06
1.247162776647315e-05
1.661850224979333e-05
2.217962437959252e-05
2.955309649422556e-05
3.943904643796380e-05
5.254359744882263e-05
7.012461370784239e-05
9.333229980891395e-05
1.243459054113975e-04
1.656674322918177e-04
2.208111622221746e-04
2.941935718578101e-04
3.915188771931506e-04
5.217062448796945e-04
6.941902824139258e-04
9.235975950943887e-04
1.229491909276188e-03
1.630186461362009e-03
2.163175364512753e-03
2.864893485840818e-03
3.790959005505020e-03
5.004855302483443e-03
6.613564523940145e-03
8.714090498507189e-03
1.145479868820654e-02
1.501490117778472e-02
1.963229057177016e-02
2.558721720521439e-02
3.322919340157552e-02
4.294170613470599e-02
5.526990519854572e-02
7.077899843287164e-02
9.012500495896873e-02
1.140670077542603e-01
1.434317978639089e-01
1.790238376575738e-01
2.215456675755734e-01
2.713802951402910e-01
3.287843190595779e-01
3.933785005982346e-01
4.642316018068177e-01
5.398177696184545e-01
6.178066272957770e-01
6.953313365115932e-01
7.686398413371838e-01
8.341614300955283e-01
8.890422936364700e-01
9.315746642481333e-01
9.616987611018561e-01
9.808844610986380e-01
9.916743655255584e-01
9.969650447437334e-01
9.997516468707547e-01
###1.080000000000000e+01
-7.147754133337534e-09
1.194570282822931e-08
1.617922991114809e-09
1.647530330373129e-09
2.064287966182173e-09
2.812120238748240e-09
3.612390867600430e-09
3.638878486587231e-09
3.818406195280601e-09
4.028149023331250e-09
4.303450266230425e-09
4.726230176293848e-09
4.982980545583159e-09
5.379658221411224e-09
5.881609057058796e-09
6.463299972292644e-09
7.159754739223059e-09
8.029343876479464e-09
9.156451966506512e-09
1.048382007733101e-08
1.221856001969065e-08
1.444824857460894e-08
1.731786711612026e-08
2.104418321169752e-08
2.592747162139371e-08
3.231098904592832e-08
4.075202452587786e-08
5.186402357904532e-08
6.668740280918627e-08
8.637834426977738e-08
1.122041085978679e-07
1.469083431131992e-07
1.926962077868625e-07
2.544372876883410e-07
3.360396744821049e-07
4.442176758618178e-07
5.885300253735672e-07
7.808319066114796e-07
1.037190206812044e-06
1.379067605047279e-06
1.834585777299287e-06
2.442637323873161e-06
3.252108592474466e-06
4.334258229840325e-06
5.775711555975521e-06
7.698417544555980e-06
1.026580050553920e-05
1.368875602001129e-05
1.825246652793418e-05
2.437706513162126e-05
3.250278316809327e-05
4.340245771866081e-05
5.786226441149594e-05
7.727344420761975e-05
1.029109492531595e-04
1.371879874393302e-04
1.828729567943431e-04
2.438653551140878e-04
3.250552567968712e-04
4.327582847639856e-04
5.768480570550270e-04
7.677454498681258e-04
1.021648904266297e-03
1.360163438872572e-03
1.803413670253666e-03
2.392689999827915e-03
3.168088807853463e-03
4.190550333138937e-03
5.529583104691169e-03
7.302162039340499e-03
9.613466768026746e-03
1.262492902675499e-02
1.652909691366807e-02
2.158330946005660e-02
2.808691913840898e-02
3.641169532950470e-02
4.696092803996514e-02
6.030950208540772e-02
7.704421569281605e-02
9.782989167701729e-02
1.234437673048112e-01
1.547106996379727e-01
1.924009088002941e-01
2.371613917442451e-01
2.892744799387297e-01
3.488306667061286e-01
4.153007300234000e-01
4.875357289516483e-01
5.637874357908995e-01
6.415316780873440e-01
7.177792293883174e-01
7.887905203597424e-01
8.511625441091371e-01
9.023799847108553e-01
9.411801051923446e-01
9.679524351237344e-01
9.844977259501392e-01
9.934865212381067e-01
9.977171856608111e-01
9.998181841002626e-01
###1.120000000000000e+01
-7.099013690719449e-09
1.191387607693548e-08
1.684791411691344e-09
1.743596191570969e-09
2.194247705671080e-09
2.967982938115178e-09
3.790912998426795e-09
3.833890103378467e-09
4.041352588787282e-09
4.274728167936531e-09
4.576574533132246e-09
5.024342000914227e-09
5.324029679410351e-09
5.763009835228199e-09
6.312264200210073e-09
6.950213070839327e-09
7.719020095796340e-09
8.672692539578414e-09
9.894461586090179e-09
1.135235986252585e-08
1.324494091817237e-08
1.567824981577225e-08
1.880817729834170e-08
2.286416955283032e-08
2.819182612638097e-08
3.513655471352104e-08
4.433023893318796e-08
5.646244212531434e-08
7.261446988881134e-08
9.406001677587814e-08
1.222529983553425e-07
1.601734083160293e-07
2.100861355147642e-07
2.773248378827373e-07
3.663460635973492e-07
4.845059943181009e-07
6.421365980249282e-07
8.523394293374128e-07
1.132738451561712e-06
1.506806880390695e-06
2.005631749624611e-06
2.671815594672325e-06
3.559491871733118e-06
4.746786592837313e-06
6.329326915274071e-06
8.441485870503559e-06
1.126392377350602e-05
1.502938874151110e-05
2.005286541845993e-05
2.679995404113649e-05
3.575204003363422e-05
4.777483828524845e-05
6.373338393913234e-05
8.516394767389995e-05
1.134938786345976e-04
1.513694339642929e-04
2.018627370250984e-04
2.693063980492664e-04
3.591093923499973e-04
4.782474936730915e-04
6.376615893098280e-04
8.488288416129453e-04
1.129638922120129e-03
1.503929015495054e-03
1.993807379380735e-03
2.644704961974173e-03
3.500615915751628e-03
4.628183548082330e-03
6.103546945706401e-03
8.053986806763537e-03
1.059346187140327e-02
1.389739736998112e-02
1.817194584304781e-02
2.369432015728918e-02
3.078455454934869e-02
3.983615466021399e-02
5.127139654612931e-02
6.569544201789436e-02
8.371221375171937e-02
1.059962393628864e-01
1.333383415430931e-01
1.665498887444774e-01
2.063566159317330e-01
2.533478579499137e-01
3.076895126145950e-01
3.693042373817785e-01
4.374976152630784e-01
5.109004222925272e-01
5.875551192843614e-01
6.647670518035649e-01
7.394501059300324e-01
8.079315586697338e-01
8.670137102743277e-01
9.145543407911252e-01
9.497339023351717e-01
9.733660184583826e-01
9.875260319852368e-01
9.949498704882200e-01
9.983009060857425e-01
9.998704966194459e-01
###1.160000000000000e+01
-7.039286473410266e-09
1.189642455945013e-08
1.766203489501005e-09
1.840415639677302e-09
2.320636326598747e-09
3.136187169682435e-09
3.975186329159774e-09
4.041605055202443e-09
4.266618423722711e-09
4.544325847269945e-09
4.854500343405080e-09
5.340587220538472e-09
5.690646553349550e-09
6.164578297216189e-09
6.763664030313506e-09
7.465222565994477e-09
8.309055834501776e-09
9.351137556541027e-09
1.068091170594680e-08
1.227850722241363e-08
1.434192184546652e-08
1.700216478378975e-08
2.041070288178819e-08
2.482149845848952e-08
3.063344991517630e-08
3.820027537613295e-08
4.822008536095394e-08
6.146091353794577e-08
7.905453177986605e-08
1.024246509859503e-07
1.331744139406946e-07
1.746017341586129e-07
2.290584558815326e-07
3.023293313781018e-07
3.994698455074281e-07
5.285665075628767e-07
7.008296438208684e-07
9.306706233892313e-07
1.237445689371813e-06
1.646922144624503e-06
2.193339513751698e-06
2.923656297148231e-06
3.897327094043802e-06
5.200429934420899e-06
6.938332783698519e-06
9.259608541626555e-06
1.236298240072003e-05
1.650698361671865e-05
2.203731426011939e-05
2.947113204169861e-05
3.933599172263725e-05
5.259852806267937e-05
7.021075220252259e-05
9.387302186252957e-05
1.251734539812714e-04
1.670176517417966e-04
2.228191519894714e-04
2.973795241451918e-04
3.966670036908534e-04
5.284626441484784e-04
7.046602976936290e-04
9.381117679105717e-04
1.248457005818642e-03
1.661972869891098e-03
2.202909853632180e-03
2.921190170450129e-03
3.864860682306254e-03
5.106948869921656e-03
6.730229399491056e-03
8.873441345261319e-03
1.165964108085286e-02
1.527887874197480e-02
1.995164504407815e-02
2.597572774969290e-02
3.369179986736525e-02
4.351033570526330e-02
5.588603100251083e-02
7.144061951190440e-02
9.079775857011166e-02
1.146386914624296e-01
1.437546347043689e-01
1.789471959117939e-01
2.208889514738172e-01
2.700900028764200e-01
3.265981878477360e-01
3.901610820485997e-01
4.599064202934624e-01
5.342533300762320e-01
6.110489321763151e-01
6.874373461091414e-01
7.602908580444921e-01
8.260318409695390e-01
8.817206131880869e-01
9.256022260969272e-01
9.573059306061668e-01
9.780194596250704e-01
9.900431430831288e-01
9.961208689499148e-01
9.987490205479000e-01
9.999213411826489e-01
###1.200000000000001e+01
-6.994018680532249e-09
1.186418654651458e-08
1.849916795713875e-09
1.933945194684159e-09
2.456717331876485e-09
3.300689054498992e-09
4.169016414993036e-09
4.251111470960438e-09
4.501593546618375e-09
4.806165722953608e-09
5.151081345628523e-09
5.668547180906889e-09
6.063523833480571e-09
6.588530220462870e-09
7.240811876481489e-09
8.009427908841628e-09
8.932028038881877e-09
1.007344009972540e-08
1.151515803742097e-08
1.326830254328193e-08
1.552014277492615e-08
1.842160445710119e-08
2.213789248528035e-08
2.693332998256662e-08
3.327610783834887e-08
4.152002616479955e-08
5.243995837902760e-08
6.689105864071994e-08
8.605949039748323e-08
1.115251999422562e-07
1.450790490974472e-07
1.903480123905638e-07
2.497651660802920e-07
3.296450580457888e-07
4.357161826888482e-07
5.767774477650867e-07
7.650829441213560e-07
1.016522217061187e-06
1.352231599721589e-06
1.800653853800135e-06
2.399533570344044e-06
3.200221100374305e-06
4.268728697998969e-06
5.699239187393930e-06
7.608535391045539e-06
1.016030694899134e-05
1.357352429982703e-05
1.813458073991298e-05
2.422602908857398e-05
3.241677385485916e-05
4.329495818047161e-05
5.791922067356117e-05
7.735558426069762e-05
1.034808749135967e-04
1.380538691062813e-04
1.842750736835185e-04
2.459348406148686e-04
3.283316887149943e-04
4.380616257109560e-04
5.837966199114823e-04
7.784176890356956e-04
1.036327720000671e-03
1.379068194289412e-03
1.835532497724271e-03
2.432314860929890e-03
3.224083940956608e-03
4.263428802404364e-03
5.630050972232581e-03
7.413799554534183e-03
9.765777969898257e-03
1.281844771882277e-02
1.677664965588200e-02
2.187675220348082e-02
2.843723802574545e-02
3.681787159609551e-02
4.744979743171387e-02
6.081833465404680e-02
7.755773760372228e-02
9.831107967242091e-02
1.237628488935012e-01
1.547012464835515e-01
1.919035929336799e-01
2.359862022756958e-01
2.873688629649873e-01
3.459656031385066e-01
4.113551262103797e-01
4.824678907276976e-01
5.575258742246529e-01
6.341820239068710e-01
7.094716314877058e-01
7.802499306301461e-01
8.430674356997594e-01
8.952938965059071e-01
9.355700406482135e-01
9.639574017349606e-01
9.819849929795670e-01
9.921110134057439e-01
9.970370169429630e-01
9.990784817213429e-01
9.999402491485764e-01
###1.240000000000001e+01
-6.933627030972981e-09
1.184848728040858e-08
1.927467431786630e-09
2.043023655861476e-09
2.583675025892494e-09
3.467395413176879e-09
4.361340712265422e-09
4.464838513564804e-09
4.738919022511168e-09
5.080239402371706e-09
5.462068507548467e-09
6.009753546347687e-09
6.456630669712381e-09
7.031841830194907e-09
7.743711840785717e-09
8.584960275643534e-09
9.590439824854605e-09
1.084220663539799e-08
1.240614807602240e-08
1.432817170313803e-08
1.678318529043202e-08
1.994601419934277e-08
2.399684149474830e-08
2.921667103609257e-08
3.613358473352566e-08
4.511574519982497e-08
5.701710489143610e-08
7.278550240451489e-08
9.366792448579381e-08
1.214122404453729e-07
1.580855745267773e-07
2.075032922205427e-07
2.723708605007958e-07
3.595088415670163e-07
4.753624544974191e-07
6.295453334524024e-07
8.354556969979928e-07
1.110583019338315e-06
1.478195090411939e-06
1.969386873890827e-06
2.625849555585621e-06
3.504108225254404e-06
4.676971451956070e-06
6.247770159050916e-06
8.345901199216739e-06
1.115178000051312e-05
1.490709030947779e-05
1.992823650672399e-05
2.664059962166248e-05
3.566381443870756e-05
4.765930073126070e-05
6.378781729566556e-05
8.523729435871508e-05
1.140742796777099e-04
1.522581962246650e-04
2.032991350158142e-04
2.714076492915174e-04
3.624315143042268e-04
4.836537053967862e-04
6.446907590031905e-04
8.595429014754499e-04
1.144257858141502e-03
1.522478329798605e-03
2.025966671124544e-03
2.683715102656625e-03
3.555587250482656e-03
4.699048899573608e-03
6.200827784289894e-03
8.158399522773772e-03
1.073583817739394e-02
1.407559546791793e-02
1.839792025182994e-02
2.395552373565225e-02
3.108798482926228e-02
4.017533119462535e-02
5.166860632243162e-02
6.608147474889629e-02
8.405955178141850e-02
1.062631552062500e-01
1.333763375745730e-01
1.661798893553212e-01
2.054143470409402e-01
2.516348332722976e-01
3.051585160384763e-01
3.657570153487682e-01
4.328328402580692e-01
5.051201201916281e-01
5.806424043095165e-01
6.568937236604101e-01
7.308141268047021e-01
7.992800823523496e-01
8.590308568458997e-01
9.077580299033663e-01
9.445122346651300e-01
9.697687142646039e-01
9.853455960393324e-01
9.938074752932469e-01
9.977706532579427e-01
9.993405576807313e-01
9.999527768323676e-01
###1.280000000000001e+01
-6.863449543112537e-09
1.183230032867591e-08
2.011614658069190e-09
2.156765017575979e-09
2.716884586452490e-09
3.639343781899029e-09
4.565055090119780e-09
4.688994886636524e-09
4.990525438739693e-09
5.363129878079120e-09
5.786819683766807e-09
6.355071833488536e-09
6.867991799391626e-09
7.497749650167010e-09
8.274752402135756e-09
9.193100626373266e-09
1.028929371579539e-08
1.165678075463542e-08
1.335506542888346e-08
1.545885868923741e-08
1.813454644799511e-08
2.158325991874972e-08
2.599708257832078e-08
3.168626573841026e-08
3.922234934748018e-08
4.901115372242925e-08
6.198654094574274e-08
7.918810450502979e-08
1.019525915892703e-07
1.321815701686095e-07
1.722302688769535e-07
2.262008746366856e-07
2.970399814709939e-07
3.921381341605681e-07
5.186468494714600e-07
6.873098864333472e-07
9.125544090319162e-07
1.213718645487863e-06
1.616327466229310e-06
2.154616886761088e-06
2.874380799331075e-06
3.837979866595927e-06
5.125723623491884e-06
6.850887062536601e-06
9.157564966496634e-06
1.224370035108885e-05
1.637590381347242e-05
2.190424369389438e-05
2.930037468368305e-05
3.924259392819719e-05
5.246992483676524e-05
7.025709780135010e-05
9.392433804434357e-05
1.257506136283075e-04
1.679091977258135e-04
2.242636901875271e-04
2.994647432389500e-04
3.999847574471649e-04
5.338214481598801e-04
7.116324643050808e-04
9.486954483481114e-04
1.262770028690689e-03
1.679812553125797e-03
2.234652124407209e-03
2.958733362876056e-03
3.917921031068219e-03
5.174513552712982e-03
6.822707454244055e-03
8.968318871308532e-03
1.178889111472782e-02
1.543779526709967e-02
2.015040548642019e-02
2.619693954248343e-02
3.393867945618620e-02
4.377513094676204e-02
5.617804434758267e-02
7.168693602641538e-02
9.095798480693686e-02
1.146654241657083e-01
1.434888756761416e-01
1.781934341034432e-01
2.194757261302386e-01
2.678193819291900e-01
3.234315510889103e-01
3.859261836158930e-01
4.545357891147392e-01
5.277906816767206e-01
6.035325106424952e-01
6.791136051208692e-01
7.514014659209809e-01
8.173508812119059e-01
8.739151121930493e-01
9.191399464041128e-01
9.524856871548049e-01
9.748071425218968e-01
9.881669009557326e-01
9.951773734569777e-01
9.983315185627412e-01
9.995250065081001e-01
9.999839706369267e-01
###1.320000000000001e+01
-6.803889940672083e-09
1.180004558624110e-08
2.101041627416947e-09
2.271706054684187e-09
2.857017600968475e-09
3.815607974305499e-09
4.774611087630389e-09
4.915408884916321e-09
5.253640935095593e-09
5.651753474333911e-09
6.121392998793915e-09
6.731390053253950e-09
7.295031680727128e-09
7.985413841777534e-09
8.835549408295613e-09
9.834102212433681e-09
1.102857872341905e-08
1.252039302235276e-08
1.436640332054799e-08
1.666645752551743e-08
1.958115460304329e-08
2.334135822535257e-08
2.815100882582035e-08
3.434363671634042e-08
4.255381906694214e-08
5.323637814163322e-08
6.738087725676099e-08
8.614247973544951e-08
1.109646449988482e-07
1.439161811047679e-07
1.876544890880174e-07
2.465935760054799e-07
3.239779898949608e-07
4.277984712772524e-07
5.660899065079769e-07
7.505490421242826e-07
9.970217599346903e-07
1.326825710302023e-06
1.767891523454393e-06
2.357982188705971e-06
3.147473137430816e-06
4.204935457925014e-06
5.619215661555669e-06
7.514330551770553e-06
1.005070550730566e-05
1.344562174251343e-05
1.799313723172480e-05
2.408106759616256e-05
3.223087898149783e-05
4.318642726809761e-05
5.776945691204535e-05
7.738708170312174e-05
1.034971428812327e-04
1.386146723204428e-04
1.851501872925343e-04
2.473477097545064e-04
3.303505151503742e-04
4.412878465895492e-04
5.889858911568937e-04
7.852044026414250e-04
1.046611976616282e-03
1.392824855953234e-03
1.852240208580264e-03
2.463027225289892e-03
3.259484795884408e-03
4.313555266720218e-03
5.692800488497361e-03
7.499577341914513e-03
9.848423287507457e-03
1.293104644278457e-02
1.691151079370736e-02
2.204214800366242e-02
2.861052343577914e-02
3.699939341190936e-02
4.762880285140202e-02
6.099121660873563e-02
7.764583562888092e-02
9.826530864719776e-02
1.235278489247457e-01
1.541053734457214e-01
1.907379987314810e-01
2.340820740853405e-01
2.845209962082562e-01
3.421567393434951e-01
4.064341361324095e-01
4.764089339366516e-01
5.504210999740936e-01
6.261280408905009e-01
7.007702007875517e-01
7.711883282046061e-01
8.344411805117474e-01
8.877298237506495e-01
9.294795076833198e-01
9.595498033905581e-01
9.791464625699319e-01
9.905190162768123e-01
9.962782552067689e-01
9.987670742705606e-01
9.996668089699579e-01
9.999930487433596e-01
###1.360000000000001e+01
-6.734670060623266e-09
1.178825875200532e-08
2.184532949370554e-09
2.368056982371097e-09
2.996811023357804e-09
3.993035597078272e-09
4.980745235089242e-09
5.158485745093284e-09
5.520962962717899e-09
5.958597981956017e-09
6.467771059681453e-09
7.125580684643622e-09
7.742705801274992e-09
8.499022018269163e-09
9.420883448989598e-09
1.046493098026740e-08
1.181104600108625e-08
1.343870612044661e-08
1.544412753027690e-08
1.795665453550365e-08
2.113155410337608e-08
2.522970960240066e-08
3.046932168089933e-08
3.721790647693349e-08
4.616150762694807e-08
5.781503444198022e-08
7.323286028389442e-08
9.370185517809470e-08
1.207711580013487e-07
1.567028578712148e-07
2.044688196616720e-07
2.688428821103567e-07
3.533797744973741e-07
4.668125959117792e-07
6.180274829101788e-07
8.198208324846127e-07
1.089634536432828e-06
1.450865657481374e-06
1.934218684548295e-06
2.581314706767278e-06
3.447563224395704e-06
4.608185549347489e-06
6.161817035262068e-06
8.244447115845959e-06
1.103387898132028e-05
1.476853950214000e-05
1.977355611628903e-05
2.647791432193820e-05
3.545917914273010e-05
4.753036416623670e-05
6.360851338831423e-05
8.524238696867792e-05
1.140436890657976e-04
1.527811461172241e-04
2.041326167864166e-04
2.727510244692051e-04
3.643337073903251e-04
4.866977262402116e-04
6.496094276649435e-04
8.659648348109609e-04
1.154024781267649e-03
1.535323128249135e-03
2.040999709665677e-03
2.712748573201465e-03
3.588005871918369e-03
4.744933931380395e-03
6.257168606595314e-03
8.235443996617516e-03
1.080334356609077e-02
1.416779913086262e-02
1.850366947154124e-02
2.408155546530237e-02
3.120528844517546e-02
4.028087257674196e-02
5.174848760448757e-02
6.611921064498234e-02
8.397156989436284e-02
1.059920499394461e-01
1.328602176812166e-01
1.652308110016899e-01
2.038162234518497e-01
2.492151587610387e-01
3.017166076859683e-01
3.613000574451036e-01
4.272348871455705e-01
4.983971512897082e-01
5.729379647382484e-01
6.483564085936254e-01
7.218013389856559e-01
7.901291218634110e-01
8.505253148720691e-01
9.004874927305323e-01
9.388184938126652e-01
9.657711699086856e-01
9.828581887762853e-01
9.924638867186576e-01
9.971542050473301e-01
9.990984783444271e-01
9.997681350013972e-01
9.999930487433596e-01
###1.400000000000001e+01
-6.658789002571705e-09
1.177643931023381e-08
2.266335829949722e-09
2.488766961285404e-09
3.136038200007133e-09
4.172664236870631e-09
5.192766147134901e-09
5.400194418657297e-09
5.797726764838856e-09
6.275181228060861e-09
6.830497674409874e-09
7.532332759996491e-09
8.210346587522288e-09
9.040092011311700e-09
1.003714805293444e-08
1.117938068692846e-08
1.264025618382397e-08
1.441393129188912e-08
1.659185566229797e-08
1.933353282540947e-08
2.279181254888009e-08
2.725958913898268e-08
3.296720768778477e-08
4.032097088319824e-08
5.006451983706350e-08
6.277194079503546e-08
7.958573960245923e-08
1.019138963847535e-07
1.314428575820388e-07
1.707008726813073e-07
2.228116968254968e-07
2.931249293488677e-07
3.855462734966719e-07
5.094788190524627e-07
6.748881176864768e-07
8.957038164478691e-07
1.191144880790406e-06
1.586965573428098e-06
2.116865234223001e-06
2.826455426361434e-06
3.777259637622888e-06
5.051384057870336e-06
6.758392069700353e-06
9.047434558749072e-06
1.211526298063170e-05
1.622434036015502e-05
2.173386412984996e-05
2.911739641739531e-05
3.901369112727262e-05
5.231504935496622e-05
7.004010840581285e-05
9.388938606983094e-05
1.256519833816296e-04
1.683709035376600e-04
2.250104021877392e-04
3.006939890178134e-04
4.016784132088462e-04
5.366019305861011e-04
7.161484025585232e-04
9.545426564529136e-04
1.271746006071150e-03
1.691379585148248e-03
2.247408098570805e-03
2.985559433756446e-03
3.946343861912048e-03
5.214900116522920e-03
6.871082968581452e-03
9.034503030309886e-03
1.183792491221100e-02
1.550519624129075e-02
2.022219685441078e-02
2.627675913190839e-02
3.399140758480746e-02
4.379352320679679e-02
5.614502954968518e-02
7.157397835466661e-02
9.067490052597152e-02
1.141488563909238e-01
1.426668568247332e-01
1.768635584020530e-01
2.174212338686665e-01
2.648646424074689e-01
3.193866953363000e-01
3.808245153008626e-01
4.482825233836580e-01
5.204365636661670e-01
5.952770464629327e-01
6.701568118162966e-01
7.421616741856659e-01
8.081883157917499e-01
8.655978945214371e-01
9.122069478397620e-01
9.472071769565232e-01
9.712155417620854e-01
9.860082443189924e-01
9.940577587466937e-01
9.978431924851475e-01
9.993464841341574e-01
9.998394697319286e-01
9.999930487433596e-01
###1.440000000000001e+01
-6.576138515369615e-09
1.177586064977153e-08
2.361446092879626e-09
2.596648302306776e-09
3.288050090747992e-09
4.362808828634157e-09
5.418941991996454e-09
5.653211911998264e-09
6.083387777296788e-09
6.605204330228158e-09
7.197745757109738e-09
7.958160676141079e-09
8.694614533268808e-09
9.602263034606079e-09
1.068609260955092e-08
1.193690218166115e-08
1.351829174211175e-08
1.545036110122413e-08
1.781668640332565e-08
2.080736566396497e-08
2.457287259862468e-08
2.943947619730826e-08
3.565699220220996e-08
4.367002293899314e-08
5.428057207966557e-08
6.814591900985235e-08
8.648331683568906e-08
1.108450455992215e-07
1.430624846737776e-07
1.860136417131746e-07
2.428378465860852e-07
3.196460114593736e-07
4.206992944295231e-07
5.561566209159188e-07
7.370965992256776e-07
9.788324658638963e-07
1.302496393610715e-06
1.736227083127048e-06
2.317175720380156e-06
3.095863503048681e-06
4.139484764210564e-06
5.538902427670902e-06
7.414606831830718e-06
9.930928335834642e-06
1.330513822355564e-05
1.782762268173993e-05
2.389193738327828e-05
3.202335320370941e-05
4.292656627410253e-05
5.758141482398149e-05
7.711708690031634e-05
1.034060995270569e-04
1.384241539202480e-04
1.855244419223230e-04
2.479711913066595e-04
3.313971920529385e-04
4.427095651962115e-04
5.913712627597978e-04
7.891323873231268e-04
1.051637750652992e-03
1.400635801542654e-03
1.862026590215668e-03
2.472989729493554e-03
3.283304302543225e-03
4.336887580390098e-03
5.726325590316820e-03
7.537829865822374e-03
9.900838103190521e-03
1.295783861321553e-02
1.694971903972885e-02
2.207387831435859e-02
2.863589714994713e-02
3.697864779518817e-02
4.754945043491318e-02
6.083098145358192e-02
7.736707697863793e-02
9.776950774838063e-02
1.227443620194133e-01
1.529554094100606e-01
1.890101427472761e-01
2.315435774199509e-01
2.810183998864155e-01
3.375032188115556e-01
4.006873895606028e-01
4.695151739940536e-01
5.424661903980758e-01
6.173711413781275e-01
6.914650414410228e-01
7.617879835092030e-01
8.253347994123421e-01
8.796597049918407e-01
9.229209304888375e-01
9.546960447888267e-01
9.759458060320088e-01
9.886613118180168e-01
9.953517843633288e-01
9.983797408484943e-01
9.995305475811239e-01
9.998897086050123e-01
9.999930487433596e-01
###1.480000000000001e+01
-6.500764493602790e-09
1.177394630283911e-08
2.440895785255699e-09
2.718830548021046e-09
3.446228769324967e-09
4.555306014712260e-09
5.654599314778428e-09
5.909358457932751e-09
6.380043627643430e-09
6.947905226656491e-09
7.590577768347516e-09
8.404033278418190e-09
9.208114085695245e-09
1.019578664919895e-08
1.137432370765480e-08
1.273829660016688e-08
1.444962586884608e-08
1.655058950149486e-08
1.912229381527827e-08
2.238053892203984e-08
2.648113358906019e-08
3.178337605784947e-08
3.855069142202781e-08
4.729008504362053e-08
5.885955124360364e-08
7.397542451973170e-08
9.397207907692818e-08
1.205530081539202e-07
1.557126271230896e-07
2.025873673330272e-07
2.646867399392156e-07
3.485861933559802e-07
4.591341493856124e-07
6.072301028133123e-07
8.052876279524470e-07
1.069916376798071e-06
1.424549053699443e-06
1.900024677921991e-06
2.537055548407822e-06
3.391646616346236e-06
4.537436011390162e-06
6.074722276061914e-06
8.136231537435475e-06
1.090255898281916e-05
1.461415121161492e-05
1.959183501730802e-05
2.626704709323374e-05
3.522123556317729e-05
4.723185432880767e-05
6.337816744156290e-05
8.490327671919183e-05
1.138759037888056e-04
1.524644323299550e-04
2.043796482210946e-04
2.732026430380302e-04
3.651326299428735e-04
4.877528459069982e-04
6.514548603393520e-04
8.691363727981762e-04
1.157979974242942e-03
1.541639842491440e-03
2.048598079295859e-03
2.719208193109349e-03
3.607882325629496e-03
4.761939342829824e-03
6.282178165317590e-03
8.261500952058496e-03
1.083926122471147e-02
1.416806063592989e-02
1.850763408367575e-02
2.406665264426935e-02
3.116856439774823e-02
4.017653278161201e-02
5.155879828852283e-02
6.581694498127766e-02
8.351194372340318e-02
1.052644366489381e-01
1.317864201134633e-01
1.637321382367607e-01
2.016677653564943e-01
2.461832825912240e-01
2.976500586404474e-01
3.560271565552738e-01
4.208471350711865e-01
4.908759238267432e-01
5.644266660823427e-01
6.391589907005296e-01
7.122190055982148e-01
7.806422545366305e-01
8.415436071248433e-01
8.927114850978807e-01
9.326580856213869e-01
9.613412066766367e-01
9.800280237007165e-01
9.908796169586568e-01
9.963947175998241e-01
9.987940439368869e-01
9.996660496556825e-01
9.999248813642372e-01
9.999930487433596e-01
###1.520000000000001e+01
-6.423568863223828e-09
1.179328038799259e-08
2.536487072202820e-09
2.855583347896221e-09
3.616844801130695e-09
4.754678134318089e-09
5.893543416332454e-09
6.177619927501980e-09
6.699316793099931e-09
7.303150105186754e-09
8.001839202296860e-09
8.866351558484281e-09
9.746331031160011e-09
1.081862842692140e-08
1.209504508343334e-08
1.358387411831640e-08
1.543638008852587e-08
1.772112844447929e-08
2.051582650688786e-08
2.406326525558832e-08
2.853025688884009e-08
3.430210513649277e-08
4.167001148704269e-08
5.121135294077570e-08
6.380854422258303e-08
8.029349242766983e-08
1.021040169508008e-07
1.311119812724859e-07
1.694898393672874e-07
2.206433882168674e-07
2.885573621599454e-07
3.802111374302944e-07
5.011583860307639e-07
6.631677856271748e-07
8.799660531695366e-07
1.169860407124279e-06
1.558435122654387e-06
2.079816826423169e-06
2.778528396282986e-06
3.716515378141212e-06
4.974659692907172e-06
6.663679117487728e-06
8.929580497187524e-06
1.197146206413191e-05
1.605425683524200e-05
2.153191279656230e-05
2.887992574623787e-05
3.873990398347785e-05
5.196180916162785e-05
6.975106834756712e-05
9.346813145383907e-05
1.253913085131013e-04
1.679053812016443e-04
2.251009005593265e-04
3.009188374890732e-04
4.021579531759256e-04
5.371425434312340e-04
7.172864656828259e-04
9.567540270510203e-04
1.274321732205392e-03
1.695788264955281e-03
2.252318427610088e-03
2.987730890108962e-03
3.961303612179825e-03
5.224183650975038e-03
6.885275872963081e-03
9.045762948570679e-03
1.185404661794762e-02
1.547479177915104e-02
2.018573867369096e-02
2.620831398766704e-02
3.388393378616841e-02
4.359510036348868e-02
5.583227034545754e-02
7.111454585877530e-02
9.001604696935712e-02
1.131681078823187e-01
1.412805562533694e-01
1.749940698364139e-01
2.148273278002611e-01
2.613223195528355e-01
3.147465428571758e-01
3.749334396774269e-01
4.412629226240534e-01
5.123206693485786e-01
5.862477204831661e-01
6.605735698992445e-01
7.323610022042221e-01
7.986873407702619e-01
8.568028769025595e-01
9.047707385553168e-01
9.414660520852848e-01
9.672041471355844e-01
9.835283298902425e-01
9.927184141003869e-01
9.972270542785419e-01
9.991106662530661e-01
9.997646269364612e-01
9.999491728578788e-01
9.999930487433596e-01
###1.560000000000001e+01
-6.371105145401069e-09
1.179895346150479e-08
2.660191270605414e-09
2.988241630668933e-09
3.773306058877669e-09
4.966653471617387e-09
6.138067854937814e-09
6.454620331088218e-09
7.018530582098979e-09
7.673012069358812e-09
8.430568366779051e-09
9.355792896982255e-09
1.030974501028089e-08
1.147255525461232e-08
1.285447826864094e-08
1.447862166254641e-08
1.648132901562624e-08
1.896449441350518e-08
2.200196322931187e-08
2.586400767155465e-08
3.069996283615724e-08
3.700798223440263e-08
4.503645444684792e-08
5.544548715343049e-08
6.916592110073148e-08
8.714169931969012e-08
1.109520813594832e-07
1.425980245205235e-07
1.844983838864429e-07
2.403270752504753e-07
3.146052242484242e-07
4.147778115531764e-07
5.470970577913501e-07
7.243594638870261e-07
9.617322122511971e-07
1.279383951882856e-06
1.705349218086361e-06
2.277217977560712e-06
3.043807153052218e-06
4.073340519112713e-06
5.455002537195543e-06
7.310994692337680e-06
9.801929352759774e-06
1.314687306795260e-05
1.763811501933977e-05
2.366552194496572e-05
3.175366728976716e-05
4.260928670421480e-05
5.716282820691810e-05
7.675151049136034e-05
1.028830196102852e-04
1.380415625903693e-04
1.848672295557253e-04
2.478488344140928e-04
3.313237239433210e-04
4.427634610246846e-04
5.912674548404249e-04
7.894214896140156e-04
1.052651296230755e-03
1.401518130999909e-03
1.864129293551476e-03
2.474456533894589e-03
3.280254645991437e-03
4.343943756592948e-03
5.726320720676832e-03
7.539151310007207e-03
9.894385697925962e-03
1.295099829199987e-02
1.688933657935505e-02
2.199154771940860e-02
2.850637090584162e-02
3.679193779723303e-02
4.724558527648929e-02
6.038315824005382e-02
7.673569799010869e-02
9.689215956199566e-02
1.214895898322833e-01
1.512343089235605e-01
1.867444784579840e-01
2.284941614267931e-01
2.769452292237444e-01
3.322768268916709e-01
3.941863145497446e-01
4.618818782238938e-01
5.337944934409263e-01
6.078745845219012e-01
6.815497097316067e-01
7.518435021919844e-01
8.158860470914722e-01
8.711050778691185e-01
9.158581871353547e-01
9.493870916133493e-01
9.723440128634930e-01
9.865075226806648e-01
9.942318772713763e-01
9.978858451713120e-01
9.993503783396065e-01
9.998356722724446e-01
9.999658217605725e-01
9.999930487433596e-01
