# NLO BK equation solver 0.0-dev build  (build Feb 16 2026 17:52:53)
# Initial condition: MV model, Q_s0^2 = 0.00743174 GeV^2, \gamma = 1, coefficient of E inside Log is 1, x0=0.01, \Lambda_QCD = 0.241 GeV
# # LO Kernel RC:  Balitsky. NLO Kernel RC:  smallest dipole
# Nc=3, Nf=4
# Using RungeKutta method in K1
# Resumming double log
# Resumming single log, K_sub=0.65 resum rc: smallest
# BK K1 integration relative accuracy: 0.02# NLO BK as^2 terms: MC integration method: Vegas, points=1000000
# Kinematical constraint: none
# Target kinematical constraint: disabled

###1.000000000000000e-05
###1.160836920850890e+00
###100
###1.000000000000000e+00
###0.000000000000000e+00
2.403402787606019e-12
3.201347659150831e-12
4.263635206877862e-12
5.677625694706377e-12
7.559473376307635e-12
1.006358889776102e-11
1.339520097553309e-11
1.782702868911851e-11
2.372140434793451e-11
3.155962177694849e-11
4.198086018593035e-11
5.583379463078845e-11
7.424500990744808e-11
9.870966393010754e-11
1.312116025259307e-10
1.743824461540828e-10
2.317122293730180e-10
3.078282114710018e-10
4.088638012086257e-10
5.429465569824496e-10
7.208434701828683e-10
9.568139151706109e-10
1.269736673453688e-09
1.684598516900408e-09
2.234459542323300e-09
2.963046850746757e-09
3.928175955915401e-09
5.206262009770974e-09
6.898265142116583e-09
9.137521915275538e-09
1.210005588756087e-08
1.601814469874468e-08
2.119816210249855e-08
2.804402805342163e-08
3.708801043329644e-08
4.903115689051224e-08
6.479633153082840e-08
8.559773650106609e-08
1.130319742101927e-07
1.491972308855399e-07
1.968491375028297e-07
2.596044193247661e-07
3.422067457276129e-07
4.508734485271500e-07
5.937472578173946e-07
7.814842497711194e-07
1.028018241930079e-06
1.351553452841453e-06
1.775852051199364e-06
2.331902119251827e-06
3.060075632346084e-06
4.012916674786016e-06
5.258738983151893e-06
6.886261181274086e-06
9.010570450563494e-06
1.178071488661114e-05
1.538976126913560e-05
2.008708375345059e-05
2.619464973752095e-05
3.412755930132239e-05
4.442031248941269e-05
5.776030598469983e-05
7.503052300694701e-05
9.736392557546658e-05
1.262127689690695e-04
1.634369922928203e-04
2.114170772127277e-04
2.731984212482885e-04
3.526764974619567e-04
4.548350813601276e-04
5.860539063574643e-04
7.545076467706524e-04
9.706856305635725e-04
1.248071813515050e-03
1.604038146410414e-03
2.061022598360163e-03
2.648087070960203e-03
3.402981824522588e-03
4.374883664340468e-03
5.628026978920397e-03
7.246511631517571e-03
9.340650753076107e-03
1.205531361506074e-02
1.558081816188073e-02
2.016701898312934e-02
2.614128561131068e-02
3.393100562670792e-02
4.409095129731599e-02
5.733509438312601e-02
7.457086640970645e-02
9.693085066006268e-02
1.257916132957592e-01
1.627608285973596e-01
2.096013315952883e-01
2.680452117297395e-01
3.394382208706767e-01
4.241603545990681e-01
5.208244662673169e-01
6.254074487796408e-01
7.307439791646486e-01
###4.000000000000000e-01
5.714766584244167e-09
-3.193729783633487e-11
1.523571230494558e-11
-1.386533472130410e-08
1.852291576288005e-11
2.834347941845162e-11
2.076437348378027e-09
5.500323607215379e-11
6.008504842760879e-11
5.804530914526168e-09
1.112200385909320e-10
1.416515843934961e-10
1.816551006140494e-10
1.403769849858326e-10
1.753519813212165e-10
2.234382221932386e-10
2.876170069069079e-10
3.658584929367836e-10
4.653615380744696e-10
6.133957523112361e-10
8.000777785217922e-10
1.055708714590864e-09
1.393449301681871e-09
1.838938912269051e-09
2.431742893857432e-09
3.216335646573428e-09
4.257153181259272e-09
5.638723874353530e-09
7.464161679549979e-09
9.881961028397845e-09
1.308366529428281e-08
1.731761779703124e-08
2.291952477626779e-08
3.033564859437386e-08
4.011931100674541e-08
5.304531316909124e-08
7.010778605864844e-08
9.263412546849563e-08
1.223454781339561e-07
1.615346370868818e-07
2.131691173111868e-07
2.811919632515109e-07
3.707708746037421e-07
4.886561914516189e-07
6.436838476969743e-07
8.474951459788399e-07
1.115141212404064e-06
1.466568512288208e-06
1.927378119223049e-06
2.532256576814868e-06
3.324028172095881e-06
4.361487051677733e-06
5.717080581907625e-06
7.491757218207250e-06
9.804018414218634e-06
1.282355889166231e-05
1.676002430080819e-05
2.188667517987753e-05
2.855835530703395e-05
3.722238921137506e-05
4.849054811683756e-05
6.309506859333151e-05
8.203825037070364e-05
1.065365349879185e-04
1.382379395585000e-04
1.792176007309934e-04
2.320640202562301e-04
3.002402476247826e-04
3.880347778476115e-04
5.014115552030438e-04
6.472186623995084e-04
8.349316066928576e-04
1.076353254491110e-03
1.387228683315736e-03
1.787311637311879e-03
2.302559253703168e-03
2.966138831745420e-03
3.823280585343867e-03
4.929866501927557e-03
6.361644796959615e-03
8.218883635593583e-03
1.062765916118055e-02
1.376841162973855e-02
1.785808027098812e-02
2.319078108301287e-02
3.015747515024941e-02
3.924744979375078e-02
5.108384195791818e-02
6.652169049628295e-02
8.660289295565812e-02
1.126466972454370e-01
1.461296698234294e-01
1.887872871410181e-01
2.423200855702083e-01
3.083741726434037e-01
3.879242050019931e-01
4.814660961483663e-01
5.886949619350776e-01
7.161287609607866e-01
9.567536903315225e-01
###8.000000000000000e-01
5.554382847201543e-09
1.098614744856671e-11
5.420426310053821e-11
-1.381809881940591e-08
2.162017251285059e-11
5.078405639547430e-11
2.045181594648062e-09
9.487891616610354e-11
9.843453752865561e-11
5.562600316094142e-09
1.618952677896789e-10
2.062450418107316e-10
2.365039912381261e-10
1.951041432645094e-10
2.333434222270207e-10
2.808056538072278e-10
3.423223055331563e-10
4.245554547187462e-10
5.374901947371471e-10
6.937137757034031e-10
8.967328642339429e-10
1.172296642770151e-09
1.526356602932349e-09
2.013001330257840e-09
2.649767583160569e-09
3.484623616686983e-09
4.617474455050791e-09
6.109982110379715e-09
8.081528065389154e-09
1.069466755839154e-08
1.415563644644452e-08
1.873345857405566e-08
2.479338127843632e-08
3.283160740690751e-08
4.341729690798315e-08
5.740993558281387e-08
7.588064784465802e-08
1.002860819865135e-07
1.324729428502033e-07
1.749563074796557e-07
2.309250273660167e-07
3.046848157077864e-07
4.018669666102232e-07
5.298101102967105e-07
6.980887472836038e-07
9.194427877764884e-07
1.210150950128507e-06
1.592040488024974e-06
2.092593023540896e-06
2.751031833152954e-06
3.612500112218693e-06
4.741933715722652e-06
6.218623458823866e-06
8.154525393841018e-06
1.067467057122832e-05
1.396766734699216e-05
1.826322412797998e-05
2.386505932202091e-05
3.115910183362699e-05
4.063966138002492e-05
5.298144463504068e-05
6.899126768851558e-05
8.978220636268275e-05
1.167049116587561e-04
1.515959227468804e-04
1.967701167711483e-04
2.550853385826982e-04
3.304507367431199e-04
4.276604751536590e-04
5.536930343552796e-04
7.160355983186339e-04
9.256055327364295e-04
1.195785437185012e-03
1.544821492888989e-03
1.995407473553608e-03
2.577421646457063e-03
3.328879183210533e-03
4.303243344025843e-03
5.564740850868540e-03
7.201993914619737e-03
9.331329852452471e-03
1.210379416394634e-02
1.572887064236742e-02
2.046215291344044e-02
2.664054623030390e-02
3.472337944228929e-02
4.526419275819375e-02
5.896006537714815e-02
7.679464144922477e-02
9.993434615026502e-02
1.298028361738845e-01
1.679537496623413e-01
2.160690031659938e-01
2.756903348604750e-01
3.480242316613027e-01
4.333584485014741e-01
5.311107901279197e-01
6.392584437518228e-01
7.598062540206331e-01
9.638128009383650e-01
###1.200000000000000e+00
5.542563213617925e-09
1.103008308035330e-11
8.987078453342959e-11
-1.380070816678960e-08
3.815416838745866e-11
1.151558828796871e-10
1.995691271896631e-09
1.352927471318567e-10
1.429130967699480e-10
5.333051721263030e-09
2.158147010017428e-10
2.746338114998043e-10
3.121390229623905e-10
2.639702347720739e-10
2.758431856552016e-10
3.429717646110226e-10
4.079586529499272e-10
4.940034778403243e-10
6.162685771893900e-10
7.814264239283620e-10
9.981484110501778e-10
1.299948351335009e-09
1.680664893126941e-09
2.203057383547868e-09
2.890037452568104e-09
3.803442480935379e-09
5.016378621837459e-09
6.627901537449385e-09
8.758659385260963e-09
1.158144341341179e-08
1.532492788994661e-08
2.027472690731411e-08
2.683973292229924e-08
3.554132674145719e-08
4.699863536202485e-08
6.215163845852682e-08
8.215563816828068e-08
1.085991893212274e-07
1.434887975860936e-07
1.895468391856327e-07
2.502389830457887e-07
3.302551290760927e-07
4.357256768908502e-07
5.746323236315226e-07
7.573636036320120e-07
9.978749218783575e-07
1.313742653312429e-06
1.728920032531242e-06
2.273007741882010e-06
2.990007685968303e-06
3.927807838922922e-06
5.158114420891906e-06
6.767746888945179e-06
8.880337503024078e-06
1.162903109215984e-05
1.522307298061396e-05
1.991479682640542e-05
2.604089005821444e-05
3.402279231919923e-05
4.440253711155997e-05
5.793762243979761e-05
7.550843227644231e-05
9.835696977001262e-05
1.279804829082652e-04
1.664315935014706e-04
2.162852785451146e-04
2.807567795076838e-04
3.642136319537746e-04
4.720455203281532e-04
6.123480890945937e-04
7.936364553148882e-04
1.027764003315584e-03
1.330613589449770e-03
1.723055423898133e-03
2.231068147053172e-03
2.887753616673344e-03
3.740976796114613e-03
4.849101435617625e-03
6.287353089868140e-03
8.158313587231724e-03
1.059925817479001e-02
1.378327440519109e-02
1.795818403254284e-02
2.341118047972565e-02
3.053519194817871e-02
3.985297304504376e-02
5.197997111716109e-02
6.769668940420437e-02
8.809134916547785e-02
1.144221236374013e-01
1.481729958055420e-01
1.908840508112634e-01
2.440749888330655e-01
3.090021380121263e-01
3.862187875482396e-01
4.751466750660206e-01
5.739509770111163e-01
6.790670723501646e-01
7.905534409599043e-01
9.689267283915221e-01
###1.600000000000000e+00
5.515231507575602e-09
3.024162329010054e-11
1.160360614384911e-10
-1.382344142454386e-08
4.427901348808155e-11
1.312297973524460e-10
1.933999622329017e-09
1.758492434563449e-10
1.885580897105950e-10
5.089569370676528e-09
2.669745773071943e-10
3.077055119267984e-10
3.656974560285905e-10
3.283309738239414e-10
3.409013044569052e-10
4.117022507381375e-10
4.739043552444824e-10
5.706797968513380e-10
6.999197164578598e-10
8.756813550605801e-10
1.114504377406222e-09
1.434364644822177e-09
1.845407760038115e-09
2.410561510517559e-09
3.151189829521861e-09
4.136754245766985e-09
5.447765206139359e-09
7.189057813096018e-09
9.494063298049841e-09
1.254660642370422e-08
1.659544573695750e-08
2.195085772701249e-08
2.905380845841739e-08
3.848174195202985e-08
5.088964854138109e-08
6.729974787393615e-08
8.897508318060127e-08
1.176380334961045e-07
1.554546241728020e-07
2.054106749671636e-07
2.712567201133925e-07
3.580795633804634e-07
4.725886461542555e-07
6.234328481957242e-07
8.219739119805415e-07
1.083372351939574e-06
1.426798995524844e-06
1.878397292036329e-06
2.470143584161473e-06
3.251160908908778e-06
4.272681039449205e-06
5.614326792890257e-06
7.369175987379927e-06
9.675606499665421e-06
1.267460991920350e-05
1.660180697735671e-05
2.173175833311929e-05
2.843446717426407e-05
3.717760659821365e-05
4.855112488967683e-05
6.341394863631529e-05
8.271883415112292e-05
1.078697018641215e-04
1.405285855818215e-04
1.829202541568238e-04
2.380377202326894e-04
3.093960978139240e-04
4.019556816636178e-04
5.217746559014895e-04
6.781604884499981e-04
8.805824318438267e-04
1.142790223134910e-03
1.482674645217112e-03
1.924348284180273e-03
2.497405226716999e-03
3.239069266274682e-03
4.207854481130445e-03
5.467722329030424e-03
7.106568154482355e-03
9.241625666882905e-03
1.203394530715487e-02
1.568222829673157e-02
2.046832019669992e-02
2.672653380142485e-02
3.489309393614687e-02
4.556125392775114e-02
5.939958648955207e-02
7.728716734593853e-02
1.003654924349617e-01
1.299707501356704e-01
1.675953306289697e-01
2.146942897611921e-01
2.725802470608820e-01
3.419952379157526e-01
4.229172068920465e-01
5.138690408400518e-01
6.120102431730681e-01
7.129078476080437e-01
8.158683593416891e-01
9.731483124052625e-01
###2.000000000000000e+00
5.482047756183392e-09
9.525764558594550e-11
1.191304334135441e-10
-1.380240463216651e-08
7.101976953420855e-11
1.570308590591993e-10
1.915894167303094e-09
1.879921291987413e-10
2.375244716571636e-10
4.882432379637190e-09
3.297731813071090e-10
3.931621381549739e-10
4.445913876067518e-10
3.940836145905368e-10
3.989318656964447e-10
4.844493657926467e-10
5.411386410447843e-10
6.603106748004781e-10
7.907021233406841e-10
9.821694829614519e-10
1.236461035297669e-09
1.583602012523104e-09
2.030026848556135e-09
2.640289394277738e-09
3.438438152107239e-09
4.505313567969352e-09
5.923381853601952e-09
7.803641677853629e-09
1.029567412254305e-08
1.359877318375626e-08
1.798462118982545e-08
2.377710563397114e-08
3.146503177718517e-08
4.167828418116256e-08
5.511571095695123e-08
7.289568657042724e-08
9.638720477238003e-08
1.274683218505067e-07
1.684750553788061e-07
2.226696971090538e-07
2.941195306318705e-07
3.883728059965796e-07
5.127366641122883e-07
6.766056216261616e-07
8.924059497546470e-07
1.176617906797442e-06
1.550179681310504e-06
2.041580995318984e-06
2.685616227131520e-06
3.536654989436427e-06
4.650004322286043e-06
6.113747738808304e-06
8.028130372865939e-06
1.054737520297836e-05
1.382243965391317e-05
1.811706957183343e-05
2.373129289485022e-05
3.107089758267314e-05
4.065626191660346e-05
5.313187331486154e-05
6.946665372680473e-05
9.070281783653222e-05
1.184092862792449e-04
1.544937604479769e-04
2.012707985290990e-04
2.622712546048641e-04
3.413611776978250e-04
4.441534011770001e-04
5.774702746195995e-04
7.519610768558836e-04
9.782128145763211e-04
1.272136901761961e-03
1.653951249601274e-03
2.151348988577132e-03
2.798027235127357e-03
3.636213561682658e-03
4.735216548309573e-03
6.166705943491012e-03
8.031565422264830e-03
1.046484697273020e-02
1.365029687333244e-02
1.781661267263698e-02
2.327892688628131e-02
3.042474544041590e-02
3.973282720263133e-02
5.186384704802013e-02
6.753928153787862e-02
8.771400512115356e-02
1.135793856115666e-01
1.465085321215412e-01
1.879557768163977e-01
2.392401914387502e-01
3.013891882106535e-01
3.746050771185950e-01
4.582564208796425e-01
5.501296917017066e-01
6.466386723164608e-01
7.429310463779825e-01
8.379083884268694e-01
9.767706429098930e-01
###2.400000000000000e+00
5.451048127944702e-09
1.009593665049201e-10
2.501048383260295e-10
-1.379746011160032e-08
9.354625731660265e-11
1.876081957169422e-10
1.890723961419080e-09
1.972560036732260e-10
2.964408386961439e-10
4.705974872277299e-09
3.923242952316037e-10
4.688383227719925e-10
4.963449344770249e-10
4.708953661484202e-10
4.749276861208391e-10
5.573000200715751e-10
6.301387551964386e-10
7.497555063936273e-10
8.950401953177941e-10
1.100907773433215e-09
1.374745770872435e-09
1.745916627410643e-09
2.234761966037776e-09
2.894596109199461e-09
3.757185943387760e-09
4.908926229638892e-09
6.441805158803373e-09
8.477547378409537e-09
1.117141418824233e-08
1.474592775139295e-08
1.949265625681147e-08
2.576322221638884e-08
3.409215890893778e-08
4.516453719640919e-08
5.971446044047404e-08
7.898424992450073e-08
1.044457556205729e-07
1.381656170270969e-07
1.826424758518127e-07
2.414492457261466e-07
3.190253861861249e-07
4.213729700128864e-07
5.564861455482178e-07
7.345711188657567e-07
9.692196919305482e-07
1.278348561510332e-06
1.684881021319990e-06
2.219836620518298e-06
2.921150938276398e-06
3.848972756454649e-06
5.063008142768010e-06
6.660725904335789e-06
8.750410166877135e-06
1.150387346922730e-05
1.508324683787059e-05
1.978160037761359e-05
2.592520393131104e-05
3.397678576892619e-05
4.449480368301070e-05
5.819241053379829e-05
7.617012447738067e-05
9.954633621556250e-05
1.300969840120063e-04
1.699987074528228e-04
2.216923465553610e-04
2.892766021111920e-04
3.770497201727524e-04
4.913264086332840e-04
6.398490020174046e-04
8.347198996895577e-04
1.087835695952284e-03
1.417518918894789e-03
1.846645584384351e-03
2.406915082728053e-03
3.136744735579742e-03
4.083946697218733e-03
5.329344856857077e-03
6.953781136745004e-03
9.072157022090105e-03
1.184031083757315e-02
1.546233164549818e-02
2.020304496971468e-02
2.641426609919032e-02
3.452816247826004e-02
4.507486775159610e-02
5.877558756714664e-02
7.640195622552869e-02
9.897094253025135e-02
1.277056789374365e-01
1.639780339153787e-01
2.091663641258435e-01
2.644035629828610e-01
3.303781350071138e-01
4.067879001547959e-01
4.923984427670388e-01
5.843765502807877e-01
6.786323869343717e-01
7.701340674177264e-01
8.575440105248444e-01
9.799575641985652e-01
###2.800000000000000e+00
5.381219601920995e-09
9.594245251425281e-11
2.527824470056217e-10
-1.377760657503867e-08
1.123586636260489e-10
2.059978050066406e-10
1.873555834227810e-09
2.509857893035036e-10
3.465862571492528e-10
4.528463499078464e-09
4.540116861349246e-10
5.334051223909509e-10
5.740012524413232e-10
5.502613353696911e-10
5.524823727326227e-10
6.396103087788014e-10
7.116707349523702e-10
8.476227467103770e-10
1.011844643816779e-09
1.236676665118315e-09
1.523480109224912e-09
1.927489496780229e-09
2.449761231030910e-09
3.169613566248991e-09
4.098935828379617e-09
5.349753524487628e-09
7.008148225229465e-09
9.209900294263085e-09
1.212840847211137e-08
1.599474007199675e-08
2.113562833465216e-08
2.792838508513695e-08
3.695434700500226e-08
4.894061032960061e-08
6.471367722152016e-08
8.559965697924015e-08
1.132156495326587e-07
1.497934608735071e-07
1.980526555260079e-07
2.618995009340913e-07
3.461444721208702e-07
4.573301792040637e-07
6.041494729862330e-07
7.977779123632719e-07
1.053018752144593e-06
1.389353017061748e-06
1.831964300817728e-06
2.414654166973051e-06
3.178831186101075e-06
4.190669490141553e-06
5.515366551419752e-06
7.260159732905145e-06
9.542942255916229e-06
1.255394950123061e-05
1.646903359292722e-05
2.161236110257656e-05
2.833829658532521e-05
3.717976218276189e-05
4.873051543279949e-05
6.379055189785384e-05
8.359368907484347e-05
1.093503890226649e-04
1.430728594870860e-04
1.872223553566584e-04
2.444251892788437e-04
3.193856645911310e-04
4.168873849378390e-04
5.440632039626145e-04
7.096718464283645e-04
9.274565280326286e-04
1.210832891754952e-03
1.580778614873109e-03
2.063105742775956e-03
2.694144323244331e-03
3.517512405231257e-03
4.587358982353970e-03
5.997002774963131e-03
7.837342322375445e-03
1.023909455073295e-02
1.337953813034037e-02
1.748573068031699e-02
2.285926193399950e-02
2.989088747242940e-02
3.905823322392105e-02
5.093661369710408e-02
6.631095159470234e-02
8.599438533629422e-02
1.110471981606974e-01
1.427098375360324e-01
1.823236829426202e-01
2.311517811429750e-01
2.900946281752221e-01
3.594520870008875e-01
4.385328389924549e-01
5.254531639293114e-01
6.168999405876233e-01
7.084446624459628e-01
7.950273862692789e-01
8.752107187531418e-01
9.827605845624164e-01
###3.200000000000000e+00
5.329022535462928e-09
1.712718045228696e-10
2.743903457763683e-10
-1.378078104377830e-08
1.231503607220395e-10
2.370479156904342e-10
1.892501640637058e-09
2.982315235273459e-10
4.012123391962670e-10
4.372902248961754e-09
5.185434521628428e-10
6.291846242476043e-10
6.555382053164044e-10
6.282900506240456e-10
6.296411877577670e-10
7.289009081624478e-10
8.073653770970792e-10
9.554829743921226e-10
1.128622824679692e-09
1.373271257732821e-09
1.687881858351017e-09
2.125373754180384e-09
2.692980298872412e-09
3.474142798801428e-09
4.476678571499241e-09
5.831833245148112e-09
7.623824965605598e-09
1.000701867327798e-08
1.316857015769231e-08
1.735518055142211e-08
2.292311465359939e-08
3.028670206652079e-08
4.006183647414039e-08
5.304507233803609e-08
7.015096209903498e-08
9.279967899793232e-08
1.227526940247040e-07
1.624428838375884e-07
2.148324548715610e-07
2.841575737697052e-07
3.756809201440620e-07
4.965194190978038e-07
6.561240043184251e-07
8.667662428822711e-07
1.144496314652725e-06
1.510638900023949e-06
1.992711723843828e-06
2.627667517489247e-06
3.460771148014912e-06
4.564843955819454e-06
6.011062922782458e-06
7.917221136801115e-06
1.041276537541033e-05
1.370752612410548e-05
1.799335856797013e-05
2.362869902808110e-05
3.099895426943057e-05
4.071421774221020e-05
5.341158271697205e-05
6.998431571690268e-05
9.181658244159656e-05
1.202258197831563e-04
1.574864557343325e-04
2.063685251594283e-04
2.697395560281050e-04
3.529467774810915e-04
4.613497956838489e-04
6.030704167464050e-04
7.878073892738794e-04
1.031317083423068e-03
1.348697429309583e-03
1.763880052050949e-03
2.306025789623278e-03
3.016434103440789e-03
3.944592766006631e-03
5.152012145627889e-03
6.745036711236820e-03
8.826384387685286e-03
1.154298327192562e-02
1.509540578830810e-02
1.973565396454012e-02
2.580203747771518e-02
3.372653890320141e-02
4.403210340596610e-02
5.733744878871205e-02
7.448717316187957e-02
9.632243250463013e-02
1.239392390973010e-01
1.585721397801246e-01
2.015000141932022e-01
2.538427058032205e-01
3.162419475770707e-01
3.885947322903349e-01
4.698118549250239e-01
5.574767351005485e-01
6.478569933657201e-01
7.363129605349902e-01
8.178899179390958e-01
8.911542409227631e-01
9.852549492402595e-01
###3.600000000000000e+00
5.287883063312693e-09
2.024996733002428e-10
2.790293061232984e-10
-1.375815532348725e-08
1.571876390478139e-10
2.693256654732795e-10
1.848995138411474e-09
3.363505072653186e-10
4.696789803977954e-10
4.234882112691823e-09
5.863450546557259e-10
7.105954336721036e-10
7.237027124013338e-10
7.123825902893846e-10
7.236035922161450e-10
8.355786794312461e-10
9.189781899819866e-10
1.067842400564311e-09
1.266329559422287e-09
1.525292975289652e-09
1.871683285210948e-09
2.342528495967923e-09
2.959323735964959e-09
3.802937763394726e-09
4.899086024614179e-09
6.356269939180900e-09
8.295679173743764e-09
1.087725047066392e-08
1.430200290696562e-08
1.883675214737906e-08
2.488155720317064e-08
3.285392120850711e-08
4.344245710867467e-08
5.751251680538848e-08
7.606469251064907e-08
1.006333789720880e-07
1.331321260732765e-07
1.762158366551686e-07
2.331120748208692e-07
3.084138822816391e-07
4.078744140512744e-07
5.392438507647220e-07
7.128323834734464e-07
9.420413801761186e-07
1.244373585948226e-06
1.643116241023030e-06
2.168409475241201e-06
2.860628117043838e-06
3.769372581466871e-06
4.974742194284365e-06
6.554537667057935e-06
8.638572415000361e-06
1.136840807364366e-05
1.497579237633608e-05
1.967099773440665e-05
2.584952971895993e-05
3.393482078025702e-05
4.461691160739783e-05
5.858812943792924e-05
7.684086164780549e-05
1.009105731209271e-04
1.322924906361437e-04
1.735012236220982e-04
2.276621505866410e-04
2.979368444951089e-04
3.903808247151589e-04
5.109986641857864e-04
6.689881703754606e-04
8.752045400736429e-04
1.147555396336970e-03
1.503072295259970e-03
1.968975365002942e-03
2.578130605555708e-03
3.377457166802967e-03
4.422843385705382e-03
5.784633788817579e-03
7.581114595121250e-03
9.929645299014944e-03
1.299509847816543e-02
1.700088339747745e-02
2.222796566764349e-02
2.905004139336956e-02
3.794157134656150e-02
4.946949900394391e-02
6.429641645151148e-02
8.331410844620535e-02
1.073929806521299e-01
1.376377883371334e-01
1.752619448117608e-01
2.214619963962274e-01
2.771778090423678e-01
3.427733838015626e-01
4.177593898294988e-01
5.006291808775234e-01
5.885029820718329e-01
6.773389068231233e-01
7.623908231846495e-01
8.389014943171109e-01
9.055445480278971e-01
9.874550720726677e-01
###4.000000000000000e+00
5.272613449308723e-09
2.647109484074563e-10
2.881513987372662e-10
-1.372556857648409e-08
1.872337807605777e-10
3.037002267506411e-10
1.836940305590726e-09
3.939536039050154e-10
5.545103862210944e-10
4.095565938320915e-09
6.589358226727035e-10
7.970387941437203e-10
8.057919554106861e-10
7.962482051625962e-10
8.238697943338399e-10
9.390126855863198e-10
1.031142667599857e-09
1.201029765046060e-09
1.412316278215236e-09
1.691577512556996e-09
2.077281802670483e-09
2.581507782510878e-09
3.253923037744331e-09
4.157610231060427e-09
5.350477881966954e-09
6.929305622063686e-09
9.029380290828936e-09
1.182566799015545e-08
1.553329925007267e-08
2.045148572200074e-08
2.700133357725480e-08
3.564453397839513e-08
4.711838731123705e-08
6.237034520524583e-08
8.249691186813519e-08
1.091567885626020e-07
1.444347302984806e-07
1.912133673808396e-07
2.530732864942929e-07
3.348431205623412e-07
4.429520156620497e-07
5.858321552326324e-07
7.747186427835231e-07
1.024050351493792e-06
1.353442849535800e-06
1.787894771953689e-06
2.360618492319357e-06
3.115540556223362e-06
4.107376664374759e-06
5.424007303121188e-06
7.150778850391138e-06
9.430737442889808e-06
1.241873501161422e-05
1.637065555687465e-05
2.151839961247367e-05
2.829779732562986e-05
3.717602653530954e-05
4.892900963472356e-05
6.431213606319259e-05
8.443259449808017e-05
1.109964534850826e-04
1.456895917048493e-04
1.912973409402884e-04
2.513510368236794e-04
3.293393408939576e-04
4.320982493249464e-04
5.664166342399575e-04
7.426017993159902e-04
9.728870985580177e-04
1.277535667142794e-03
1.675787205592211e-03
2.198432420866870e-03
2.882497864048737e-03
3.781171041791758e-03
4.957408599558345e-03
6.493421881234639e-03
8.513033987032570e-03
1.115713606236064e-02
1.460676484878037e-02
1.911067895664403e-02
2.497793207486013e-02
3.262055474283430e-02
4.255419134037360e-02
5.538925660761827e-02
7.182616126661699e-02
9.280595182802773e-02
1.192054131535505e-01
1.521330967666157e-01
1.927574278746283e-01
2.421696334084120e-01
3.010991029213930e-01
3.696256091693524e-01
4.468736643611911e-01
5.309301912761135e-01
6.185237345557972e-01
7.053948142935190e-01
7.867648826364761e-01
8.581732973836771e-01
9.184940402781623e-01
9.893991266397336e-01
###4.399999999999999e+00
5.236364237403577e-09
3.105897184058635e-10
3.061677039787718e-10
-1.370379239255726e-08
2.460637012693643e-10
3.603248616149248e-10
1.830896090999902e-09
4.600837929514606e-10
6.118984913505692e-10
3.979560621197906e-09
7.558557356837538e-10
8.827677726420827e-10
8.850768470036896e-10
8.930532473877527e-10
9.309215719572243e-10
1.049150183245944e-09
1.155289336424108e-09
1.325659215344924e-09
1.564671206517187e-09
1.870269841813516e-09
2.296734505819755e-09
2.840831719366727e-09
3.571232062581188e-09
4.552973331547602e-09
5.841900394190507e-09
7.554841301311226e-09
9.830049877137848e-09
1.285997521645461e-08
1.687625007668542e-08
2.220638458766271e-08
2.930829887897166e-08
3.868150714849382e-08
5.111673450377009e-08
6.765724940688485e-08
8.949577255425364e-08
1.184358591367979e-07
1.567475384778665e-07
2.075501126364501e-07
2.748173586770039e-07
3.636461530596719e-07
4.812174086758728e-07
6.366658396795295e-07
8.422651427638943e-07
1.113764709251760e-06
1.472600389693633e-06
1.946220619920086e-06
2.570922664404535e-06
3.394822033487266e-06
4.477870998246576e-06
5.916765087953148e-06
7.805220187746719e-06
1.030108485641106e-05
1.357360495092052e-05
1.790637880787032e-05
2.355345919624465e-05
3.099863666266924e-05
4.075534869424648e-05
5.369507284193511e-05
7.064703801909117e-05
9.284518337983014e-05
1.221824957284671e-04
1.605640340089682e-04
2.110844324631291e-04
2.777027671336116e-04
3.643160297780050e-04
4.786238676175690e-04
6.282288372532796e-04
8.247623578857698e-04
1.081984505180599e-03
1.422732027807992e-03
1.868749479801620e-03
2.454758072841170e-03
3.222472229869630e-03
4.231633417675027e-03
5.553518620038242e-03
7.281967386247775e-03
9.549299790656033e-03
1.251901886659559e-02
1.639070853643721e-02
2.143812389263461e-02
2.800215709206481e-02
3.653146871804983e-02
4.758268213237501e-02
6.180941183902162e-02
7.994567219102200e-02
1.029723524137059e-01
1.317625292780626e-01
1.674137349667670e-01
2.110327903277179e-01
2.635702572108328e-01
3.255476570887332e-01
3.967297424327522e-01
4.758511614892388e-01
5.606635506676831e-01
6.475247327229797e-01
7.320296920486828e-01
8.094861436133438e-01
8.757890153685488e-01
9.300925233236648e-01
9.911073594385501e-01
###4.800000000000000e+00
5.233684095375331e-09
2.998831669689811e-10
3.210876935348845e-10
-1.369606038458474e-08
2.928046005644513e-10
3.999541951002044e-10
1.842001131603739e-09
5.189279145388511e-10
6.852325119626303e-10
3.861717270543511e-09
8.407921967283622e-10
9.809466082875624e-10
9.721318395314315e-10
9.970232039794945e-10
1.038848670232730e-09
1.171425864501436e-09
1.286798306180309e-09
1.476007347688269e-09
1.735742993946240e-09
2.068440885367159e-09
2.529336680916914e-09
3.123396694932656e-09
3.918471522044919e-09
4.981655639970784e-09
6.378668696509939e-09
8.234331416797278e-09
1.070102875896208e-08
1.398794385157245e-08
1.833923336983696e-08
2.411974237202645e-08
3.181820187170373e-08
4.198492456443187e-08
5.546680218048860e-08
7.341186809885915e-08
9.712164684029092e-08
1.285360283796705e-07
1.701374924525623e-07
2.253519283244412e-07
2.984953833045392e-07
3.950589506556309e-07
5.229469128977514e-07
6.921443707038288e-07
9.159991956851980e-07
1.211844652039329e-06
1.602942593963856e-06
2.119479726503982e-06
2.801171102837951e-06
3.700821713235048e-06
4.884436012929815e-06
6.457865201628689e-06
8.523945336928737e-06
1.125757774223561e-05
1.484415548342517e-05
1.959744808407176e-05
2.579707800547531e-05
3.397867224414931e-05
4.471048090956172e-05
5.896623968948084e-05
7.765925405803769e-05
1.021654187635825e-04
1.345921615375122e-04
1.770810687554420e-04
2.330725216066392e-04
3.070176355581010e-04
4.032516885232544e-04
5.304511899358148e-04
6.971325367588201e-04
9.164065019095196e-04
1.203721324474917e-03
1.584735644178112e-03
2.084001451048105e-03
2.740536474292894e-03
3.601344898801577e-03
4.733355310408902e-03
6.216648415500262e-03
8.157103007060809e-03
1.069831763170900e-02
1.402591239083622e-02
1.835854548937054e-02
2.399902968925482e-02
3.131700075643337e-02
4.080090664553821e-02
5.304507762085368e-02
6.874824239055601e-02
8.866800324049955e-02
1.138191775331178e-01
1.450644216579249e-01
1.834731712112289e-01
2.300547607936979e-01
2.855992149191089e-01
3.504609159384683e-01
4.240054455123104e-01
5.046403594246699e-01
5.897607389270060e-01
6.754562813156278e-01
7.572449193791398e-01
8.305915598000018e-01
8.918236181005615e-01
9.404278507398538e-01
9.925894195346113e-01
###5.200000000000000e+00
5.239992385715123e-09
2.990067387218763e-10
3.341627680767371e-10
-1.367721188871803e-08
3.270969078477050e-10
4.375288569811151e-10
1.816835380298407e-09
5.826682324818355e-10
7.494004918376627e-10
3.775474358473247e-09
9.280185542328225e-10
1.070221526766118e-09
1.070691385871848e-09
1.102910710854567e-09
1.144493908192289e-09
1.297575682389895e-09
1.427356588487689e-09
1.632031436866679e-09
1.918435881139448e-09
2.282289273712463e-09
2.779506206019735e-09
3.429448817410798e-09
4.292667800909120e-09
5.443974573176622e-09
6.961892152018438e-09
8.973814603101929e-09
1.164822336809224e-08
1.521017171727652e-08
1.992935880387110e-08
2.620004362628734e-08
3.454687427397568e-08
4.557358207323338e-08
6.019973447311348e-08
7.967241916416251e-08
1.054129625317380e-07
1.395348653679722e-07
1.847339251046842e-07
2.447487482520876e-07
3.242473922122195e-07
4.293169737456294e-07
5.685088709805144e-07
7.527318178318056e-07
9.965753881081862e-07
1.319084961574153e-06
1.745491131213822e-06
2.309074767167722e-06
3.053361088574618e-06
4.036271882631046e-06
5.330666974539658e-06
7.052471984827408e-06
9.313770564250336e-06
1.230953194623211e-05
1.624289107663355e-05
2.146037460169633e-05
2.827201025550654e-05
3.726997527823452e-05
4.908314950409331e-05
6.479821627942099e-05
8.542498886803225e-05
1.124983081940555e-04
1.483641942512448e-04
1.954236292386344e-04
2.575159421214599e-04
3.396244862490442e-04
4.465903416741439e-04
5.881694162226165e-04
7.738990970220999e-04
1.018535238158323e-03
1.339409377838408e-03
1.765336552322120e-03
2.323910137710003e-03
3.058889173726300e-03
4.023008624216346e-03
5.291226155431435e-03
6.952828164232317e-03
9.126640394391145e-03
1.196914957846873e-02
1.568833731695628e-02
2.052400170025926e-02
2.680741076756128e-02
3.493922493747181e-02
4.544554396712322e-02
5.896332838768210e-02
7.622124377479879e-02
9.800675836250422e-02
1.253555878014312e-01
1.591077196809480e-01
2.002899407450656e-01
2.497917705409345e-01
3.082380693178712e-01
3.757598050755793e-01
4.513775022752670e-01
5.331496049853878e-01
6.181506828322776e-01
7.022735281724635e-01
7.810259475933808e-01
8.501113598095161e-01
9.063418264286101e-01
9.495931012459415e-01
9.938749795503486e-01
###5.600000000000001e+00
5.226964738155467e-09
3.350720621923188e-10
4.619098345289116e-10
-1.365102624022589e-08
3.928911032292585e-10
4.762576259741335e-10
1.831597342042419e-09
6.418007583083898e-10
8.142480625848563e-10
3.701505320534002e-09
1.023064248644345e-09
1.171032360857294e-09
1.173616924245334e-09
1.212664069218898e-09
1.270820458467050e-09
1.429742478002627e-09
1.577974778012238e-09
1.811284954235609e-09
2.118117588898140e-09
2.515304588483864e-09
3.057396596326275e-09
3.769001362724567e-09
4.701551027181064e-09
5.948653565028510e-09
7.594856679351296e-09
9.778903973964363e-09
1.267939174484413e-08
1.654257760793324e-08
2.165960470876232e-08
2.846500226091892e-08
3.751743203914035e-08
4.947920696462006e-08
6.535071611531241e-08
8.649254728253512e-08
1.144467120684585e-07
1.515193183488368e-07
2.006377551335483e-07
2.658955512267566e-07
3.523419889545716e-07
4.667032870957950e-07
6.182508698940174e-07
8.189075929604337e-07
1.084667851964597e-06
1.436363639324116e-06
1.901508321263194e-06
2.516704715461131e-06
3.329792395736099e-06
4.404359158543080e-06
5.821036034873971e-06
7.705668838417716e-06
1.018271136596949e-05
1.346734145882259e-05
1.778365340466562e-05
2.351461228141324e-05
3.100325971769720e-05
4.090546627066006e-05
5.391741661926214e-05
7.125076016445773e-05
9.402840863028250e-05
1.239518076230783e-04
1.636460841500698e-04
2.157911793001973e-04
2.846738645595940e-04
3.758810723977257e-04
4.948109882073308e-04
6.523861552160392e-04
8.593662761511488e-04
1.132257838779395e-03
1.490435116404743e-03
1.966276696088803e-03
2.590812676293776e-03
3.412784408309204e-03
4.491276141788371e-03
5.910049198963088e-03
7.768080070975036e-03
1.019860129674894e-02
1.337127187817066e-02
1.751792961846113e-02
2.289995271913297e-02
2.987831347684960e-02
3.888580144474725e-02
5.048510989707466e-02
6.535096045761324e-02
8.424516516619711e-02
1.079743096373101e-01
1.375848974288157e-01
1.738826226493218e-01
2.178350286090850e-01
2.702046824094422e-01
3.314229086400067e-01
4.013793652002070e-01
4.787582571333210e-01
5.612830196812485e-01
6.457606915922234e-01
7.279244936841969e-01
8.033563587260618e-01
8.680688747091796e-01
9.194084784884099e-01
9.576520721007160e-01
9.949892277303287e-01
###6.000000000000001e+00
5.208611107406473e-09
3.450328144478694e-10
4.454641923038093e-10
-1.361818713773198e-08
4.567904971282167e-10
5.270153857594376e-10
1.871661809450109e-09
7.113031128687554e-10
8.936311705925855e-10
3.641140071413176e-09
1.128568732338817e-09
1.278456941176971e-09
1.283933646429827e-09
1.329598205358080e-09
1.403284158396876e-09
1.586618800792230e-09
1.741950748135071e-09
1.991524236381864e-09
2.333873811818640e-09
2.769550131092537e-09
3.356510092051202e-09
4.131590431298505e-09
5.144981987656892e-09
6.499065587737872e-09
8.285961160188596e-09
1.065618845196477e-08
1.380326986333683e-08
1.798864326084074e-08
2.354364852691434e-08
3.092734964459737e-08
4.074978272450937e-08
5.373223210725386e-08
7.095926748270464e-08
9.391960010847983e-08
1.242837596704818e-07
1.645833253268029e-07
2.179817751137915e-07
2.889567802259580e-07
3.830006531676725e-07
5.075204239824148e-07
6.725546061869822e-07
8.912190427339073e-07
1.180964038837129e-06
1.564632183952502e-06
2.072366703199892e-06
2.744216383797847e-06
3.632824754278187e-06
4.808106506381495e-06
6.359697708361066e-06
8.423611245681851e-06
1.113890457332846e-05
1.474188141774501e-05
1.948183051561299e-05
2.577958096383065e-05
3.401813464545569e-05
4.492124055350681e-05
5.926434885532953e-05
7.839466606326438e-05
1.035573027399444e-04
1.366506324761565e-04
1.806030635109209e-04
2.384042639465160e-04
3.148425599655496e-04
4.161796129529190e-04
5.484295592861706e-04
7.238347061102852e-04
9.544432535352954e-04
1.258748632935991e-03
1.658437219702771e-03
2.189722351890182e-03
2.887277810472677e-03
3.805680510353778e-03
5.010440764049427e-03
6.595015501248099e-03
8.669445005759073e-03
1.138074178023321e-02
1.491441760161772e-02
1.952639823229552e-02
2.550059601464517e-02
3.322715411819119e-02
4.317252882897232e-02
5.593528807364347e-02
7.222386806617162e-02
9.283380199850515e-02
1.185792588490643e-01
1.505109323568575e-01
1.893857538237600e-01
2.360939180805476e-01
2.912531096336449e-01
3.550902625593622e-01
4.272392207939646e-01
5.060587439269979e-01
5.889562817258291e-01
6.725082717380327e-01
7.523593315481385e-01
8.242292523474862e-01
8.845098122863179e-01
9.310946287710284e-01
9.646868090398357e-01
9.959147074104417e-01
###6.400000000000001e+00
5.185563534311967e-09
4.003025346573004e-10
4.690679574170336e-10
-1.357107974141394e-08
4.990678508891687e-10
5.676257085625034e-10
1.906816837632466e-09
7.942622669061228e-10
9.832600381510575e-10
3.591233301955326e-09
1.231214774413046e-09
1.384864864882439e-09
1.396679020685244e-09
1.458492552001931e-09
1.546876313500331e-09
1.735250548957476e-09
1.908904920976515e-09
2.193414677934612e-09
2.569431574151762e-09
3.042443389146008e-09
3.678236428037303e-09
4.524669305727743e-09
5.627506640893372e-09
7.094757683326738e-09
9.036469684280863e-09
1.161091736343999e-08
1.502606290793704e-08
1.956713104017056e-08
2.559184016020780e-08
3.360642479173685e-08
4.426725387107007e-08
5.836118974494324e-08
7.706562747456150e-08
1.020110090080859e-07
1.350031373963693e-07
1.788252722724104e-07
2.368910072077489e-07
3.141202268275034e-07
4.164684528932995e-07
5.520798564180490e-07
7.319116859031415e-07
9.702750737988973e-07
1.286324837447352e-06
1.705023442481113e-06
2.259433236256446e-06
2.993649863264709e-06
3.965320783269479e-06
5.251426823866387e-06
6.951439937295873e-06
9.212840385866251e-06
1.219049525182153e-05
1.614590423845057e-05
2.135349540755839e-05
2.827904922612228e-05
3.734801054637289e-05
4.936235557514116e-05
6.518057170403139e-05
8.630488388002527e-05
1.141171697158595e-04
1.507352563493154e-04
1.994142030414623e-04
2.635097687122924e-04
3.483529694338210e-04
4.609511754652927e-04
6.080161144593580e-04
8.032405662249018e-04
1.060111713141722e-03
1.399277303169895e-03
1.845025003057374e-03
2.437764271538068e-03
3.216181612067198e-03
4.241011305774907e-03
5.585112482449705e-03
7.352014919557020e-03
9.663596034010785e-03
1.268189307033432e-02
1.660874029126722e-02
2.172542092996521e-02
2.833867332412213e-02
3.686971133180748e-02
4.781731779463984e-02
6.181281229773647e-02
7.960138894348479e-02
1.020018429050638e-01
1.298287651650129e-01
1.641312965754719e-01
2.055996414225640e-01
2.550333188726610e-01
3.128921514150392e-01
3.791805949747636e-01
4.532694178856577e-01
5.331944821042169e-01
6.160994646839610e-01
6.983240781861439e-01
7.755352915796077e-01
8.436470862123285e-01
8.994740842770019e-01
9.414759630279427e-01
9.707792582553296e-01
9.967089025917966e-01
###6.800000000000002e+00
5.176317272404321e-09
4.265569828036797e-10
4.643189716853505e-10
-1.352288216571161e-08
5.350103006086946e-10
6.258968982661770e-10
1.926149919586905e-09
8.841482831917693e-10
1.067804417499685e-09
3.555746920279835e-09
1.339708863438862e-09
1.511370310355850e-09
1.519058140906779e-09
1.591045562560296e-09
1.700198881642830e-09
1.903911143276563e-09
2.103395549639964e-09
2.416507695877356e-09
2.838149830056171e-09
3.339884768436225e-09
4.028793221245050e-09
4.943657798870604e-09
6.148132079955752e-09
7.745769146203341e-09
9.851578923803667e-09
1.264682052133287e-08
1.635618080860978e-08
2.128345301101529e-08
2.781939323027022e-08
3.652260671610751e-08
4.809582249327510e-08
6.340162736734731e-08
8.371878971416551e-08
1.108217820020105e-07
1.466858801159898e-07
1.943482147322170e-07
2.575150857921683e-07
3.415713200817806e-07
4.530060948194889e-07
6.007721514422077e-07
7.967770008666342e-07
1.056739859650785e-06
1.401635384082382e-06
1.858754489223823e-06
2.464463068216115e-06
3.267153280938804e-06
4.330175741203857e-06
5.738325248890021e-06
7.601712849989689e-06
1.008114395763228e-05
1.334810017730674e-05
1.769280297448513e-05
2.341748924047664e-05
3.103850789452321e-05
4.102701894550854e-05
5.427176497339048e-05
7.172737460821737e-05
9.506267470196515e-05
1.258137336614242e-04
1.663472687812870e-04
2.202844616433099e-04
2.913633639096764e-04
3.855487282584618e-04
5.106561445429582e-04
6.741808708572147e-04
8.914159972733451e-04
1.177433865012802e-03
1.555260773056690e-03
2.052009901856439e-03
2.712683441943122e-03
3.580392927935500e-03
4.722517701124741e-03
6.219846057533470e-03
8.186921372208153e-03
1.075762554285830e-02
1.411056953113256e-02
1.846494595942107e-02
2.412775608738430e-02
3.142937688390302e-02
4.082266168096711e-02
5.283559920281532e-02
6.813632584907454e-02
8.749846986269111e-02
1.117607615413340e-01
1.417292640978370e-01
1.784451864270050e-01
2.225125888133173e-01
2.746224529870872e-01
3.350685901114835e-01
4.036167930680807e-01
4.793780002901417e-01
5.600704890610599e-01
6.425971051458327e-01
7.231393265703125e-01
7.974162256564683e-01
8.616128757654021e-01
9.130044388320494e-01
9.506329492574612e-01
9.760135501813424e-01
9.973705827320880e-01
###7.200000000000002e+00
5.162337094712863e-09
4.348510351549665e-10
5.491612749362731e-10
-1.348922484548962e-08
5.732089579497053e-10
6.869268794920101e-10
1.958693031329598e-09
9.733059653108604e-10
1.161406063268973e-09
3.529844917385763e-09
1.447457153983337e-09
1.634478286012887e-09
1.647766777105410e-09
1.732820254852037e-09
1.861368553525464e-09
2.082172853281074e-09
2.311108828134397e-09
2.654067374256725e-09
3.106679866407968e-09
3.661151763563695e-09
4.410780717219641e-09
5.405445755088284e-09
6.716002157201356e-09
8.448871715548450e-09
1.073456161320519e-08
1.377267056839842e-08
1.780126935556429e-08
2.315200983300160e-08
3.023779435178742e-08
3.969409693499236e-08
5.226089209773924e-08
6.888640624256634e-08
9.096610171561582e-08
1.204232039035342e-07
1.594220612775347e-07
2.112819666639360e-07
2.800177988227099e-07
3.715514032021220e-07
4.929223776842775e-07
6.539473087437976e-07
8.677177804929357e-07
1.151365796649010e-06
1.527887992696709e-06
2.027170426190153e-06
2.689339736641716e-06
3.567274447598346e-06
4.730801505049052e-06
6.273337598409152e-06
8.316627735508037e-06
1.103680130567814e-05
1.462380151311124e-05
1.939799999900869e-05
2.569517836809163e-05
3.408512111948178e-05
4.509184055544027e-05
5.970005183054821e-05
7.896942752792255e-05
1.047585005302421e-04
1.387758082487133e-04
1.836521915813562e-04
2.434244873461405e-04
3.222673517969312e-04
4.268245420315581e-04
5.658221508317459e-04
7.476232419220393e-04
9.892683570856626e-04
1.307591949760667e-03
1.728226678009525e-03
2.281294138720328e-03
3.017101759717828e-03
3.983088629902927e-03
5.254235111691282e-03
6.919956995077649e-03
9.105783778845257e-03
1.195956731879574e-02
1.567610164827042e-02
2.049409734844942e-02
2.674549139306550e-02
3.478640360223263e-02
4.509998451375645e-02
5.824517692563184e-02
7.492126039923733e-02
9.592770415358991e-02
1.221202095866898e-01
1.542865578436773e-01
1.934367431073168e-01
2.400975021132664e-01
2.948227582475242e-01
3.577283991431157e-01
4.283350329227624e-01
5.054790829884436e-01
5.865954906470493e-01
6.683723060102313e-01
7.468877200613380e-01
8.179841046286491e-01
8.781474019396757e-01
9.251676799449666e-01
9.586490754032286e-01
9.804742275126827e-01
9.979166763891072e-01
###7.600000000000002e+00
5.149080295628854e-09
4.358488395090438e-10
5.744632257530692e-10
-1.344057261619928e-08
6.165676525017515e-10
7.410722064729845e-10
1.994191379745925e-09
1.061282127904215e-09
1.263518557185314e-09
3.506352473144770e-09
1.558658470539124e-09
1.761933206387555e-09
1.791808046815184e-09
1.884241821064112e-09
2.030746884326876e-09
2.271316563652022e-09
2.530897426184734e-09
2.904784375497910e-09
3.395263191262455e-09
4.005580959373955e-09
4.822970045237385e-09
5.905350316093469e-09
7.330021311321156e-09
9.211367046970105e-09
1.169453929234100e-08
1.499815608135851e-08
1.937226448145312e-08
2.517916367261017e-08
3.287551366747320e-08
4.314477563438072e-08
5.679820552410225e-08
7.486630419299395e-08
9.886359366676509e-08
1.308927165754382e-07
1.733103221034069e-07
2.297523972563946e-07
3.045810846516956e-07
4.042807477416496e-07
5.365216484440476e-07
7.121156743266285e-07
9.453102191336964e-07
1.254953194272940e-06
1.666181895810536e-06
2.211795192552898e-06
2.935898996960755e-06
3.896684055941530e-06
5.170959695295495e-06
6.861395156006994e-06
9.103277915976271e-06
1.208891043135186e-05
1.602897653664114e-05
2.127922095227244e-05
2.820865663819570e-05
3.744935754476724e-05
4.958307116644760e-05
6.570153739447702e-05
8.698387547060816e-05
1.154926560243759e-04
1.531333775625113e-04
2.028290110669380e-04
2.690744628270963e-04
3.565301140989357e-04
4.725911814018199e-04
6.269835655461493e-04
8.290386480923749e-04
1.097724056719319e-03
1.451747054665055e-03
1.919686105893455e-03
2.535016617108075e-03
3.353570922377600e-03
4.427930317276881e-03
5.840519532813305e-03
7.690296515949012e-03
1.011525859399575e-02
1.327730705624673e-02
1.738856339368819e-02
2.270667060375753e-02
2.959226732485135e-02
3.842423158316596e-02
4.971783843364899e-02
6.406130118685589e-02
8.218237955518175e-02
1.049038032468117e-01
1.330861060103374e-01
1.674966662887885e-01
2.091048880752073e-01
2.583313244914071e-01
3.155942263758522e-01
3.808108774205841e-01
4.532559961733682e-01
5.314863016822909e-01
6.126832825930639e-01
6.933481006672181e-01
7.695210869108977e-01
8.372101288698266e-01
8.932755134193375e-01
9.360260033899360e-01
9.656136355761927e-01
9.842381309745397e-01
9.983695448399672e-01
###8.000000000000002e+00
5.130828452589636e-09
4.473497484856882e-10
6.113431196488355e-10
-1.341327719647716e-08
6.657919043870993e-10
8.018011852496459e-10
2.034840495628790e-09
1.157070795900468e-09
1.363056137044468e-09
3.506124012482411e-09
1.680280362495391e-09
1.895633229061040e-09
1.937285969766366e-09
2.051580021398547e-09
2.214250224789091e-09
2.474303026624764e-09
2.766178697750703e-09
3.172493129289420e-09
3.714784964532047e-09
4.376061282244723e-09
5.269132215954612e-09
6.445810685359222e-09
7.997874799878778e-09
1.003939593439382e-08
1.273682592414845e-08
1.632509317166906e-08
2.108055714312637e-08
2.738360741380543e-08
3.574414626619391e-08
4.690419101332415e-08
6.173818807491912e-08
8.137832437123081e-08
1.074695018726099e-07
1.423072698742151e-07
1.884634086226542e-07
2.499091006343243e-07
3.314086005509890e-07
4.400329132393007e-07
5.841914479505245e-07
7.757347983933084e-07
1.030233485965065e-06
1.368374676016128e-06
1.817711216733457e-06
2.414259059522063e-06
3.206500795254653e-06
4.258352699717653e-06
5.654582802896136e-06
7.508176010583820e-06
9.968844429041230e-06
1.324786130321151e-05
1.757745741945565e-05
2.335662828891016e-05
3.098236102051194e-05
4.116417306005281e-05
5.454672250374461e-05
7.233809603363754e-05
9.584886880241146e-05
1.273746011319305e-04
1.690331404350221e-04
2.240747035923023e-04
2.974957613972397e-04
3.944982656014376e-04
5.233116271913295e-04
6.947399640337640e-04
9.192152580737975e-04
1.217827845446926e-03
1.611309154776022e-03
2.131484667230053e-03
2.815417583461597e-03
3.724987198525444e-03
4.918365200144575e-03
6.485905606990973e-03
8.536799204981724e-03
1.122231177297656e-02
1.471899155848085e-02
1.925754029458290e-02
2.511734165235730e-02
3.268134002516503e-02
4.235854774084869e-02
5.469304073030194e-02
7.030117163364791e-02
8.993634010718295e-02
1.144377653809938e-01
1.446692158453062e-01
1.813599337022826e-01
2.254341979457793e-01
2.771902789522190e-01
3.368931986010441e-01
4.042497095989276e-01
4.782990709370835e-01
5.573107661445794e-01
6.382376862666947e-01
7.174468435515693e-01
7.909869302600222e-01
8.550904024239916e-01
9.070367074414495e-01
9.456574524858725e-01
9.716178488978714e-01
9.873875577803152e-01
9.987315804714353e-01
###8.400000000000002e+00
5.118917810983932e-09
4.660620955323459e-10
6.509362198900433e-10
-1.337058461800131e-08
7.221966811688374e-10
8.711076596922418e-10
2.081848665392250e-09
1.260273729235445e-09
1.471444144311669e-09
3.516242192863719e-09
1.807524312658699e-09
2.035882244056526e-09
2.091368971897621e-09
2.220770034338313e-09
2.413105590817654e-09
2.695399118988247e-09
3.016203367792788e-09
3.461334633864808e-09
4.051310480461153e-09
4.776984597529594e-09
5.749176625505455e-09
7.032060493593643e-09
8.719594210869641e-09
1.094063508241118e-08
1.387169485079798e-08
1.776883076819228e-08
2.293760329552966e-08
2.978342417841590e-08
3.886591303973365e-08
5.099125672547506e-08
6.712070513853643e-08
8.847134721336134e-08
1.168519365242071e-07
1.547476484627912e-07
2.049880982438021e-07
2.719082885147717e-07
3.606966297096313e-07
4.791119970047003e-07
6.363206372428815e-07
8.453155450286492e-07
1.123240711049732e-06
1.492620664476284e-06
1.983849086386462e-06
2.636328301338475e-06
3.503529258558615e-06
4.655740750986224e-06
6.186451474370463e-06
8.219881893152555e-06
1.092158790133016e-05
1.452400432967372e-05
1.928490940027984e-05
2.564806235780810e-05
3.404388412133057e-05
4.526793977244638e-05
6.003127185988687e-05
7.967809009471614e-05
1.056735415024518e-04
1.405250283425090e-04
1.866311005959147e-04
2.475933244845368e-04
3.289692813624166e-04
4.365473183689387e-04
5.794877140376528e-04
7.697764568528628e-04
1.019035628151334e-03
1.350676008486141e-03
1.787722635916306e-03
2.365426498543864e-03
3.124755194368768e-03
4.134218917165988e-03
5.457911982084622e-03
7.195112254000563e-03
9.465345985716933e-03
1.243392218433425e-02
1.629370919086398e-02
2.129523173547179e-02
2.773673254460440e-02
3.602633791081490e-02
4.660363406600698e-02
6.003942856523275e-02
7.697591219368541e-02
9.819353119026401e-02
1.245392982729022e-01
1.568686768094955e-01
1.958703861736440e-01
2.423870882136999e-01
2.966358280702673e-01
3.586665298789005e-01
4.279869589522798e-01
5.033780300215900e-01
5.828632353088734e-01
6.631898312675277e-01
7.406074399181818e-01
8.112576872191748e-01
8.716406211136339e-01
9.194792322653267e-01
9.541385450535667e-01
9.767497343821727e-01
9.899964509855241e-01
9.990251238961324e-01
###8.800000000000002e+00
5.121150572849717e-09
4.898344972442229e-10
6.769247926382273e-10
-1.332839521732233e-08
7.962970305226427e-10
9.375899605573734e-10
2.129738797834252e-09
1.358356140536151e-09
1.583720951663440e-09
3.538405853615719e-09
1.945476909925316e-09
2.183686840675248e-09
2.254881988409598e-09
2.405563858735867e-09
2.619901992823471e-09
2.927214761451813e-09
3.285305903931275e-09
3.772219995448653e-09
4.412516946092629e-09
5.208906409101892e-09
6.270130222195977e-09
7.667713586253561e-09
9.501265405956822e-09
1.191738689056312e-08
1.510509375292227e-08
1.933856792999918e-08
2.495725515739025e-08
3.239565952975320e-08
4.226278880982182e-08
5.544491994295780e-08
7.298141857761256e-08
9.620070258482038e-08
1.270827144801128e-07
1.683294514305425e-07
2.230299489430174e-07
2.959373749795311e-07
3.927183182268195e-07
5.218485007501677e-07
6.933516453161313e-07
9.215215270381919e-07
1.225069741404109e-06
1.628782879972323e-06
2.166028908032802e-06
2.880094159016399e-06
3.829782359147132e-06
5.092461941714558e-06
6.771215012960198e-06
9.002924364523480e-06
1.197072054535460e-05
1.593034346458022e-05
2.116754692464721e-05
2.817491355538877e-05
3.742365184755560e-05
4.980046161140900e-05
6.609486278425275e-05
8.779459144840423e-05
1.165716844168348e-04
1.550788019122723e-04
2.061089318920436e-04
2.736274170948110e-04
3.638019833406031e-04
4.830912714282272e-04
6.416283547729253e-04
8.527765982103519e-04
1.129406134884874e-03
1.497477507089399e-03
1.982548048697415e-03
2.623514658057146e-03
3.465663777296659e-03
4.584722007964784e-03
6.050940446043147e-03
7.973244499923341e-03
1.048225688645358e-02
1.375805063379165e-02
1.801061787776041e-02
2.351157737291144e-02
3.057496878102900e-02
3.964050148268401e-02
5.117384816434237e-02
6.577283396112138e-02
8.409890299458767e-02
1.069683773992346e-01
1.352151291804978e-01
1.696884609056354e-01
2.110197521312225e-01
2.599661605755936e-01
3.166271643779332e-01
3.808576666928101e-01
4.519430710239218e-01
5.284150798252668e-01
6.080595974423015e-01
6.874435910691900e-01
7.627693959103335e-01
8.303031123521423e-01
8.868680964760713e-01
9.306613558875471e-01
9.615572978116170e-01
9.811038620292842e-01
9.921379138288358e-01
9.992596763865288e-01
###9.200000000000003e+00
5.107413007137997e-09
5.139927102350342e-10
7.100477885388149e-10
-1.326606188536563e-08
8.642252665611680e-10
1.013982233368030e-09
2.182658366349517e-09
1.465205572844288e-09
1.702074216476089e-09
3.572380652208666e-09
2.085117721350303e-09
2.339852223250282e-09
2.429432168454783e-09
2.605253711869518e-09
2.842959529925450e-09
3.176894113668961e-09
3.573606267134824e-09
4.107767736891540e-09
4.802858768673217e-09
5.676221466006766e-09
6.834163071121103e-09
8.354767219567902e-09
1.034858167239501e-08
1.297667606352695e-08
1.644418185577170e-08
2.104288035129475e-08
2.715483091307109e-08
3.523673697482968e-08
4.596096794146898e-08
6.029263774067834e-08
7.936680153070471e-08
1.046299501051401e-07
1.382444272080629e-07
1.831471259522708e-07
2.427329766514238e-07
3.221926765554671e-07
4.277550464022708e-07
5.685911964987750e-07
7.557581048589937e-07
1.004937430733264e-06
1.336662366823570e-06
1.778132116403277e-06
2.365969115033073e-06
3.147798270412579e-06
4.188266369310750e-06
5.572453860473202e-06
7.414408920101869e-06
9.865061850314422e-06
1.312661433171761e-05
1.748037090692651e-05
2.324484166361451e-05
3.096321141345117e-05
4.115727161481478e-05
5.480868394230410e-05
7.279591876365115e-05
9.676887697007235e-05
1.286167848980483e-04
1.711746930061253e-04
2.276587793089482e-04
3.024343718326776e-04
4.023377190757328e-04
5.345728009977832e-04
7.103365122203069e-04
9.445197031432998e-04
1.251336542129835e-03
1.659515735414290e-03
2.197380198869917e-03
2.907884248195661e-03
3.840849648900768e-03
5.079820510124474e-03
6.701738098846763e-03
8.825428437299443e-03
1.159405942850367e-02
1.520208592825588e-02
1.987892309893724e-02
2.591563115013417e-02
3.364562129062219e-02
4.353756823949875e-02
5.608415249421039e-02
7.190472664455322e-02
9.169005004315946e-02
1.162686033348266e-01
1.464742243636454e-01
1.831289691900830e-01
2.267943773003429e-01
2.781436105496086e-01
3.371343134490843e-01
4.034094938982185e-01
4.760520571492597e-01
5.533276822447168e-01
6.328130584376955e-01
7.109289699783635e-01
7.838810393510949e-01
8.481075849141340e-01
9.008046928302081e-01
9.406446452122469e-01
9.679969513337356e-01
9.847644604188107e-01
9.938783352906040e-01
9.994422985380808e-01
###9.600000000000003e+00
5.097602318937572e-09
5.392065700962570e-10
7.414187782020242e-10
-1.321303303364621e-08
9.260733709844659e-10
1.083062038587852e-09
2.246861655923183e-09
1.577524703771842e-09
1.818720586849140e-09
3.616958225162731e-09
2.235473912735090e-09
2.506059796788607e-09
2.622252190123702e-09
2.811735663523974e-09
3.072260780500028e-09
3.442329784822946e-09
3.883278690439831e-09
4.466024518647984e-09
5.225645110572334e-09
6.179720376880913e-09
7.440388117758070e-09
9.100591432898485e-09
1.126463489645038e-08
1.412621864606396e-08
1.789829898597081e-08
2.289545556160134e-08
2.954175403516997e-08
3.832792576198889e-08
4.998754273062437e-08
6.557634882495993e-08
8.632595470705022e-08
1.138189047291341e-07
1.504169226806687e-07
1.993174941785279e-07
2.642444053320758e-07
3.508850870944964e-07
4.660597150525389e-07
6.197064571712793e-07
8.240781570351079e-07
1.096288933240418e-06
1.458938863267251e-06
1.941874070572807e-06
2.585303298568266e-06
3.441759357644828e-06
4.582022055867787e-06
6.100313746006511e-06
8.122044291838880e-06
1.081413814641857e-05
1.439839146333987e-05
1.918905779561112e-05
2.553585297631527e-05
3.403534327043764e-05
4.527828052563517e-05
6.033873854094012e-05
8.019999262298394e-05
1.066934982333206e-04
1.419279619732343e-04
1.889721251854884e-04
2.514872763100959e-04
3.342943684208327e-04
4.449529547009667e-04
5.914734534430349e-04
7.862377974050796e-04
1.045825091983538e-03
1.385881164978879e-03
1.838209865509318e-03
2.434054317313711e-03
3.220872734354693e-03
4.253255317083717e-03
5.623149955776199e-03
7.414752070583946e-03
9.757290020217179e-03
1.280728414990831e-02
1.677467417089838e-02
2.190763483448549e-02
2.851922835847737e-02
3.696116086704621e-02
4.773213374276621e-02
6.134910259524939e-02
7.845406898764079e-02
9.976705488784746e-02
1.261100899663778e-01
1.583198315178384e-01
1.971822935020086e-01
2.431824272029567e-01
2.968890343361983e-01
3.581048780300541e-01
4.262754385866541e-01
5.002353623171022e-01
5.780312594631054e-01
6.570425953421841e-01
7.335846650722569e-01
8.039010725582334e-01
8.646728995952661e-01
9.134875706576625e-01
9.495048237887136e-01
9.735471940484902e-01
9.878166088088886e-01
9.952783679431668e-01
9.995807728631434e-01
###1.000000000000000e+01
5.096950860375282e-09
5.595567552920479e-10
7.704191930663145e-10
-1.315158327149570e-08
9.907332328310344e-10
1.161942563232955e-09
2.313800999740184e-09
1.696085083049389e-09
1.953231507743541e-09
3.676288947550486e-09
2.377455376067254e-09
2.679481666812098e-09
2.818281012849153e-09
3.030968949872396e-09
3.325265095384564e-09
3.728230840783820e-09
4.213612096562655e-09
4.851521584509091e-09
5.678580592007435e-09
6.723323597425446e-09
8.095155819522585e-09
9.903077881906257e-09
1.225833078198740e-08
1.537264678550264e-08
1.947567443705746e-08
2.491008399697784e-08
3.213818099815811e-08
4.168675102665532e-08
5.437358948693961e-08
7.133490779488628e-08
9.391176592019559e-08
1.238467834104528e-07
1.637025525081910e-07
2.169801200905840e-07
2.877457919837564e-07
3.822442360872704e-07
5.079421080129088e-07
6.756375372453960e-07
8.990209148003361e-07
1.196420547764431e-06
1.593028806027460e-06
2.121495664822141e-06
2.826071005984143e-06
3.764642840233212e-06
5.014857400672521e-06
6.681080930224859e-06
8.900885374346171e-06
1.185900372809169e-05
1.579903217266934e-05
2.107236530464744e-05
2.806244143325880e-05
3.742672226870970e-05
4.982672795623287e-05
6.644672179615294e-05
8.837919880453711e-05
1.176582898086705e-04
1.566305760490973e-04
2.086446130011493e-04
2.778149419589422e-04
3.694780420591191e-04
4.920194334182743e-04
6.543102617030496e-04
8.700555027187453e-04
1.157593071184460e-03
1.534208079680810e-03
2.035040540945858e-03
2.694474994233296e-03
3.564765492490805e-03
4.705846828859990e-03
6.218591391097031e-03
8.194761310086370e-03
1.077502909527029e-02
1.412936702893240e-02
1.848427281894837e-02
2.410720456281443e-02
3.133390641866265e-02
4.053463375229829e-02
5.223757619509885e-02
6.698507205330678e-02
8.543388494432871e-02
1.083275225156309e-01
1.364962091972965e-01
1.707517674871007e-01
2.118408113265664e-01
2.601636317855118e-01
3.161710471602354e-01
3.794929672507574e-01
4.493709952565569e-01
5.244139576128904e-01
6.024454701115314e-01
6.806663337750218e-01
7.553400081391374e-01
8.228008159687830e-01
8.800064940254581e-01
9.249611751766144e-01
9.573109637448490e-01
9.782933768044931e-01
9.903391623222233e-01
9.963938897067135e-01
9.996932041801511e-01
###1.040000000000000e+01
5.089498439763714e-09
5.920111894288507e-10
8.122205122536508e-10
-1.307026017225024e-08
1.050981935654634e-09
1.241781699311707e-09
2.390017686745268e-09
1.809010339873334e-09
2.089952521668819e-09
3.748329815129941e-09
2.546389504189519e-09
2.864548787524717e-09
3.034011436432299e-09
3.266699144260334e-09
3.591452221623680e-09
4.032349773323660e-09
4.569337651222957e-09
5.264171869264206e-09
6.166458536674517e-09
7.307072696469331e-09
8.803648475059331e-09
1.076862567988059e-08
1.333426021040814e-08
1.672155956178737e-08
2.118615173187760e-08
2.709717901524193e-08
3.495886703897094e-08
4.534040946711585e-08
5.915048195203331e-08
7.760622570640148e-08
1.021826219199771e-07
1.347807476850904e-07
1.782038487084650e-07
2.362576831197007e-07
3.134369275134125e-07
4.165386431914151e-07
5.537509993700708e-07
7.368920095348447e-07
9.811546609591412e-07
1.306173811668005e-06
1.740063602794567e-06
2.318651151540055e-06
3.090458053024509e-06
4.119346202316389e-06
5.490870533555334e-06
7.319949007669450e-06
9.758147220482985e-06
1.300986037123866e-05
1.734289047391957e-05
2.314889691161365e-05
3.084875120600289e-05
4.116868778578400e-05
5.484769494691255e-05
7.319223576657814e-05
9.741158744094079e-05
1.297676416105779e-04
1.728692859865785e-04
2.303759034384383e-04
3.069022804849885e-04
4.083369905091041e-04
5.439852463351063e-04
7.236275768215661e-04
9.624661942171162e-04
1.280787467702459e-03
1.697545376061386e-03
2.251639500651081e-03
2.980661121193989e-03
3.942310144005584e-03
5.201965222082115e-03
6.870295226599384e-03
9.046674286106327e-03
1.188473776268996e-02
1.556731766422578e-02
2.033982621509099e-02
2.648842099302585e-02
3.437155842801218e-02
4.437873468336288e-02
5.706793507904517e-02
7.300682671089651e-02
9.285891509114358e-02
1.173918628766843e-01
1.474360896245052e-01
1.837741033900085e-01
2.270995360764492e-01
2.777417140465231e-01
3.359505575168163e-01
4.012471115307671e-01
4.726406086938907e-01
5.485184196715469e-01
6.264923395824843e-01
7.036184420452102e-01
7.761491759905628e-01
8.405591655092288e-01
8.941210467462516e-01
9.352801255711127e-01
9.641438094225743e-01
9.823197711339297e-01
9.924050585181609e-01
9.972730012906085e-01
9.997755296457140e-01
###1.080000000000000e+01
5.089068008913710e-09
5.703106673721019e-10
8.507026249749524e-10
-1.303533842344661e-08
1.114022472159472e-09
1.327230610584955e-09
2.461917150378770e-09
1.943300725519925e-09
2.237213595849211e-09
3.825385420775171e-09
2.724545370313239e-09
3.060103151959606e-09
3.251867955284467e-09
3.518077469732032e-09
3.875874381143081e-09
4.356524094161349e-09
4.947818414112954e-09
5.711662312316890e-09
6.688300284233237e-09
7.936471845492961e-09
9.565365835286712e-09
1.170536301664534e-08
1.449800863253323e-08
1.814292631461916e-08
2.304204773584184e-08
2.946562820137060e-08
3.802344445387040e-08
4.931448787492676e-08
6.435291854419313e-08
8.443928622767253e-08
1.111992866474491e-07
1.467148982028754e-07
1.940319022192334e-07
2.573324503723708e-07
3.415189700189629e-07
4.540422574734190e-07
6.039123484746749e-07
8.039709578875230e-07
1.071113680621002e-06
1.426515245419512e-06
1.901401929807047e-06
2.535070177652782e-06
3.380898078293916e-06
4.509265513979389e-06
6.014240513968823e-06
8.022762337768809e-06
1.070172373014132e-05
1.427728935109424e-05
1.904396159583044e-05
2.543802779200505e-05
3.392136744700299e-05
4.529658012128184e-05
6.038981662343288e-05
8.063696581053328e-05
1.073835692235070e-04
1.431399772555157e-04
1.907753421367469e-04
2.543660777104033e-04
3.390024905472004e-04
4.512373603914884e-04
6.013045797887296e-04
8.000718549695874e-04
1.064300202702398e-03
1.416428675769820e-03
1.877200683608593e-03
2.489604777555001e-03
3.294822253321477e-03
4.356139190381325e-03
5.744926900377323e-03
7.582348689417738e-03
9.975946117198481e-03
1.309230127209127e-02
1.712907844513478e-02
2.235016653101402e-02
2.906112312703906e-02
3.764378194182883e-02
4.850688618055628e-02
6.223649131578742e-02
7.942382090649992e-02
1.007402265639161e-01
1.269680660046852e-01
1.589345739125476e-01
1.973836431580417e-01
2.429480950337507e-01
2.958639840148215e-01
3.561900263626884e-01
4.233106864379682e-01
4.960116173656554e-01
5.724658910089013e-01
6.500860277185149e-01
7.258308226877179e-01
7.959671440606756e-01
8.571667092566769e-01
9.070449644435880e-01
9.445013593630979e-01
9.700836938740993e-01
9.857090791863844e-01
9.940813353341031e-01
9.979587746449580e-01
9.998398365079179e-01
###1.120000000000000e+01
5.086879104148461e-09
6.073278935545974e-10
8.945376237429633e-10
-1.297219949793798e-08
1.161754560615948e-09
1.418732255657152e-09
2.552249840056594e-09
2.079619568838300e-09
2.389501305445731e-09
3.916030360978285e-09
2.907624359915986e-09
3.267950059229778e-09
3.486319712937236e-09
3.783552685457359e-09
4.182920199865570e-09
4.700704212159289e-09
5.351949289690709e-09
6.185410485323069e-09
7.251705318295887e-09
8.613813553118724e-09
1.038848261709483e-08
1.271715611841232e-08
1.575724695943509e-08
1.973287557071730e-08
2.505543938186165e-08
3.204429358104865e-08
4.135794416061184e-08
5.364116576055597e-08
7.001824475684282e-08
9.188623976903205e-08
1.210349684780661e-07
1.597361503626901e-07
2.113202522940345e-07
2.803590224695995e-07
3.722272011463732e-07
4.950654879288755e-07
6.588215871676448e-07
8.774496399837342e-07
1.169637073031608e-06
1.558468690691957e-06
2.078467412186368e-06
2.772732851942729e-06
3.699987743634978e-06
4.937873127852782e-06
6.589815658098922e-06
8.796125941645193e-06
1.174061320737888e-05
1.567353737758129e-05
2.091884509448264e-05
2.796095749000784e-05
3.730964091183738e-05
4.985139153132888e-05
6.650420164062569e-05
8.885460090643601e-05
1.183936357998693e-04
1.578995489788755e-04
2.105424415375649e-04
2.808471698167199e-04
3.744086979041135e-04
4.985362667640792e-04
6.644907558175699e-04
8.842813645245297e-04
1.176424847888503e-03
1.565600826462403e-03
2.074694243804088e-03
2.750813247955095e-03
3.639291991182880e-03
4.809136928805274e-03
6.338508972665045e-03
8.359278987908511e-03
1.098822168510468e-02
1.440516063697411e-02
1.882264193177414e-02
2.452492548071956e-02
3.183689225776723e-02
4.116324377148574e-02
5.293112071786548e-02
6.775657904080848e-02
8.625029244060964e-02
1.090884361216335e-01
1.370692305999296e-01
1.709939979603425e-01
2.115740530505395e-01
2.593652242231633e-01
3.144957963610685e-01
3.768443457290987e-01
4.456299431675803e-01
5.194177265196294e-01
5.961789581404449e-01
6.731590498755156e-01
7.472394228570449e-01
8.147540282075642e-01
8.726198782869194e-01
9.188146161152499e-01
9.526909402467880e-01
9.752094935870330e-01
9.885387062751021e-01
9.954286201112353e-01
9.984871797609524e-01
9.998855329028643e-01
###1.160000000000000e+01
5.080129474885733e-09
6.472872848230479e-10
9.426451927935092e-10
-1.290289533420767e-08
1.236702234827202e-09
1.514121159037747e-09
2.640685151657861e-09
2.220062228218640e-09
2.554427525505349e-09
4.027961253573494e-09
3.101452561382833e-09
3.484143898503634e-09
3.730322687220369e-09
4.069068729328404e-09
4.509655594640552e-09
4.975156439129014e-09
5.783991109596451e-09
6.695858064824641e-09
7.856836999268097e-09
9.342267281423245e-09
1.127583324562436e-08
1.381086292026511e-08
1.711840056269337e-08
2.145742174498498e-08
2.724170344771221e-08
3.484624071484294e-08
4.497489971817391e-08
5.835596228748184e-08
7.619013496177386e-08
1.000115271848080e-07
1.317714573546478e-07
1.739558500222809e-07
2.302122371055655e-07
3.055297568755914e-07
4.058147116123889e-07
5.399859982568526e-07
7.189618669503401e-07
9.579667756518700e-07
1.277445370215788e-06
1.703252387759338e-06
2.272826323288345e-06
3.033667396078581e-06
4.050641967814534e-06
5.409087873751941e-06
7.223233951129675e-06
9.647537822840527e-06
1.288455527162776e-05
1.721146318515386e-05
2.298516166022917e-05
3.074318727833372e-05
4.104745480521449e-05
5.487495581284647e-05
7.324875123793204e-05
9.791657195431803e-05
1.305369401740064e-04
1.741802720779653e-04
2.323433677389912e-04
3.100404708766345e-04
4.134580159290953e-04
5.506416448678416e-04
7.340861114208973e-04
9.769668478371348e-04
1.299726478670533e-03
1.729549819853063e-03
2.291469505777798e-03
3.037226280194481e-03
4.016437908887932e-03
5.304509681332139e-03
6.986586927077741e-03
9.206033941916549e-03
1.208907086997161e-02
1.582971093572439e-02
2.065674663271507e-02
2.687318488834108e-02
3.482568996714435e-02
4.493865634680009e-02
5.766621463736035e-02
7.364189123956842e-02
9.349837302181585e-02
1.179153588026493e-01
1.477011469707721e-01
1.836148423529120e-01
2.263365998137647e-01
2.763342100947094e-01
3.336122223815234e-01
3.978644992396981e-01
4.681429911792452e-01
5.427889826701718e-01
6.195873716237988e-01
6.956440393194259e-01
7.677940813160476e-01
8.324900531901006e-01
8.869256578839362e-01
9.294689028631159e-01
9.599193566892149e-01
9.796016248721323e-01
9.908819173640387e-01
9.965015084795691e-01
9.988904831405905e-01
9.999200610962082e-01
###1.200000000000001e+01
5.088420270167375e-09
6.891156741202430e-10
9.935910978961178e-10
-1.283447942258541e-08
1.318654160596711e-09
1.614358634128437e-09
2.745186883494455e-09
2.370622500352733e-09
2.727812800778978e-09
4.148287454510506e-09
3.311903951583170e-09
3.720152145900696e-09
3.993504236461181e-09
4.371661148037447e-09
4.852954954030532e-09
5.270268941099769e-09
6.231137619833883e-09
7.238580690771558e-09
8.506408331443461e-09
1.012820126658081e-08
1.223351391116341e-08
1.499292790103101e-08
1.859321650741406e-08
2.332371880207249e-08
2.961533390391095e-08
3.787185580266872e-08
4.889228033104430e-08
6.349453079101100e-08
8.291264734856888e-08
1.088727800550887e-07
1.434822407517281e-07
1.894818136706962e-07
2.508610339396591e-07
3.330484508749258e-07
4.425641306538747e-07
5.891573286109286e-07
7.847957167929030e-07
1.046211680204354e-06
1.395774561421073e-06
1.862164280523306e-06
2.486180920643972e-06
3.320360785128336e-06
4.436039529528281e-06
5.927397978663235e-06
7.919865275616497e-06
1.058448867571475e-05
1.414466431909518e-05
1.890619837247511e-05
2.526458843951903e-05
3.380947836649713e-05
4.516663739889570e-05
6.041428333211886e-05
8.068579964143239e-05
1.079135506368140e-04
1.439301846179826e-04
1.921301435572843e-04
2.563788252496101e-04
3.422127231959053e-04
4.564716215864776e-04
6.080918907190838e-04
8.106804164612191e-04
1.078902066710612e-03
1.435202499089295e-03
1.909505459776034e-03
2.529161548602002e-03
3.350915173456866e-03
4.428938227731006e-03
5.845503378505567e-03
7.693046016049227e-03
1.012735673749343e-02
1.328452616525123e-02
1.737359607583776e-02
2.263926759874972e-02
2.940562483362131e-02
3.803899511693405e-02
4.898251851680208e-02
6.272366304549119e-02
7.990642625731402e-02
1.011817896916346e-01
1.272304627296151e-01
1.588551585583041e-01
1.967937689685222e-01
2.416590695234657e-01
2.938301269095446e-01
3.531708901543277e-01
4.192025018278806e-01
4.907865952845584e-01
5.660512685705235e-01
6.426157458748588e-01
7.174696499781804e-01
7.874422652444307e-01
8.491531095969266e-01
9.001020788074796e-01
9.390599014508186e-01
9.662554902713396e-01
9.833351207718445e-01
9.928056228932165e-01
9.973474216837706e-01
9.991946258945092e-01
9.999450424226054e-01
###1.240000000000001e+01
5.093220459212902e-09
7.294196274591192e-10
1.045747413893366e-09
-1.274992590927060e-08
1.398374641329819e-09
1.715457796799510e-09
2.855358492341637e-09
2.530899390318508e-09
2.910337575787962e-09
4.285385511528070e-09
3.519299246849207e-09
3.964928446416553e-09
4.276327136919343e-09
4.692102770705594e-09
5.218021023042195e-09
5.678207487675955e-09
6.725957794588339e-09
7.822852899174007e-09
9.206109242350215e-09
1.097568907839925e-08
1.326852385321890e-08
1.627192335677831e-08
2.019262523133271e-08
2.535052812620345e-08
3.219201196458026e-08
4.116446311175697e-08
5.315431062784478e-08
6.908697291795677e-08
9.024288727452369e-08
1.185364842359956e-07
1.562697618180252e-07
2.064422369325813e-07
2.734257931323826e-07
3.631562634361620e-07
4.827751032356113e-07
6.430181852303093e-07
8.569313765951462e-07
1.142973728274072e-06
1.525533440300757e-06
2.036575951819270e-06
2.720508938437151e-06
3.635355940538125e-06
4.859663027516180e-06
6.497394177712830e-06
8.686311095331349e-06
1.161586721689771e-05
1.553211116051006e-05
2.077268531102049e-05
2.777728612906223e-05
3.718917460149464e-05
4.970742790414319e-05
6.651877977436773e-05
8.888461262201414e-05
1.189321663368360e-04
1.586949362316319e-04
2.119190065703149e-04
2.828576479074588e-04
3.776500726098343e-04
5.038332418523664e-04
6.713361010969633e-04
8.949077989472904e-04
1.190902240329101e-03
1.583902110030590e-03
2.106814477836698e-03
2.789497396885668e-03
3.694077070719866e-03
4.879606323906805e-03
6.435409003353422e-03
8.462192480792503e-03
1.112843776134397e-02
1.458067530820520e-02
1.904428306747112e-02
2.477901713737427e-02
3.213137925059385e-02
4.148787411635171e-02
5.331051819013297e-02
6.811640309493523e-02
8.656061758789101e-02
1.093075949031462e-01
1.370392876521043e-01
1.705409377593526e-01
2.105263960560874e-01
2.575275260950977e-01
3.118280288327369e-01
3.731403358115388e-01
4.408044637049216e-01
5.134862910072505e-01
5.891323254770253e-01
6.651871751290462e-01
7.385714648182667e-01
8.061479194783933e-01
8.647376996994403e-01
9.121730970545482e-01
9.476425645653901e-01
9.717732334320854e-01
9.864854287886874e-01
9.943695901055258e-01
9.980033988355345e-01
9.994167033404320e-01
9.999725861565392e-01
###1.280000000000001e+01
5.122838431491418e-09
7.693096838401567e-10
1.103101274271274e-09
-1.265938820502159e-08
1.490770790198461e-09
1.832531955980441e-09
2.976184596163740e-09
2.710559694117166e-09
3.109442920461866e-09
4.443329590133446e-09
3.755710745180882e-09
4.221691873183766e-09
4.577120992546977e-09
5.033039520394099e-09
5.608774611555258e-09
6.151411625582698e-09
7.257142763083453e-09
8.452043950049571e-09
9.960369426632491e-09
1.188936666665383e-08
1.438583620667789e-08
1.765746211299142e-08
2.192703707363857e-08
2.754712207502299e-08
3.499123214832094e-08
4.474449119936706e-08
5.779795685612619e-08
7.517740079731571e-08
9.823206543437939e-08
1.290785437906323e-07
1.702243369833193e-07
2.249758868801030e-07
2.980909103488171e-07
3.960869727834194e-07
5.267981790451412e-07
7.019870028841194e-07
9.359943532502826e-07
1.249035940034617e-06
1.667948873220553e-06
2.228013233278014e-06
2.977870793237170e-06
3.981517756125192e-06
5.325520537338615e-06
7.124124528309347e-06
9.529900924430325e-06
1.275097831592532e-05
1.705978682816128e-05
2.282791566883060e-05
3.054512097974692e-05
4.091398323519611e-05
5.471116071461554e-05
7.323960869045922e-05
9.792032532776273e-05
1.310794109049396e-04
1.749615805291517e-04
2.337129053441073e-04
3.120174990337005e-04
4.166561499214166e-04
5.559223120075653e-04
7.408493205868148e-04
9.874178686543867e-04
1.313844270689639e-03
1.746973316387858e-03
2.322951416214630e-03
3.074377215955997e-03
4.068991170893506e-03
5.371181887604242e-03
7.077850914715091e-03
9.298434822307312e-03
1.221497761182504e-02
1.598473115708821e-02
2.084951107813039e-02
2.708568659139813e-02
3.506150281382649e-02
4.518385704225918e-02
5.793549627013864e-02
7.385662579272413e-02
9.361641890030634e-02
1.178903847876693e-01
1.473505238625054e-01
1.827624210207419e-01
2.248063156945986e-01
2.739305980500223e-01
3.302988202098084e-01
3.934769152140997e-01
4.626124091195861e-01
5.361848122211398e-01
6.119588426612036e-01
6.872396961526925e-01
7.588992004993079e-01
8.238783662578004e-01
8.792420938657065e-01
9.231740254683283e-01
9.552753359700035e-01
9.765439581252777e-01
9.891219891445169e-01
9.956321763677560e-01
9.985143042771927e-01
9.995861824602937e-01
9.999976383881150e-01
###1.320000000000001e+01
5.118624781794067e-09
8.134688816243256e-10
1.157133168095561e-09
-1.257306658392474e-08
1.588101990352033e-09
1.952482900186176e-09
3.106142034048087e-09
2.869557568675498e-09
3.317223605760376e-09
4.617242092234399e-09
4.010480733119669e-09
4.502519393115547e-09
4.893848006705310e-09
5.398221752321053e-09
6.028512248530953e-09
6.658490147885778e-09
7.828059021176361e-09
9.147484658206497e-09
1.076267425770243e-08
1.287647435381711e-08
1.559341018680575e-08
1.915595138997374e-08
2.380543399820542e-08
2.992807162584193e-08
3.803354106893575e-08
4.863716465706756e-08
6.285603699869857e-08
8.180569133609918e-08
1.069395738348229e-07
1.405822801821823e-07
1.854709024072149e-07
2.452282052129353e-07
3.250651106446045e-07
4.321265837389686e-07
5.749974947230189e-07
7.666051596610151e-07
1.022676472075529e-06
1.365432023296773e-06
1.824205735403014e-06
2.438089602135878e-06
3.260556133814232e-06
4.361842452911904e-06
5.837487892809620e-06
7.813099100278078e-06
1.045805450876969e-05
1.400072321733922e-05
1.874189322866664e-05
2.509216742963885e-05
3.359338320606932e-05
4.501593362984772e-05
6.022432644554704e-05
8.064503575299507e-05
1.078775818982208e-04
1.444527472532002e-04
1.928886718211497e-04
2.577048820806767e-04
3.441020051659108e-04
4.595580488752692e-04
6.131896242047079e-04
8.172249467628628e-04
1.088963180533131e-03
1.448639248458778e-03
1.925625140379633e-03
2.559481908737842e-03
3.385625401877004e-03
4.478176370925771e-03
5.906856370381625e-03
7.777031090047167e-03
1.020660122065231e-02
1.339219399062673e-02
1.750299747085643e-02
2.279642919589822e-02
2.956784239353612e-02
3.820576532675304e-02
4.913867053406185e-02
6.286822418215375e-02
7.995628486529807e-02
1.010869732285818e-01
1.269341761340362e-01
1.581679272445240e-01
1.955213010753807e-01
2.396290812344866e-01
2.908413866792394e-01
3.492102572242249e-01
4.141269659876769e-01
4.845669733182763e-01
5.588173062548569e-01
6.344637008978329e-01
7.087046506087001e-01
7.784055243291645e-01
8.406147034472982e-01
8.926762001749977e-01
9.331432385849531e-01
9.620215490554783e-01
9.806419298309333e-01
9.913139749005697e-01
9.966431532713421e-01
9.989081227478829e-01
9.997115847921798e-01
9.999976383881150e-01
###1.360000000000001e+01
5.134763178645171e-09
8.726969804429393e-10
1.211600875082619e-09
-1.247817060158202e-08
1.687814727496439e-09
2.077067403536210e-09
3.240057302834705e-09
3.063436122466963e-09
3.535753543269684e-09
4.809261543730630e-09
4.280770370644597e-09
4.795776730965676e-09
5.243772846742512e-09
5.787818131488173e-09
6.478247029436603e-09
7.194988195824201e-09
8.442096579415885e-09
9.874094767914043e-09
1.163739303485568e-08
1.394161264411077e-08
1.689939199964809e-08
2.077880212959154e-08
2.584331762144684e-08
3.251382339725819e-08
4.133786762746387e-08
5.287371670726104e-08
6.836066534948580e-08
8.903911209985893e-08
1.164351423406679e-07
1.531442408396050e-07
2.021179146980997e-07
2.673682331588325e-07
3.545779425354613e-07
4.715687870563388e-07
6.278080591743380e-07
8.374204850016617e-07
1.117744182578441e-06
1.493025176017376e-06
1.995796835137452e-06
2.668948424331449e-06
3.571178212683288e-06
4.779984665399620e-06
6.400745778085667e-06
8.571294775926511e-06
1.147947083614511e-05
1.537596961328938e-05
2.059374231537319e-05
2.758457790894391e-05
3.695093812888533e-05
4.953428487697879e-05
6.629577494506712e-05
8.880066229497204e-05
1.188416094783730e-04
1.591837206500642e-04
2.126174331649761e-04
2.840916184977654e-04
3.794035567179535e-04
5.067098029002726e-04
6.760930116187529e-04
9.010063814732544e-04
1.200303369734817e-03
1.596334454168716e-03
2.121141968371821e-03
2.817951076868199e-03
3.725426381505644e-03
4.924168899112083e-03
6.489846197785211e-03
8.536513440493927e-03
1.119149680346211e-02
1.466680195262272e-02
1.914288501442254e-02
2.489442949412504e-02
3.223533347711333e-02
4.157578911623570e-02
5.336412952813925e-02
6.812105892923168e-02
8.642880850424073e-02
1.089791429481782e-01
1.364520004836884e-01
1.694963731343861e-01
2.088078374758907e-01
2.549766949417077e-01
3.082395758764133e-01
3.685251846496677e-01
4.350521799624513e-01
5.066143098314461e-01
5.813112406707029e-01
6.565729133685592e-01
7.295250601815646e-01
7.970428882768928e-01
8.563442447945803e-01
9.050560545262543e-01
9.421274413696155e-01
9.679463035093503e-01
9.841343820839632e-01
9.931189049849029e-01
9.974424914600372e-01
9.992040726282009e-01
9.997992649964667e-01
9.999976383881150e-01
###1.400000000000001e+01
5.160122902456567e-09
9.371671368690731e-10
1.274339195858740e-09
-1.237293998492465e-08
1.786881464987737e-09
2.218867243755889e-09
3.389445210563252e-09
3.268754010126192e-09
3.772620731271838e-09
5.018474677524980e-09
4.563207463676309e-09
5.114418330110812e-09
5.604804709076413e-09
6.204735880917101e-09
6.959147573697712e-09
7.768024983167452e-09
9.093122148675220e-09
1.065688826617132e-08
1.258860037267873e-08
1.509022529639443e-08
1.831227457334888e-08
2.253533487138539e-08
2.805347758190408e-08
3.532021785287356e-08
4.492778408728741e-08
5.748871326733840e-08
7.436275774409190e-08
9.692157795557647e-08
1.268019882249183e-07
1.668585185017319e-07
2.203139424618749e-07
2.915807896487013e-07
3.868713936422012e-07
5.147487770792532e-07
6.856410200997683e-07
9.150207398989992e-07
1.221904263484678e-06
1.633074722275721e-06
2.184197271208726e-06
2.922399911703468e-06
3.912351662614991e-06
5.239587421611967e-06
7.019840509331735e-06
9.405281857531149e-06
1.260315433165869e-05
1.688956978883995e-05
2.263186437275208e-05
3.032916677434300e-05
4.064681990252065e-05
5.450860622452726e-05
7.297882887667233e-05
9.777958539832687e-05
1.309050947152078e-04
1.753876238355706e-04
2.343178808999133e-04
3.131086982220734e-04
4.181789255238426e-04
5.584904959990900e-04
7.451390545445260e-04
9.928827070180138e-04
1.322354226636992e-03
1.758004565135489e-03
2.334888402336400e-03
3.100236478112123e-03
4.095961126651401e-03
5.409878882372612e-03
7.123795097496058e-03
9.361209180197189e-03
1.225853394929110e-02
1.604505454150319e-02
2.091135220600361e-02
2.715193325055402e-02
3.509762303865115e-02
4.518221146021902e-02
5.787169385195454e-02
7.370681381816424e-02
9.328257470419267e-02
1.173054385264706e-01
1.464504227265521e-01
1.813349562629505e-01
2.226214494374532e-01
2.708331380266109e-01
3.261044247984651e-01
3.882053057838356e-01
4.562015883238090e-01
5.286892676700560e-01
6.036009277548110e-01
6.782270129389190e-01
7.496444587432144e-01
8.147859828302897e-01
8.710574511546669e-01
9.164075691273337e-01
9.501777195932360e-01
9.731155088358473e-01
9.870889159223668e-01
9.945924562283927e-01
9.980686438728196e-01
9.994251811840572e-01
9.998615346292978e-01
9.999976383881150e-01
###1.440000000000001e+01
5.188887048501100e-09
9.943047590855821e-10
1.352821188759299e-09
-1.226278527592535e-08
1.904103843345561e-09
2.360654695881078e-09
3.545019237766908e-09
3.490981971636345e-09
4.027287106264900e-09
5.247365075817991e-09
4.864228828442001e-09
5.456474499075713e-09
5.986244456778460e-09
6.650583511321520e-09
7.475979865801490e-09
8.382406599334499e-09
9.803384423957518e-09
1.149990394147411e-08
1.360580709429506e-08
1.633137620360737e-08
1.982494547662706e-08
2.443964748858214e-08
3.045001772215772e-08
3.836655917386729e-08
4.882108602322970e-08
6.250922894141021e-08
8.090341621898055e-08
1.055182155926438e-07
1.381122672880568e-07
1.818148327754246e-07
2.402061153036794e-07
3.180610581509133e-07
4.222228323038813e-07
5.620452458091818e-07
7.490101677570963e-07
1.000083911265067e-06
1.336074633732377e-06
1.786727988001348e-06
2.390973548335518e-06
3.200706567251013e-06
4.287217662450523e-06
5.744671492295979e-06
7.700697431125314e-06
1.032265240605281e-05
1.383901572727004e-05
1.855510571652611e-05
2.487512777556660e-05
3.335014893573458e-05
4.471139580430951e-05
5.998367659856837e-05
8.033256722420656e-05
1.076593949076132e-04
1.441736371238603e-04
1.932047946583792e-04
2.581722512044630e-04
3.449975577405496e-04
4.607562673186857e-04
6.153213914933740e-04
8.208512692756984e-04
1.093531329717866e-03
1.455917718199735e-03
1.934764029317099e-03
2.568285821176619e-03
3.408229787304466e-03
4.499636643307530e-03
5.938009267430703e-03
7.812189900782475e-03
1.025492326875135e-02
1.341287999090738e-02
1.753250484693462e-02
2.281705152525604e-02
2.957814996459570e-02
3.816511435420541e-02
4.903526256806209e-02
6.267366208547927e-02
7.963436922719204e-02
1.005336938358295e-01
1.260757745376659e-01
1.569299554624445e-01
1.936843529879443e-01
2.369576134153805e-01
2.871901840492450e-01
3.443952239585590e-01
4.082118916461135e-01
4.775128806008657e-01
5.507311011437009e-01
6.256180165510627e-01
6.993625081103401e-01
7.690159425880673e-01
8.316025105938077e-01
8.847524953455848e-01
9.267605650149957e-01
9.573473318355369e-01
9.775951923321087e-01
9.895710716388809e-01
9.957859681496753e-01
9.985551441195522e-01
9.995889800476832e-01
9.999053922262667e-01
9.999976383881150e-01
###1.480000000000001e+01
5.216984990086055e-09
1.047194902549539e-09
1.349456866084766e-09
-1.214735308588754e-08
2.028219506518714e-09
2.512980487354507e-09
3.723112493783898e-09
3.725288655742744e-09
4.295209064864506e-09
5.502370276264213e-09
5.183687006019587e-09
5.825221683953273e-09
6.400758752148865e-09
7.127174578923721e-09
8.028176052076112e-09
9.039038209120584e-09
1.056535690361818e-08
1.240641181326224e-08
1.470206145734726e-08
1.766846253009346e-08
2.135763443028680e-08
2.649700386747505e-08
3.304778708578568e-08
4.167100917368270e-08
5.303223661672600e-08
6.797471077145331e-08
8.802993510033974e-08
1.148789987142193e-07
1.504625718608259e-07
1.981721117239554e-07
2.619458388975852e-07
3.470251501283923e-07
4.609113028107343e-07
6.138521655505064e-07
8.184709486533009e-07
1.093340110206707e-06
1.461361454739925e-06
1.955366703249400e-06
2.617958148913527e-06
3.506496241912391e-06
4.699120713926513e-06
6.300138080778056e-06
8.449432007395629e-06
1.133142200819958e-05
1.519886127376509e-05
2.038745166194959e-05
2.734283393326774e-05
3.667404033345901e-05
4.918044197566382e-05
6.600247183275975e-05
8.842667300253286e-05
1.185281013465328e-04
1.587651802583052e-04
2.127930479650056e-04
2.843803780056827e-04
3.800145188890245e-04
5.074872035097775e-04
6.776519063880741e-04
9.038230708637813e-04
1.203714712021600e-03
1.601946134802160e-03
2.127869726958179e-03
2.823043304269639e-03
3.743808743961147e-03
4.938962374864646e-03
6.511526344382333e-03
8.558679490690575e-03
1.122246743550517e-02
1.466005135837272e-02
1.913656222036471e-02
2.486624084312871e-02
3.218140350731948e-02
4.144799008115780e-02
5.314648117933606e-02
6.777946430006207e-02
8.591680006670127e-02
1.081877282167724e-01
1.352963046872210e-01
1.678978237852644e-01
2.065443654831948e-01
2.518015809072411e-01
3.040195910217517e-01
3.630899566921311e-01
4.285044192245296e-01
4.989399903696096e-01
5.726770003884459e-01
6.473041799507001e-01
7.199232881280563e-01
7.875915469934089e-01
8.474728759172443e-01
8.974409554244731e-01
9.361487428665360e-01
9.636936759509208e-01
9.814505421515091e-01
9.916376552691761e-01
9.967431997804528e-01
9.989288944439328e-01
9.997087855557309e-01
9.999358066961689e-01
9.999976383881150e-01
###1.520000000000001e+01
5.275783027562172e-09
1.114948482289453e-09
1.426571026755216e-09
-1.202599325535225e-08
2.159716810244882e-09
2.682798034331698e-09
3.904881030240450e-09
3.976276172791572e-09
4.576734697381619e-09
5.772766678991053e-09
5.531997946026356e-09
6.213567455310262e-09
6.854726243331347e-09
7.641827231761953e-09
8.619713843703757e-09
9.741268702983337e-09
1.138439785851018e-08
1.338343650727122e-08
1.588306213383238e-08
1.911073233388652e-08
2.315492952721739e-08
2.872185650277649e-08
3.586389510620548e-08
4.524500727331798e-08
5.761438332485550e-08
7.392923867164240e-08
9.579342151236537e-08
1.251024814721760e-07
1.639389163189775e-07
2.160462497394863e-07
2.857098123746717e-07
3.787025284419092e-07
5.032732393450525e-07
6.705944499784033e-07
8.945900385274061e-07
1.195649902983156e-06
1.598869551058593e-06
2.140530545191526e-06
2.867205536911551e-06
3.842442766914057e-06
5.151484578764185e-06
6.910491628434185e-06
9.272258857018261e-06
1.244076730144423e-05
1.669416922782612e-05
2.240342877668125e-05
3.005792304131384e-05
4.032868973811035e-05
5.409624865677256e-05
7.261550672294836e-05
9.732141742996763e-05
1.304738926213177e-04
1.748010999786806e-04
2.343076901683266e-04
3.131544096076799e-04
4.184407619658900e-04
5.587144247815018e-04
7.459336612537563e-04
9.946298498843204e-04
1.324249857537629e-03
1.761580678358884e-03
2.338561724124564e-03
3.100763878059683e-03
4.109159817679131e-03
5.416469974636816e-03
7.134073069958529e-03
9.367399470525811e-03
1.226865441601216e-02
1.600614998912919e-02
2.086361459352954e-02
2.706786012496512e-02
3.497082133642539e-02
4.495591015971374e-02
5.752596814853665e-02
7.320135718317346e-02
9.256518544115719e-02
1.162542365003412e-01
1.449736614624772e-01
1.793543979610896e-01
2.199097104522956e-01
2.671417560836245e-01
3.213019782657162e-01
3.821537362721164e-01
4.490338310285967e-01
5.204312170986423e-01
5.944630772290966e-01
6.685880095961533e-01
7.398501192114907e-01
8.053429027304745e-01
8.623911283679251e-01
9.091434970026424e-01
9.446206864175704e-01
9.692762748072339e-01
9.847452681710004e-01
9.933458500316872e-01
9.975043500966047e-01
9.992133186126696e-01
9.997956309933670e-01
9.999567667312601e-01
9.999976383881150e-01
###1.560000000000001e+01
5.309898724776349e-09
1.181381121375483e-09
1.506843006201398e-09
-1.189457776622962e-08
2.299631849630345e-09
2.855527755198666e-09
4.098414187630538e-09
4.243817595916547e-09
4.880249889769329e-09
6.061290665782558e-09
5.903381405181934e-09
6.625165168191520e-09
7.314586210785416e-09
8.189505763224581e-09
9.254972351835849e-09
1.049543036782561e-08
1.226539574552325e-08
1.443463037260173e-08
1.715847884256029e-08
2.066885307518780e-08
2.509571235320575e-08
3.113732964464941e-08
3.891950647013819e-08
4.914542581340947e-08
6.264029184069907e-08
8.040890408287370e-08
1.042578423199518e-07
1.362566607238583e-07
1.786615751040152e-07
2.355775772405732e-07
3.117058806419047e-07
4.133705480675086e-07
5.496491038682948e-07
7.327784095425608e-07
9.780276962591958e-07
1.307873296481252e-06
1.749912809784800e-06
2.343792105221608e-06
3.140900906312896e-06
4.211292926696645e-06
5.648828913011547e-06
7.581026430838753e-06
1.017702134059813e-05
1.366026590924074e-05
1.833842447050204e-05
2.461895640148697e-05
3.304335703616370e-05
4.434921096034632e-05
5.950582485976341e-05
7.988741473860129e-05
1.070991563788868e-04
1.436057046719530e-04
1.924163972562389e-04
2.579217504982513e-04
3.447191508999419e-04
4.605556308347135e-04
6.148440566395142e-04
8.207130093207915e-04
1.093969997922331e-03
1.455916841631404e-03
1.935806946006063e-03
2.568327655595788e-03
3.403197137306236e-03
4.504534044500196e-03
5.934931616956460e-03
7.809002483659575e-03
1.024261589934418e-02
1.339855079663981e-02
1.745919961924532e-02
2.272114850954868e-02
2.943041092002003e-02
3.795567011888416e-02
4.869874926771003e-02
6.218531299395483e-02
7.895143055397046e-02
9.958882087013514e-02
1.247436009346945e-01
1.551147611755822e-01
1.913033409195191e-01
2.337755692204989e-01
2.829592709538799e-01
3.390095798981989e-01
4.015473257346100e-01
4.697418132613649e-01
5.419228416695900e-01
6.160314343563754e-01
6.894156091580467e-01
7.590975970598384e-01
8.222337574225560e-01
8.763467302083057e-01
9.198824061959360e-01
9.522222764477299e-01
9.741575778241206e-01
9.875406636158891e-01
9.947465847807690e-01
9.981044192376869e-01
9.994276444645090e-01
9.998578544401043e-01
9.999710266296066e-01
9.999976383881150e-01
