# NLO BK equation solver 0.0-dev build  (build Feb 16 2026 17:52:53)
# Initial condition: MV model, Q_s0^2 = 0.00704999 GeV^2, \gamma = 1, coefficient of E inside Log is 1, x0=0.01, \Lambda_QCD = 0.241 GeV
# # LO Kernel RC:  Balitsky. NLO Kernel RC:  smallest dipole
# Nc=3, Nf=4
# Using RungeKutta method in K1
# Resumming double log
# Resumming single log, K_sub=0.65 resum rc: smallest
# BK K1 integration relative accuracy: 0.02# NLO BK as^2 terms: MC integration method: Vegas, points=1000000
# Kinematical constraint: none
# Target kinematical constraint: disabled

###1.000000000000000e-05
###1.160836920850890e+00
###100
###1.000000000000000e+00
###0.000000000000000e+00
2.279947343805128e-12
3.036904230001329e-12
4.044625318321265e-12
5.385983443357612e-12
7.171166370346859e-12
9.546653143167702e-12
1.270713050737665e-11
1.691130879821394e-11
2.250290842354903e-11
2.993850061791781e-11
3.982443191176677e-11
5.296578352138231e-11
7.043127103047211e-11
9.363925066822283e-11
1.244716641746899e-10
1.654249537220792e-10
2.198098814774189e-10
2.920160185844982e-10
3.878617193717279e-10
5.150570544412626e-10
6.838159477961431e-10
9.076653133875880e-10
1.204514187510068e-09
1.598065848051580e-09
2.119682195856364e-09
2.810844204628441e-09
3.726397582158676e-09
4.938832267958860e-09
6.543922379027543e-09
8.668155386657021e-09
1.147851305782055e-08
1.519534164099330e-08
2.010927740800506e-08
2.660349218188408e-08
3.518291287272673e-08
4.651257645730124e-08
6.146794233736485e-08
8.120084281242353e-08
1.072258677132830e-07
1.415334258638335e-07
1.867375999122283e-07
2.462693350160991e-07
3.246286327773726e-07
4.277134597092116e-07
5.632482787875740e-07
7.413417961730688e-07
9.752120918551237e-07
1.282128289401674e-06
1.684631967642784e-06
2.212119445903417e-06
2.902888914745627e-06
3.806785429712785e-06
4.988613659861935e-06
6.532535024906491e-06
8.547725030058031e-06
1.117557900787158e-05
1.459924211510977e-05
1.905528158330227e-05
2.484912748657031e-05
3.237455942983747e-05
4.213862509350186e-05
5.479341717129493e-05
7.117657189048554e-05
9.236286974712016e-05
1.197299935254970e-04
1.550423851639504e-04
2.005583182465021e-04
2.591668733286090e-04
3.345636162253030e-04
4.314766367349288e-04
5.559584810642670e-04
7.157647724443938e-04
9.208474457224058e-04
1.184000153403364e-03
1.521706340002038e-03
1.955257746148242e-03
2.512233953916310e-03
3.228463546871230e-03
4.150626320644113e-03
5.339705716363552e-03
6.875563184194466e-03
8.862982830680655e-03
1.143962497343898e-02
1.478642648311768e-02
1.914108084785415e-02
2.481529208374578e-02
3.221646403709866e-02
4.187424725299449e-02
5.447171719378385e-02
7.087955662985779e-02
9.218891281004415e-02
1.197337948517414e-01
1.550859690778440e-01
1.999934773593293e-01
2.562186488309061e-01
3.252173048739363e-01
4.076012453571026e-01
5.023698928342450e-01
6.060291414752532e-01
7.119710898373002e-01
###4.000000000000000e-01
-2.976184878668099e-11
6.933143952331962e-10
-9.553616874646955e-12
1.843995598629320e-11
-5.567532258885996e-09
1.518653888256158e-11
-4.434498320699818e-10
3.101392149464620e-11
3.272150524139416e-11
-2.036307094286930e-09
3.100918608813426e-11
6.494932181237561e-11
2.359744846482438e-12
1.188897632888053e-10
1.609102104245981e-10
2.191358848199130e-10
1.245923503146740e-09
3.530737474218581e-10
4.444032298452914e-10
5.811750312578265e-10
7.246982972646504e-10
9.991894013052223e-10
1.316768479058653e-09
1.745415869096171e-09
2.306064847382648e-09
3.054715763217173e-09
4.040769725852968e-09
5.344332268515259e-09
7.075210198157457e-09
9.368541545497689e-09
1.240602702004066e-08
1.642589502038189e-08
2.173247684105236e-08
2.875671087466226e-08
3.803767327110729e-08
5.029773705388206e-08
6.648216910964398e-08
8.784923097360088e-08
1.160348285879286e-07
1.532033675267304e-07
2.021906475874873e-07
2.667208743017093e-07
3.517014294302179e-07
4.635344558878696e-07
6.105971434271174e-07
8.039071608889568e-07
1.057834302452820e-06
1.391205231678187e-06
1.828318264894049e-06
2.402139419130341e-06
3.153311867109404e-06
4.137056851270979e-06
5.423543881451720e-06
7.107092542165347e-06
9.301243974091292e-06
1.216508379274787e-05
1.589843477111509e-05
2.076256894405021e-05
2.709198455355552e-05
3.531107345944609e-05
4.600069231402006e-05
5.985532826126350e-05
7.782020822958891e-05
1.010653744910492e-04
1.311408395122783e-04
1.700179288975388e-04
2.201511022115083e-04
2.848270969212097e-04
3.681239149237584e-04
4.756819011390721e-04
6.140129898685016e-04
7.921013442098209e-04
1.021156939154934e-03
1.316131673905296e-03
1.695728787444698e-03
2.184696210902874e-03
2.814330680021352e-03
3.627784989532071e-03
4.678075567633999e-03
6.036902511624349e-03
7.800324745254674e-03
1.008781843370718e-02
1.307160660114108e-02
1.695746507704237e-02
2.202747837200640e-02
2.865446379401669e-02
3.730676192272507e-02
4.858571922516174e-02
6.331207412203088e-02
8.249478850178119e-02
1.074254090104982e-01
1.395587472096000e-01
1.806298170249400e-01
2.323876690889598e-01
2.966016780125307e-01
3.744891897004080e-01
4.669653422889882e-01
5.743827522570625e-01
7.043161381278794e-01
9.547612729790060e-01
###8.000000000000000e-01
3.584454522977081e-11
6.886588790055881e-10
-3.724496330590178e-11
-5.123799085275372e-12
-5.548933871178367e-09
2.736741399807406e-11
-3.905431447981287e-10
5.260532023937179e-11
4.898399831483186e-11
-2.000200513913721e-09
6.526735424304780e-11
8.715444107055979e-11
3.037288555595566e-11
1.471424733502915e-10
2.021127767677228e-10
2.641493225226918e-10
1.192614797314125e-09
4.157664704209929e-10
5.049693608343326e-10
6.499288499641762e-10
8.145625983806349e-10
1.098359124793707e-09
1.442701212410145e-09
1.904885511454310e-09
2.512130637897532e-09
3.317159577330833e-09
4.382295713684160e-09
5.778780143993390e-09
7.651895094309902e-09
1.012898394150563e-08
1.341062618948819e-08
1.776280652391949e-08
2.349555701371796e-08
3.109757142850428e-08
4.113578279373018e-08
5.440593098933141e-08
7.192874498586055e-08
9.507341171733357e-08
1.256077530066754e-07
1.658908275506916e-07
2.190021721177313e-07
2.889697442798144e-07
3.811682985806416e-07
5.025618660730314e-07
6.621878312915410e-07
8.721018031895546e-07
1.147963045888449e-06
1.510262909524694e-06
1.985050710660968e-06
2.609680237324633e-06
3.427108001392351e-06
4.498220420423550e-06
5.899632373779307e-06
7.736115831760155e-06
1.012733019270546e-05
1.325092306162355e-05
1.732561213316655e-05
2.264065706698757e-05
2.956088276323164e-05
3.855425869958290e-05
5.026386483673415e-05
6.545150065585410e-05
8.517310952116084e-05
1.107172728235984e-04
1.438229879619746e-04
1.866836750168954e-04
2.420072381032876e-04
3.135203827332157e-04
4.057494589732012e-04
5.253255727715871e-04
6.793831470676170e-04
8.782525601086993e-04
1.134661359592551e-03
1.465923298576272e-03
1.893507654430997e-03
2.446054404421202e-03
3.159332875694689e-03
4.084582226787776e-03
5.282498368614598e-03
6.837590496271422e-03
8.861697771681470e-03
1.149643703544525e-02
1.494421236875490e-02
1.944784379236227e-02
2.533191041418820e-02
3.303550756332743e-02
4.309188076309126e-02
5.617749988810029e-02
7.324537899843603e-02
9.543218765202882e-02
1.241540728701718e-01
1.609528298103953e-01
2.075711319928716e-01
2.656006596916441e-01
3.364622677357998e-01
4.207138951269567e-01
5.181814958633036e-01
6.272827697782207e-01
7.505208756521118e-01
9.622328396737723e-01
###1.200000000000000e+00
2.343879011904569e-11
6.552232902721518e-10
-4.665357141749601e-12
2.196319847879668e-11
-5.519196296882038e-09
6.285708629433211e-11
-3.751930325394937e-10
9.271643111532803e-11
8.595205334909834e-11
-1.969475268510030e-09
1.182681990771486e-10
1.444552922957251e-10
7.774780659190967e-11
1.945093365728411e-10
2.493525400199353e-10
3.125848493263633e-10
1.164318523830684e-09
4.870153351487162e-10
5.785555289926613e-10
7.351804646224174e-10
9.192851520138150e-10
1.220359279753248e-09
1.592036843159841e-09
2.085340986513918e-09
2.743884805446285e-09
3.612615111701392e-09
4.758836427943562e-09
6.269543732817327e-09
8.285009386046395e-09
1.096177764271082e-08
1.451001162010959e-08
1.921992576363833e-08
2.541943064345145e-08
3.364459840393675e-08
4.450871773267400e-08
5.887506291572305e-08
7.785959871665452e-08
1.029306116546205e-07
1.360254964303634e-07
1.796980526678478e-07
2.372990412154203e-07
3.131978779820910e-07
4.132639615198732e-07
5.450762860252832e-07
7.184113534135921e-07
9.464505004103647e-07
1.246296532548440e-06
1.640181840102529e-06
2.156252275802835e-06
2.836440327713280e-06
3.726508430720582e-06
4.893717193676782e-06
6.420947955106187e-06
8.425157541688980e-06
1.103339949030142e-05
1.444289929429495e-05
1.889369874984309e-05
2.470611041924116e-05
3.227954386396327e-05
4.212907643114670e-05
5.497016219366187e-05
7.164037887786051e-05
9.331760267777840e-05
1.214274914743813e-04
1.579148001099481e-04
2.052219890910415e-04
2.663954263959278e-04
3.455957592346387e-04
4.479294223180855e-04
5.810642004416390e-04
7.530801024765567e-04
9.753638498318314e-04
1.262866903109779e-03
1.635490754009609e-03
2.117791399903254e-03
2.741971167892189e-03
3.551919429630024e-03
4.604864854434707e-03
5.971650505365010e-03
7.750477980649978e-03
1.007211168458891e-02
1.310249763238326e-02
1.707810507496054e-02
2.227571834486251e-02
2.907212854084245e-02
3.797148148155746e-02
4.957186951246846e-02
6.462859880589945e-02
8.420724647290016e-02
1.095445424265568e-01
1.421262298536042e-01
1.835144848798393e-01
2.352893186503228e-01
2.988300949720874e-01
3.748861754545800e-01
4.631499441267294e-01
5.621085343304688e-01
6.684512097636535e-01
7.825134289783517e-01
9.675729439988050e-01
###1.600000000000000e+00
4.271855600519566e-11
7.157715270946575e-10
7.404662116794201e-11
-3.103237132699791e-12
-5.499786838705759e-09
1.174236232724582e-10
-3.561888557796193e-10
1.171242298382790e-10
1.269695398925986e-10
-1.917622617146048e-09
1.820711608851991e-10
1.958883244533698e-10
1.654748447733611e-10
2.378269358583568e-10
3.087477409025988e-10
3.709295613248444e-10
1.172423493574301e-09
5.750678134497351e-10
6.641332402717846e-10
8.272506384167830e-10
1.022389991079438e-09
1.355822154492789e-09
1.762006653581846e-09
2.293998462609059e-09
2.999494555079559e-09
3.941186984654924e-09
5.180189607634068e-09
6.816675075731016e-09
8.980551877110773e-09
1.187652469693616e-08
1.571393026881392e-08
2.080704752276456e-08
2.751883521604890e-08
3.641840672149045e-08
4.818020899062656e-08
6.373755275090923e-08
8.431250457364366e-08
1.114809412221938e-07
1.473600726830742e-07
1.947183914091814e-07
2.572151775730652e-07
3.395830329651731e-07
4.482128531879228e-07
5.913699644791167e-07
7.796965856478770e-07
1.027502738700213e-06
1.353530010482481e-06
1.781997256440874e-06
2.343335153882129e-06
3.084308416768545e-06
4.053836764258128e-06
5.327056190652135e-06
6.991789336134036e-06
9.180138655472473e-06
1.202688018486142e-05
1.575176437063253e-05
2.061798029057120e-05
2.697918396109172e-05
3.527556264709013e-05
4.606894263087798e-05
6.016962914257361e-05
7.848977672033561e-05
1.023534211100697e-04
1.333453757521542e-04
1.735829840046467e-04
2.258830966673854e-04
2.936155997367825e-04
3.814634739374545e-04
4.952068084079198e-04
6.436418900939996e-04
8.359325894816622e-04
1.084797517052852e-03
1.407558286321744e-03
1.827156046548549e-03
2.371589673702093e-03
3.076709736573100e-03
3.997129075570555e-03
5.195292844373944e-03
6.754053897306143e-03
8.786372991422082e-03
1.144640889346316e-02
1.492186157627254e-02
1.948901932361129e-02
2.546166649117380e-02
3.326707326363545e-02
4.347867846398827e-02
5.674655774340699e-02
7.392883746111904e-02
9.615091063857321e-02
1.247320971414192e-01
1.611867156687969e-01
2.069970719079202e-01
2.635348374878330e-01
3.317678073363511e-01
4.117833024096956e-01
5.023742609527100e-01
6.009420194346365e-01
7.032082463016950e-01
8.086511618471295e-01
9.719384811779178e-01
###2.000000000000000e+00
7.325511316371121e-11
7.387198512928067e-10
6.276316606416209e-11
7.163442719205016e-12
-5.463481766945055e-09
1.632894844466753e-10
-3.081394256288667e-10
1.295309109817405e-10
1.570916550805361e-10
-1.837321199619540e-09
2.525850859807400e-10
2.487261748937753e-10
2.511371643562316e-10
3.129218039539169e-10
3.800623525626633e-10
4.542537644489099e-10
1.197480594084839e-09
6.694765758622389e-10
7.703243671017345e-10
9.464550035456856e-10
1.157573111558677e-09
1.513125711690757e-09
1.956764570317396e-09
2.530509921603842e-09
3.289386554951236e-09
4.307885913327510e-09
5.649727433081580e-09
7.420804901678143e-09
9.763884714831855e-09
1.289567592733718e-08
1.703702948202445e-08
2.253681409033792e-08
2.980789917053624e-08
3.944364456361234e-08
5.217685237494967e-08
6.903515735803698e-08
9.133516494811048e-08
1.207872006320639e-07
1.596956570846313e-07
2.110734287280374e-07
2.789064144346800e-07
3.683271055933675e-07
4.863041399915304e-07
6.418420354653168e-07
8.465325311828861e-07
1.115949978485074e-06
1.470588098261401e-06
1.936842312524101e-06
2.547838980270663e-06
3.355341689855001e-06
4.411657356682951e-06
5.801502083637620e-06
7.617518665231436e-06
1.000807749293176e-05
1.311721380246255e-05
1.719001943302282e-05
2.251628657561965e-05
2.948286946899939e-05
3.857920145392879e-05
5.042025105029344e-05
6.592112157014690e-05
8.607499063902394e-05
1.123818218261261e-04
1.466153005467055e-04
1.910168375567008e-04
2.489069032947839e-04
3.240045028804772e-04
4.215917177954134e-04
5.481847482795625e-04
7.138604951601756e-04
9.288003009836294e-04
1.207953374222262e-03
1.570685576762428e-03
2.043409296553307e-03
2.658257683564069e-03
3.455553095068546e-03
4.500666616179398e-03
5.863073031653835e-03
7.638551378831936e-03
9.957097372879212e-03
1.299468611917767e-02
1.697031640135036e-02
2.218934795776298e-02
2.902267785185099e-02
3.793662647548571e-02
4.957222097208722e-02
6.463486846062051e-02
8.406123292812365e-02
1.090367414604264e-01
1.409215777156175e-01
1.812028019717874e-01
2.312377723724894e-01
2.921486493448119e-01
3.643245723176933e-01
4.473029807480862e-01
5.390531721064510e-01
6.361844961974741e-01
7.339342395284466e-01
8.313282232633397e-01
9.756889171910424e-01
###2.400000000000000e+00
1.883407660377455e-10
7.372142015600801e-10
5.668543435289751e-11
4.456465120178353e-11
-5.424675718649130e-09
2.030126503198784e-10
-2.543790733179001e-10
1.745896442106845e-10
2.185592870592504e-10
-1.732876391711425e-09
3.662100514703038e-10
3.549380428264736e-10
3.547208973665645e-10
4.041107626291726e-10
4.749598551650637e-10
5.563635590351333e-10
1.238406962119827e-09
7.926823262360688e-10
8.949393117552127e-10
1.081399646834602e-09
1.318717733105422e-09
1.693342516659769e-09
2.179817183525101e-09
2.795188822322449e-09
3.620196682184379e-09
4.723347110228560e-09
6.173637308223978e-09
8.092262417105172e-09
1.063245632723874e-08
1.401763993616251e-08
1.847515899999594e-08
2.442533484758758e-08
3.230378411415192e-08
4.274061542444592e-08
5.652849599764166e-08
7.480217513112170e-08
9.898350027675297e-08
1.309152814219549e-07
1.731442931825622e-07
2.288873858766464e-07
3.025298624520066e-07
3.996483408824377e-07
5.278307098690954e-07
6.968584957585418e-07
9.194349779091007e-07
1.212501563731776e-06
1.598422386957392e-06
2.106096409495552e-06
2.771455316495229e-06
3.652133040120560e-06
4.803905214553699e-06
6.321657757101752e-06
8.303832318211893e-06
1.091636552573731e-05
1.431476977667026e-05
1.877193411516961e-05
2.460658717381159e-05
3.224241138714574e-05
4.222515741467731e-05
5.522908521304977e-05
7.228856815040680e-05
9.448089524724457e-05
1.234972966037181e-04
1.613546067816810e-04
2.104262190744025e-04
2.745921781143147e-04
3.579505128381974e-04
4.664693826545202e-04
6.075337772203437e-04
7.926423398888787e-04
1.033163658511801e-03
1.346495293249444e-03
1.754381323871411e-03
2.287132530556326e-03
2.981473727930922e-03
3.882936356959410e-03
5.068612859621274e-03
6.615984901971374e-03
8.635285062995400e-03
1.127550974210220e-02
1.473373457351017e-02
1.926432870697932e-02
2.520645536288162e-02
3.297907230586434e-02
4.309959861887602e-02
5.626720769550234e-02
7.324083011530409e-02
9.502299613453434e-02
1.228349148109286e-01
1.580511236639291e-01
2.020833230568886e-01
2.561195002675749e-01
3.209691240697119e-01
3.964817159017257e-01
4.816035534361000e-01
5.736672297991205e-01
6.686995288817806e-01
7.617304386367721e-01
8.515003826640798e-01
9.789753038359410e-01
###2.800000000000000e+00
3.265165511477656e-10
7.669374678440407e-10
1.003569176932052e-10
6.300879980792371e-11
-5.350155357243113e-09
2.580945355773968e-10
-1.760427969951683e-10
2.286335917259787e-10
3.079746605789809e-10
-1.586093332593314e-09
5.009380346588666e-10
5.002679566443514e-10
4.903908080232562e-10
5.444553041089681e-10
6.022260677653386e-10
6.936415217816460e-10
1.326369142826064e-09
9.509042661818570e-10
1.054675480056319e-09
1.267324389225978e-09
1.524560306923566e-09
1.925963356309284e-09
2.450990840859526e-09
3.118056814066756e-09
4.011460878259306e-09
5.203675161764081e-09
6.774266810679948e-09
8.853390448878612e-09
1.160733901166867e-08
1.527012399374862e-08
2.007782691568077e-08
2.649897458740495e-08
3.504099491900230e-08
4.634754357062553e-08
6.127887487888064e-08
8.108959724212960e-08
1.073244747948467e-07
1.419651978082961e-07
1.878013155214971e-07
2.483139048195778e-07
3.282813557770569e-07
4.337859981157705e-07
5.731021099808986e-07
7.568764435925029e-07
9.990356440590636e-07
1.317906966499812e-06
1.738104379996653e-06
2.291098016458589e-06
3.016152695830636e-06
3.977211798605074e-06
5.232959772873191e-06
6.891924385127191e-06
9.056856280404868e-06
1.191397882519729e-05
1.563118196571269e-05
2.051257952086377e-05
2.690257388644269e-05
3.528727282182180e-05
4.625192958851516e-05
6.054799337094712e-05
7.934635914750166e-05
1.038030650030040e-04
1.358317644210184e-04
1.777373515973936e-04
2.320509274003272e-04
3.032365779053762e-04
3.958564074452858e-04
5.166736865155689e-04
6.740362792301055e-04
8.809778393169115e-04
1.150356950392495e-03
1.502156264612545e-03
1.960914853373114e-03
2.561330198625976e-03
3.345130188009711e-03
4.364084936819430e-03
5.707451182642674e-03
7.462283060665666e-03
9.754027570144107e-03
1.275276108923415e-02
1.667864469244316e-02
2.182068008907646e-02
2.855783419749145e-02
3.735464510602796e-02
4.877230594958841e-02
6.357795028561156e-02
8.256984357212035e-02
1.068024697823939e-01
1.375155310533075e-01
1.760661143351225e-01
2.237562752422030e-01
2.815597881096493e-01
3.499034361851646e-01
4.282272577876987e-01
5.148272168426981e-01
6.065280468496249e-01
6.989911778838164e-01
7.871643097049043e-01
8.696490175068788e-01
9.818857649969760e-01
###3.200000000000000e+00
3.537806367314869e-10
7.670676377744471e-10
1.579103596411871e-10
1.126237870937444e-10
-5.282470985839162e-09
4.108581938373178e-10
-8.338923591525778e-11
3.282289195800557e-10
4.532275761286972e-10
-1.375215455025645e-09
7.250665166845678e-10
6.993888913505976e-10
7.071716575727744e-10
7.361673838361735e-10
7.918467646365815e-10
8.853174433816924e-10
1.478506600405642e-09
1.159755822277741e-09
1.275674236213045e-09
1.508923654769541e-09
1.786924576351120e-09
2.226510160002168e-09
2.793075483998010e-09
3.510736308273870e-09
4.484313923532211e-09
5.775484864736895e-09
7.474817735711965e-09
9.729342084118952e-09
1.271673446437356e-08
1.668444060501803e-08
2.189727968438934e-08
2.879146087048737e-08
3.805457811166962e-08
5.030753483545644e-08
6.647117957602793e-08
8.795903549745599e-08
1.164374619427086e-07
1.540118217769129e-07
2.037654042223772e-07
2.694937570405185e-07
3.563787255427994e-07
4.710448203557088e-07
6.224888031413683e-07
8.224638140434198e-07
1.085949462909309e-06
1.433054255409014e-06
1.890860528690093e-06
2.493507302698962e-06
3.284022087996047e-06
4.333079314161512e-06
5.703448693221073e-06
7.516928907338884e-06
9.883811488466970e-06
1.301029794562180e-05
1.707964639189647e-05
2.242912931492776e-05
2.943439021998771e-05
3.864723578770194e-05
5.070069450834183e-05
6.643423120845048e-05
8.715703241852866e-05
1.141437995208459e-04
1.495384236754557e-04
1.959536607158629e-04
2.561400100228258e-04
3.351916211171362e-04
4.382094775018728e-04
5.728673664160782e-04
7.484991860238313e-04
9.799775582082703e-04
1.281873302515200e-03
1.676836185570821e-03
2.192849683011788e-03
2.869208970903002e-03
3.753492938030495e-03
4.904462710366908e-03
6.423911222246855e-03
8.410279856969257e-03
1.100537978614339e-02
1.440132434806588e-02
1.884386206318604e-02
2.465771108982656e-02
3.226059032056565e-02
4.216547242189901e-02
5.497638784791137e-02
7.152027271865607e-02
9.263000746215690e-02
1.193929598611545e-01
1.530577316348667e-01
1.949205638056625e-01
2.461502680689463e-01
3.074706539492696e-01
3.789180632386131e-01
4.595243558816528e-01
5.470294248349071e-01
6.378240684356267e-01
7.273211140968917e-01
8.105441276658071e-01
8.860556452599545e-01
9.844624664300694e-01
###3.600000000000000e+00
1.427529745018385e-10
7.743700959837143e-10
1.905576809731297e-10
1.698396814480160e-10
-5.211866631120562e-09
4.806666749810375e-10
2.904820416016574e-11
3.980339708457689e-10
5.963066249837530e-10
-1.145176809874675e-09
9.677185836938448e-10
9.379338612221522e-10
9.293972936942425e-10
9.532426635707035e-10
1.008271713810030e-09
1.099485913478131e-09
1.652353933276632e-09
1.396736109624353e-09
1.528938802223370e-09
1.784241629170545e-09
2.091051149584465e-09
2.566445324387097e-09
3.173703719742788e-09
3.957248701833305e-09
5.013216853561259e-09
6.394724874454155e-09
8.254744918820076e-09
1.068116225241849e-08
1.393736494748708e-08
1.822484186494677e-08
2.387910419939012e-08
3.134745793413306e-08
4.134814896161661e-08
5.463117304080868e-08
7.215558683079307e-08
9.546682696763985e-08
1.263724162986015e-07
1.671513859444090e-07
2.211773659856505e-07
2.925823459351915e-07
3.870224365371154e-07
5.116865125728500e-07
6.763706810013260e-07
8.939933559884375e-07
1.180809907891013e-06
1.558905279637494e-06
2.057867239313849e-06
2.714956488378209e-06
3.577361251989795e-06
4.722320078833854e-06
6.219771894841168e-06
8.202170787412020e-06
1.079231342237044e-05
1.421576753570590e-05
1.867393909485250e-05
2.454219719441216e-05
3.223722526404460e-05
4.235912899209328e-05
5.562227139378995e-05
7.295438021062148e-05
9.580880209956299e-05
1.256228561157781e-04
1.647731107253779e-04
2.162207038227236e-04
2.829779453401344e-04
3.708290896649248e-04
4.854976637489168e-04
6.356740127804006e-04
8.318250442996603e-04
1.090865996967870e-03
1.429189230233675e-03
1.872689564900774e-03
2.452904183789467e-03
3.214483429525902e-03
4.211154140765476e-03
5.509557240651282e-03
7.225519828085990e-03
9.469282216218825e-03
1.240053592896392e-02
1.623512099490099e-02
2.124453755266190e-02
2.779202289415787e-02
3.633487685471128e-02
4.743142819093151e-02
6.172777187255490e-02
8.010666207813374e-02
1.034221868596702e-01
1.327889831253581e-01
1.694318627639699e-01
2.145722080345285e-01
2.692054325801325e-01
3.337960290906867e-01
4.079760989710919e-01
4.903779586919044e-01
5.782550775774873e-01
6.676559286493615e-01
7.538620264524780e-01
8.320556848186457e-01
9.008754355642882e-01
9.867489996619124e-01
###4.000000000000000e+00
1.687490462040792e-10
7.893570129556138e-10
2.190960763337697e-10
3.225709059647032e-10
-5.186556136819838e-09
5.231476783526215e-10
9.488987844244711e-11
4.591590446940178e-10
6.843638104572745e-10
-9.923951405846497e-10
1.085362602513021e-09
1.060977474652152e-09
1.100333920785465e-09
1.108165880741721e-09
1.165230432082411e-09
1.259542778122630e-09
1.783784320379063e-09
1.583851615767074e-09
1.733952261472342e-09
2.006728779333441e-09
2.351594897900235e-09
2.862151273375460e-09
3.522200479032165e-09
4.376790531495493e-09
5.517607964826866e-09
7.020185301497184e-09
9.040942086103248e-09
1.167048583460526e-08
1.519613422757072e-08
1.984448168238399e-08
2.598329419434657e-08
3.409180334545990e-08
4.489984083503758e-08
5.930423455408974e-08
7.832253912297913e-08
1.036124776277146e-07
1.371553197215120e-07
1.814447888768901e-07
2.401388210596191e-07
3.177166645450061e-07
4.203817515664553e-07
5.559924930119757e-07
7.351980263301201e-07
9.720657538423922e-07
1.284439023809280e-06
1.696483512339230e-06
2.240521592689152e-06
2.957344374638636e-06
3.898647631980180e-06
5.149251382272604e-06
6.786729434188154e-06
8.954783991967577e-06
1.179053974549819e-05
1.554189988685649e-05
2.043055526355877e-05
2.687176329066531e-05
3.533055401986606e-05
4.646050733888796e-05
6.106602461289748e-05
8.017573744976439e-05
1.054018675967615e-04
1.383694875073867e-04
1.817088866191030e-04
2.387693922086281e-04
3.128823505839381e-04
4.105813457282641e-04
5.383027235039614e-04
7.058714199325762e-04
9.250075792780481e-04
1.214953039373472e-03
1.594129827543868e-03
2.091918439613582e-03
2.744008328541363e-03
3.600773603731365e-03
4.723139161521205e-03
6.188762169124480e-03
8.119789661847201e-03
1.064890394233329e-02
1.395079446866781e-02
1.826714116236368e-02
2.389788819860349e-02
3.124200521220478e-02
4.079871446400830e-02
5.317229601728139e-02
6.904390682861988e-02
8.935010521215517e-02
1.149563696981915e-01
1.469841467387573e-01
1.866179063557629e-01
2.349760270005818e-01
2.928699273345993e-01
3.604624069387399e-01
4.370198135664889e-01
5.207450495079071e-01
6.084991856586245e-01
6.960718107124145e-01
7.787042190851060e-01
8.518269547012004e-01
9.142472486799184e-01
9.887691725312159e-01
###4.399999999999999e+00
2.019199958265350e-10
8.024444556743816e-10
2.348978816812994e-10
3.488307575808203e-10
-5.135761324485338e-09
5.721995666643847e-10
1.567610241588868e-10
5.428492003754408e-10
7.784481986880935e-10
-8.256869347805129e-10
1.216117879218270e-09
1.210867177535946e-09
1.296498599740837e-09
1.282230426103477e-09
1.312482036414100e-09
1.444297649076881e-09
1.937708961013959e-09
1.793956679441015e-09
1.967670702648317e-09
2.261863008459980e-09
2.647848369850595e-09
3.199855564759825e-09
3.913324627070643e-09
4.843781333142825e-09
6.082065867856960e-09
7.714177908368207e-09
9.904580121546535e-09
1.276133323245683e-08
1.657842744110805e-08
2.162195897672434e-08
2.828079782195344e-08
3.708415110855345e-08
4.877736626197456e-08
6.440366447268642e-08
8.504807093713752e-08
1.124961100440911e-07
1.489086361095071e-07
1.970365449851515e-07
2.608780090560717e-07
3.451396481881582e-07
4.567782481061442e-07
6.043624528904707e-07
7.994436751921670e-07
1.057384166611110e-06
1.397745946600905e-06
1.847003989854363e-06
2.440386919140527e-06
3.222784840593584e-06
4.250861104677391e-06
5.617669002286672e-06
7.409299320281644e-06
9.781843699964896e-06
1.288853802980451e-05
1.700212178229742e-05
2.236652310132549e-05
2.944289557311748e-05
3.874640701461528e-05
5.099641671068549e-05
6.709455152678894e-05
8.818016893899556e-05
1.160487114683674e-04
1.525283936611633e-04
2.005426895220567e-04
2.638704539339323e-04
3.462066933336612e-04
4.549160488523221e-04
5.972295633706905e-04
7.842524047804733e-04
1.029121989835032e-03
1.353628900381845e-03
1.778534538869916e-03
2.337027164736595e-03
3.069278091892516e-03
4.032247172129846e-03
5.294541178655413e-03
6.945824370613956e-03
9.115177544268643e-03
1.195868417850670e-02
1.566842776746575e-02
2.051171352056380e-02
2.681829917320666e-02
3.502419496893504e-02
4.567126172863410e-02
5.940447493913752e-02
7.694425987898469e-02
9.926260779251539e-02
1.272336311475911e-01
1.619643028553873e-01
2.045886376267490e-01
2.560945002988268e-01
3.170783342423855e-01
3.874091343183217e-01
4.659657071344109e-01
5.505770927991902e-01
6.377463950341750e-01
7.230929471935397e-01
8.018983555988437e-01
8.699316829168908e-01
9.262501991493829e-01
9.905488718184804e-01
###4.800000000000000e+00
2.124949851405506e-10
7.869841023445763e-10
2.534189596383472e-10
3.695649193611668e-10
-5.079497475653637e-09
6.316282857472507e-10
2.289509781424322e-10
6.359233796089547e-10
8.975293330554662e-10
-6.295283477004044e-10
1.376228342330693e-09
1.386399834067049e-09
1.519762805119274e-09
1.483525263226334e-09
1.518102139693140e-09
1.647327819298010e-09
2.125600269984118e-09
2.031756494126487e-09
2.230400350894988e-09
2.554060996261832e-09
2.979527503548704e-09
3.583743368176292e-09
4.351833500561300e-09
5.365493880028487e-09
6.710031586906659e-09
8.482656377678763e-09
1.086011928470168e-08
1.396252144068348e-08
1.811311168989899e-08
2.357016547038824e-08
3.079595344134158e-08
4.035735699539387e-08
5.303326099955034e-08
6.996492957183999e-08
9.238386171173652e-08
1.221855901122485e-07
1.617298071901288e-07
2.140406737832750e-07
2.834941008610794e-07
3.750667547549721e-07
4.965278497377027e-07
6.571734947747915e-07
8.696150002316685e-07
1.150369148025221e-06
1.521671152926471e-06
2.011673299037472e-06
2.659272443418599e-06
3.513783105714169e-06
4.637116630093335e-06
6.131704329713469e-06
8.093138387417779e-06
1.069106394342062e-05
1.409671874866502e-05
1.861036349649590e-05
2.450043495666086e-05
3.227925689964799e-05
4.252154806511213e-05
5.601480443265052e-05
7.376985138831394e-05
9.705398592113200e-05
1.278680677567331e-04
1.682550441942607e-04
2.214888090069483e-04
2.918044961264302e-04
3.833334216664848e-04
5.043328991186958e-04
6.629563645794137e-04
8.717272530221002e-04
1.145387875722652e-03
1.508450516193304e-03
1.984398217293011e-03
2.610600694856260e-03
3.432173483211049e-03
4.513201384703074e-03
5.930843616170999e-03
7.786726827182609e-03
1.022001796676505e-02
1.340924264256855e-02
1.756550728429828e-02
2.298340876432675e-02
3.002226604640344e-02
3.915679683058669e-02
5.097119629520856e-02
6.614760182706104e-02
8.543930494495891e-02
1.098510600345072e-01
1.402502801757309e-01
1.777222375364845e-01
2.233144743073810e-01
2.778566527509911e-01
3.417697925235249e-01
4.145589309618089e-01
4.947371480273362e-01
5.798059542682722e-01
6.659550254605728e-01
7.487128669058868e-01
8.234855493163638e-01
8.864516254548863e-01
9.369833310004673e-01
9.920868041554290e-01
###5.200000000000000e+00
2.200534053578889e-10
8.034279177703330e-10
2.774584073965382e-10
3.990797747537142e-10
-4.999324062336617e-09
6.879575932309171e-10
3.146496905182493e-10
7.363676109499546e-10
1.035529649935349e-09
-3.865616532586275e-10
1.572086244668939e-09
1.585383192915876e-09
1.769694362598101e-09
1.713828949974725e-09
1.754720590383648e-09
1.884416576604110e-09
2.346680170333952e-09
2.299259370884599e-09
2.525691070036216e-09
2.883401923895726e-09
3.353295165945340e-09
4.006202082047121e-09
4.841391955624756e-09
5.947706408611497e-09
7.409447518184088e-09
9.334606261812657e-09
1.191498058999688e-08
1.528747263406850e-08
1.977847663166808e-08
2.570113017428402e-08
3.355411818339570e-08
4.393702195799445e-08
5.766006357764438e-08
7.603857775610809e-08
1.003916980572444e-07
1.327583837930208e-07
1.757240552712413e-07
2.325968568393277e-07
3.081694892079941e-07
4.077315457009767e-07
5.399350885889581e-07
7.148581941947065e-07
9.463140504677774e-07
1.252068179896898e-06
1.657263761667715e-06
2.191912752279227e-06
2.899092240005638e-06
3.832752947538616e-06
5.060956974936315e-06
6.696258072678039e-06
8.844806385529132e-06
1.169150331280394e-05
1.542750076041416e-05
2.038327544324152e-05
2.685606225392687e-05
3.541179498284513e-05
4.669483655337900e-05
6.156835577682277e-05
8.116497598692329e-05
1.068932661370603e-04
1.409826801789867e-04
1.857297614517892e-04
2.447786518376912e-04
3.228897409273125e-04
4.246745517856306e-04
5.594031698002616e-04
7.362435171004096e-04
9.692830775631979e-04
1.275053492418384e-03
1.681164823027948e-03
2.213924440409590e-03
2.915455096074869e-03
3.836368306242894e-03
5.048344383124779e-03
6.637817544197353e-03
8.719026680451313e-03
1.144300089977421e-02
1.501115172591244e-02
1.965481523309387e-02
2.569634153962441e-02
3.352700591033158e-02
4.365900581708328e-02
5.671554302794810e-02
7.341787227952686e-02
9.454399619098461e-02
1.211236948601762e-01
1.540081254129138e-01
1.942429675384457e-01
2.427619607503483e-01
3.002347113010190e-01
3.668755100874040e-01
4.418286580781594e-01
5.232684179973637e-01
6.083636246374959e-01
6.930801807686301e-01
7.729139822440888e-01
8.434884403984667e-01
9.014408368115839e-01
9.465174839544402e-01
9.934444720186349e-01
###5.600000000000001e+00
2.620355552368262e-10
8.133046897837344e-10
3.152779076240622e-10
4.535583447404672e-10
-4.935420716594257e-09
7.603025891719732e-10
4.091630208247876e-10
8.584272838340291e-10
1.196119771243321e-09
-1.109330341998798e-10
1.782061309308317e-09
1.805274700508799e-09
2.061904311982680e-09
1.978222792917860e-09
2.027551529631662e-09
2.160790446302658e-09
2.614242586153328e-09
2.609584477384745e-09
2.874178905263813e-09
3.255828475712556e-09
3.773323993983518e-09
4.482073638279320e-09
5.396514395721175e-09
6.603065288150384e-09
8.190183510508262e-09
1.028325166699744e-08
1.308619177313474e-08
1.674907652193954e-08
2.162515189308975e-08
2.805577465545477e-08
3.657576039252689e-08
4.785664799528249e-08
6.272067101186067e-08
8.267237454216534e-08
1.091299608513982e-07
1.442869668292069e-07
1.910025649549519e-07
2.528529057339749e-07
3.350990372589138e-07
4.434012987673146e-07
5.873478859691463e-07
7.779020901952255e-07
1.030173356859088e-06
1.363442694880249e-06
1.805695190274698e-06
2.389407440004792e-06
3.161998578275739e-06
4.182811586058301e-06
5.526692353742754e-06
7.316902459625492e-06
9.671442512984066e-06
1.279320841304907e-05
1.689379160701475e-05
2.233847426366188e-05
2.945553984121459e-05
3.887377844096908e-05
5.130513693893970e-05
6.771607066517842e-05
8.935862565042962e-05
1.178059301278336e-04
1.555412200021359e-04
2.051406160974526e-04
2.706776331258802e-04
3.574723746777615e-04
4.706927495333118e-04
6.207398343420088e-04
8.178880959493206e-04
1.077971201754331e-03
1.419535503884809e-03
1.873582643398792e-03
2.469507598688290e-03
3.254635581140990e-03
4.285581376934467e-03
5.642463745596118e-03
7.421559532006836e-03
9.750400662208492e-03
1.279340495528777e-02
1.677518599907353e-02
2.194917955344683e-02
2.866615526347231e-02
3.734867844481347e-02
4.854738205633061e-02
6.292357598297335e-02
8.123200815117908e-02
1.042705885565264e-01
1.330879476618869e-01
1.685017329112840e-01
2.115016784583329e-01
2.628998442598825e-01
3.231799666317215e-01
3.923345969709069e-01
4.691474524353066e-01
5.514627715143452e-01
6.361731765174085e-01
7.190691172726875e-01
7.956853827663783e-01
8.619296143867822e-01
9.149683857357152e-01
9.549285579695551e-01
9.946073270178020e-01
###6.000000000000001e+00
6.541451343700495e-10
8.555500405307191e-10
3.316355049823625e-10
4.931138239087208e-10
-4.867734932941713e-09
8.125710536511006e-10
4.924834941577448e-10
9.442975068204550e-10
1.304455778302956e-09
7.685079103108993e-11
1.903321338629702e-09
1.919472889417024e-09
2.228237075533218e-09
2.159304599239756e-09
2.226522852949374e-09
2.374807232053978e-09
2.827983427681530e-09
2.872226564941122e-09
3.165306354276385e-09
3.585203009201832e-09
4.161913127717793e-09
4.932287131848335e-09
5.927226436901912e-09
7.242221509785384e-09
8.970282321651141e-09
1.124772447723518e-08
1.428787782149709e-08
1.826690797446613e-08
2.355639942848645e-08
3.054048109457236e-08
3.979232039190281e-08
5.204378896912656e-08
6.819624940218932e-08
8.987170287008015e-08
1.186257928259404e-07
1.568360202208894e-07
2.076393505904052e-07
2.749279212726744e-07
3.644473861115558e-07
4.823357577042945e-07
6.391267392050754e-07
8.467879886543475e-07
1.121857230248109e-06
1.485659695672329e-06
1.968217271610217e-06
2.605824019305886e-06
3.450349711892056e-06
4.566879033266057e-06
6.038569059347753e-06
8.000000189486174e-06
1.058057114885249e-05
1.400612256581740e-05
1.850997696581087e-05
2.449567672547704e-05
3.232709007126268e-05
4.269963278893097e-05
5.638667828122014e-05
7.452062436394509e-05
9.843839093591239e-05
1.299084348200184e-04
1.717049815357967e-04
2.267087543800746e-04
2.994610350818394e-04
3.959296951843786e-04
5.218855356959788e-04
6.890008935703105e-04
9.087816030450765e-04
1.198946521310468e-03
1.580320405354443e-03
2.087544940159541e-03
2.753641682022335e-03
3.631462135369289e-03
4.784051982222450e-03
6.300863045168603e-03
8.288402689238219e-03
1.088870300080624e-02
1.428099359213925e-02
1.871345237876714e-02
2.446236838263809e-02
3.190767207000809e-02
4.150442067256577e-02
5.383968320987647e-02
6.961050653037108e-02
8.960322962812228e-02
1.146283781918749e-01
1.457448766886733e-01
1.837209426446766e-01
2.294764088631983e-01
2.836852038867715e-01
3.466346557498066e-01
4.180595025781288e-01
4.964214413475238e-01
5.792419092736898e-01
6.631626335046996e-01
7.438700134225805e-01
8.170149529041408e-01
8.788550020921846e-01
9.271013462312908e-01
9.622961403194258e-01
9.955993098027744e-01
###6.400000000000001e+00
6.624791222815502e-10
8.709533362665803e-10
3.474041477517150e-10
5.173591882872771e-10
-4.824600755266160e-09
8.721951091970802e-10
5.639210862862493e-10
9.944925681654557e-10
1.378316084864900e-09
2.306349448085112e-10
1.959517250786650e-09
1.994173288829536e-09
2.311731175295687e-09
2.281177165678644e-09
2.373586538745934e-09
2.548663816534974e-09
2.998531647414553e-09
3.103399124684995e-09
3.461950305015626e-09
3.895299084334723e-09
4.526841888447691e-09
5.368028531501225e-09
6.451925041479722e-09
7.885871194611511e-09
9.766957919363602e-09
1.224367414033068e-08
1.554305744321671e-08
1.986359999427893e-08
2.559918090973893e-08
3.318576686370554e-08
4.323799139541886e-08
5.654256483416188e-08
7.412804857030977e-08
9.768561217355620e-08
1.289537672639023e-07
1.705029816390903e-07
2.257606176241576e-07
2.989850423466296e-07
3.963717613053045e-07
5.248393289498020e-07
6.956919544057369e-07
9.220990551760058e-07
1.222166283166475e-06
1.619420513464143e-06
2.146270071262704e-06
2.843183879314017e-06
3.766764314360010e-06
4.988533726663897e-06
6.601442398627021e-06
8.751159295747501e-06
1.158147337835780e-05
1.534281388324762e-05
2.029139577839719e-05
2.687595573906134e-05
3.549868075721829e-05
4.692841780999671e-05
6.201215258824029e-05
8.205875383712240e-05
1.085032797325235e-04
1.433331278324042e-04
1.896432632187358e-04
2.506611105902242e-04
3.314411347967563e-04
4.386762682996302e-04
5.787966047928516e-04
7.648963317992735e-04
1.009835610656050e-03
1.333449965057697e-03
1.758988207303407e-03
2.325189822949524e-03
3.069057766203231e-03
4.049272576030600e-03
5.336065748833028e-03
7.029000506220016e-03
9.245210031719594e-03
1.214226023479238e-02
1.591590412946653e-02
2.083790941834738e-02
2.720791943988680e-02
3.543675058436847e-02
4.601151217115927e-02
5.955267701387530e-02
7.679452801477524e-02
9.854816075222519e-02
1.256306939933671e-01
1.590950918643753e-01
1.996546502286803e-01
2.481391208872466e-01
3.050764222938525e-01
3.705335800668441e-01
4.439770460045320e-01
5.235601886162966e-01
6.065062944460844e-01
6.892521262448408e-01
7.674387008176916e-01
8.368954506031179e-01
8.943005068742579e-01
9.379104636320208e-01
9.687011616427526e-01
9.964412017900822e-01
###6.800000000000002e+00
7.221170812046344e-10
8.981654754430741e-10
3.871341515088968e-10
5.507784532668125e-10
-4.773397300246629e-09
9.377655438781628e-10
6.393222846930350e-10
1.061134186881124e-09
1.461878861520517e-09
3.840885432444609e-10
2.030861813335000e-09
2.082321650419443e-09
2.410144176098868e-09
2.410252585958733e-09
2.533312246193305e-09
2.733008509502769e-09
3.189323103986353e-09
3.343815330297906e-09
3.753890790271257e-09
4.227407368068495e-09
4.922414034073588e-09
5.835600415334384e-09
7.021296944317422e-09
8.581973368890518e-09
1.062854769685940e-08
1.332283420807196e-08
1.690566831750024e-08
2.158631767893518e-08
2.781893500791153e-08
3.606484130889034e-08
4.698744708768757e-08
6.144444880260762e-08
8.058890009675631e-08
1.061945251598557e-07
1.402161162133324e-07
1.854058764512038e-07
2.455283439705160e-07
3.252441492349171e-07
4.312462318230573e-07
5.712876113720663e-07
7.575190956335154e-07
1.004493217682836e-06
1.331982583514155e-06
1.765870543420998e-06
2.341404488883950e-06
3.103514718193186e-06
4.114071370783053e-06
5.451959837493542e-06
7.220600558491647e-06
9.577658729051212e-06
1.268384103957682e-05
1.681531283337477e-05
2.225662630027832e-05
2.950353049283523e-05
3.900171260822035e-05
5.160465724223842e-05
6.824195531087152e-05
9.040558491790691e-05
1.196555037570565e-04
1.582193338512667e-04
2.095488166277704e-04
2.772474171215181e-04
3.669619769046266e-04
4.861566163903874e-04
6.420374701646830e-04
8.492487085267997e-04
1.122095379875106e-03
1.482819141557500e-03
1.957307028040706e-03
2.588819708391136e-03
3.418595814365329e-03
4.511755161906671e-03
5.946296953405600e-03
7.832307467065109e-03
1.029950118622445e-02
1.351997689279075e-02
1.770820794149226e-02
2.316025130616106e-02
3.020032497179512e-02
3.926878631699605e-02
5.088500549168214e-02
6.570408161149081e-02
8.449034563959339e-02
1.080774282424174e-01
1.372794423368448e-01
1.731369939595630e-01
2.162895081416236e-01
2.674652750667310e-01
3.270244609139307e-01
3.948059005440383e-01
4.700114422529503e-01
5.504772788973908e-01
6.331817080798886e-01
7.143713947183388e-01
7.897307973524508e-01
8.553357958742980e-01
9.083042295428392e-01
9.474741101669231e-01
9.742216752791707e-01
9.971396854598145e-01
###7.200000000000002e+00
7.427411477365428e-10
9.252383513902451e-10
3.925493139119574e-10
5.869237240481507e-10
-4.681491979392121e-09
1.015942580604275e-09
7.095805131684652e-10
1.133863217091552e-09
1.559528899452731e-09
5.355985181336866e-10
2.111630620234417e-09
2.180119516481042e-09
2.513086954514822e-09
2.549181984610274e-09
2.698055760378281e-09
2.926926404545756e-09
3.392865482424541e-09
3.602902382132266e-09
4.056058578526966e-09
4.586782066133364e-09
5.346909860252224e-09
6.343077117811077e-09
7.628595228822182e-09
9.332897529185043e-09
1.156246051304278e-08
1.449667007808080e-08
1.838256011419027e-08
2.346486504311600e-08
3.023347870001457e-08
3.919735925874329e-08
5.106695054651928e-08
6.678375362036249e-08
8.762900500128470e-08
1.154702414997603e-07
1.524975828988666e-07
2.016569520218673e-07
2.670986975191550e-07
3.539109535927294e-07
4.693507826871975e-07
6.220527596717314e-07
8.251598912975501e-07
1.094658400059658e-06
1.452222531957869e-06
1.926374918322372e-06
2.555458209315703e-06
3.389189429762244e-06
4.495413042316282e-06
5.961300287006807e-06
7.901402913982920e-06
1.048739042615012e-05
1.389824022813224e-05
1.843928683499061e-05
2.442521256591547e-05
3.240483136251671e-05
4.287426212911625e-05
5.677602219780207e-05
7.513899872575602e-05
9.965010516531520e-05
1.320154277395810e-04
1.747319827516606e-04
2.316344280613725e-04
3.067517280304065e-04
4.063979872952460e-04
5.388813130455439e-04
7.122566995202277e-04
9.428628460949238e-04
1.246687110249584e-03
1.648535105297321e-03
2.177173405541931e-03
2.880854941090164e-03
3.805393518671788e-03
5.022934396122912e-03
6.619733333244822e-03
8.717165542587193e-03
1.145834438453753e-02
1.503129251687947e-02
1.966888318849326e-02
2.569359343111615e-02
3.345351027813754e-02
4.341973783810500e-02
5.614237135477537e-02
7.230975010333859e-02
9.271335961849334e-02
1.182037585456974e-01
1.495776746978690e-01
1.878611824050637e-01
2.336035966740877e-01
2.874142832745498e-01
3.494734417218259e-01
4.193826222235540e-01
4.960667806358838e-01
5.770844511082639e-01
6.591740775793007e-01
7.384610936387098e-01
8.107259354298105e-01
8.723445616891058e-01
9.209239877136779e-01
9.558733192291711e-01
9.789410016909896e-01
9.977357950533094e-01
###7.600000000000002e+00
7.339648687775809e-10
9.437358530965130e-10
4.221978100963370e-10
6.118201921513101e-10
-4.629270290966707e-09
1.072262427729604e-09
7.993776110621524e-10
1.216081840854668e-09
1.660247273260575e-09
6.946767731270940e-10
2.203968168228927e-09
2.284237093772674e-09
2.630875751206303e-09
2.694777181047426e-09
2.880834295793627e-09
3.138666321332093e-09
3.622753110536427e-09
3.881126575924375e-09
4.380064049462476e-09
4.971294184046942e-09
5.803611161625321e-09
6.885061652448721e-09
8.297254419005848e-09
1.013104786274204e-08
1.257358994026249e-08
1.574761307861754e-08
1.996884274812638e-08
2.550107251687005e-08
3.285725823986496e-08
4.260260129178241e-08
5.549138896531294e-08
7.260057636615624e-08
9.529159784657352e-08
1.255782736579323e-07
1.658845404534131e-07
2.193863898183080e-07
2.906335253682087e-07
3.852212399991127e-07
5.110017979670783e-07
6.775436308706486e-07
8.991781838437733e-07
1.193365087526305e-06
1.583944237237547e-06
2.102222477476862e-06
2.790218814976352e-06
3.702850727092858e-06
4.914418140574396e-06
6.521265530804036e-06
8.650443619319873e-06
1.148910918700903e-05
1.523630065822725e-05
2.023187510477722e-05
2.681896708909314e-05
3.560937092112094e-05
4.715437344321844e-05
6.249609847816737e-05
8.277526617573012e-05
1.098873979668548e-04
1.457101995668430e-04
1.930339006465405e-04
2.561321585145998e-04
3.394872686057267e-04
4.501457231921131e-04
5.973743797870968e-04
7.901647222723702e-04
1.046685164488296e-03
1.384833956421918e-03
1.832142060275343e-03
2.420602789303158e-03
3.203919302315448e-03
4.232855926234633e-03
5.586830457223337e-03
7.361484454469719e-03
9.690125624065427e-03
1.272962012968186e-02
1.668525288913329e-02
2.180911614677841e-02
2.845009042241541e-02
3.698165359685253e-02
4.790555521692622e-02
6.180034580703650e-02
7.938518963168334e-02
1.014776468007647e-01
1.289332415653932e-01
1.625309601718169e-01
2.032616708479400e-01
2.515751710103626e-01
3.079432566782769e-01
3.723669939033948e-01
4.441912983738097e-01
5.220686520382763e-01
6.032871246685207e-01
6.843972629142177e-01
7.614512546563000e-01
8.303927897695269e-01
8.879433612945246e-01
9.322242691483482e-01
9.631936427869261e-01
9.829410710659450e-01
9.982166449078743e-01
###8.000000000000002e+00
7.570712960110215e-10
9.345838061432488e-10
4.595966312056050e-10
5.938576499434019e-10
-4.566589409329958e-09
1.120769919294166e-09
8.956333452825730e-10
1.304943163233965e-09
1.768481312351912e-09
8.584408847995478e-10
2.301067361132120e-09
2.388297860131041e-09
2.759771771447254e-09
2.856750157562480e-09
3.073903276009882e-09
3.372344741422284e-09
3.859056961893205e-09
4.182388753396825e-09
4.726561981934752e-09
5.381130527998982e-09
6.293683130186412e-09
7.473533484705951e-09
9.013649661915767e-09
1.098015779016715e-08
1.366575454668306e-08
1.711247147092244e-08
2.169015375699637e-08
2.771073492646434e-08
3.570911560808414e-08
4.630319481259628e-08
6.030845827023102e-08
7.893250915405925e-08
1.036405043678842e-07
1.365911284024489e-07
1.804769652035280e-07
2.387219944793570e-07
3.163369038056978e-07
4.194283584680618e-07
5.565312446828730e-07
7.382781072680418e-07
9.801798381879793e-07
1.301480583029268e-06
1.728293543483107e-06
2.295013544033775e-06
3.047895625797145e-06
4.047401081358745e-06
5.374934160486385e-06
7.137179195052748e-06
9.475129572987985e-06
1.259281452756626e-05
1.671168859349094e-05
2.221064818401899e-05
2.946191567145644e-05
3.915039384883235e-05
5.188691331521636e-05
6.882468663436586e-05
9.122786447689751e-05
1.212256803384157e-04
1.608854702764965e-04
2.133195484217340e-04
2.832857455177286e-04
3.757803940812061e-04
4.986538167741767e-04
6.622315388352165e-04
8.765204163265983e-04
1.161726754945531e-03
1.537830091270404e-03
2.035330764529988e-03
2.689772979788302e-03
3.560802745278255e-03
4.704407292909808e-03
6.208145875718692e-03
8.177208258756664e-03
1.075794328537492e-02
1.412174113582471e-02
1.849188926035936e-02
2.414129778993510e-02
3.144311887392039e-02
4.079951355110640e-02
5.274053431487226e-02
6.787389720844435e-02
8.694595155843514e-02
1.107922902571643e-01
1.402735619734266e-01
1.761385226573879e-01
2.193343641977095e-01
2.701821438127145e-01
3.290219509814449e-01
3.956459184085402e-01
4.691511861734457e-01
5.479172578987483e-01
6.289962965822782e-01
7.087765601328011e-01
7.833037654863028e-01
8.487248300280141e-01
9.021661806516698e-01
9.422731877322398e-01
9.695248588694343e-01
9.862987229537500e-01
9.986108704384251e-01
###8.400000000000002e+00
7.886737361590269e-10
9.583635670169764e-10
4.780641244524518e-10
6.311412659018625e-10
-4.486837254402365e-09
1.177228291992149e-09
9.798793341097303e-10
1.391242735921537e-09
1.880751981538933e-09
1.028865986702134e-09
2.411552051952838e-09
2.515552207457527e-09
2.901421598433526e-09
3.036795004306529e-09
3.279424100459282e-09
3.608010397596805e-09
4.119903511211941e-09
4.499661387890510e-09
5.100408528443280e-09
5.825811495606940e-09
6.822342999183271e-09
8.109242933387851e-09
9.784538704078468e-09
1.187604408494618e-08
1.484536688994814e-08
1.859969652659584e-08
2.355836229413254e-08
3.010980160269550e-08
3.880834641498707e-08
5.033080373482709e-08
6.555595948180592e-08
8.582924753578504e-08
1.127371686882866e-07
1.486005092861978e-07
1.964058818810822e-07
2.598357180663947e-07
3.444196498752426e-07
4.568221600052295e-07
6.063373751694374e-07
8.047298146188507e-07
1.068871640028576e-06
1.419922734403379e-06
1.886604813025974e-06
2.506607847123749e-06
3.330854619506261e-06
4.425907238627482e-06
5.881179003666378e-06
7.814919323777825e-06
1.038263781667386e-05
1.380853954196832e-05
1.833876202246084e-05
2.439323700605074e-05
3.238037743610974e-05
4.306281197200584e-05
5.711721393531613e-05
7.582422415075389e-05
1.005863037059591e-04
1.337753795000847e-04
1.776932617872376e-04
2.357902478470140e-04
3.133688634515973e-04
4.159920334534381e-04
5.523904238690146e-04
7.340643256362124e-04
9.721301085968834e-04
1.289033537279673e-03
1.706972863509651e-03
2.259906404389307e-03
2.986960981440796e-03
3.954298088181074e-03
5.223729293681245e-03
6.891270949313980e-03
9.072539235084292e-03
1.192732832105121e-02
1.564326582827949e-02
2.046164382004513e-02
2.667745961447970e-02
3.468714551236507e-02
4.492099528796503e-02
5.794076212439681e-02
7.437683665086381e-02
9.500508699969475e-02
1.206701185278579e-01
1.522306113710878e-01
1.903929996142806e-01
2.360327734667362e-01
2.893834007324072e-01
3.505905419312970e-01
4.192418365846078e-01
4.941789952599204e-01
5.735388678987596e-01
6.541294475545250e-01
7.322418903405046e-01
8.039731652363619e-01
8.657276315812570e-01
9.150614554705223e-01
9.511501878291567e-01
9.749575329986878e-01
9.890933438911597e-01
9.989304111543899e-01
###8.800000000000002e+00
8.056967098286133e-10
9.694315907859857e-10
5.136707682662421e-10
6.725360233371786e-10
-4.419939567883145e-09
1.231392934457378e-09
1.051809494782599e-09
1.482553741402628e-09
1.994019613890901e-09
1.201099226677836e-09
2.529905353989769e-09
2.653769965982414e-09
3.052684734718488e-09
3.222209657056419e-09
3.502541823743853e-09
3.861284274658630e-09
4.401964778140292e-09
4.842211646962879e-09
5.497963654350951e-09
6.300601423088269e-09
7.386798482484324e-09
8.792500618818593e-09
1.061277545685766e-08
1.282115232330795e-08
1.612233628417744e-08
2.018302063079325e-08
2.558805676206241e-08
3.271428377304800e-08
4.217555662024059e-08
5.470863850674268e-08
7.126534437951143e-08
9.334021474171878e-08
1.226531186091377e-07
1.617039529004044e-07
2.137819870279658e-07
2.828944459758570e-07
3.751074641870202e-07
4.977159192532307e-07
6.608158569896784e-07
8.774624054462612e-07
1.166029919764874e-06
1.549793257917625e-06
2.060203024296009e-06
2.738929953306577e-06
3.641715025416423e-06
4.841932680796076e-06
6.438172125896916e-06
8.561025672478000e-06
1.138263143407229e-05
1.514879876730665e-05
2.013352458314871e-05
2.680227654447517e-05
3.560364069644646e-05
4.738555703308383e-05
6.289985569976847e-05
8.356878290897700e-05
1.109656864971216e-04
1.476696951957568e-04
1.963015520251619e-04
2.606738754925615e-04
3.466901248665059e-04
4.605197139155587e-04
6.118784711529946e-04
8.135790714008633e-04
1.077903590802741e-03
1.429822774584492e-03
1.893902737698975e-03
2.507806971080322e-03
3.314714122724900e-03
4.387651823980284e-03
5.794708076701603e-03
7.641079233631803e-03
1.005364129117453e-02
1.320597183794104e-02
1.730282135419894e-02
2.260669093319315e-02
2.942872127177000e-02
3.819470833311608e-02
4.936293339796111e-02
6.352115832963037e-02
8.132286532052291e-02
1.035755902833281e-01
1.311203281903706e-01
1.648027723898017e-01
2.052865633991760e-01
2.533592871877315e-01
3.091506030464950e-01
3.726036658083037e-01
4.430880918264959e-01
5.191999755687841e-01
5.988310656738195e-01
6.786043725208761e-01
7.547347865078627e-01
8.234363285923840e-01
8.814117921913575e-01
9.266802095246967e-01
9.589366890752405e-01
9.795789878210492e-01
9.913949531651015e-01
9.991804087594870e-01
###9.200000000000003e+00
8.125079684060922e-10
9.932119498528759e-10
5.254161701539427e-10
7.250547723807743e-10
-4.351719533160468e-09
1.293444915309253e-09
1.151078233471321e-09
1.585823675950074e-09
2.106800084609381e-09
1.383320182224996e-09
2.663505599601877e-09
2.805664778344008e-09
3.220409136959756e-09
3.423034358157165e-09
3.734123639789639e-09
4.128980167607178e-09
4.703627081040736e-09
5.212133647767049e-09
5.927447997153771e-09
6.812760407975231e-09
7.996422991569774e-09
9.528763348005024e-09
1.151050108357726e-08
1.390588500493640e-08
1.750281434243580e-08
2.190657980158831e-08
2.779107727000909e-08
3.554470912615530e-08
4.583538384855481e-08
5.946397093613988e-08
7.748502136269504e-08
1.015278689486938e-07
1.334654797387842e-07
1.759960078802401e-07
2.327548031217201e-07
3.080843873283114e-07
4.086545257855834e-07
5.424323549004735e-07
7.204479847608035e-07
9.571204847764519e-07
1.272496782922496e-06
1.692210361481351e-06
2.250727726487656e-06
2.994086619314661e-06
3.983297590595114e-06
5.299417567953248e-06
7.051008308597328e-06
9.382382847187564e-06
1.248281131317511e-05
1.662640228638172e-05
2.211296144523023e-05
2.946000227302450e-05
3.916214731766365e-05
5.216267385122598e-05
6.929401806276093e-05
9.213266526095278e-05
1.224697591841798e-04
1.630475203328590e-04
2.168947817535343e-04
2.882146196279349e-04
3.835423967797535e-04
5.097992405233187e-04
6.777166596853711e-04
9.015016706520604e-04
1.194832451101197e-03
1.585313337336540e-03
2.100247246094619e-03
2.781118845992181e-03
3.675734720522540e-03
4.864288021589400e-03
6.421703827163432e-03
8.463115328883303e-03
1.112659628464985e-02
1.460155414255931e-02
1.911002608704394e-02
2.493597681636880e-02
3.240685669507741e-02
4.197966810329263e-02
5.413826259913750e-02
6.949626007811865e-02
8.872880034801822e-02
1.126666472303285e-01
1.421473909008228e-01
1.779948524633577e-01
2.208106232251695e-01
2.712907487931566e-01
3.294415227489068e-01
3.949962477801416e-01
4.671107587215975e-01
5.441290665362861e-01
6.237140270206959e-01
7.023458578094528e-01
7.762004950545227e-01
8.416681894591826e-01
8.957951474112160e-01
9.370816436014108e-01
9.657172682077860e-01
9.834808493659409e-01
9.932743932897452e-01
9.993887645643335e-01
###9.600000000000003e+00
8.396881658410381e-10
1.023822525009547e-09
5.668340267117504e-10
7.746642714591958e-10
-4.277798082537888e-09
1.337560090914130e-09
1.250486329044154e-09
1.694677566983664e-09
2.246293273486666e-09
1.574292907020209e-09
2.808313632805389e-09
2.971657709741499e-09
3.399203638267734e-09
3.637079969124977e-09
3.984228967544949e-09
4.424924983216969e-09
5.028261611433046e-09
5.605069954901139e-09
6.387386958118836e-09
7.361939353618970e-09
8.652377680463278e-09
1.032289989558054e-08
1.247854988681031e-08
1.512671367016759e-08
1.899529102462147e-08
2.377025796466477e-08
3.018308207444561e-08
3.861815758495702e-08
4.981433396640655e-08
6.463891048673943e-08
8.426208513380226e-08
1.104512537502234e-07
1.452500876684900e-07
1.916005013646957e-07
2.534724943849050e-07
3.356149321112211e-07
4.453230855276191e-07
5.913387328090000e-07
7.857414863695120e-07
1.044372625344086e-06
1.389190669482547e-06
1.848399856009473e-06
2.459846113056975e-06
3.274333378042529e-06
4.358680170825759e-06
5.802682024027177e-06
7.725586977336795e-06
1.028693419098314e-05
1.369490669488149e-05
1.825560899484155e-05
2.429763138561650e-05
3.239062132570619e-05
4.309365194996128e-05
5.744157619790102e-05
7.636088963883179e-05
1.016084992563918e-04
1.351853792222694e-04
1.800552568990383e-04
2.396735461088266e-04
3.186833601253777e-04
4.243190426762059e-04
5.642763706411073e-04
7.504503453245693e-04
9.986276052974588e-04
1.323930386820331e-03
1.756883789730124e-03
2.327678849077016e-03
3.082064410534558e-03
4.072589097191421e-03
5.387636746755866e-03
7.109099432062864e-03
9.362583405547584e-03
1.229851228505208e-02
1.612242191213925e-02
2.107449467147084e-02
2.745973972075655e-02
3.562509401109910e-02
4.605552053980173e-02
5.926180018984286e-02
7.587932762832723e-02
9.661506669195424e-02
1.222941717234723e-01
1.537591706844254e-01
1.918013972673601e-01
2.369486048486146e-01
2.898036527999305e-01
3.502172463636511e-01
4.177189665599724e-01
4.912376371084412e-01
5.688855653194992e-01
6.481075916340397e-01
7.252744722754009e-01
7.965971254697225e-01
8.586676296748155e-01
9.089162184700691e-01
9.463347219705899e-01
9.715774419607045e-01
9.867441486130120e-01
9.947914223346985e-01
9.995370958679882e-01
###1.000000000000000e+01
8.671726898339952e-10
1.040624567209821e-09
6.116500284019951e-10
7.890239040985349e-10
-4.194014477155072e-09
1.400996514012048e-09
1.357109913760337e-09
1.809911157559683e-09
2.386690883002649e-09
1.772610220875364e-09
2.962063194936845e-09
3.152490635693771e-09
3.590352866845411e-09
3.864763602396945e-09
4.244462542356553e-09
4.723573159494541e-09
5.371157682853016e-09
6.011781849646109e-09
6.902758622029988e-09
7.939448349884730e-09
9.343605383882975e-09
1.116212440206629e-08
1.350637277379387e-08
1.642255235244594e-08
2.059603291953223e-08
2.579277405792733e-08
3.277928922698300e-08
4.195866265179540e-08
5.416165571284170e-08
7.026707729290625e-08
9.164784347908164e-08
1.201742148387449e-07
1.581094293663491e-07
2.086327453082835e-07
2.760965470263610e-07
3.656956518661159e-07
4.854337420783580e-07
6.448552679623594e-07
8.572461620485709e-07
1.139957119612709e-06
1.517201837504690e-06
2.019773442616190e-06
2.689451686389053e-06
3.582172668058785e-06
4.771414403874267e-06
6.356091162599254e-06
8.468104550177387e-06
1.128373728576036e-05
1.503087950633541e-05
2.005200716578530e-05
2.670706703525894e-05
3.562568631471277e-05
4.743480258199179e-05
6.327218321832225e-05
8.417185536170004e-05
1.120844444564619e-04
1.492380986447976e-04
1.988606863118497e-04
2.648684940587498e-04
3.523588070476193e-04
4.693982903700809e-04
6.244732578347835e-04
8.307852733231265e-04
1.105851465275458e-03
1.466333589804628e-03
1.945972936528912e-03
2.578062823888556e-03
3.412947802380296e-03
4.508287240814845e-03
5.961562691728626e-03
7.861443856729542e-03
1.034527019556881e-02
1.357613901509038e-02
1.777663403174575e-02
2.320556486480363e-02
3.018982375111643e-02
3.909558892296448e-02
5.043658505089460e-02
6.474903732419149e-02
8.268834795323060e-02
1.049843192470931e-01
1.324638804781679e-01
1.659594978863777e-01
2.062227634825512e-01
2.537175250861601e-01
3.088636182623920e-01
3.714305175394514e-01
4.407032898877380e-01
5.153883824501285e-01
5.933754304553600e-01
6.719314599769869e-01
7.473346606489424e-01
8.158871269565340e-01
8.744305353866588e-01
9.208159706810638e-01
9.545114955746878e-01
9.766036105071074e-01
9.894510954789292e-01
9.960057329569866e-01
9.996564693959883e-01
###1.040000000000000e+01
9.005318309416447e-10
1.096363802417073e-09
6.492747643314250e-10
8.386720142052510e-10
-4.111073097669336e-09
1.480966296720423e-09
1.471237752053531e-09
1.932672809520023e-09
2.543908275843805e-09
1.973137886874055e-09
3.129543529074678e-09
3.340066999584547e-09
3.799434180997863e-09
4.103426906838511e-09
4.513038669200063e-09
5.044563947417555e-09
5.731081346749766e-09
6.450579550723131e-09
7.425588127680854e-09
8.559611495225340e-09
1.008287813290353e-08
1.205083042170393e-08
1.460640845009491e-08
1.781060537670724e-08
2.231906412564041e-08
2.798784537246700e-08
3.559531210776698e-08
4.558835229741807e-08
5.885581190315720e-08
7.639636609247989e-08
9.969348793346386e-08
1.307752773825909e-07
1.721387976111351e-07
2.272329820920034e-07
3.008072658914105e-07
3.985845569760341e-07
5.293634899143982e-07
7.034524993194974e-07
9.357608267290410e-07
1.244794197104185e-06
1.657552877217178e-06
2.207889876867807e-06
2.941672694115303e-06
3.920520038969469e-06
5.225298209839547e-06
6.965154720050035e-06
9.285665325893527e-06
1.238100997188958e-05
1.650385003347025e-05
2.203331207861692e-05
2.936582952233598e-05
3.919675521802066e-05
5.222659499764748e-05
6.971309182416256e-05
9.280015055559889e-05
1.236597253874978e-04
1.647663067978410e-04
2.196504245440623e-04
2.927041982106445e-04
3.895736903127605e-04
5.191937219171786e-04
6.909418427610362e-04
9.194395187254577e-04
1.224064444753433e-03
1.623188547993469e-03
2.154105074513224e-03
2.853445971600482e-03
3.776365668717916e-03
4.986251191112079e-03
6.589811310895447e-03
8.683780928007010e-03
1.141724842303463e-02
1.496695922718304e-02
1.957278772785118e-02
2.551352022256059e-02
3.313821793006639e-02
4.283092595660350e-02
5.513779864567694e-02
7.061732641209076e-02
8.993570130463537e-02
1.138469871617544e-01
1.431834096915938e-01
1.787453730785105e-01
2.212433781058621e-01
2.710530895362476e-01
3.284420096381847e-01
3.930307462991988e-01
4.638841784775371e-01
5.394963079589334e-01
6.175307739582048e-01
6.951105492448977e-01
7.684754122466937e-01
8.340453911892241e-01
8.889750856048990e-01
9.315439595417545e-01
9.616890464799289e-01
9.808837189364346e-01
9.916767521369190e-01
9.969668293830604e-01
9.997487861602427e-01
###1.080000000000000e+01
9.308540413559666e-10
1.125696368875952e-09
6.957218591417489e-10
8.918189080199110e-10
-4.017879711272169e-09
1.571857228676751e-09
1.592074377241782e-09
2.062395269024583e-09
2.712049544649621e-09
2.185777017140345e-09
3.313757876301349e-09
3.540463274831295e-09
4.028012247157765e-09
4.366952950219012e-09
4.820960823336263e-09
5.399534744772887e-09
6.135414902432917e-09
6.932336858925659e-09
7.991874557024115e-09
9.240942050071449e-09
1.090377177520965e-08
1.303249024015673e-08
1.582642619833086e-08
1.933064565455832e-08
2.420768199508735e-08
3.036886653152887e-08
3.865619882292026e-08
4.953293192007191e-08
6.394839458815207e-08
8.308078785879899e-08
1.084634391776910e-07
1.423470807992557e-07
1.874525408571976e-07
2.475509447119526e-07
3.278226967729523e-07
4.345636518269943e-07
5.774371566423963e-07
7.676507711566326e-07
1.021811558203463e-06
1.359761203299279e-06
1.811620059169135e-06
2.414411414946496e-06
3.218711921509524e-06
4.292468924653491e-06
5.724526204879222e-06
7.635603851698640e-06
1.018576242107691e-05
1.359031611717252e-05
1.812759321295121e-05
2.421782205053213e-05
3.229814686111930e-05
4.313911891957829e-05
5.751827590263508e-05
7.682510206876578e-05
1.023322646411205e-04
1.364462844683701e-04
1.819119188314257e-04
2.426046536768715e-04
3.234375257188724e-04
4.306554242281666e-04
5.741485837472796e-04
7.642640518431359e-04
1.017162537052545e-03
1.354299434197483e-03
1.795888485161746e-03
2.382974324154789e-03
3.155784869125608e-03
4.174895237897366e-03
5.509621686896776e-03
7.276912440393634e-03
9.581393287106950e-03
1.258457824232502e-02
1.647827033516972e-02
2.152030799788179e-02
2.800895686412413e-02
3.631602376696642e-02
4.684528545271251e-02
6.017096383358752e-02
7.687691731323433e-02
9.763413214305126e-02
1.232187377873196e-01
1.544586161337754e-01
1.921176995042933e-01
2.368549748673371e-01
2.889440333781181e-01
3.484860201809235e-01
4.149562036497245e-01
4.871991360093352e-01
5.634796231896724e-01
6.412684776537230e-01
7.175728588743555e-01
7.886403726015526e-01
8.510597345537751e-01
9.023230023077261e-01
9.411553478706475e-01
9.679460128721591e-01
9.844990471095252e-01
9.934895961297693e-01
9.977193844895719e-01
9.998206095746470e-01
###1.120000000000000e+01
9.541213269317883e-10
1.165106422244823e-09
7.636446012714153e-10
9.591018444222960e-10
-3.918576303082654e-09
1.665915075519617e-09
1.721955270254621e-09
2.206674285682792e-09
2.897909128959459e-09
2.412791157855553e-09
3.512636726249719e-09
3.764897178663360e-09
4.271985711809381e-09
4.653287659499584e-09
5.150933649243203e-09
5.779260162127454e-09
6.571482257860609e-09
7.453655192789777e-09
8.600293595071291e-09
9.975458879142231e-09
1.178915416596447e-08
1.409449478737943e-08
1.715101887573920e-08
2.099198912925036e-08
2.626461812739477e-08
3.295576972109965e-08
4.198254610096602e-08
5.382356044552292e-08
6.949334156906130e-08
9.035467147425248e-08
1.180266090473421e-07
1.549778457729673e-07
2.041764107460063e-07
2.697426096751311e-07
3.573498138330950e-07
4.739314625176378e-07
6.300823194965521e-07
8.379928645881914e-07
1.116119978422175e-06
1.485868213733552e-06
1.980660112034241e-06
2.641230416087974e-06
3.523213105494919e-06
4.701428301372149e-06
6.273915264035539e-06
8.373343918693389e-06
1.117720492497999e-05
1.492268267827551e-05
1.991704936247674e-05
2.662740067351682e-05
3.553378524143885e-05
4.748993803928715e-05
6.335950278522521e-05
8.467721607961646e-05
1.128571887898007e-04
1.505633182582831e-04
2.008182067349393e-04
2.679525675975055e-04
3.573587470314799e-04
4.759904003225011e-04
6.347293312193861e-04
8.450720741248755e-04
1.124807107625046e-03
1.497658193134887e-03
1.985735973602955e-03
2.634322269985033e-03
3.487433721118374e-03
4.611516777444376e-03
6.082136340393664e-03
8.026920799405719e-03
1.055936784956207e-02
1.385426010252462e-02
1.811814285241769e-02
2.362795309815425e-02
3.070226777436771e-02
3.973578216844535e-02
5.114985023250792e-02
6.555067552587962e-02
8.353962189693212e-02
1.057947323642245e-01
1.331058338259465e-01
1.662912836576425e-01
2.060726155655884e-01
2.530400275635336e-01
3.073596609121153e-01
3.689680210175936e-01
4.371584619856895e-01
5.105741495315228e-01
5.872612612882626e-01
6.645187071219208e-01
7.392608310949575e-01
8.077942010484970e-01
8.669245360336650e-01
9.145032669338848e-01
9.497145069904466e-01
9.733622079861481e-01
9.875278790342830e-01
9.949527083576282e-01
9.983027797657675e-01
9.998692926363008e-01
###1.160000000000000e+01
9.868416593299881e-10
1.148236353707760e-09
8.233436823564100e-10
1.025387628157035e-09
-3.810944281486286e-09
1.765989929046537e-09
1.863004759900262e-09
2.364472705801138e-09
3.099291023511713e-09
2.656219621783803e-09
3.723454997438796e-09
4.006329155626662e-09
4.532296113359653e-09
4.960580268648976e-09
5.500878957778868e-09
6.198096790815220e-09
7.048876372196352e-09
8.011411761496190e-09
9.258746285360872e-09
1.076633354706703e-08
1.274309236451614e-08
1.524277698474158e-08
1.858280237567020e-08
2.278644239073304e-08
2.850444444788053e-08
3.577105149600816e-08
4.559532114080788e-08
5.849268070166434e-08
7.553843828266932e-08
9.828301030967694e-08
1.284567609874279e-07
1.687670643478594e-07
2.224323538147422e-07
2.940041008768342e-07
3.896587352382919e-07
5.170046867391997e-07
6.877170322751220e-07
9.150564833165585e-07
1.219484626802858e-06
1.624230803135099e-06
2.166179139655497e-06
2.890378672220633e-06
3.857879407091766e-06
5.151171788553531e-06
6.878213493617181e-06
9.185507161018955e-06
1.226928485339973e-05
1.639101171377041e-05
2.189038453129069e-05
2.928388214570537e-05
3.910310480710322e-05
5.228912153261157e-05
6.980637549761869e-05
9.334279217119358e-05
1.244746005156921e-04
1.661473955402075e-04
2.216964305059836e-04
2.959192582235430e-04
3.947671251513258e-04
5.259404076421443e-04
7.014967122606969e-04
9.340606488049120e-04
1.243256094505003e-03
1.655250788795528e-03
2.194214735398626e-03
2.910025089213065e-03
3.850762337100458e-03
5.089135213883719e-03
6.707465255034990e-03
8.844706158152579e-03
1.162357947697247e-02
1.523302819535379e-02
1.989519761991944e-02
2.590576360301174e-02
3.360494346502927e-02
4.340858683806908e-02
5.575932176066310e-02
7.129003486351193e-02
9.061963208842652e-02
1.144296633719688e-01
1.435227823177878e-01
1.786835385119439e-01
2.206044033059508e-01
2.697832527733706e-01
3.262683507146283e-01
3.898319791602206e-01
4.595802428326302e-01
5.339368064094542e-01
6.107634487686292e-01
6.872027923475816e-01
7.601132971607283e-01
8.259039062735128e-01
8.816431062405801e-01
9.255604830828889e-01
9.572875904527740e-01
9.780169181483015e-01
9.900447563074375e-01
9.961226422510684e-01
9.987499209298185e-01
9.999122297511929e-01
###1.200000000000001e+01
1.031342138313232e-09
1.192507366142059e-09
8.792790953485101e-10
1.104814701985860e-09
-3.700128645820461e-09
1.868181714512745e-09
2.008968265487826e-09
2.534594232565286e-09
3.314618368116784e-09
2.911410813977345e-09
3.955580796050402e-09
4.270416233430144e-09
4.819755886562479e-09
5.292694910682357e-09
5.884591844150367e-09
6.640156807073272e-09
7.557303591552336e-09
8.615818152002831e-09
9.970234001843309e-09
1.161911691944713e-08
1.377335470173313e-08
1.648588656451492e-08
2.013203181336528e-08
2.472591814498247e-08
3.093491826454690e-08
3.883879819816050e-08
4.952100547350213e-08
6.357169641878665e-08
8.212507101433788e-08
1.069291086952609e-07
1.398437784622288e-07
1.838197098122054e-07
2.423915897381704e-07
3.205321264578131e-07
4.250059600801810e-07
5.641771415832799e-07
7.508514535105940e-07
9.995130006880087e-07
1.332684412386622e-06
1.776081372667912e-06
2.369994957070833e-06
3.164111746139671e-06
4.225882321257893e-06
5.645833053935393e-06
7.543297283595460e-06
1.007992620716704e-05
1.347206767706685e-05
1.800905683052110e-05
2.406515737352554e-05
3.221291926782843e-05
4.303957047792164e-05
5.758468060534791e-05
7.691927067553613e-05
1.029053545936669e-04
1.372888247856793e-04
1.833339724880488e-04
2.447171533936225e-04
3.267507644063517e-04
4.360149728849763e-04
5.810013979300513e-04
7.750081745236751e-04
1.031950724908678e-03
1.373459310386833e-03
1.828314254629181e-03
2.422937815544607e-03
3.212157517362844e-03
4.248344450755496e-03
5.610974007938007e-03
7.389526973440310e-03
9.735048840745320e-03
1.278016417005579e-02
1.672804142928602e-02
2.181705560824795e-02
2.836309085020660e-02
3.672697292335347e-02
4.734185511483868e-02
6.068634182431493e-02
7.740201821434506e-02
9.812735647988419e-02
1.235483543716970e-01
1.544683344292882e-01
1.916362846389113e-01
2.356974875263746e-01
2.870635009908609e-01
3.456413013417642e-01
4.110312178885350e-01
4.821532235110241e-01
5.572247112361198e-01
6.339154276541925e-01
7.092567641030175e-01
7.800851813454512e-01
8.429468331520940e-01
8.952266657856380e-01
9.355348302095138e-01
9.639440763986503e-01
9.819851297194782e-01
9.921174472839357e-01
9.970482989132983e-01
9.990885888851355e-01
9.999343037860241e-01
###1.240000000000001e+01
1.067655547007891e-09
1.228045791971443e-09
9.466125408421131e-10
1.179807517912890e-09
-3.577397157780060e-09
1.987459800607918e-09
2.170156637519671e-09
2.716951433269309e-09
3.546696972868698e-09
3.171742248392279e-09
4.209714042766706e-09
4.552113518533785e-09
5.131324323565548e-09
5.647470321223714e-09
6.297967324323116e-09
7.117384150984471e-09
8.104618698780504e-09
9.263394121346281e-09
1.073375120803427e-08
1.254029493218157e-08
1.488629283888478e-08
1.783001445449121e-08
2.180970783830987e-08
2.682576178211605e-08
3.357172873270382e-08
4.216702551784256e-08
5.379198889097371e-08
6.910595021851167e-08
8.932064834564244e-08
1.163571649748819e-07
1.522654502845965e-07
2.002633664918407e-07
2.641940536298919e-07
3.495464717377922e-07
4.637016140077135e-07
6.158512743568018e-07
8.200380064637411e-07
1.092133546943143e-06
1.456775041757166e-06
1.942769695476369e-06
2.593856353096316e-06
3.464992429247242e-06
4.630467352593408e-06
6.189982571580740e-06
8.275358181900257e-06
1.106455783394703e-05
1.479668722746201e-05
1.979110235166459e-05
2.646395822812981e-05
3.544261611455414e-05
4.738056670448290e-05
6.342323793119331e-05
8.476353755859782e-05
1.134516575669073e-04
1.514212599550383e-04
2.022812657768852e-04
2.700882273442824e-04
3.607272003453699e-04
4.814362080378943e-04
6.416988217453725e-04
8.558725324808711e-04
1.139568647439725e-03
1.516444181588986e-03
2.018190512876606e-03
2.673618812659297e-03
3.542859100700322e-03
4.682879555884757e-03
6.180417289774129e-03
8.132457675196743e-03
1.070314866464480e-02
1.403508041369195e-02
1.834632540471415e-02
2.389235854504600e-02
3.101005952792291e-02
4.008025347306202e-02
5.155498797664518e-02
6.594380357751642e-02
8.389734848390384e-02
1.060742559692088e-01
1.331575517873159e-01
1.659399444619613e-01
2.051473747359321e-01
2.513444735819213e-01
3.048547530477198e-01
3.654374674780052e-01
4.325143753641259e-01
5.048120063584270e-01
5.803557716066725e-01
6.566407046369540e-01
7.306137663477960e-01
7.991278267784984e-01
8.589250363235373e-01
9.076995660242423e-01
9.444829338345679e-01
9.697574295444021e-01
9.853459077483435e-01
9.938109068588633e-01
9.977743041314309e-01
9.993425092617182e-01
9.999519632516243e-01
###1.280000000000001e+01
1.105934141149476e-09
1.282639627421075e-09
1.014120648435351e-09
1.261095748090828e-09
-3.447823539142913e-09
2.113729929561132e-09
2.340357368453378e-09
2.912322979214413e-09
3.800275114312670e-09
3.461555551534561e-09
4.478783678065095e-09
4.860808108726132e-09
5.465758107929796e-09
6.032935014604323e-09
6.740900807751814e-09
7.626981076243403e-09
8.696182039073913e-09
9.960233897472321e-09
1.156085950876170e-08
1.353120759038349e-08
1.608822047504025e-08
1.928512483727396e-08
2.362535692847690e-08
2.910145561541592e-08
3.643226088060326e-08
4.578000764369408e-08
5.843848616137954e-08
7.512928005714168e-08
9.717646775651407e-08
1.266522155862872e-07
1.658300854294544e-07
2.182207041768915e-07
2.880198895234230e-07
3.812861470569737e-07
5.060564145928659e-07
6.724401213603739e-07
8.958609634238318e-07
1.193715682782347e-06
1.592981680339079e-06
2.125770836696253e-06
2.839868781184965e-06
3.795698367361163e-06
5.075344642665742e-06
6.788830881646995e-06
9.080912862668844e-06
1.214875775576813e-05
1.625598676389697e-05
2.175523833912887e-05
2.910978122941107e-05
3.900267709637497e-05
5.216504307208344e-05
6.984954017353962e-05
9.340934581056237e-05
1.250746552823145e-04
1.669982219522601e-04
2.231611859424656e-04
2.980416977819309e-04
3.981375821271495e-04
5.314351948148291e-04
7.084662649177257e-04
9.447550871332298e-04
1.257740239838823e-03
1.673344417956126e-03
2.226267350324410e-03
2.948023068753519e-03
3.904259687280858e-03
5.157219425433499e-03
6.801045857599618e-03
8.940688913747819e-03
1.175432520410877e-02
1.539467783686240e-02
2.009606888288484e-02
2.613083419919956e-02
3.385660689686659e-02
4.367587127825956e-02
5.605893778419382e-02
7.154256515785073e-02
9.079007443519496e-02
1.144705987771092e-01
1.432634462843374e-01
1.779454508349442e-01
2.192039835281211e-01
2.675290639886489e-01
3.231274290264112e-01
3.856140915996619e-01
4.542240350025248e-01
5.274947343185816e-01
6.032610871452726e-01
6.788739086656387e-01
7.512194071582182e-01
8.172145016860187e-01
8.738235553907789e-01
9.190899430494811e-01
9.524616602676224e-01
9.747991026985977e-01
9.881679996746685e-01
9.951818705451745e-01
9.983376729200494e-01
9.995306845735490e-01
9.999703537998086e-01
###1.320000000000001e+01
1.152230480182243e-09
1.351434574679054e-09
1.096772431355096e-09
1.351195538386147e-09
-3.306183559044813e-09
2.250839423367794e-09
2.526768351301644e-09
3.116432594369568e-09
4.064688082543451e-09
3.761568776831111e-09
4.769905455943565e-09
5.187048880988981e-09
5.829623915453999e-09
6.451840773122224e-09
7.219629999885319e-09
8.178796742393851e-09
9.335168984409538e-09
1.071130077399682e-08
1.245069973878505e-08
1.460434416318421e-08
1.738712306415942e-08
2.086102565863863e-08
2.559146235584001e-08
3.156919314500981e-08
3.954089369355888e-08
4.971166875963491e-08
6.350089283399114e-08
8.168960753484147e-08
1.057369728290645e-07
1.378913217987174e-07
1.806369878505748e-07
2.378445932111284e-07
3.140940354647550e-07
4.160152420678169e-07
5.524464584869248e-07
7.344379379134753e-07
9.788987737654497e-07
1.305158500201396e-06
1.742479246592056e-06
2.326687932017955e-06
3.110073434477318e-06
4.159155483663504e-06
5.564814286388562e-06
7.447187607315295e-06
9.967555229507093e-06
1.334256567084823e-05
1.786277478464913e-05
2.391925496086145e-05
3.202337347427267e-05
4.292513788545185e-05
5.743731897348121e-05
7.693243180157478e-05
1.029378293647896e-04
1.378825522065120e-04
1.841587224869487e-04
2.461555347458445e-04
3.288124761279086e-04
4.392983260252590e-04
5.864224340390277e-04
7.818202911418936e-04
1.042355085230899e-03
1.387405497176032e-03
1.845290409061842e-03
2.454030234553466e-03
3.248046912785801e-03
4.298934609143421e-03
5.674325349176368e-03
7.476525065317538e-03
9.818911630537608e-03
1.289432043977214e-02
1.686599298174741e-02
2.198481620063758e-02
2.854082359710934e-02
3.691360401907291e-02
4.752564680398486e-02
6.086650970806995e-02
7.749664727580424e-02
9.809293267570363e-02
1.233282456885647e-01
1.538755062560262e-01
1.904871121561236e-01
2.338059733734585e-01
2.842286130755057e-01
3.418525742343765e-01
4.061282242082724e-01
4.761085201175883e-01
5.501353263592756e-01
6.258657285972687e-01
7.005462554319557e-01
7.710235029784690e-01
8.343171232613533e-01
8.876471981947821e-01
9.294370122375277e-01
9.595304324934748e-01
9.791399843578843e-01
9.905188098951567e-01
9.962794919752999e-01
9.987650497600497e-01
9.996620069514881e-01
1.000001675516418e+00
###1.360000000000001e+01
1.187866391825272e-09
1.413729719893481e-09
1.176299047980116e-09
1.448187863308125e-09
-3.153171612277359e-09
2.394479105450811e-09
2.725301404432500e-09
3.341983950623673e-09
4.352367543284767e-09
4.089556308882451e-09
5.087732419817500e-09
5.542031677934391e-09
6.224316894154834e-09
6.902325062240942e-09
7.737690718479407e-09
8.770946744080669e-09
1.002382537447995e-08
1.152189077334066e-08
1.341347700535061e-08
1.576246972430737e-08
1.879139899805578e-08
2.257067105529576e-08
2.772460883476983e-08
3.424382233299037e-08
4.291670374015552e-08
5.398784391776868e-08
6.901222832676443e-08
8.882869379241562e-08
1.150840923168555e-07
1.501270571395707e-07
1.968180486627827e-07
2.592915264840992e-07
3.426079368264241e-07
4.540139810311810e-07
6.032364140337802e-07
8.024209515154562e-07
1.069971362182832e-06
1.427437265439797e-06
1.906620783129860e-06
2.547307741702356e-06
3.406960905048877e-06
4.558866602832478e-06
6.102851801553364e-06
8.171502352747252e-06
1.094327615159137e-05
1.465708407274068e-05
1.963300097775223e-05
2.630286016814886e-05
3.523355342493246e-05
4.724739956894088e-05
6.324665070189656e-05
8.474021285598763e-05
1.134359598783013e-04
1.519904758298211e-04
2.030653325120688e-04
2.714605057669896e-04
3.626702191705589e-04
4.845564359161972e-04
6.468456519527057e-04
8.623324063325931e-04
1.149441518742865e-03
1.529540325290088e-03
2.033564307245684e-03
2.703199498293782e-03
3.575687501517606e-03
4.729418050528305e-03
6.237520840780809e-03
8.210798766414274e-03
1.077193792640508e-02
1.412872011348012e-02
1.845592004972690e-02
2.402109896349175e-02
3.113239328004200e-02
4.019135390984522e-02
5.164155576606214e-02
6.598906489500045e-02
8.381862520328655e-02
1.058142402473646e-01
1.326539944214691e-01
1.649952580827410e-01
2.035603206927023e-01
2.489365583501615e-01
3.014284034293286e-01
3.610008403538127e-01
4.269341913451137e-01
4.981046504902321e-01
5.726628959573640e-01
6.481093373692211e-01
7.215976639607088e-01
7.899780249508781e-01
8.504157336549157e-01
9.004162609006051e-01
9.387789522192113e-01
9.657540373522692e-01
9.828523301527085e-01
9.924601649697347e-01
9.971487002926003e-01
9.990846108906195e-01
9.997535988115754e-01
1.000001675516418e+00
###1.400000000000001e+01
1.243952812418653e-09
1.481858552428186e-09
1.258654845458618e-09
1.550438496569871e-09
-3.004067844282115e-09
2.553923071433085e-09
2.937708119354941e-09
3.593413158357617e-09
4.664781065368799e-09
4.436579784240833e-09
5.433465964454535e-09
5.925849023284556e-09
6.648708166598444e-09
7.387543135336301e-09
8.294265464304895e-09
9.409680634223369e-09
1.076567995034886e-08
1.239558083752087e-08
1.445374146173125e-08
1.701499626907599e-08
2.031083146831593e-08
2.444532256188163e-08
3.003835131717899e-08
3.714412482669757e-08
4.658063102568869e-08
5.867847807651983e-08
7.500807739999856e-08
9.662077232974292e-08
1.252780343413944e-07
1.634911862986284e-07
2.144932673556000e-07
2.827250844290202e-07
3.737953485452758e-07
4.956215527690788e-07
6.588735335272544e-07
8.769045231610322e-07
1.169819301070168e-06
1.561589593562456e-06
2.086859677656363e-06
2.790010193411872e-06
3.733325455303946e-06
4.998290351102382e-06
6.694584855747070e-06
8.968581612042015e-06
1.201729274874463e-05
1.610414234360374e-05
2.158107907967341e-05
2.892708484506024e-05
3.876907541129542e-05
5.200543317570790e-05
6.964469947841680e-05
9.334134961661005e-05
1.249927223881432e-04
1.675172070227703e-04
2.238785112984585e-04
2.992957773712640e-04
3.998917595043986e-04
5.342873301275809e-04
7.131737921292787e-04
9.506554668079106e-04
1.266827973240579e-03
1.685161463928660e-03
2.239439543402353e-03
2.975335896406297e-03
3.933180710318974e-03
5.198418521278464e-03
6.850159358829707e-03
9.008284924088332e-03
1.180511174283531e-02
1.546366108339386e-02
2.017165626571596e-02
2.621310292308570e-02
3.391486141013056e-02
4.370089761915819e-02
5.603423419795443e-02
7.143983096616104e-02
9.051814741474250e-02
1.139644776167553e-01
1.424544610181117e-01
1.766271420500748e-01
2.171614209175385e-01
2.645871413359276e-01
3.191009299727203e-01
3.805269806239271e-01
4.479832106657995e-01
5.201536782518329e-01
5.950124312787503e-01
6.699210987663717e-01
7.419716232539678e-01
8.080495159263169e-01
8.655004646995753e-01
9.121474927162601e-01
9.471750245047249e-01
9.712000012240479e-01
9.860024671474352e-01
9.940531198609570e-01
9.978373625481715e-01
9.993347416650371e-01
9.998287045942390e-01
1.000001675516418e+00
###1.440000000000001e+01
1.321188954501736e-09
1.539734300815344e-09
1.343198656950103e-09
1.661838358401984e-09
-2.830874128540406e-09
2.724307722485783e-09
3.166789905694609e-09
3.851776478062522e-09
4.994371743979809e-09
4.810878059783883e-09
5.811578849355635e-09
6.340466852261961e-09
7.111318073851690e-09
7.910958652660934e-09
8.893085642287607e-09
1.009929471370279e-08
1.156792441075380e-08
1.334109353982047e-08
1.557933517192013e-08
1.836960029296109e-08
2.195562899954676e-08
2.647684749044352e-08
3.254538496522175e-08
4.029464938843345e-08
5.056359396557555e-08
6.379488808465112e-08
8.154848155387534e-08
1.051161662731719e-07
1.364048205480120e-07
1.780911685110405e-07
2.338097490053189e-07
3.083682716870558e-07
4.079432940397676e-07
5.412147815409761e-07
7.198684964126539e-07
9.586164069024560e-07
1.279417780313928e-06
1.708819966638843e-06
2.284846884922384e-06
3.056516931663386e-06
4.092090225676323e-06
5.481300014099267e-06
7.345617914466791e-06
9.845515638934904e-06
1.319925811956533e-05
1.769664551578975e-05
2.372682176275238e-05
3.181687929340697e-05
4.266136257697319e-05
5.724626564510954e-05
7.668712706554902e-05
1.028055394953977e-04
1.377108599035195e-04
1.846021411676495e-04
2.467649685104472e-04
3.298968946426751e-04
4.407782182095267e-04
5.888865969287483e-04
7.859494822384632e-04
1.047472533521396e-03
1.395391890251250e-03
1.855374280322820e-03
2.464465470349524e-03
3.272421330331285e-03
4.322900393843514e-03
5.708781856747042e-03
7.515706244607850e-03
9.873113718608701e-03
1.292288800388119e-02
1.690603220052237e-02
2.202049680307040e-02
2.856971657866000e-02
3.689866867297036e-02
4.745258185473502e-02
6.071446653707023e-02
7.722759550389965e-02
9.760689559187280e-02
1.225552650921651e-01
1.527370277719446e-01
1.887667504904103e-01
2.312824039328164e-01
2.807406370610101e-01
3.372163696299008e-01
4.003940663656930e-01
4.692228324840829e-01
5.421909287943782e-01
6.171227878898154e-01
6.912469839174252e-01
7.616187704642814e-01
8.252112653139021e-01
8.795724610358433e-01
9.228674013086783e-01
9.546691940097924e-01
9.759339999535186e-01
9.886573906013076e-01
9.953484785985695e-01
9.983753922371523e-01
9.995224248131850e-01
9.998825774334890e-01
1.000001675516418e+00
###1.480000000000001e+01
1.379218466419648e-09
1.615764643617346e-09
1.445478793945319e-09
1.785686632020170e-09
-2.642136422028405e-09
2.911451255353164e-09
3.419864867018839e-09
4.129297489926376e-09
5.353348239845769e-09
5.208491942081594e-09
6.215320822053600e-09
6.789707459603914e-09
7.608185966374967e-09
8.476196322063164e-09
9.539108723387675e-09
1.084414327827554e-08
1.243392712781853e-08
1.436275680913684e-08
1.679410501651582e-08
1.983544022028023e-08
2.373541737255932e-08
2.867616494410809e-08
3.526646704136156e-08
4.372349345476384e-08
5.490009453797131e-08
6.935890519712689e-08
8.867026420754396e-08
1.143776561237184e-07
1.485466721911633e-07
1.940324267037107e-07
2.549155815698316e-07
3.364183581098220e-07
4.453128135134760e-07
5.911419153433311e-07
7.866999997314286e-07
1.048169495747875e-06
1.399614698207671e-06
1.870529619210693e-06
2.502234386215844e-06
3.349203737136349e-06
4.486279363057625e-06
6.012479629943314e-06
8.061756586379203e-06
1.081031647108245e-05
1.449976059150830e-05
1.944949126374069e-05
2.608799339240813e-05
3.499630142771040e-05
4.694031803088903e-05
6.301293220263157e-05
8.443924209096808e-05
1.132194901812302e-04
1.517038993369450e-04
2.033859671174290e-04
2.719079987709732e-04
3.635106783137018e-04
4.856612127777607e-04
6.487883620382342e-04
8.657144370767651e-04
1.153514496703451e-03
1.536071154915795e-03
2.041459260020768e-03
2.710143733001132e-03
3.596254551902777e-03
4.747104244601176e-03
6.263476659118945e-03
8.237995917989471e-03
1.080984430564962e-02
1.413156441214398e-02
1.846178640060922e-02
2.401056451240909e-02
3.109962213744021e-02
4.009281419434773e-02
5.145781060488184e-02
6.569620724433238e-02
8.336628075858976e-02
1.050957876517099e-01
1.315915883744776e-01
1.635064521831480e-01
2.014174740453717e-01
2.459154994406262e-01
2.973752057700733e-01
3.557440248106277e-01
4.205618232314000e-01
4.905927878176647e-01
5.641643976358143e-01
6.389204385066651e-01
7.120172746544826e-01
7.804919534203505e-01
8.414339671626765e-01
8.926341197804124e-01
9.326163156143381e-01
9.613211020845174e-01
9.800200037128288e-01
9.908769618855120e-01
9.963927480364637e-01
9.987912053341704e-01
9.996607745288607e-01
9.999203335355348e-01
1.000001675516418e+00
###1.520000000000001e+01
1.455420759568038e-09
1.697074638416859e-09
1.552089335914451e-09
1.913167208684901e-09
-2.435738220396648e-09
3.113639842896845e-09
3.683867359733969e-09
4.436949016418150e-09
5.747618525404548e-09
5.641441292765883e-09
6.654046910123176e-09
7.274082932963038e-09
8.139806092327355e-09
9.086183498521487e-09
1.023629897859891e-08
1.164796637586929e-08
1.337405040149030e-08
1.546776161140528e-08
1.810755091475955e-08
2.142068002649229e-08
2.566247092218001e-08
3.105837796782062e-08
3.822054150262835e-08
4.744508150675129e-08
5.961460288589984e-08
7.532456098695351e-08
9.643081674095440e-08
1.244831743069631e-07
1.617934636867982e-07
2.114495605649632e-07
2.779990499071377e-07
3.671015191698175e-07
4.862334461003839e-07
6.458196572751505e-07
8.599500463307653e-07
1.146430086931350e-06
1.531482026964495e-06
2.047967907531742e-06
2.740950761355266e-06
3.670805227408396e-06
4.919372058684797e-06
6.596378445777485e-06
8.848863128031179e-06
1.187189695369879e-05
1.593061305638397e-05
2.137693522985279e-05
2.868685174156275e-05
3.849674052094972e-05
5.164802808111283e-05
6.935432808762190e-05
9.296401958142501e-05
1.246715982480128e-04
1.670775225496512e-04
2.240249620212227e-04
2.995227583726825e-04
4.004018561880653e-04
5.348912739270812e-04
7.144261012370948e-04
9.530863453069236e-04
1.269543442600000e-03
1.689757865819664e-03
2.244620541679464e-03
2.978022216242300e-03
3.948931981813890e-03
5.208442271636875e-03
6.865549285758880e-03
9.020681090711864e-03
1.182317292766848e-02
1.543652212770179e-02
2.013800181936932e-02
2.614949639760934e-02
3.381241816895490e-02
4.350861580953787e-02
5.572793029382094e-02
7.098951262389104e-02
8.986722549254378e-02
1.129958642718999e-01
1.410831099749716e-01
1.747646000725141e-01
2.145795307589687e-01
2.610509342451879e-01
3.144669204578528e-01
3.746552198334949e-01
4.409824914401250e-01
5.120474970372292e-01
5.859986367958686e-01
6.603451797312077e-01
7.321732998902502e-01
7.985434545412049e-01
8.567051888163150e-01
9.047071104517026e-01
9.414316744057163e-01
9.671890155812780e-01
9.835221931398070e-01
9.927177989571156e-01
9.972263019660166e-01
9.991091529102900e-01
9.997613702049025e-01
9.999463727605538e-01
1.000001675516418e+00
###1.560000000000001e+01
1.534049892951924e-09
1.785067929624568e-09
1.665708518654964e-09
2.044241238967120e-09
-2.212987403835647e-09
3.331097546588573e-09
3.972636520067961e-09
4.769436857253696e-09
6.172866347103504e-09
6.109155120962086e-09
7.123408207656570e-09
7.797113638703048e-09
8.721911045652576e-09
9.747450799303756e-09
1.099018162971069e-08
1.251698574848916e-08
1.438592676634125e-08
1.666159895269776e-08
1.953197034913314e-08
2.313434187094974e-08
2.775191225934194e-08
3.364465695290215e-08
4.142660509309460e-08
5.146953601933176e-08
6.474072743638555e-08
8.184338854487740e-08
1.048892976985641e-07
1.355067996319950e-07
1.762682045602920e-07
2.304974072745899e-07
3.032409866875153e-07
4.006915039485872e-07
5.310285034517249e-07
7.057365402532395e-07
9.402403073678962e-07
1.254155410293553e-06
1.676240667188084e-06
2.242789424601082e-06
3.003268521618785e-06
4.024186303151309e-06
5.395310188605041e-06
7.238458784556968e-06
9.714332890328076e-06
1.303986410365460e-05
1.750483430979245e-05
2.349853546861015e-05
3.154362762962350e-05
4.234649196356243e-05
5.682468866599596e-05
7.632304508037271e-05
1.023398563483346e-04
1.372600500671212e-04
1.839700224112042e-04
2.466919414610641e-04
3.298379084462837e-04
4.408802394292638e-04
5.888716362586074e-04
7.863611254227606e-04
1.048719472582146e-03
1.396370711440288e-03
1.857670085396981e-03
2.466263487245048e-03
3.269907033998955e-03
4.332151442602303e-03
5.709457799242198e-03
7.518328306275615e-03
9.867935080606209e-03
1.291822891844775e-02
1.684560991615231e-02
2.194125030169278e-02
2.844554620868886e-02
3.671673307757788e-02
4.715467901315366e-02
6.027234706173008e-02
7.660505138577993e-02
9.673853253713251e-02
1.213135144496311e-01
1.510334497514969e-01
1.865140102013046e-01
2.282385628247719e-01
2.766738834398962e-01
3.320000960861902e-01
3.939025354241626e-01
4.616059384946828e-01
5.335224833875495e-01
6.076364231870439e-01
6.813386687119735e-01
7.516716979044953e-01
8.157561438387353e-01
8.710188581688652e-01
9.158043478371592e-01
9.493577023239418e-01
9.723312801361154e-01
9.865032174287048e-01
9.942318578908887e-01
9.978855441023339e-01
9.993494698227758e-01
9.998336347290158e-01
9.999641176283199e-01
1.000001675516418e+00
