# NLO BK equation solver 0.0-dev build  (build Feb 16 2026 17:52:53)
# Initial condition: MV model, Q_s0^2 = 0.00680797 GeV^2, \gamma = 1, coefficient of E inside Log is 1, x0=0.01, \Lambda_QCD = 0.241 GeV
# # LO Kernel RC:  Balitsky. NLO Kernel RC:  smallest dipole
# Nc=3, Nf=4
# Using RungeKutta method in K1
# Resumming double log
# Resumming single log, K_sub=0.65 resum rc: smallest
# BK K1 integration relative accuracy: 0.02# NLO BK as^2 terms: MC integration method: Vegas, points=1000000
# Kinematical constraint: none
# Target kinematical constraint: disabled

###1.000000000000000e-05
###1.160836920850890e+00
###100
###1.000000000000000e+00
###0.000000000000000e+00
2.201678498066094e-12
2.932649634232686e-12
3.905776429564236e-12
5.201086757727323e-12
6.924985722388173e-12
9.218923854060695e-12
1.227090445146794e-11
1.633075652222869e-11
2.173040081592030e-11
2.891073482635746e-11
3.845728967209355e-11
5.114750874799942e-11
6.801341945049310e-11
9.042468692595760e-11
1.201986472961903e-10
1.597460417860468e-10
2.122639766335998e-10
2.819913323679420e-10
3.745467236705915e-10
4.973755403262988e-10
6.603410701515465e-10
8.765058585040205e-10
1.163164138181577e-09
1.543205471700424e-09
2.046915129873878e-09
2.714350076355571e-09
3.598473207802942e-09
4.769285939635903e-09
6.319274536785052e-09
8.370584252550064e-09
1.108446449776186e-08
1.467369720298365e-08
1.941894131947778e-08
2.569021467512011e-08
3.397511042598710e-08
4.491583533889201e-08
5.935779496498312e-08
7.841328008329571e-08
1.035448858160088e-07
1.366746917768588e-07
1.803270411592289e-07
2.378150974017952e-07
3.134843804987561e-07
4.130303842910671e-07
5.439123968581142e-07
7.158921002218767e-07
9.417338078115717e-07
1.238113807412212e-06
1.626799842720802e-06
2.136179079939188e-06
2.803234962086096e-06
3.676101402132339e-06
4.817358374490420e-06
6.308278101807592e-06
8.254288177836377e-06
1.079193201192208e-05
1.409806485008769e-05
1.840113438256186e-05
2.399608621084237e-05
3.126318297841379e-05
4.069206780732415e-05
5.291245090022212e-05
6.873321867750803e-05
8.919226459136453e-05
1.156199921902301e-04
1.497202973151923e-04
1.936739715883151e-04
2.502709865292996e-04
3.230801591173060e-04
4.166674606624898e-04
5.368779765665410e-04
6.912016101006113e-04
8.892495180485849e-04
1.143377580928195e-03
1.469505728980303e-03
1.888198656505802e-03
2.426095589971755e-03
3.117805823806385e-03
4.008424463648241e-03
5.156871186580037e-03
6.640315804703700e-03
8.560029452467588e-03
1.104908915293090e-02
1.428246241692754e-02
1.849009557753833e-02
2.397369765552049e-02
3.112789537282745e-02
4.046622932211807e-02
5.265187690513906e-02
6.853170060391456e-02
8.916970869630880e-02
1.158715070688946e-01
1.501838264328954e-01
1.938418426833712e-01
2.486220086446520e-01
3.160433008051116e-01
3.968572395204566e-01
4.903035481282036e-01
5.932275732121219e-01
6.993970582343155e-01
###4.000000000000000e-01
1.274884930002361e-10
8.496599768335541e-11
2.225357676051776e-10
1.477397635981794e-10
1.080753358125702e-07
2.202067311241578e-10
2.176251115091094e-10
5.079451033472800e-10
4.519875153678218e-10
4.119747652682626e-10
-2.011522635149094e-09
3.708142843478543e-10
3.784708821214680e-10
3.814154998000072e-10
3.928467930217325e-10
4.235343190251468e-10
4.669061799857774e-10
5.315906961141716e-10
6.236069542719623e-10
7.482902876885201e-10
9.173290954842464e-10
1.143321390419903e-09
1.444491101797424e-09
1.834872629145775e-09
2.362181050654360e-09
3.073608998001716e-09
4.006955126067666e-09
5.242598745968935e-09
6.861628275701968e-09
9.064036135768555e-09
1.196586975234451e-08
1.582401580797163e-08
2.097027475436171e-08
2.775212564393600e-08
3.670725192469223e-08
4.857476754518516e-08
6.415296303816960e-08
8.484732559835942e-08
1.120703756439989e-07
1.479546828395337e-07
1.952338850503009e-07
2.576607478702386e-07
3.398953636727246e-07
4.477128429448027e-07
5.897436485783586e-07
7.762136023366197e-07
1.021799894492123e-06
1.343525969681854e-06
1.766037032252813e-06
2.319399533213072e-06
3.044716299412961e-06
3.994542674374478e-06
5.238357306302928e-06
6.865983081502672e-06
8.983370690648550e-06
1.174798527816735e-05
1.535253630410875e-05
2.004960699575015e-05
2.616070862449049e-05
3.410130409664660e-05
4.441772623587821e-05
5.779426151683286e-05
7.513787103490722e-05
9.758306163388505e-05
1.266205186937591e-04
1.641540025120160e-04
2.125594535309215e-04
2.750043321554520e-04
3.554187638759441e-04
4.592647966533346e-04
5.928143555634384e-04
7.647527817225829e-04
9.858848038476896e-04
1.270651370098704e-03
1.637163144816320e-03
2.109397517374593e-03
2.717129638013210e-03
3.502511115331588e-03
4.516548444888472e-03
5.828289707765142e-03
7.532106803039041e-03
9.738942079867410e-03
1.262026482746806e-02
1.637293722256072e-02
2.126974771919524e-02
2.767175077101529e-02
3.603270417796586e-02
4.693530190506634e-02
6.117727198911622e-02
7.973226109518054e-02
1.038713925752025e-01
1.350287807635517e-01
1.749116673807275e-01
2.252864881499438e-01
2.879687359836038e-01
3.642957245387948e-01
4.554644473260646e-01
5.622880909202268e-01
6.934550094691038e-01
9.530418736259688e-01
###8.000000000000000e-01
2.231938249234486e-10
2.019027104973254e-10
3.344608435859382e-10
3.316421547711271e-10
1.064060638964074e-07
5.279176501546370e-10
5.700737439614117e-10
1.130222336796630e-09
9.730663284353333e-10
8.988039535204853e-10
-1.500987009804344e-09
8.075012210368732e-10
7.966516234971025e-10
8.001846754031463e-10
7.790090029287778e-10
8.007677775456474e-10
8.451635579769281e-10
8.918209182215135e-10
9.854251464237343e-10
1.111140403357385e-09
1.285300338724098e-09
1.520965129430895e-09
1.848405237228673e-09
2.268903921585355e-09
2.836508204052506e-09
3.596229721901823e-09
4.614632799410849e-09
5.947273852354949e-09
7.696653847048195e-09
1.007394725271537e-08
1.320505315443642e-08
1.737244587335236e-08
2.280507280305689e-08
3.014729937240857e-08
3.978441199265364e-08
5.261126003979919e-08
6.947876453783940e-08
9.212312397514096e-08
1.214433525751530e-07
1.603082954596669e-07
2.115503586145142e-07
2.794014863592306e-07
3.686938329004232e-07
4.856806032477009e-07
6.397996869576126e-07
8.420910389153645e-07
1.109323480479530e-06
1.458702045308438e-06
1.918244086310140e-06
2.519738904503867e-06
3.308833533181407e-06
4.343142366886801e-06
5.699136532146467e-06
7.475753249304473e-06
9.782288859901819e-06
1.279702686628457e-05
1.673065384068959e-05
2.186208856685498e-05
2.854289362253430e-05
3.722963090142788e-05
4.852943737043000e-05
6.319057601789386e-05
8.222591066130683e-05
1.068855309288735e-04
1.388422610985572e-04
1.802105153001217e-04
2.336199538295708e-04
3.026517888615134e-04
3.916709667559755e-04
5.070892924291520e-04
6.557737070765281e-04
8.477487573129125e-04
1.095220529541625e-03
1.414966261873787e-03
1.827713680068446e-03
2.361209089445056e-03
3.049461876766158e-03
3.942455422361406e-03
5.098778389529664e-03
6.599538993239270e-03
8.554785003040393e-03
1.109492260088043e-02
1.442520510772134e-02
1.877178654893060e-02
2.445262237148010e-02
3.189354867232736e-02
4.161076643932739e-02
5.425886170862376e-02
7.076610393456520e-02
9.221806191588229e-02
1.200465180557845e-01
1.557555555458867e-01
2.010832087840613e-01
2.576554780197231e-01
3.270110706033934e-01
4.098735400104820e-01
5.064544105597804e-01
6.156961622131778e-01
7.410049320781431e-01
9.607082776056672e-01
###1.200000000000000e+00
3.138702315907014e-10
3.250846742904938e-10
3.754406124223886e-10
4.958230993794335e-10
1.047669782620880e-07
8.427723613202262e-10
9.417725909478887e-10
1.761780893658369e-09
1.557337098139633e-09
1.443338159041443e-09
-8.199456144285476e-10
1.352108204524828e-09
1.300987490170641e-09
1.334534152868815e-09
1.272185704763806e-09
1.274677836311499e-09
1.310539788298862e-09
1.357726630327051e-09
1.448347964891187e-09
1.579685343458410e-09
1.761297790777192e-09
2.018088947813461e-09
2.368072672724395e-09
2.824483559869876e-09
3.437582152002934e-09
4.261955627365123e-09
5.367275141975884e-09
6.807244736158999e-09
8.713581898350318e-09
1.128209604336160e-08
1.468187197210777e-08
1.918090696866122e-08
2.507054271452353e-08
3.302836911168239e-08
4.347187559548252e-08
5.723033193632374e-08
7.543605885349343e-08
9.992592858849674e-08
1.317386282340188e-07
1.738818802428869e-07
2.294295598459716e-07
3.031339383173003e-07
4.001466506336656e-07
5.270894972523955e-07
6.944865825574197e-07
9.141146707117752e-07
1.204745770207904e-06
1.584522367306876e-06
2.084513695603192e-06
2.738786175487621e-06
3.597791400360342e-06
4.726414964143685e-06
6.203422907795040e-06
8.140417235255045e-06
1.065728006489277e-05
1.394843579098772e-05
1.824507223033934e-05
2.385455163793711e-05
3.116598907046125e-05
4.067910183726676e-05
5.306754779162465e-05
6.915751899255334e-05
9.007495193603128e-05
1.172064345993912e-04
1.524163691553361e-04
1.980846601229542e-04
2.571163928159616e-04
3.335555167758273e-04
4.322991942671955e-04
5.607702042592997e-04
7.266513346238331e-04
9.412629399864063e-04
1.218664384897686e-03
1.578194537399675e-03
2.043641854212080e-03
2.646196338254820e-03
3.427419458270512e-03
4.443345333347040e-03
5.762445440070504e-03
7.479216340240694e-03
9.719716829526734e-03
1.264140658825827e-02
1.647685963731575e-02
2.149584477663313e-02
2.805654046611616e-02
3.665221583597438e-02
4.786361211827966e-02
6.241901144948660e-02
8.136057432700239e-02
1.058570178999104e-01
1.374592308287433e-01
1.776642501889678e-01
2.280798942361604e-01
2.901504157761408e-01
3.647891248918058e-01
4.519023082132820e-01
5.503638290506819e-01
6.573156426032695e-01
7.737060181206360e-01
9.661654327117083e-01
###1.600000000000000e+00
4.561148065989795e-10
4.555853720435114e-10
5.067717516728868e-10
7.085320059500995e-10
1.031797953439126e-07
1.160990817813208e-09
1.380925277856946e-09
2.422504080871555e-09
2.160688963125029e-09
2.057066019358581e-09
-3.899991109589346e-11
1.991018539004389e-09
1.939955097974315e-09
1.995981790235901e-09
1.878239656535221e-09
1.860244122390598e-09
1.885085205424374e-09
1.930155956306120e-09
2.023092711460283e-09
2.162036441202204e-09
2.359487879177330e-09
2.638260192229895e-09
2.995463903055740e-09
3.508563805623113e-09
4.181119865845924e-09
5.071182122348212e-09
6.266395368228737e-09
7.836059644861577e-09
9.911569590930797e-09
1.269119217847452e-08
1.637444274824350e-08
2.127569918863090e-08
2.765639547881580e-08
3.628387836327318e-08
4.759782459456435e-08
6.254456538772568e-08
8.208396642282820e-08
1.085564137084539e-07
1.431230523551243e-07
1.887726044977080e-07
2.489891328570736e-07
3.290759800901575e-07
4.344759220290693e-07
5.719748863617501e-07
7.541650539501562e-07
9.928892548556931e-07
1.309044164522291e-06
1.722039087031845e-06
2.266301786624436e-06
2.978430419103650e-06
3.914926803160631e-06
5.145590659375472e-06
6.755679260957407e-06
8.872912188162735e-06
1.161819386977950e-05
1.521251997218701e-05
1.990924226005698e-05
2.604786356885274e-05
3.405587605601435e-05
4.448031030113859e-05
5.808127519574692e-05
7.575695260963168e-05
9.877207946765255e-05
1.286607338141691e-04
1.675082976964241e-04
2.179929234070850e-04
2.833281288142416e-04
3.681008205318829e-04
4.778370835659241e-04
6.210143481707443e-04
8.065531005800990e-04
1.046595430731339e-03
1.357951750227359e-03
1.762729570579843e-03
2.287922925653754e-03
2.968379709368543e-03
3.856078825261356e-03
5.011794494777829e-03
6.515716516422062e-03
8.476589352834452e-03
1.104393638470962e-02
1.439342198151071e-02
1.879849392156937e-02
2.456492046780270e-02
3.210084731781900e-02
4.196423448713203e-02
5.479183293653925e-02
7.140502853368697e-02
9.291233889810284e-02
1.205612622920599e-01
1.559513270807484e-01
2.005093434270470e-01
2.556505849809642e-01
3.224556499632797e-01
4.011821401744644e-01
4.908656470082712e-01
5.892521175948536e-01
6.924355639017263e-01
8.003203970841071e-01
9.706214919644375e-01
###2.000000000000000e+00
6.082166071382061e-10
6.035218926528477e-10
6.636739274175001e-10
9.058585065595809e-10
1.015983470372094e-07
1.445387421015391e-09
1.791306488784747e-09
3.003915004338590e-09
2.697847676282599e-09
2.562139338663488e-09
5.633980352896693e-10
2.432281835869831e-09
2.400894293114548e-09
2.445222798895471e-09
2.343646461843001e-09
2.322672320172167e-09
2.356818411942135e-09
2.409189965443556e-09
2.513172379860451e-09
2.682398889659125e-09
2.885905027492183e-09
3.192796426713849e-09
3.601226116815596e-09
4.145912263743079e-09
4.876236985064942e-09
5.847959376075289e-09
7.144774677392559e-09
8.851671633320066e-09
1.111007361238412e-08
1.413116875638117e-08
1.813151250989541e-08
2.344754427852846e-08
3.038905797387892e-08
3.973432776688073e-08
5.200239344890795e-08
6.801155162085351e-08
8.934299029484071e-08
1.178973781618273e-07
1.554486138728425e-07
2.049484643754165e-07
2.703558055971215e-07
3.573667444616582e-07
4.721115098031682e-07
6.213810399578396e-07
8.192259188871141e-07
1.078620391933344e-06
1.422937986834271e-06
1.872234074138369e-06
2.464738792888988e-06
3.240518385391733e-06
4.262443749948990e-06
5.604118228998119e-06
7.360747968020815e-06
9.675168839960332e-06
1.267315582505570e-05
1.660141727840050e-05
2.173975421248711e-05
2.846334089017510e-05
3.724177141781096e-05
4.867400424103105e-05
6.362312468627332e-05
8.306299934983845e-05
1.084172650944204e-04
1.414015208866183e-04
1.842993325190939e-04
2.401685988481991e-04
3.125913366917353e-04
4.067368238975909e-04
5.288316626778410e-04
6.886188481338977e-04
8.959445061941148e-04
1.165165235351290e-03
1.515002977347377e-03
1.970905986918871e-03
2.563832692549109e-03
3.332949393228909e-03
4.340734755058088e-03
5.654735628304293e-03
7.367363720413006e-03
9.604276505286054e-03
1.253521414786077e-02
1.636674566911413e-02
2.140714904184651e-02
2.799717932107516e-02
3.660455643982145e-02
4.784518767526109e-02
6.241125409268884e-02
8.120829299334764e-02
1.053939909305262e-01
1.362736068059674e-01
1.754112933531918e-01
2.241406510096463e-01
2.836062277884340e-01
3.544580976485394e-01
4.362981455552610e-01
5.273675285899128e-01
6.245956190521029e-01
7.234957357280730e-01
8.234091114028472e-01
9.744542030723297e-01
###2.400000000000000e+00
7.134825748211012e-10
7.930081256844284e-10
8.454802548662458e-10
1.105502200345676e-09
1.000636979679155e-07
1.765959221054317e-09
2.167896870185815e-09
3.613302059371965e-09
3.256188715000848e-09
3.091246277896389e-09
1.196653070841771e-09
2.906825676651975e-09
2.865449745078936e-09
2.915124392292858e-09
2.831611997132308e-09
2.813375672885334e-09
2.859404674579629e-09
2.924230920735964e-09
3.046097105793757e-09
3.234923991049552e-09
3.464220953255883e-09
3.801015895135456e-09
4.253075053073178e-09
4.847146881200885e-09
5.649703655030540e-09
6.709070540246528e-09
8.117671390362323e-09
9.893994034348844e-09
1.244204653199038e-08
1.572030280290730e-08
2.006871323436376e-08
2.582588620336922e-08
3.339095431361023e-08
4.350161436867369e-08
5.679950571530088e-08
7.417288984915092e-08
9.719745961153613e-08
1.281813333857896e-07
1.689255709359856e-07
2.226575888075325e-07
2.937116220256953e-07
3.882339112110441e-07
5.133347969647288e-07
6.753137125443119e-07
8.902839851489923e-07
1.172282100385302e-06
1.547246645497349e-06
2.036299342639274e-06
2.681794435453517e-06
3.527355844944033e-06
4.642809012181965e-06
6.106343202140644e-06
8.024208000425043e-06
1.055505582680774e-05
1.383172407082655e-05
1.812858362044581e-05
2.375424274589774e-05
3.112473312205058e-05
4.075623592460657e-05
5.330801783615058e-05
6.975317865275488e-05
9.116034949684652e-05
1.191168555675130e-04
1.555321741049803e-04
2.029862763431355e-04
2.648898958685308e-04
3.452680647486957e-04
4.499429390683722e-04
5.859778292011396e-04
7.644438014051178e-04
9.964156785891847e-04
1.298483505576580e-03
1.691823343712753e-03
2.205477880326694e-03
2.874933326199179e-03
3.744367073663534e-03
4.887481286815668e-03
6.379705056955677e-03
8.327086749540970e-03
1.087456205479360e-02
1.421079266595147e-02
1.857749818879360e-02
2.431874456559979e-02
3.181560687117129e-02
4.158586703764080e-02
5.431261977593276e-02
7.073206738312673e-02
9.181972907446920e-02
1.187737214920093e-01
1.529173982045918e-01
1.957442652237508e-01
2.484444367050058e-01
3.118330622884185e-01
3.861264696173721e-01
4.702827284769276e-01
5.618881455386713e-01
6.572641978577896e-01
7.516399993985386e-01
8.439938715528852e-01
9.778219434847967e-01
###2.800000000000000e+00
8.234336136269820e-10
9.309793991123159e-10
1.025387082931946e-09
1.323537747009841e-09
9.856565232237314e-08
2.087833535615050e-09
2.563901637212478e-09
4.212249858337470e-09
3.803047729952081e-09
3.627688360840226e-09
1.824831597169541e-09
3.407011016463022e-09
3.367764628943408e-09
3.432188978857124e-09
3.352997638920058e-09
3.346675561698301e-09
3.408384181167736e-09
3.496336820129066e-09
3.630845066746936e-09
3.842423423038891e-09
4.104056411457077e-09
4.476296897069136e-09
4.977544222972324e-09
5.628503343120690e-09
6.508182516743934e-09
7.664850853397361e-09
9.205162137382991e-09
1.115745339368563e-08
1.391708058575424e-08
1.749872452824535e-08
2.220520360949562e-08
2.847370474164476e-08
3.667830096801998e-08
4.764574188995044e-08
6.210418616685989e-08
8.101819083763843e-08
1.058438197128650e-07
1.394731873745756e-07
1.836793980676294e-07
2.420341757935741e-07
3.192046845827150e-07
4.218946423278035e-07
5.582573075923967e-07
7.341747166821929e-07
9.678751729351494e-07
1.274745660920974e-06
1.683139516056350e-06
2.215768325676479e-06
2.919237473004124e-06
3.841518397148773e-06
5.058976830528207e-06
6.656743160315429e-06
8.752076407585256e-06
1.152088459901062e-05
1.510495881622650e-05
1.980886106420049e-05
2.597384402461261e-05
3.406068277365457e-05
4.463780831096834e-05
5.843142491827963e-05
7.653990802371322e-05
1.001344015922684e-04
1.309942725450473e-04
1.712491871307653e-04
2.237954139791229e-04
2.924509252993164e-04
3.817509473330409e-04
4.982564684969862e-04
6.499743767113942e-04
8.494720615568256e-04
1.109212108794964e-03
1.448283828435628e-03
1.890539042640874e-03
2.469296074992950e-03
3.224985076137763e-03
4.207493423839124e-03
5.502357864539823e-03
7.194665348096543e-03
9.404617625860485e-03
1.229775214962241e-02
1.608479594257008e-02
2.104228011178149e-02
2.755246746042397e-02
3.603753465457141e-02
4.706548679158475e-02
6.137950182960793e-02
7.975967146941815e-02
1.032349822772840e-01
1.330272273890733e-01
1.704421537835136e-01
2.168801134612978e-01
2.733301755692394e-01
3.402720781231326e-01
4.174541638323874e-01
5.032585845544356e-01
5.947232209144142e-01
6.877521814396856e-01
7.774406796789637e-01
8.625544898939288e-01
9.808070496974005e-01
###3.200000000000000e+00
9.550702551285584e-10
1.042262214600616e-09
1.174450348099227e-09
1.529972529682668e-09
9.713583645047024e-08
2.409238333814099e-09
2.952880072425466e-09
4.830705061857968e-09
4.382248449144353e-09
4.203065035874271e-09
2.460189299066703e-09
3.936600150998402e-09
3.895984962483590e-09
3.969370540780258e-09
3.909691271514236e-09
3.919615772057663e-09
3.999478606803682e-09
4.108645022696723e-09
4.265501826067838e-09
4.505696036428878e-09
4.806787588896361e-09
5.220444080849009e-09
5.771396267148781e-09
6.495421326158337e-09
7.464064632345735e-09
8.723866214396665e-09
1.040998848100945e-08
1.254859947231818e-08
1.554379081377025e-08
1.944723738049352e-08
2.457488518773395e-08
3.135327422069605e-08
4.032103714354644e-08
5.222866148437265e-08
6.788240624841534e-08
8.849933539273548e-08
1.153277632628005e-07
1.517444370147280e-07
1.997562567748898e-07
2.632017619708163e-07
3.470174760737360e-07
4.587352467389779e-07
6.071720798734458e-07
7.981668001186078e-07
1.052722294133327e-06
1.386641358928534e-06
1.831616047576928e-06
2.412141105763372e-06
3.179201193450881e-06
4.185583854296152e-06
5.515099657189579e-06
7.260232672160863e-06
9.551072252386480e-06
1.258155698086732e-05
1.650313967640952e-05
2.165901696913537e-05
2.842262271550930e-05
3.730015057559519e-05
4.892629996488393e-05
6.410074211112082e-05
8.405434898260211e-05
1.100880109288967e-04
1.441868914139174e-04
1.887561915005660e-04
2.469689691641817e-04
3.231953715133354e-04
4.224923691380693e-04
5.522829438302718e-04
7.216266543780396e-04
9.447524554657642e-04
1.235744040798226e-03
1.616385162226656e-03
2.113739333244842e-03
2.765659738099383e-03
3.618025354674655e-03
4.727685259367158e-03
6.192339198104952e-03
8.107744554730782e-03
1.061021949658724e-02
1.388616304604275e-02
1.817180934238383e-02
2.377767720928457e-02
3.112683411543517e-02
4.068072048371226e-02
5.306143876539678e-02
6.906196543407296e-02
8.950223624250367e-02
1.154498639366192e-01
1.481301886895601e-01
1.888084517381248e-01
2.387532412745307e-01
2.987286068422016e-01
3.688588745571016e-01
4.484201478016744e-01
5.352972651360314e-01
6.260736173218706e-01
7.163469006205256e-01
8.012266507296545e-01
8.793782247465055e-01
9.834647126614147e-01
###3.600000000000000e+00
1.205700100732026e-09
1.189062616248539e-09
1.360825330634497e-09
1.731880396041027e-09
9.571721781940780e-08
2.724707605897488e-09
3.359054191342839e-09
5.430117227834007e-09
4.978469439313520e-09
4.769041114393773e-09
3.115724051814618e-09
4.490388379175150e-09
4.453698531072816e-09
4.509508764818859e-09
4.506555949764666e-09
4.532906526463238e-09
4.634630736551877e-09
4.769245047868866e-09
4.954102723116787e-09
5.231044662568132e-09
5.569552382207496e-09
6.037214513704154e-09
6.651068102003003e-09
7.445687347224321e-09
8.514631288115251e-09
9.893352918122516e-09
1.173303381983936e-08
1.408966419957817e-08
1.734092851831486e-08
2.159172763401132e-08
2.717220700351763e-08
3.454583450774686e-08
4.429960664023180e-08
5.721982798575849e-08
7.423995542094148e-08
9.665927389545462e-08
1.257001426475598e-07
1.651785852456260e-07
2.172874342210099e-07
2.863515873189469e-07
3.774412505348332e-07
4.989629859561163e-07
6.606103889236913e-07
8.678146343116788e-07
1.145371125156859e-06
1.509193304424848e-06
1.994102319878546e-06
2.627176967618295e-06
3.463839757416309e-06
4.562718552047679e-06
6.015186409407887e-06
7.922700390911129e-06
1.042893988512637e-05
1.374700527431114e-05
1.804122037445618e-05
2.369751356903180e-05
3.112382318785899e-05
4.087640989729064e-05
5.366598008740370e-05
7.037767221288642e-05
9.238630241060614e-05
1.211346918408419e-04
1.588470189853561e-04
2.082952022393756e-04
2.727946194836413e-04
3.574925160784059e-04
4.679866172368192e-04
6.126741782838400e-04
8.017898590288559e-04
1.051433988970633e-03
1.377524189956625e-03
1.804808140286005e-03
2.363945789622372e-03
3.097850311320682e-03
4.058522075345376e-03
5.311200645054650e-03
6.964094406086676e-03
9.127552702946858e-03
1.195419091959128e-02
1.565319374316898e-02
2.048676681728290e-02
2.680067376405555e-02
3.505140019756887e-02
4.576495242891184e-02
5.959025277804939e-02
7.737508479871791e-02
9.996833573349673e-02
1.284621441268669e-01
1.640671541804519e-01
2.079799566383605e-01
2.613133579197940e-01
3.245803881917432e-01
3.975295546282491e-01
4.790121309458071e-01
5.664351725380333e-01
6.560355351923292e-01
7.432110094647156e-01
8.231843349735350e-01
8.946445954264232e-01
9.858363976862879e-01
###4.000000000000000e+00
1.323743876947970e-09
1.320848273901483e-09
1.550225452130293e-09
1.952558916551390e-09
9.434595427702855e-08
3.043435447020477e-09
3.781464312471319e-09
6.029710126197731e-09
5.569024672817263e-09
5.337621515809741e-09
3.780702720014074e-09
5.068434749506743e-09
5.041308448885176e-09
5.115852049414466e-09
5.134784090735234e-09
5.186051158396683e-09
5.313735655797547e-09
5.477689688469735e-09
5.699358770228693e-09
6.014148849796274e-09
6.399707109381485e-09
6.925159564221511e-09
7.608041887155018e-09
8.488750159464144e-09
9.667011118558525e-09
1.118417669610691e-08
1.319699941763944e-08
1.578113010526211e-08
1.932031809117168e-08
2.393871561638057e-08
3.001800148071333e-08
3.803101756207042e-08
4.864271774044563e-08
6.268596853141018e-08
8.118956259659725e-08
1.054821495797988e-07
1.370328087152667e-07
1.799298701418639e-07
2.364827501243034e-07
3.116227896412838e-07
4.106812182174250e-07
5.428769618777432e-07
7.189392661480828e-07
9.440163154994695e-07
1.246706559058979e-06
1.643274300988091e-06
2.171886038570335e-06
2.862585700239276e-06
3.775633252235160e-06
4.976312292566817e-06
6.563862540466198e-06
8.649943572332108e-06
1.139367001206426e-05
1.502879035962713e-05
1.973536987106978e-05
2.594435818618595e-05
3.410518967574891e-05
4.482875108218645e-05
5.890961929763635e-05
7.733055234165625e-05
1.016282253149294e-04
1.334038454287069e-04
1.751497776918811e-04
2.300303214060137e-04
3.015704708332867e-04
3.957402119092193e-04
5.187797888845587e-04
6.801686052650975e-04
8.914217147829792e-04
1.170795447362262e-03
1.536215564791099e-03
2.015747921838907e-03
2.644033760861544e-03
3.469597052212055e-03
4.551326210860033e-03
5.965277050096378e-03
7.825383178260422e-03
1.026373339666266e-02
1.344844798656327e-02
1.761243926548927e-02
2.304526954957782e-02
3.012876273454144e-02
3.935562016236326e-02
5.130984201729318e-02
6.666913455759273e-02
8.632991916172873e-02
1.111625468276064e-01
1.422612817826742e-01
1.808136123668258e-01
2.279086455473102e-01
2.845028296357169e-01
3.508193359131131e-01
4.262440856951209e-01
5.091940039968910e-01
5.966809065275267e-01
6.846490572569869e-01
7.684318046101999e-01
8.434388751920737e-01
9.084702463552609e-01
9.879436265438619e-01
###4.399999999999999e+00
1.437073673260132e-09
1.448451042931947e-09
1.745041816936667e-09
2.157645979789532e-09
9.298078238153879e-08
3.364048869994837e-09
4.204513045308264e-09
6.628748644387255e-09
6.175127505788856e-09
5.923342190009907e-09
4.461785594914515e-09
5.671430343385117e-09
5.658801607200618e-09
5.754099317132084e-09
5.806612171640731e-09
5.880314485554969e-09
6.038255821999122e-09
6.236352649276720e-09
6.499756340869139e-09
6.860612317692707e-09
7.301006115750512e-09
7.887340324653209e-09
8.652660802539189e-09
9.629571233512160e-09
1.092644467529949e-08
1.259817222606533e-08
1.479603052370919e-08
1.763440928788518e-08
2.149832943465638e-08
2.649127028396535e-08
3.314381413504983e-08
4.187383743120452e-08
5.341426207158155e-08
6.866384741371867e-08
8.879601804422809e-08
1.152040274722516e-07
1.495923643339330e-07
1.960584901832627e-07
2.574920240578210e-07
3.392947499571984e-07
4.469955100797048e-07
5.908115688065104e-07
7.825647757345988e-07
1.027355316620555e-06
1.357527280088764e-06
1.789986587085099e-06
2.366502716386306e-06
3.120444762969786e-06
4.117371237918613e-06
5.430671907635853e-06
7.166173100958948e-06
9.450039674506826e-06
1.245450957309272e-05
1.643978894098346e-05
2.160245527739621e-05
2.842294356788236e-05
3.739721538855377e-05
4.919873734116325e-05
6.471302614898977e-05
8.503606423153184e-05
1.118803368951714e-04
1.470295885597847e-04
1.932728794136835e-04
2.542022774822071e-04
3.336277812388457e-04
4.383724238198088e-04
5.754657510467258e-04
7.555466564262975e-04
9.916001354056553e-04
1.304164294130277e-03
1.713582770247384e-03
2.251589573100946e-03
2.957061025179419e-03
3.884862534585296e-03
5.101359090907182e-03
6.693682149651822e-03
8.784089369031120e-03
1.152566614280490e-02
1.510379737659375e-02
1.977669284910967e-02
2.586295671855765e-02
3.378005921990327e-02
4.405812821355115e-02
5.733496730713914e-02
7.431525843111006e-02
9.594001348863100e-02
1.230861296029132e-01
1.568416767481577e-01
1.983411696565222e-01
2.485430309272402e-01
3.082581823032171e-01
3.773750314210788e-01
4.549169399422482e-01
5.388992505598071e-01
6.259960676109543e-01
7.119360255949426e-01
7.920626462925611e-01
8.620669560047826e-01
9.209476996482018e-01
9.898031377174792e-01
###4.800000000000000e+00
1.466274658451895e-09
1.578039527601169e-09
1.922738918398113e-09
2.379174916665153e-09
9.165939166559757e-08
3.711316594304458e-09
4.636894609584983e-09
7.240898557624269e-09
6.775215485486806e-09
6.519712644883781e-09
5.158852125984213e-09
6.295883506860289e-09
6.304334204061937e-09
6.425100791560703e-09
6.507075710142607e-09
6.616479493151443e-09
6.808936721050794e-09
7.049416787093239e-09
7.357410104825805e-09
7.769784885908888e-09
8.271625759125690e-09
8.935167713695332e-09
9.785183415888770e-09
1.086901003351847e-08
1.229810644001039e-08
1.414289704387175e-08
1.655254401885337e-08
1.966802149976304e-08
2.387152885306627e-08
2.933370987065993e-08
3.662644201848255e-08
4.606896015907552e-08
5.861907299026036e-08
7.522378453554642e-08
9.697467401141819e-08
1.258470151135342e-07
1.632483317463123e-07
2.136877029039861e-07
2.805428745069658e-07
3.695273474618674e-07
4.867757908514763e-07
6.432869870974987e-07
8.520670995157905e-07
1.118620123776254e-06
1.478817271956483e-06
1.950591365282725e-06
2.579680673372738e-06
3.403034252379135e-06
4.492295052498151e-06
5.929477839947871e-06
7.827775150816076e-06
1.033033441146118e-05
1.362178646580389e-05
1.799346534294705e-05
2.366112746124288e-05
3.115861238134024e-05
4.103313373259746e-05
5.403100081933358e-05
7.114009455462292e-05
9.357734236915741e-05
1.232564694236706e-04
1.621664195851333e-04
2.134258995657500e-04
2.810999548628003e-04
3.693242260781792e-04
4.859060981885305e-04
6.387013671312770e-04
8.396479958937239e-04
1.103423279185515e-03
1.453142220727990e-03
1.911625803425272e-03
2.514865913701776e-03
3.306248044575406e-03
4.347810461895981e-03
5.713893798391673e-03
7.503297908331157e-03
9.848441731403753e-03
1.292350753665405e-02
1.693276363242494e-02
2.216064809116409e-02
2.895523779528112e-02
3.777106575774921e-02
4.917619537144939e-02
6.385587584107157e-02
8.254434358933785e-02
1.062150543123229e-01
1.357400838088308e-01
1.721907515058917e-01
2.166271939442325e-01
2.698655676554989e-01
3.325328986697889e-01
4.041790543581965e-01
4.834798036214435e-01
5.680740139400651e-01
6.543445541376803e-01
7.378866774062460e-01
8.141285753391936e-01
8.791253101076770e-01
9.321492446440928e-01
9.914354560117740e-01
###5.200000000000000e+00
1.599361168812706e-09
1.695238832291942e-09
2.084894116929322e-09
2.599140892662883e-09
9.038593379722142e-08
4.064334209639839e-09
5.103196175865666e-09
7.841617556288649e-09
7.379442095740446e-09
7.136847530189693e-09
5.864379583272622e-09
6.947286734160016e-09
6.979051457058591e-09
7.134041956954547e-09
7.246756744357906e-09
7.395985074266540e-09
7.627464342419997e-09
7.915134167297322e-09
8.275798475299933e-09
8.750814041010910e-09
9.319578721130426e-09
1.006055802451228e-08
1.101516685110910e-08
1.221700910861376e-08
1.379443367478778e-08
1.582509860050858e-08
1.846448265430626e-08
2.188509742147955e-08
2.646094092427148e-08
3.243051516234453e-08
4.037429094926472e-08
5.063453435919423e-08
6.430403721967959e-08
8.237604319667539e-08
1.059298461633250e-07
1.374713634801815e-07
1.782339017645976e-07
2.330061795691484e-07
3.057045443191811e-07
4.026178793652232e-07
5.302283327371695e-07
7.006568107479413e-07
9.280744359061942e-07
1.218576224212432e-06
1.611477880024429e-06
2.126568471181950e-06
2.813254907447572e-06
3.712980171151726e-06
4.903485169526054e-06
6.477042624949209e-06
8.554872550521710e-06
1.129829468102256e-05
1.490728340591956e-05
1.970484623335752e-05
2.593210607779539e-05
3.417922212168542e-05
4.505300330762947e-05
5.937943724244418e-05
7.825918766654307e-05
1.030488748111752e-04
1.358804046150712e-04
1.789802825775738e-04
2.358342704680262e-04
3.110157373209339e-04
4.090835109082626e-04
5.388666833912669e-04
7.091869805680594e-04
9.334469281344773e-04
1.228149261622620e-03
1.619250581676775e-03
2.132435884319410e-03
2.808123067349521e-03
3.695088114084942e-03
4.862835567506264e-03
6.394443018685868e-03
8.401042516272867e-03
1.102684388315158e-02
1.446751806426230e-02
1.894736709935292e-02
2.477872343079529e-02
3.233914216238874e-02
4.212048010694350e-02
5.472838291866899e-02
7.089647818650531e-02
9.137259640563568e-02
1.171652698130868e-01
1.491263715105514e-01
1.883033320816793e-01
2.356488574423420e-01
2.918231593805985e-01
3.572551313366507e-01
4.311523411056244e-01
5.118528111741044e-01
5.966474024874591e-01
6.816689104999651e-01
7.624778685821264e-01
8.346527837804357e-01
8.946767508382070e-01
9.421492682119915e-01
9.928570430098703e-01
###5.600000000000001e+00
1.730947214963193e-09
1.841331744191661e-09
2.277317986603631e-09
2.794122907848946e-09
8.913501664597603e-08
4.419246876665651e-09
5.549983050879059e-09
8.460144478548560e-09
7.995040098163410e-09
7.765671927252399e-09
6.590014019820887e-09
7.629694094964263e-09
7.686921499632394e-09
7.870412326977476e-09
8.024504361805145e-09
8.218690291383218e-09
8.495944486195390e-09
8.835875282167656e-09
9.257220652340052e-09
9.804094754257342e-09
1.044495475920559e-08
1.127838198994158e-08
1.234316440923675e-08
1.368096880065886e-08
1.542271147737046e-08
1.765468236426916e-08
2.055213395161296e-08
2.430782080350439e-08
2.929911213124985e-08
3.581502450415054e-08
4.445349961546959e-08
5.565846995011379e-08
7.051254127730504e-08
9.018640805735610e-08
1.157772448340971e-07
1.501737627133461e-07
1.944825512586154e-07
2.541335964745800e-07
3.332437895836556e-07
4.387736403151732e-07
5.778023440020875e-07
7.634545797184777e-07
1.011149669683110e-06
1.328085606540882e-06
1.756793021267856e-06
2.319447339921319e-06
3.069321080919992e-06
4.053054067890944e-06
5.355179859026100e-06
7.078704562518310e-06
9.354613349893019e-06
1.236350412292251e-05
1.632332272757636e-05
2.159273424676527e-05
2.843920879121844e-05
3.751777322705430e-05
4.949810765107462e-05
6.529997058175251e-05
8.614752598133466e-05
1.135523052970306e-04
1.498913661618462e-04
1.976581080945119e-04
2.607448124673069e-04
3.442824808721020e-04
4.533355367718378e-04
5.978356862837294e-04
7.877046540826352e-04
1.037933136643794e-03
1.367100078075631e-03
1.804269713618399e-03
2.378277532357869e-03
3.134504166754940e-03
4.127490292502129e-03
5.434701815616713e-03
7.149143650752564e-03
9.394342926509381e-03
1.232834638517409e-02
1.616883463612535e-02
2.116094785009241e-02
2.764541497135464e-02
3.603121043997012e-02
4.684580250358718e-02
6.073318036799968e-02
7.847001434338553e-02
1.008115386444468e-01
1.287942093424674e-01
1.632414871769845e-01
2.051532959816626e-01
2.553651571542309e-01
3.143715654472088e-01
3.823585420438648e-01
4.582168950600573e-01
5.399447175567869e-01
6.245308568979138e-01
7.079234279470563e-01
7.856877714220862e-01
8.536460974673122e-01
9.087685853235141e-01
9.510176414622409e-01
9.940935566369075e-01
###6.000000000000001e+00
1.872854826642845e-09
1.997760200540446e-09
2.482365573029276e-09
2.985617717473908e-09
8.791674689395358e-08
4.779542984592752e-09
5.985708431221493e-09
9.066638011102433e-09
8.621236122139960e-09
8.404495012985598e-09
7.323888005175228e-09
8.340163790909404e-09
8.419253249462238e-09
8.642679394537846e-09
8.840503861471479e-09
9.084684197446394e-09
9.414505769128844e-09
9.812560169376169e-09
1.030248674609143e-08
1.092248541888522e-08
1.164224896255418e-08
1.258967489136051e-08
1.377712845342204e-08
1.526245219521174e-08
1.718144363650200e-08
1.964286830632259e-08
2.281952449148604e-08
2.694433737672335e-08
3.239689617647228e-08
3.951211478433743e-08
4.891188156890575e-08
6.113434468141508e-08
7.730711987594930e-08
9.872914854753559e-08
1.265562374246647e-07
1.640239123315457e-07
2.122838551963286e-07
2.772283306166259e-07
3.633276943336362e-07
4.782849905207624e-07
6.298002702929697e-07
8.322007575074628e-07
1.101976299330906e-06
1.447967348419650e-06
1.916150534016600e-06
2.530856907370829e-06
3.350338129781886e-06
4.426424478059279e-06
5.851550445353649e-06
7.740165089456347e-06
1.023413774148120e-05
1.353641449250922e-05
1.788423383067232e-05
2.367454814303561e-05
3.120773853401291e-05
4.120647797564205e-05
5.441682668868242e-05
7.185415819468484e-05
9.488633444890217e-05
1.252011822324738e-04
1.654461861009440e-04
2.184073432468593e-04
2.884299017277152e-04
3.812884176983682e-04
5.025711025529776e-04
6.634695144958508e-04
8.750948008998833e-04
1.154226746383391e-03
1.521680390934870e-03
2.010090926725742e-03
2.651614514072910e-03
3.497094744315986e-03
4.607307759347975e-03
6.068448821355832e-03
7.984047213544303e-03
1.049098852783130e-02
1.376227509117276e-02
1.803815627602132e-02
2.358649374081392e-02
3.077564210805363e-02
4.004867652460548e-02
5.196347174330385e-02
6.720663110429546e-02
8.658910384410935e-02
1.108718200259801e-01
1.411088963488999e-01
1.780826551762296e-01
2.227256076580029e-01
2.757484030787868e-01
3.374446873651757e-01
4.077743811676886e-01
4.852905939963692e-01
5.676756664695498e-01
6.516590474534939e-01
7.330575120042313e-01
8.075011234995043e-01
8.711411263887984e-01
9.214628126016101e-01
9.588279487661635e-01
9.951591931521930e-01
###6.400000000000001e+00
2.010599577956645e-09
2.159598817685080e-09
2.678882860966341e-09
3.207770467883413e-09
8.675278309462245e-08
5.145753838025495e-09
6.447230980687389e-09
9.656396228500948e-09
9.250787864626460e-09
9.056260660511136e-09
8.075895549439864e-09
9.059140652297595e-09
9.179356934872633e-09
9.450032158122730e-09
9.696451252203244e-09
9.995640638155010e-09
1.038654732137543e-08
1.085006193662292e-08
1.141430814686678e-08
1.211671450290155e-08
1.292447684916129e-08
1.400241034410965e-08
1.531929067448547e-08
1.697166484144881e-08
1.908695414830241e-08
2.179494135309203e-08
2.529196438189969e-08
2.980417299292614e-08
3.575811730921388e-08
4.353368896136460e-08
5.376354121461195e-08
6.710792274479721e-08
8.469232705150540e-08
1.080438869233330e-07
1.383204595332245e-07
1.791724466201558e-07
2.317385509602016e-07
3.025462433301298e-07
3.963236013375556e-07
5.215427820541299e-07
6.867024573409686e-07
9.074057176269696e-07
1.201456207030797e-06
1.579747189651070e-06
2.090721159249615e-06
2.762718066518725e-06
3.658648480351619e-06
4.836487397519636e-06
6.397106622872688e-06
8.467534912064653e-06
1.120235303229652e-05
1.482860544827786e-05
1.960491046216701e-05
2.597117586823542e-05
3.426518319666595e-05
4.528393689279871e-05
5.985567805261591e-05
7.910989062348655e-05
1.045730296015878e-04
1.381249476911517e-04
1.827086103144267e-04
2.414405572763397e-04
3.191849554544285e-04
4.223956339423325e-04
5.573001360884095e-04
7.364493178667888e-04
9.722624254753348e-04
1.283535939836893e-03
1.693500505157483e-03
2.238719428183748e-03
2.955030067326323e-03
3.899160259109688e-03
5.138689597065220e-03
6.769456961738174e-03
8.905783828429593e-03
1.169936192176888e-02
1.533823164238866e-02
2.008754184723588e-02
2.623702129229673e-02
3.418548711262798e-02
4.440702461319020e-02
5.749223988947952e-02
7.416550378929286e-02
9.527007686409665e-02
1.215650448467272e-01
1.541108433931386e-01
1.936345881370829e-01
2.409904313669395e-01
2.967487150204499e-01
3.609984738893430e-01
4.334270720933704e-01
5.122898118654723e-01
5.949572771578643e-01
6.779447417947260e-01
7.569962039658935e-01
8.278984343567202e-01
8.871642186501416e-01
9.328260750117058e-01
9.656502800296923e-01
9.960567671207069e-01
###6.800000000000002e+00
2.157066907227640e-09
2.340793698459626e-09
2.851066673940466e-09
3.406685714618246e-09
8.558875557040288e-08
5.500979576292843e-09
6.909640868512623e-09
1.029743065630447e-08
9.886183599141940e-09
9.722549282121041e-09
8.842274890870880e-09
9.807613330231119e-09
9.971903752044770e-09
1.029629360660994e-08
1.059404822069020e-08
1.095564727912238e-08
1.141136633450196e-08
1.194937634505281e-08
1.259670869347331e-08
1.338889695214871e-08
1.430253637265163e-08
1.551095400925170e-08
1.697815632868550e-08
1.880925101050160e-08
2.114663876864340e-08
2.412803898620236e-08
2.797168011987011e-08
3.291447506772362e-08
3.942433116930066e-08
4.792065462656239e-08
5.905784892896359e-08
7.363789012121166e-08
9.281274126426049e-08
1.182165775097689e-07
1.511857518500732e-07
1.956760821660731e-07
2.529754500689522e-07
3.301948540878517e-07
4.323916838644224e-07
5.688700355219463e-07
7.490124721603097e-07
9.897244651291030e-07
1.310479790048613e-06
1.724551929832885e-06
2.282103253404615e-06
3.017256006579599e-06
3.997172330087398e-06
5.287145621062974e-06
6.997189483303812e-06
9.268052811144945e-06
1.226905952858879e-05
1.625280233857039e-05
2.150279004500841e-05
2.850717626769098e-05
3.764300155273723e-05
4.979331802386044e-05
6.587630811750717e-05
8.714638048205257e-05
1.153107782666310e-04
1.524501124331944e-04
2.018585361936660e-04
2.670141196248681e-04
3.533408881323222e-04
4.680611198976726e-04
6.181089775978570e-04
8.175375075195291e-04
1.080228674880192e-03
1.427165156875788e-03
1.884233488036754e-03
2.492352743558931e-03
3.291295088059868e-03
4.344279173461211e-03
5.726177340900955e-03
7.543363193890766e-03
9.921507213941663e-03
1.302765124341012e-02
1.706711047868001e-02
2.232917742799397e-02
2.912766020647500e-02
3.788854350814470e-02
4.912274578551263e-02
6.345028316669006e-02
8.162583760871543e-02
1.045235219979768e-01
1.328990026930402e-01
1.678009342351666e-01
2.098924254211360e-01
2.599269900923122e-01
3.183251688520726e-01
3.849525667812025e-01
4.592346249285025e-01
5.391158024221681e-01
6.217016420246944e-01
7.033181998311265e-01
7.797179669616178e-01
8.468830116685706e-01
9.017521097580594e-01
9.429269966872290e-01
9.715654044198583e-01
9.968200230426534e-01
###7.200000000000002e+00
2.282292323647474e-09
2.503026550370800e-09
3.030562108914157e-09
3.618945338783743e-09
8.446806380048411e-08
5.881169255622438e-09
7.377280002438377e-09
1.091412443797888e-08
1.053354616394446e-08
1.040404023415442e-08
9.621252309373015e-09
1.058085097066744e-08
1.080720923626497e-08
1.117571664655884e-08
1.153482683251241e-08
1.196367300361638e-08
1.249328084784845e-08
1.311235475984686e-08
1.385049428130962e-08
1.474403159706957e-08
1.577966854582671e-08
1.712638059676188e-08
1.875650262821162e-08
2.078698275285688e-08
2.337107127189046e-08
2.664753099329076e-08
3.086198254943426e-08
3.630014246517664e-08
4.340145545354867e-08
5.268281919986328e-08
6.483848165451112e-08
8.074254222960844e-08
1.016351045589005e-07
1.293195427300418e-07
1.651731843377590e-07
2.137062991103760e-07
2.764205887537952e-07
3.604714538161129e-07
4.717653872841273e-07
6.206683806562177e-07
8.172809568667439e-07
1.079993759245195e-06
1.429847981572253e-06
1.883174855972851e-06
2.492189882631552e-06
3.296488423938501e-06
4.368793675855452e-06
5.782244016589749e-06
7.657037240155625e-06
1.014909501488333e-05
1.344369348925584e-05
1.782253099801302e-05
2.359684442615318e-05
3.130797300694991e-05
4.137660266868981e-05
5.477918485229458e-05
7.253940236512072e-05
9.605076674029309e-05
1.272073854791367e-04
1.683342332594180e-04
2.231051881806194e-04
2.953962045332793e-04
3.912606450701507e-04
5.187670414185465e-04
6.856311622678193e-04
9.075430838940629e-04
1.200065768843832e-03
1.586484973096282e-03
2.095757698769989e-03
2.773274887205272e-03
3.663391207782389e-03
4.836286888094066e-03
6.374626089073824e-03
8.395764845717945e-03
1.103838209064530e-02
1.448481826959181e-02
1.895844376663546e-02
2.477554374237360e-02
3.227051602656139e-02
4.190317640614229e-02
5.421179931105641e-02
6.985086924826216e-02
8.960324271125343e-02
1.143650276022262e-01
1.448750557788586e-01
1.821699283272551e-01
2.268290620153714e-01
2.794970157352449e-01
3.404237050141050e-01
4.092420528021641e-01
4.851126195216622e-01
5.656816367702903e-01
6.478210292784755e-01
7.277169235618980e-01
8.011730833818563e-01
8.644518639737817e-01
9.149545659317545e-01
9.518380697952882e-01
9.766487980950045e-01
9.974568346023847e-01
###7.600000000000002e+00
2.386558674346202e-09
2.671502014518434e-09
3.246466416048909e-09
3.852212031968870e-09
8.339090507990002e-08
6.269604688118391e-09
7.854882177764229e-09
1.154652557118399e-08
1.118676877422960e-08
1.110379827274321e-08
1.043984388149602e-08
1.138504630023720e-08
1.166525192263781e-08
1.209209139654986e-08
1.251929356951464e-08
1.302210244761282e-08
1.363248714989161e-08
1.434194301921827e-08
1.518005341551626e-08
1.618652398300372e-08
1.735485551334544e-08
1.885378371675662e-08
2.066604386635582e-08
2.291869526885492e-08
2.576799736966627e-08
2.936540635571791e-08
3.400394232625174e-08
3.996754913446949e-08
4.773646040621295e-08
5.785911008857326e-08
7.111598357012937e-08
8.846540282373694e-08
1.112766610147739e-07
1.413944591693900e-07
1.803289677312563e-07
2.332264590135077e-07
3.018382035269914e-07
3.936556757072772e-07
5.149162460929075e-07
6.773326337390526e-07
8.919754128197012e-07
1.178722214139419e-06
1.560672078956440e-06
2.057204826207205e-06
2.722795010075080e-06
3.603211930728964e-06
4.777464008128671e-06
6.326552954448154e-06
8.383316419202940e-06
1.111958704500993e-05
1.473823765409070e-05
1.955348679681418e-05
2.590823692299840e-05
3.440103245004323e-05
4.550351129809660e-05
6.029351336701090e-05
7.991334089880236e-05
1.059098169974404e-04
1.403915953652346e-04
1.859449910817355e-04
2.466664722833906e-04
3.268751957485527e-04
4.333381853264242e-04
5.750219390328724e-04
7.605487169698603e-04
1.007397039625200e-03
1.332928187076095e-03
1.763024990195982e-03
2.329952289607264e-03
3.084120494733998e-03
4.074709349946047e-03
5.379232397279643e-03
7.089202742928361e-03
9.333396536166612e-03
1.226392772349888e-02
1.608006664550837e-02
2.102628640168627e-02
2.743797879843855e-02
3.568099234586177e-02
4.624388424715605e-02
5.969171863030383e-02
7.671247271532985e-02
9.811262266192167e-02
1.248011682778291e-01
1.574985752732414e-01
1.972121964466220e-01
2.444314749831128e-01
2.996726474368290e-01
3.629938232249959e-01
4.337982341764933e-01
5.109745536620024e-01
5.918981998689514e-01
6.732240013544371e-01
7.510713614632929e-01
8.213398835873966e-01
8.806258901685510e-01
9.268254131339658e-01
9.596442042333786e-01
9.809826080642339e-01
9.979843276163557e-01
###8.000000000000002e+00
2.516173228621969e-09
2.836345153724033e-09
3.448137859280557e-09
4.065966257518900e-09
8.234453417390766e-08
6.664172648071667e-09
8.331039582909843e-09
1.217119117260419e-08
1.185242070712874e-08
1.181488874183787e-08
1.125709872083499e-08
1.221415904801418e-08
1.255948266926670e-08
1.304635166970698e-08
1.354885845019542e-08
1.413192632438789e-08
1.482990732541778e-08
1.563970145365205e-08
1.658575175997707e-08
1.771687194885926e-08
1.903496322298616e-08
2.069826099544005e-08
2.270883296396030e-08
2.520006720373448e-08
2.834783441806854e-08
3.230688066299651e-08
3.739742573868249e-08
4.393459757703913e-08
5.242789711555689e-08
6.349412862913299e-08
7.795752616592702e-08
9.686874261036312e-08
1.217459502545313e-07
1.545676641656951e-07
1.969214452253955e-07
2.545720059440240e-07
3.298152798710610e-07
4.298726300950382e-07
5.622003920229328e-07
7.393765564036240e-07
9.737736160644081e-07
1.287001556292755e-06
1.704163532305600e-06
2.247868900459293e-06
2.975758098209969e-06
3.940069862000156e-06
5.226474928646448e-06
6.925533392409873e-06
9.182728638313073e-06
1.218846822850650e-05
1.616567389771546e-05
2.146299976026956e-05
2.846029789421862e-05
3.781740844473150e-05
5.006618693555850e-05
6.639393332027167e-05
8.807348696550210e-05
1.168253771101589e-04
1.549931916609732e-04
2.054600202282749e-04
2.727819141956802e-04
3.617728301320978e-04
4.799851678597018e-04
6.373818464628636e-04
8.435722646926032e-04
1.118034401745239e-03
1.480033867420175e-03
1.958545510777888e-03
2.588930651412288e-03
3.427483578085555e-03
4.528452978442691e-03
5.977447246932733e-03
7.874820375493374e-03
1.036244047929931e-02
1.360618736866295e-02
1.782347256581930e-02
2.327949959057551e-02
3.033019377261445e-02
3.937310123236182e-02
5.092517917422672e-02
6.557772521411942e-02
8.404811218759105e-02
1.071742814590696e-01
1.358402451328501e-01
1.707706290624275e-01
2.129200429313730e-01
2.626719893578762e-01
3.204061315186181e-01
3.859781777337356e-01
4.585496378038265e-01
5.367422072017101e-01
6.176774101875924e-01
6.978383470218764e-01
7.733222454297807e-01
8.401945792944973e-01
8.954301604289616e-01
9.374334886677724e-01
9.664295437059038e-01
9.846408132026103e-01
9.984246781157972e-01
###8.400000000000002e+00
2.668295468394790e-09
3.028852900611695e-09
3.663678002240767e-09
4.296365361079655e-09
8.131890093757469e-08
7.065045108486537e-09
8.829694625828100e-09
1.280359984182994e-08
1.252914177507055e-08
1.252986229544418e-08
1.208439175375994e-08
1.306765521671418e-08
1.348311560055570e-08
1.403834108380163e-08
1.462336927671445e-08
1.529694738985130e-08
1.609026760408853e-08
1.700589289876412e-08
1.807446672552740e-08
1.934241475854755e-08
2.082076263621448e-08
2.266748471309273e-08
2.489941205684521e-08
2.775963943386940e-08
3.112352841266859e-08
3.548104647203725e-08
4.105852048841370e-08
4.822515677414652e-08
5.751990897710616e-08
6.960860722988153e-08
8.539943977918713e-08
1.060159309189612e-07
1.331728493837525e-07
1.689541105021218e-07
2.151164034609729e-07
2.779175900896243e-07
3.602093890792680e-07
4.694603900855031e-07
6.139418533550937e-07
8.073511608729642e-07
1.063439294314259e-06
1.405626120328129e-06
1.861499262021426e-06
2.456770459703594e-06
3.253605224159462e-06
4.310199799218616e-06
5.720181579215288e-06
7.584612904663429e-06
1.006262555472324e-05
1.336613502498408e-05
1.773987052004659e-05
2.357051675519871e-05
3.127798779649321e-05
4.159148390449070e-05
5.510878920118939e-05
7.314196601551293e-05
9.710337865354615e-05
1.289099427076100e-04
1.711662455544189e-04
2.270818110884102e-04
3.017167960034134e-04
4.004474071428697e-04
5.316591389016408e-04
7.064689177472849e-04
9.355356925435965e-04
1.240489553859999e-03
1.642794423765669e-03
2.174656396219610e-03
2.874896473145741e-03
3.806305154484409e-03
5.028492437817172e-03
6.635355606332083e-03
8.737663344903914e-03
1.148997856395424e-02
1.507399843732120e-02
1.972470977040596e-02
2.572889600407358e-02
3.346619128313221e-02
4.336241933710774e-02
5.596318047196028e-02
7.188573142292036e-02
9.187323031134281e-02
1.167863872545354e-01
1.474915059449028e-01
1.846901665484064e-01
2.292911250542138e-01
2.815249326516648e-01
3.416500409717559e-01
4.093092999800859e-01
4.834130470098614e-01
5.623205860967536e-01
6.429306129639568e-01
7.215928399391112e-01
7.944276428215615e-01
8.577406481335341e-01
9.088990072287499e-01
9.468394237367592e-01
9.722818830920079e-01
9.877047451395644e-01
9.987764337633994e-01
###8.800000000000002e+00
2.823065771895653e-09
3.176808467872318e-09
3.874688721544396e-09
4.533592896974284e-09
8.033201151453442e-08
7.474806142102239e-09
9.333345142184247e-09
1.344859260304125e-08
1.321136872118790e-08
1.328051177248509e-08
1.293621615615522e-08
1.394664310666894e-08
1.443636131054446e-08
1.507187890877776e-08
1.574477920148769e-08
1.651660162055544e-08
1.741579720888906e-08
1.844821416054518e-08
1.964899289724834e-08
2.106623810547271e-08
2.272163636752501e-08
2.476548288253476e-08
2.724268990255865e-08
3.038006726193449e-08
3.411122328836498e-08
3.890157455996355e-08
4.501594211002062e-08
5.286767619092115e-08
6.303304316891122e-08
7.624204610411175e-08
9.348745408720985e-08
1.159863260801394e-07
1.456191070241591e-07
1.846430900879080e-07
2.349730683845796e-07
3.034386784724901e-07
3.934098012339379e-07
5.127981999282166e-07
6.705081710198290e-07
8.817325499197946e-07
1.161711922023708e-06
1.535705382915809e-06
2.034139978911973e-06
2.685289084912985e-06
3.558869145915696e-06
4.717223505562768e-06
6.263276245148913e-06
8.309981214239659e-06
1.103147452543037e-05
1.466396581211376e-05
1.947549309053863e-05
2.589516338541947e-05
3.438792397926883e-05
4.576168007832112e-05
6.068477839366776e-05
8.060491850786053e-05
1.070983821365688e-04
1.422867580046592e-04
1.890701299549212e-04
2.510201345586460e-04
3.337581155165055e-04
4.432851301918501e-04
5.888783851420004e-04
7.829449256894026e-04
1.037264634948310e-03
1.375931971391150e-03
1.822670373093716e-03
2.413216363118811e-03
3.190331976516218e-03
4.223540264927414e-03
5.578621617426113e-03
7.357803367133521e-03
9.683134962565397e-03
1.272298133656466e-02
1.667546099262909e-02
2.179617933782902e-02
2.838704890708059e-02
3.685882376966522e-02
4.766263099156059e-02
6.137253650791809e-02
7.862760316684927e-02
1.002038503490334e-01
1.269606465341790e-01
1.597566081812216e-01
1.992463025468705e-01
2.462631412230151e-01
3.009584437553324e-01
3.633572677667495e-01
4.329234157465666e-01
5.083091016784892e-01
5.876263888725878e-01
6.675765429833110e-01
7.444217923215556e-01
8.143605770436219e-01
8.739749594632106e-01
9.210805977409541e-01
9.551268298368089e-01
9.772879614950580e-01
9.902432275409607e-01
9.990573376643502e-01
###9.200000000000003e+00
2.962663353280294e-09
3.344137439380104e-09
4.116929054815901e-09
4.778031457810493e-09
7.937391093215463e-08
7.894106079432288e-09
9.840267734541878e-09
1.408483110736129e-08
1.390437107030426e-08
1.404105343926223e-08
1.382581701848980e-08
1.485531394011104e-08
1.542614767456288e-08
1.615033519369839e-08
1.691563857900789e-08
1.779270831138534e-08
1.880596498290155e-08
1.996673345701774e-08
2.131261069730729e-08
2.289146196236566e-08
2.473931641231457e-08
2.700423021544200e-08
2.974520377794797e-08
3.319049073681620e-08
3.731293533196676e-08
4.257248026951455e-08
4.928002444079441e-08
5.788222838763324e-08
6.900128178544846e-08
8.344121595316280e-08
1.022757974055177e-07
1.268154547524317e-07
1.591717309345273e-07
2.017415059574393e-07
2.566321163011737e-07
3.313428725232299e-07
4.297351327787288e-07
5.601566260605734e-07
7.324290001724968e-07
9.632977831485089e-07
1.269339923083146e-06
1.678268500455094e-06
2.223470548012273e-06
2.936445203891097e-06
3.894186388081559e-06
5.164661876258925e-06
6.860788824859276e-06
9.108697303013707e-06
1.209894933287769e-05
1.609489266033456e-05
2.138977598688835e-05
2.846125736285955e-05
3.782320065234369e-05
5.036957282212479e-05
6.684687512809972e-05
8.885824149400995e-05
1.181525300466906e-04
1.570887414055234e-04
2.088847341268804e-04
2.775221111184379e-04
3.692278668983455e-04
4.906737575064310e-04
6.521994370365128e-04
8.675088573214746e-04
1.149724787405048e-03
1.525527109188375e-03
2.021139532232223e-03
2.676262318260172e-03
3.537741087383106e-03
4.682519153083891e-03
6.182553886760964e-03
8.149790611764816e-03
1.071786208529898e-02
1.406953163440752e-02
1.841981066824121e-02
2.404593385408272e-02
3.126617959008157e-02
4.052166839533233e-02
5.228971110624708e-02
6.716906714816374e-02
8.581879524027425e-02
1.090488970648669e-01
1.377074275741280e-01
1.726331943911799e-01
2.144355450631713e-01
2.638513558348406e-01
3.209258993892209e-01
3.854753467630425e-01
4.567444699612040e-01
5.331558817150709e-01
6.125662653538119e-01
6.915272341835332e-01
7.662583755375711e-01
8.330884403027377e-01
8.889168880448762e-01
9.320300499422091e-01
9.623778819420236e-01
9.815352187878372e-01
9.923288070481873e-01
9.992860938111120e-01
###9.600000000000003e+00
3.117866167221268e-09
3.539922117410202e-09
4.343202287552228e-09
5.036443433142383e-09
7.845247805662110e-08
8.321717498057945e-09
1.035595902629613e-08
1.472640970217879e-08
1.460769382323429e-08
1.480443326858530e-08
1.471807751342286e-08
1.579441757662402e-08
1.645110164482629e-08
1.726663241282747e-08
1.813733367341931e-08
1.912666274881129e-08
2.026058634662993e-08
2.156185346252639e-08
2.306639097116802e-08
2.482611881087437e-08
2.688239276659452e-08
2.938508512769703e-08
3.241542450428553e-08
3.619495792424934e-08
4.074847982214184e-08
4.652940237203532e-08
5.387089545500183e-08
6.329874620272682e-08
7.545741597078148e-08
9.124585556990758e-08
1.118132014589112e-07
1.386182068153482e-07
1.739251406965410e-07
2.203711151250666e-07
2.803084822193240e-07
3.618559386256289e-07
4.695344646099305e-07
6.119275734793965e-07
8.003534709896663e-07
1.052588397840132e-06
1.387360443691427e-06
1.834724038727431e-06
2.431221337468125e-06
3.212389220838036e-06
4.262934905358326e-06
5.656695337396125e-06
7.518400979646276e-06
9.988173131182893e-06
1.327527183364994e-05
1.767231205995249e-05
2.350196868871820e-05
3.129357138466177e-05
4.161662458288566e-05
5.545990825638759e-05
7.365570073325183e-05
9.798088983429768e-05
1.303796227354595e-04
1.734596833336283e-04
2.307991712163603e-04
3.068279452924804e-04
4.084648173369106e-04
5.430789133601527e-04
7.221653579200346e-04
9.609471913264403e-04
1.273898498980140e-03
1.690591309260430e-03
2.239959506848355e-03
2.965917108689296e-03
3.919764097976616e-03
5.186446450582694e-03
6.844765902722661e-03
9.016800689711713e-03
1.184813305359111e-02
1.553724503802322e-02
2.031644708511090e-02
2.648481845393649e-02
3.437776644985296e-02
4.446740372589569e-02
5.725602260209124e-02
7.336368736288626e-02
9.348068890648456e-02
1.184177366561468e-01
1.490288688568460e-01
1.861234527883564e-01
2.302444035736072e-01
2.820270641841031e-01
3.413938236800343e-01
4.079503907484709e-01
4.807078088374896e-01
5.578664989641632e-01
6.370645427079483e-01
7.147199186126336e-01
7.870620987802039e-01
8.505974934625702e-01
9.025925338675721e-01
9.418093425299953e-01
9.686725704144418e-01
9.851073710976579e-01
9.940243849051359e-01
9.994592039338387e-01
###1.000000000000000e+01
3.288215351012379e-09
3.723575251407920e-09
4.572668554685130e-09
5.313822739560956e-09
7.754883488980064e-08
8.766085117475715e-09
1.087785785710795e-08
1.538077163593758e-08
1.532649269917696e-08
1.560880706766178e-08
1.563313151784385e-08
1.676057802875962e-08
1.751173958876834e-08
1.842884600760742e-08
1.940905528000821e-08
2.052315707038961e-08
2.178894524868876e-08
2.324196091089728e-08
2.491899587773737e-08
2.687082213237519e-08
2.915619992652446e-08
3.192102597528854e-08
3.526402590763481e-08
3.940874358805213e-08
4.442940380665181e-08
5.077868691893915e-08
5.882504344539834e-08
6.914483806114210e-08
8.244199238941670e-08
9.969745558954022e-08
1.221688485699568e-07
1.514415001560740e-07
1.899691620103180e-07
2.406821809612121e-07
3.061698937005581e-07
3.952292035163980e-07
5.128969945429180e-07
6.685702575480865e-07
8.747081918438108e-07
1.150413653293346e-06
1.516811284647504e-06
2.006332895969960e-06
2.659297800724449e-06
3.515563586957988e-06
4.668237154463950e-06
6.198225553703706e-06
8.242089484817293e-06
1.095660478495399e-05
1.457151729205458e-05
1.941112989127302e-05
2.583166831902632e-05
3.441950343858549e-05
4.580528412148433e-05
6.108118259842886e-05
8.118352108324459e-05
1.080675717816635e-04
1.438949069158332e-04
1.915618416143019e-04
2.550348323992265e-04
3.392273491141521e-04
4.518216528077766e-04
6.009876684994728e-04
7.994371803140105e-04
1.064077581258282e-03
1.410866096027216e-03
1.872513220842803e-03
2.480888518722843e-03
3.284469991613235e-03
4.339483067130440e-03
5.739270268345473e-03
7.570002235796938e-03
9.964360733313917e-03
1.308091347563959e-02
1.713404563647540e-02
2.237512058277816e-02
2.912473533137384e-02
3.773518644006284e-02
4.871082567387360e-02
6.257690306871197e-02
7.997409686883947e-02
1.016191247167357e-01
1.283205003217681e-01
1.609324526463502e-01
2.002186577183335e-01
2.466520513974154e-01
3.007651954434395e-01
3.623184715566953e-01
4.307091714965705e-01
5.047379097810996e-01
5.823600344824008e-01
6.610427438770672e-01
7.370882312845071e-01
8.067900104136732e-01
8.668852614761156e-01
9.150361018537112e-01
9.504850666911951e-01
9.740973801443366e-01
9.880862784732132e-01
9.953887301023487e-01
9.995974452079980e-01
###1.040000000000000e+01
3.449646517132925e-09
3.910977896410878e-09
4.804157364188144e-09
5.595376914881207e-09
7.667887443038176e-08
9.209909124553389e-09
1.141596181610949e-08
1.604412883213904e-08
1.606136689892068e-08
1.642600557357193e-08
1.656816873330882e-08
1.775535919201387e-08
1.861337799937123e-08
1.963856647409399e-08
2.073674255091915e-08
2.198308888914876e-08
2.339595513149318e-08
2.501230791993023e-08
2.687258266915805e-08
2.903550018091215e-08
3.156700086705941e-08
3.461667353006042e-08
3.830005989067694e-08
4.285051105945665e-08
4.837271456952860e-08
5.534639650273216e-08
6.416203979535945e-08
7.546070568303516e-08
9.000608647810781e-08
1.088537849475465e-07
1.333948108029808e-07
1.653765179547482e-07
2.074346589204020e-07
2.628271111563795e-07
3.344206104397685e-07
4.317397911007488e-07
5.603893720870973e-07
7.305681211074112e-07
9.560159249348455e-07
1.257592390378110e-06
1.658749923855797e-06
2.194718301551452e-06
2.909957861228838e-06
3.848704482319923e-06
5.113895486268958e-06
6.793702414240539e-06
9.038818752602002e-06
1.202313696086163e-05
1.600012043284992e-05
2.132902585456345e-05
2.840149467838083e-05
3.786864351117183e-05
5.043119149626740e-05
6.729225336474805e-05
8.949754385174523e-05
1.192133934253511e-04
1.588161578153469e-04
2.115641749966636e-04
2.818181787180817e-04
3.750304977119245e-04
4.997035480807751e-04
6.649208323202071e-04
8.847162572679132e-04
1.177811716278102e-03
1.561796625622039e-03
2.072795204437456e-03
2.745831607350056e-03
3.634378787244168e-03
4.799842954881171e-03
6.344615308606426e-03
8.362661480864834e-03
1.099823659937228e-02
1.442305829303872e-02
1.886866291138719e-02
2.460581016375407e-02
3.197617962291890e-02
4.135182463106149e-02
5.326650074233610e-02
6.827032244434308e-02
8.701594868460651e-02
1.102436600896619e-01
1.387672887192447e-01
1.734190493990087e-01
2.149201048058029e-01
2.636568562967510e-01
3.200257888599425e-01
3.836456620072388e-01
4.536962698003978e-01
5.287574149067109e-01
6.065644565617989e-01
6.844170615600990e-01
7.585635754759440e-01
8.254110003424459e-01
8.819591387375741e-01
9.262962993554908e-01
9.581306403462241e-01
9.787357869131018e-01
9.905485007756688e-01
9.964760783849878e-01
9.997013723076983e-01
###1.080000000000000e+01
3.613166089997650e-09
4.115732695466553e-09
5.039719199201559e-09
5.887782012183335e-09
7.583997981907881e-08
9.662920644461968e-09
1.196225849106467e-08
1.671567804978019e-08
1.680654810403706e-08
1.726949172109502e-08
1.752652401050289e-08
1.878488466163637e-08
1.975383515089762e-08
2.089380205700725e-08
2.212108306464480e-08
2.350855268998239e-08
2.507931861040610e-08
2.687144289004084e-08
2.893254360881225e-08
3.132419017158468e-08
3.412091113343038e-08
3.747870979560661e-08
4.153599013897241e-08
4.652525171801761e-08
5.260020486087500e-08
6.024867307476468e-08
6.990476864840577e-08
8.226274505425727e-08
9.817321014655164e-08
1.187654297148772e-07
1.455887702237600e-07
1.805314678347091e-07
2.264579751641808e-07
2.870139317685335e-07
3.652506464971664e-07
4.718221054945773e-07
6.125134194352315e-07
7.984267922072994e-07
1.045124881027192e-06
1.374975568845405e-06
1.814444091829186e-06
2.401329323503984e-06
3.185161190534870e-06
4.215263899097944e-06
5.604052006794610e-06
7.448989047617790e-06
9.916314572565069e-06
1.319864613930473e-05
1.757497718529105e-05
2.344369084044882e-05
3.123694639893633e-05
4.167634172863954e-05
5.553672979268943e-05
7.414962397390538e-05
9.868095499185651e-05
1.315220676667397e-04
1.752947516184839e-04
2.336571881851186e-04
3.114001308205161e-04
4.145490446825588e-04
5.525486839746647e-04
7.354500462675605e-04
9.787368092345047e-04
1.303103711356634e-03
1.727969402475705e-03
2.293041627521863e-03
3.036943181370148e-03
4.018239439067918e-03
5.304168152569139e-03
7.006726745598848e-03
9.227956808620888e-03
1.212472129941456e-02
1.588212520608883e-02
2.074981096051596e-02
2.701784418910761e-02
3.505117184622874e-02
4.523993537076620e-02
5.814711129559091e-02
7.434742930373617e-02
9.449996283978221e-02
1.193688019313638e-01
1.497634802413746e-01
1.864883861342387e-01
2.302129628478539e-01
2.812411266355112e-01
3.397751570349669e-01
4.053291744346783e-01
4.768511624717312e-01
5.526940670013682e-01
6.303967527967460e-01
7.071185752841952e-01
7.791052696235986e-01
8.429070351064955e-01
8.958366381437911e-01
9.364208992368178e-01
9.648252883905880e-01
9.826749769716989e-01
9.925661832640919e-01
9.973332439255942e-01
9.997826877665045e-01
###1.120000000000000e+01
3.787385510305300e-09
4.315827327770523e-09
5.280820186529728e-09
6.182714331054924e-09
7.503511540979429e-08
1.012589744789371e-08
1.251943307924427e-08
1.739762800690671e-08
1.758138159753163e-08
1.812430571882567e-08
1.851505896688995e-08
1.984953161763884e-08
2.093323330386485e-08
2.219808808411003e-08
2.356380567605692e-08
2.510420528105732e-08
2.684361348264472e-08
2.882635949379039e-08
3.110218461449414e-08
3.374199961867232e-08
3.682886892874034e-08
4.051926776102231e-08
4.498445262721326e-08
5.045486430273106e-08
5.712712913761905e-08
6.551033926862352e-08
7.608523182683138e-08
8.960465703074746e-08
1.070000115184177e-07
1.294933582416633e-07
1.588129036584560e-07
1.969899696857430e-07
2.471705128840829e-07
3.132923713953769e-07
3.988902055310624e-07
5.156200555794816e-07
6.694634205334842e-07
8.727385180647428e-07
1.142795840886272e-06
1.503909018595377e-06
1.985312490111847e-06
2.628282884492769e-06
3.487472450874356e-06
4.619559997094056e-06
6.142990089834929e-06
8.170448879125344e-06
1.088230564421590e-05
1.449357044944613e-05
1.931077132384375e-05
2.577610355560342e-05
3.436504608598441e-05
4.587754741130758e-05
6.117216963336229e-05
8.171980322856433e-05
1.088220662802052e-04
1.451144656906461e-04
1.934939183421595e-04
2.580468512569058e-04
3.440390676523339e-04
4.581504989641298e-04
6.108508573256058e-04
8.131817537072751e-04
1.082287218072600e-03
1.441015476254437e-03
1.910675255595865e-03
2.534968888901700e-03
3.356259641231510e-03
4.438733002744027e-03
5.855786404195617e-03
7.729714028950558e-03
1.017119814040614e-02
1.335006362187958e-02
1.746549184389638e-02
2.278667820535027e-02
2.962268585061338e-02
3.836137936235488e-02
4.941161236227180e-02
6.336527349513026e-02
8.081896568025766e-02
1.024379316325203e-01
1.290052470792127e-01
1.613126762677148e-01
2.001368582214081e-01
2.460825333797115e-01
2.993535087050443e-01
3.599779623488165e-01
4.273148946127638e-01
5.000977269631844e-01
5.764661105777743e-01
6.537806560566003e-01
7.290842905738534e-01
7.986656678888113e-01
8.592630484584995e-01
9.085446903082283e-01
9.454722156750357e-01
9.706447497992438e-01
9.859918049944674e-01
9.942040201014464e-01
9.980023165816692e-01
9.998440330842777e-01
###1.160000000000000e+01
3.886749244447378e-09
4.510447618305600e-09
5.527998703111919e-09
6.462172078126183e-09
7.425257339139390e-08
1.059918893010365e-08
1.308885182503306e-08
1.809101635115001e-08
1.835851964475223e-08
1.900138453732731e-08
1.952386792474130e-08
2.094790460157589e-08
2.215403585159328e-08
2.355225866736391e-08
2.506602080565537e-08
2.677121141622845e-08
2.869131477956978e-08
3.087714933368557e-08
3.338672338299415e-08
3.629738189606356e-08
3.969655723044194e-08
4.375472675759000e-08
4.865165379716581e-08
5.464527016784579e-08
6.197640758566016e-08
7.114956902509418e-08
8.274202976695821e-08
9.753671710242573e-08
1.165448635391967e-07
1.411340110901949e-07
1.731628333401436e-07
2.148833764406866e-07
2.697466744680648e-07
3.420230592029965e-07
4.356825564962582e-07
5.634012461360503e-07
7.315494860861530e-07
9.540487114348079e-07
1.249770683059026e-06
1.645234790246991e-06
2.172761631497520e-06
2.877641368296002e-06
3.819533109001192e-06
5.063880849462491e-06
6.736067967289641e-06
8.964150167485954e-06
1.194631391650078e-05
1.592014634452252e-05
2.122387156274632e-05
2.834784801019124e-05
3.781521908245293e-05
5.051307619597526e-05
6.739059647122069e-05
9.007657723620152e-05
1.200275723476174e-04
1.601147811694890e-04
2.135730291314886e-04
2.849535919720033e-04
3.800425330169231e-04
5.062416431527567e-04
6.750840624967219e-04
8.987829232694588e-04
1.196243793376343e-03
1.592630687384742e-03
2.111356096482603e-03
2.800421906314994e-03
3.706100816551467e-03
4.898942674052729e-03
6.458476393645703e-03
8.518245537193167e-03
1.119760023832407e-02
1.468082665701386e-02
1.918153549306088e-02
2.498833527953070e-02
3.243076502501419e-02
4.191882411238577e-02
5.388097108916198e-02
6.893512496149840e-02
8.769875425588695e-02
1.108435134539486e-01
1.391652868745374e-01
1.734197289925782e-01
2.143618651336318e-01
2.625154125059168e-01
3.179763044313447e-01
3.805853525544642e-01
4.495458584897278e-01
5.233704281159303e-01
6.000021525545542e-01
6.766364200239487e-01
7.502549644663279e-01
8.172104329966611e-01
8.744829602871668e-01
9.201212743917410e-01
9.535131115006126e-01
9.756692447496338e-01
9.887627517690061e-01
9.955218334557678e-01
9.985190753467155e-01
9.998895027090207e-01
###1.200000000000001e+01
4.058984266188120e-09
4.715098665688863e-09
5.791876918830061e-09
6.768147868710920e-09
7.350234949024892e-08
1.108209657055578e-08
1.366922711487253e-08
1.880245962724752e-08
1.914721483692999e-08
1.989813182970902e-08
2.055901136717248e-08
2.207814493490690e-08
2.340743401123933e-08
2.495791776129140e-08
2.663306084784152e-08
2.851121211748741e-08
3.062755903506978e-08
3.303278962375259e-08
3.579457728222001e-08
3.899133638784624e-08
4.273161112660088e-08
4.718561854815678e-08
5.255801166970091e-08
5.912014343575558e-08
6.716025594277594e-08
7.720770606933513e-08
8.989816315407252e-08
1.060665473043338e-07
1.268479892103113e-07
1.537231022927627e-07
1.886916418578501e-07
2.343503973448899e-07
2.943242414844987e-07
3.733169766645312e-07
4.758077308987667e-07
6.155281734474386e-07
7.994357800196013e-07
1.043071798910340e-06
1.367012154869133e-06
1.800188887444162e-06
2.378592998091846e-06
3.151441705328280e-06
4.184716170699933e-06
5.552361721099356e-06
7.388359065683158e-06
9.838242176499376e-06
1.311757131792885e-05
1.749142218339168e-05
2.333302154069608e-05
3.118319357802332e-05
4.161995066424617e-05
5.562489101608618e-05
7.424993179169160e-05
9.929431325351363e-05
1.323894471856377e-04
1.766612354021976e-04
2.357287915488673e-04
3.146244966263791e-04
4.197240280311595e-04
5.593078944291824e-04
7.458015955914174e-04
9.929842078745985e-04
1.321526350939744e-03
1.759205513928474e-03
2.331565668788736e-03
3.091378958592857e-03
4.089058450390602e-03
5.401787361593731e-03
7.115934883156099e-03
9.376912583329280e-03
1.231358425977480e-02
1.612444773257840e-02
2.103867851842516e-02
2.736433166131886e-02
3.545311726170264e-02
4.573200687619659e-02
5.865976843598000e-02
7.486973156612298e-02
9.499981830970686e-02
1.197245503909753e-01
1.498455698015085e-01
1.860832899679214e-01
2.291528492686219e-01
2.794952639360393e-01
3.370705143058508e-01
4.015507728427150e-01
4.719603747749193e-01
5.465956374317417e-01
6.232243465246423e-01
6.988987770947211e-01
7.705694868519658e-01
8.347116575804807e-01
8.885751309387206e-01
9.305981446985863e-01
9.606091612592904e-01
9.799737070143166e-01
9.910571568883260e-01
9.965709884984103e-01
9.989128566102313e-01
9.999285216782963e-01
###1.240000000000001e+01
4.241809513203296e-09
4.929987133535092e-09
6.048858280156241e-09
7.088451471857537e-09
7.278252211368755e-08
1.158012023447107e-08
1.426614668328251e-08
1.951684720232033e-08
1.995650258571659e-08
2.081730527646708e-08
2.162081390531068e-08
2.324368707773915e-08
2.453860338116689e-08
2.641767832485019e-08
2.826120454148890e-08
3.032709339389482e-08
3.265354045108333e-08
3.529481604498544e-08
3.832838824491153e-08
4.183401356214831e-08
4.594333173859822e-08
5.082770071449895e-08
5.671553591663581e-08
6.389678412948099e-08
7.270863536214582e-08
8.370654520409328e-08
9.758514022605850e-08
1.152680439125208e-07
1.378546469295423e-07
1.673610457466140e-07
2.055698842042890e-07
2.554685544241458e-07
3.210538354295861e-07
4.074260085529032e-07
5.196664181281135e-07
6.723856908632082e-07
8.737433636879256e-07
1.140579984655546e-06
1.495620360808609e-06
1.970200339031497e-06
2.604518030934358e-06
3.452180955687539e-06
4.586039797751189e-06
6.089500459665580e-06
8.106605532882235e-06
1.080054473028765e-05
1.440781631924151e-05
1.922333100420125e-05
2.565970732488411e-05
3.430871711859584e-05
4.581470088880411e-05
6.126350744307993e-05
8.181500799628293e-05
1.094597704976971e-04
1.460168977510340e-04
1.949050256340434e-04
2.601524118110192e-04
3.473215147030858e-04
4.634339272872268e-04
6.176983573102500e-04
8.236117296299944e-04
1.096531210715686e-03
1.459148918612695e-03
1.941966626232510e-03
2.572926653435187e-03
3.409847416361242e-03
4.507686957980478e-03
5.950615032307915e-03
7.832381008203196e-03
1.031085692999490e-02
1.352506777577890e-02
1.768775287090615e-02
2.304486010118136e-02
2.992510430707145e-02
3.869982153897707e-02
4.981512524050023e-02
6.376055142592049e-02
8.118297907628107e-02
1.027341327939218e-01
1.290913236541824e-01
1.610531044226962e-01
1.993012995056259e-01
2.445014322363434e-01
2.969932404260722e-01
3.566000675847992e-01
4.228225716267912e-01
4.944918160560691e-01
5.697083598544181e-01
6.460638554777955e-01
7.205064611748091e-01
7.899894318430755e-01
8.511556200362480e-01
9.015546646875752e-01
9.400258519723816e-01
9.668294481308505e-01
9.836348250843946e-01
9.929407049512857e-01
9.973986219717449e-01
9.992103206594768e-01
9.999443465561615e-01
###1.280000000000001e+01
4.427966825075698e-09
5.147423151169708e-09
6.314014953950557e-09
7.407346442445802e-09
7.209272624768897e-08
1.208397216478070e-08
1.486574252806317e-08
2.024188203224278e-08
2.078089356501801e-08
2.175869935834287e-08
2.271282783191549e-08
2.445003301726009e-08
2.590582306901290e-08
2.792979278468018e-08
2.995520876696431e-08
3.222185785679083e-08
3.477850693514772e-08
3.766879717361159e-08
4.099472025652327e-08
4.483459995023119e-08
4.933856866297067e-08
5.468836698418667e-08
6.093743599823405e-08
6.899064759147441e-08
7.863723054915688e-08
9.068221664605418e-08
1.058564131108963e-07
1.251817717269245e-07
1.498899087487050e-07
1.821128138614817e-07
2.238872372935112e-07
2.784394674115265e-07
3.501542795070826e-07
4.446462844901546e-07
5.675585100421916e-07
7.345509854461883e-07
9.550734282210853e-07
1.247367106821950e-06
1.636726573868639e-06
2.156865957945551e-06
2.852431071840046e-06
3.782529398089998e-06
5.027222771078667e-06
6.680041575038445e-06
8.896890127387608e-06
1.186001071758576e-05
1.582886355237073e-05
2.113114806580274e-05
2.822309788200207e-05
3.775400903135674e-05
5.043889928721277e-05
6.747958753095218e-05
9.015631959704481e-05
1.206667739137245e-04
1.610373209963746e-04
2.150111721466949e-04
2.870635837787605e-04
3.833256601019985e-04
5.115449065305745e-04
6.819347425433620e-04
9.091414679265152e-04
1.210269384813984e-03
1.610147451945824e-03
2.142285155219199e-03
2.837165584396576e-03
3.758045367895235e-03
4.964847321694527e-03
6.548851132110684e-03
8.611983520752455e-03
1.132545622614834e-02
1.483810901276845e-02
1.937819758962544e-02
2.520936647791496e-02
3.267988538907432e-02
4.218337431932875e-02
5.418291933420034e-02
6.919767988037853e-02
8.788481105174702e-02
1.109100275795468e-01
1.389498521082839e-01
1.727850326890374e-01
2.130688691092393e-01
2.603887888679712e-01
3.149840246895704e-01
3.765275449280311e-01
4.443489208724586e-01
5.170804029211722e-01
5.926313041703664e-01
6.684470973456217e-01
7.413961675756731e-01
8.084753651421546e-01
8.665300336567546e-01
9.134449033622247e-01
9.484645787493650e-01
9.722464606693867e-01
9.867248828494217e-01
9.944743846307373e-01
9.980451010890059e-01
9.994323561023047e-01
9.999620270638576e-01
###1.320000000000001e+01
4.607173632781256e-09
5.366501211357022e-09
6.581534074039243e-09
7.757408729480490e-09
7.142906414614068e-08
1.259855864980620e-08
1.548548130027134e-08
2.097883624373314e-08
2.162598482761822e-08
2.272341597790623e-08
2.383209654722881e-08
2.569423446852445e-08
2.731855329189863e-08
2.950027743872439e-08
3.171648550068596e-08
3.413262723783560e-08
3.699520462724870e-08
4.015845013624577e-08
4.379679358992790e-08
4.799795504795048e-08
5.293133596687165e-08
5.877494728815424e-08
6.537862973821359e-08
7.441297435643896e-08
8.497260064801016e-08
9.814280264228821e-08
1.147267371128704e-07
1.358545244983593e-07
1.628868301988140e-07
1.980826443568074e-07
2.437547702569893e-07
3.033974129337427e-07
3.818582047524391e-07
4.851787926735339e-07
6.198383462872560e-07
8.025417981448862e-07
1.043871411434391e-06
1.364344633930059e-06
1.791284889281854e-06
2.361732581476112e-06
3.124740912635157e-06
4.145735959567497e-06
5.511998084226896e-06
7.329311100799425e-06
9.766717467259453e-06
1.302600291560110e-05
1.739367526256763e-05
2.323283738538264e-05
3.104763489883215e-05
4.154978713478571e-05
5.553571742614765e-05
7.432926617013949e-05
9.934806156701593e-05
1.330156574328308e-04
1.775809250100737e-04
2.371532719075598e-04
3.166849220266710e-04
4.229419177209274e-04
5.644503890127875e-04
7.525076062286440e-04
1.003091513586121e-03
1.335066041362987e-03
1.775707213336306e-03
2.361617796593303e-03
3.126133146815784e-03
4.138317677419349e-03
5.463401352555798e-03
7.200253105361945e-03
9.459343837418069e-03
1.242576260793833e-02
1.625910676050157e-02
2.120387967572034e-02
2.754072402198308e-02
3.563962648825955e-02
4.591393778360470e-02
5.884754048135382e-02
7.498221404193620e-02
9.498978511588627e-02
1.195401554917042e-01
1.493079504489842e-01
1.850467685769141e-01
2.273786277966726e-01
2.768022191188619e-01
3.334393301476524e-01
3.968130458113974e-01
4.660752057760434e-01
5.396552644928498e-01
6.152989510953445e-01
6.903073153088641e-01
7.615173745762140e-01
8.259999073434351e-01
8.808391979618350e-01
9.242804713820186e-01
9.559701778768274e-01
9.769322730699227e-01
9.893126338684793e-01
9.957122463245970e-01
9.985450615389184e-01
9.995963250700011e-01
9.999697575965614e-01
###1.360000000000001e+01
4.789474074038829e-09
5.591922146198570e-09
6.863007800238518e-09
8.096047710237045e-09
7.079485293886078e-08
1.312622762368853e-08
1.611592946180634e-08
2.172728653066509e-08
2.248864673499928e-08
2.371542025552549e-08
2.498178883346171e-08
2.697859879058389e-08
2.878034626897428e-08
3.113138102326863e-08
3.348504280947220e-08
3.620167984658956e-08
3.931301010799187e-08
4.276636913442716e-08
4.674324128697822e-08
5.133646505065995e-08
5.672599759371830e-08
6.310764525791803e-08
7.041453852409484e-08
8.019608742942675e-08
9.173751756846707e-08
1.061369463353768e-07
1.242613403200365e-07
1.473548130140634e-07
1.769197930361188e-07
2.153713393295027e-07
2.652810675462479e-07
3.305395917804680e-07
4.163925368683244e-07
5.294010966528713e-07
6.769440478357734e-07
8.768444197735775e-07
1.141047393104473e-06
1.492493662243402e-06
1.960735016938883e-06
2.586428034517025e-06
3.423723706614799e-06
4.544614493083684e-06
6.045212803632229e-06
8.043011663825841e-06
1.072361289791696e-05
1.430981758140947e-05
1.911759390917849e-05
2.554762770931891e-05
3.415904784202722e-05
4.573201531516728e-05
6.115038955762343e-05
8.186666142297434e-05
1.094727699279655e-04
1.466132506249528e-04
1.957936243973737e-04
2.615266981620629e-04
3.492763659665887e-04
4.665151446730012e-04
6.225977541530638e-04
8.299911686657527e-04
1.106197192186328e-03
1.471861815105968e-03
1.956977543838050e-03
2.601613276646364e-03
3.441857950740657e-03
4.553098282531040e-03
6.006358085035634e-03
7.908652447801017e-03
1.037899257083580e-02
1.361781337198224e-02
1.779524451444466e-02
2.317293624083923e-02
3.004897809447729e-02
3.881500034866135e-02
4.990354911870823e-02
6.382074544414852e-02
8.112617039899583e-02
1.025048878039493e-01
1.286337226620129e-01
1.601693918152829e-01
1.978406825595822e-01
2.422237531182156e-01
2.937157995740793e-01
3.523272913303421e-01
4.174139714502053e-01
4.879400576515177e-01
5.621577462565199e-01
6.376391079761066e-01
7.115817778137868e-01
7.808186454816529e-01
8.425377984901863e-01
8.940902049594506e-01
9.340996563968025e-01
9.626050087571574e-01
9.809569374574171e-01
9.914618023210410e-01
9.967015852477433e-01
9.989274688044484e-01
9.997158080303072e-01
9.999919893950634e-01
###1.400000000000001e+01
4.984898195572672e-09
5.815171811352790e-09
7.192728051938854e-09
8.442569787530585e-09
7.019053188751735e-08
1.366524587458779e-08
1.675530178773936e-08
2.249748340956270e-08
2.337854915822596e-08
2.472803764889885e-08
2.616687129087053e-08
2.830607594970270e-08
3.029305120140301e-08
3.282721286078343e-08
3.540044000622463e-08
3.835870845356558e-08
4.173851595928230e-08
4.550808942039711e-08
4.984512771764458e-08
5.485628024438148e-08
6.073773097561866e-08
6.770734043033608e-08
7.576310603987761e-08
8.636125786941175e-08
9.897570089963410e-08
1.147115611523717e-07
1.345249851762756e-07
1.597580134455022e-07
1.920686273850006e-07
2.340735886555053e-07
2.886486383736957e-07
3.600235977722295e-07
4.539743968969505e-07
5.775982715678771e-07
7.393551542609692e-07
9.580882195295607e-07
1.247397932507151e-06
1.632902527507709e-06
2.146511695606691e-06
2.833024522378567e-06
3.752138738938870e-06
4.982775570106146e-06
6.630174888193810e-06
8.828154762309438e-06
1.177641682299008e-05
1.572280445983922e-05
2.101417093036879e-05
2.809611849601039e-05
3.758482084932452e-05
5.033650413778133e-05
6.733339509395531e-05
9.016196311966247e-05
1.206192570483105e-04
1.615855889775504e-04
2.158340082877200e-04
2.883363928987422e-04
3.851039213738739e-04
5.143825876387207e-04
6.864631379327451e-04
9.150132922005888e-04
1.219198274563068e-03
1.621709897608870e-03
2.155284588562033e-03
2.863785313858354e-03
3.786353464945099e-03
5.005136148694116e-03
6.596978872178074e-03
8.677863389568337e-03
1.137599158071274e-02
1.490731986169801e-02
1.945318622870658e-02
2.529305838223080e-02
3.274253094580419e-02
4.221542966799702e-02
5.416099510656005e-02
6.911334004404700e-02
8.764094141582748e-02
1.104449489903764e-01
1.381977635225846e-01
1.715397766038803e-01
2.111625488017313e-01
2.575874672191735e-01
3.111107623423986e-01
3.716139015354527e-01
4.382795437602686e-01
5.098882434617852e-01
5.845162132054255e-01
6.595843950768444e-01
7.322112552938691e-01
7.992639517434846e-01
8.580769365839098e-01
9.063037969316183e-01
9.429475745244725e-01
9.684336566633739e-01
9.843880284310248e-01
9.932332784501684e-01
9.974856310806270e-01
9.992174053590261e-01
9.998022076526885e-01
9.999919893950634e-01
###1.440000000000001e+01
5.194297411444610e-09
6.039089519900460e-09
7.485752935764081e-09
8.810619946359213e-09
6.961497908771621e-08
1.421921715078724e-08
1.741780543994292e-08
2.328221897526092e-08
2.428785100685231e-08
2.578085177656511e-08
2.738583366718362e-08
2.967720183104271e-08
3.185804797005089e-08
3.458506639078319e-08
3.739467046231184e-08
4.061111952464515e-08
4.428055683522319e-08
4.838362170139326e-08
5.310915420773871e-08
5.856849455153762e-08
6.498403067551420e-08
7.258483332442130e-08
8.144377478010521e-08
9.293561832234417e-08
1.067162225292484e-07
1.239018504371922e-07
1.455426498557068e-07
1.731086854942334e-07
2.084456374400653e-07
2.543200394053598e-07
3.140065196335979e-07
3.920751532432684e-07
4.949261802405194e-07
6.302134705223783e-07
8.075045587071930e-07
1.046956373313887e-06
1.363961678298811e-06
1.786728894126720e-06
2.350334843176491e-06
3.103698803046438e-06
4.112694888527271e-06
5.464255479596067e-06
7.272255508188738e-06
9.690994704123693e-06
1.293433749513999e-05
1.727736008374018e-05
2.310180552567426e-05
3.090154099329393e-05
4.135298518150113e-05
5.540643975798524e-05
7.413860581746183e-05
9.929579330116657e-05
1.328883260290262e-04
1.780504117438320e-04
2.378762667529008e-04
3.178146751056262e-04
4.244750337271929e-04
5.669465474730375e-04
7.565459863588147e-04
1.008226564778265e-03
1.342972454510058e-03
1.785680551407459e-03
2.371961537365336e-03
3.149943061439662e-03
4.161878397505042e-03
5.497169943585298e-03
7.239026477437432e-03
9.512333566038996e-03
1.245528488896565e-02
1.630072854281356e-02
2.124079516919645e-02
2.757301354902353e-02
3.563129024238418e-02
4.585234222158929e-02
5.869995784631105e-02
7.473684612947379e-02
9.453874528187335e-02
1.188161672569701e-01
1.482353268011731e-01
1.834176930537017e-01
2.250146317810241e-01
2.734598015000825e-01
3.289650219871764e-01
3.912626790691482e-01
4.593606278165554e-01
5.318590129015536e-01
6.066673932906347e-01
6.810678569533026e-01
7.521441542953565e-01
8.168085091532367e-01
8.726086411597183e-01
9.174995184701895e-01
9.508758338668082e-01
9.735185487802710e-01
9.872919056666927e-01
9.946801458701655e-01
9.981003368481803e-01
9.994344008348530e-01
9.998633340156569e-01
9.999919893950634e-01
###1.480000000000001e+01
5.391299424917020e-09
6.260400196886192e-09
7.790482234675959e-09
9.153083393789556e-09
6.906541209904877e-08
1.478311997725544e-08
1.808167116948651e-08
2.408229939630602e-08
2.521406845516400e-08
2.685826314245921e-08
2.863772292663142e-08
3.109340793510412e-08
3.347795621519426e-08
3.641019347237361e-08
3.946849251570032e-08
4.296107120546017e-08
4.693677318576779e-08
5.140266639511040e-08
5.654025981731990e-08
6.248218886911235e-08
6.950692728077137e-08
7.775413688793525e-08
8.748126586813590e-08
9.994797499146124e-08
1.150002762473021e-07
1.337546621424327e-07
1.573939357927498e-07
1.875137910132501e-07
2.261277879161627e-07
2.762455814788597e-07
3.415458762053187e-07
4.269327079197388e-07
5.394678152422502e-07
6.875783921787750e-07
8.819263619914432e-07
1.144129534810656e-06
1.491585319046379e-06
1.955190643687986e-06
2.573808474446729e-06
3.400840533875048e-06
4.508522979534109e-06
5.993241392701773e-06
7.978822209569015e-06
1.063994853486051e-05
1.420789883944549e-05
1.898746421581222e-05
2.539960958474676e-05
3.398827012613782e-05
4.549778147950326e-05
6.098661930917905e-05
8.162823711195320e-05
1.093448458538756e-04
1.463761634280093e-04
1.961536507090343e-04
2.620973058748171e-04
3.501921533455251e-04
4.676913393015216e-04
6.246096120694774e-04
8.333606844152778e-04
1.110307891122264e-03
1.478386676289068e-03
1.964879260497276e-03
2.608653983033372e-03
3.462022318216204e-03
4.570782495623048e-03
6.031765178870123e-03
7.935613247377456e-03
1.041641828388670e-02
1.362241388223337e-02
1.780436437299708e-02
2.316517755122165e-02
3.002176457616118e-02
3.872546067740461e-02
4.973628014040651e-02
6.353345582281060e-02
8.070336128410147e-02
1.018275909961583e-01
1.276269385067191e-01
1.587530099609706e-01
1.958013676448802e-01
2.393837388315307e-01
2.898206570195629e-01
3.472464282908034e-01
4.112246559850231e-01
4.805975334569154e-01
5.537907907496225e-01
6.285424011000508e-01
7.020343977202248e-01
7.713350687332271e-01
8.334452120265675e-01
8.861332674486646e-01
9.277089843966539e-01
9.579377521733871e-01
9.779246964108227e-01
9.897302208771429e-01
9.958519980300491e-01
9.985776858856629e-01
9.995951088510853e-01
9.999063649046115e-01
9.999919893950634e-01
###1.520000000000001e+01
5.604005340725074e-09
6.497474155362134e-09
8.075152861228627e-09
9.531573383403126e-09
6.854540452751896e-08
1.536074524499078e-08
1.877167588939454e-08
2.491182199134711e-08
2.616453777912527e-08
2.797025005234295e-08
2.992965786602872e-08
3.255690640476135e-08
3.515491194570636e-08
3.830745697700166e-08
4.162699164189607e-08
4.541260296731163e-08
4.971903322701831e-08
5.456896374320932e-08
6.015030732204879e-08
6.661328545487164e-08
7.425113392847585e-08
8.324166751875831e-08
9.389112553521945e-08
1.074279636769028e-07
1.238489012677080e-07
1.443098324466621e-07
1.701281571611295e-07
2.030215692867017e-07
2.451869919863992e-07
3.000039274702400e-07
3.714154201658574e-07
4.648552977696881e-07
5.880026727012302e-07
7.501483767878725e-07
9.634276197588607e-07
1.250385348385852e-06
1.631325123634877e-06
2.139899866957402e-06
2.818942762062405e-06
3.726730286900850e-06
4.943313252383221e-06
6.574067008473010e-06
8.757802560509709e-06
1.168380771843738e-05
1.560863223273021e-05
2.086838907313670e-05
2.792797297313803e-05
3.738400506682781e-05
5.005694756600263e-05
6.712273471979227e-05
8.986379882071631e-05
1.203954061506749e-04
1.612072241767904e-04
2.160500495685868e-04
2.887046964601656e-04
3.857305352584789e-04
5.151098147900161e-04
6.878286341069778e-04
9.174722507375556e-04
1.222009112211052e-03
1.626473245396654e-03
2.160513000260049e-03
2.866667087340295e-03
3.801916895313260e-03
5.015470268378489e-03
6.612322557970533e-03
8.691039993837218e-03
1.139472766930515e-02
1.488306092319196e-02
1.942488856578083e-02
2.523350440769946e-02
3.264817082418051e-02
4.203550357775965e-02
5.387743735845891e-02
6.867168386003489e-02
8.702411687526795e-02
1.095207981653812e-01
1.368853235095287e-01
1.697590328440321e-01
2.086919542647293e-01
2.542529068246686e-01
3.066520694011909e-01
3.659191341310954e-01
4.314618757006218e-01
5.019481084807518e-01
5.756237338262769e-01
6.500766389653926e-01
7.224256709625964e-01
7.897279465275016e-01
8.491393242115048e-01
8.986661161115281e-01
9.369703286662254e-01
9.641900021029035e-01
9.817181762576224e-01
9.917622690599311e-01
9.967926436136689e-01
9.989448575399668e-01
9.997128715144815e-01
9.999363223287865e-01
9.999919893950634e-01
###1.560000000000001e+01
5.809540657774777e-09
6.742014153751258e-09
8.386919464068972e-09
9.911593007381430e-09
6.805676060356933e-08
1.595060388323817e-08
1.947782789278050e-08
2.574014918971816e-08
2.714012214114983e-08
2.910750648876673e-08
3.126024056096494e-08
3.406959415606926e-08
3.688870414287541e-08
4.027862231382317e-08
4.387682469620262e-08
4.797168432882136e-08
5.262789519261524e-08
5.789224631265986e-08
6.394525557896704e-08
7.097071288380034e-08
7.927017590195359e-08
8.905971202881656e-08
1.007083229570040e-07
1.154052928784214e-07
1.333094985143689e-07
1.556334839584255e-07
1.838247702395835e-07
2.197397040460632e-07
2.657249569710149e-07
3.257326170475844e-07
4.037569509555791e-07
5.060600452588618e-07
6.408260689155958e-07
8.184064644921807e-07
1.052379532438866e-06
1.366454789505002e-06
1.784363283133692e-06
2.342456259564829e-06
3.087611209361177e-06
4.084527644784343e-06
5.420791643780226e-06
7.212558740194861e-06
9.613820565354367e-06
1.283132392427888e-05
1.714891972775751e-05
2.293708991978486e-05
3.070669207779264e-05
4.112041969111282e-05
5.507287103624558e-05
7.386379576757421e-05
9.891864097960622e-05
1.325492231468843e-04
1.774996413347136e-04
2.379034042458369e-04
3.179124437173198e-04
4.247233538048422e-04
5.670853503825131e-04
7.571049229897596e-04
1.009538762678911e-03
1.344140754315452e-03
1.788174396104223e-03
2.374012231247082e-03
3.147921350961059e-03
4.170898008501490e-03
5.498729028187423e-03
7.241977892430908e-03
9.508769932577352e-03
1.245216950662897e-02
1.624266338042228e-02
2.116909727379818e-02
2.745533311930094e-02
3.546109384546513e-02
4.557099532341715e-02
5.828811862691834e-02
7.412607720903208e-02
9.370862704429439e-02
1.176277058052087e-01
1.465990306419122e-01
1.812502670754034e-01
2.220842235405148e-01
2.696167399619825e-01
3.239316271532157e-01
3.849503318387264e-01
4.519279854060263e-01
5.233526009037522e-01
5.972877003945219e-01
6.712168787277566e-01
7.421880887135067e-01
8.073017772559202e-01
8.638889968056992e-01
9.102195577102467e-01
9.453278446398858e-01
9.696912848030647e-01
9.849608956981616e-01
9.934426743504097e-01
9.975409954817290e-01
9.992245117980075e-01
9.997982600617789e-01
9.999569609486876e-01
9.999919893950634e-01
