# NLO BK equation solver 0.0-dev build  (build Feb 16 2026 17:52:53)
# Initial condition: MV model, Q_s0^2 = 0.00687645 GeV^2, \gamma = 1, coefficient of E inside Log is 1, x0=0.01, \Lambda_QCD = 0.241 GeV
# # LO Kernel RC:  Balitsky. NLO Kernel RC:  smallest dipole
# Nc=3, Nf=4
# Using RungeKutta method in K1
# Resumming double log
# Resumming single log, K_sub=0.65 resum rc: smallest
# BK K1 integration relative accuracy: 0.02# NLO BK as^2 terms: MC integration method: Vegas, points=1000000
# Kinematical constraint: none
# Target kinematical constraint: disabled

###1.000000000000000e-05
###1.160836920850890e+00
###100
###1.000000000000000e+00
###0.000000000000000e+00
2.223825942133270e-12
2.962150169301655e-12
3.945065983006601e-12
5.253406284922816e-12
6.994646544387075e-12
9.311660191630743e-12
1.239434171546052e-11
1.649503323972783e-11
2.194899441941449e-11
2.920155788843040e-11
3.884414482498533e-11
5.166201919544522e-11
6.869758991608123e-11
9.133430006781447e-11
1.214077669838654e-10
1.613529823672974e-10
2.143992132515250e-10
2.848279805282131e-10
3.783144184635985e-10
5.023788125885454e-10
6.669836689366495e-10
8.853229335187522e-10
1.174864807790673e-09
1.558729108279819e-09
2.067505755793585e-09
2.741654660811306e-09
3.634671492051552e-09
4.817261833337568e-09
6.382842300866646e-09
8.454786849207924e-09
1.119596695268179e-08
1.482130498874675e-08
1.961428315394393e-08
2.594864141321596e-08
3.431687779052132e-08
4.536765923224084e-08
5.995489551580954e-08
7.920206633718977e-08
1.045864795678062e-07
1.380495496837627e-07
1.821410131180692e-07
2.402073615641890e-07
3.166378281020861e-07
4.171851995114391e-07
5.493837994254919e-07
7.230935059955738e-07
9.512070332861343e-07
1.250568421617941e-06
1.643164383936424e-06
2.157667642747965e-06
2.831433670291899e-06
3.713080575186221e-06
4.865817845409670e-06
6.371735248953600e-06
8.337320912131402e-06
1.090049118990244e-05
1.423988114146457e-05
1.858623602557508e-05
2.423746820057193e-05
3.157766516315164e-05
4.110139495272502e-05
5.344470128654244e-05
6.942460585090959e-05
9.008943995547636e-05
1.167829856899560e-04
1.512262715860357e-04
1.956220143568554e-04
2.527882305487505e-04
3.263296036315477e-04
4.208579803740564e-04
5.422771528862391e-04
6.981522180097288e-04
8.981907674581180e-04
1.154872566723530e-03
1.484277018512170e-03
1.907174574683146e-03
2.450470596920717e-03
3.149119474193274e-03
4.048664853883333e-03
5.208610602402741e-03
6.706888532976407e-03
8.645764435738168e-03
1.115961327011317e-02
1.442509340042886e-02
1.867434627581588e-02
2.421191415469559e-02
3.143604775389619e-02
4.086486069786921e-02
5.316718538207565e-02
6.919666592579676e-02
9.002505887535084e-02
1.169661202274396e-01
1.515738457463585e-01
1.955873309385896e-01
2.507794386930559e-01
3.186518147376246e-01
3.999170471163416e-01
4.937472949203529e-01
5.968916090181103e-01
7.030097581448815e-01
###4.000000000000000e-01
7.055678875655809e-09
2.710862547038608e-08
6.319757785581378e-11
1.094779867886408e-10
1.944173157924336e-10
3.609249698379507e-10
2.815839387197495e-10
-2.531000156627549e-09
2.961988081411911e-10
2.565940557579488e-10
2.977124059797085e-10
2.777511621718135e-10
2.884168735498046e-10
3.223314481181807e-10
3.484564397506906e-10
3.936654923891432e-10
4.447490345385227e-10
5.187739498603661e-10
6.163679638053479e-10
7.508375719179555e-10
9.269565413014203e-10
1.162374968770256e-09
1.474611749793089e-09
1.883467458331232e-09
2.431153183431473e-09
3.160337720025144e-09
4.126952434431018e-09
5.407202799791957e-09
7.101853658205618e-09
9.343799135724426e-09
1.231030107462176e-08
1.623374891750809e-08
2.140876021623308e-08
2.828044630105730e-08
3.726593777390879e-08
4.924529560214023e-08
6.501467097318721e-08
8.579716472170682e-08
1.133012149879589e-07
1.495874608573932e-07
1.974477472014568e-07
2.602344036969030e-07
3.430640484183610e-07
4.523813038976983e-07
5.956997293858130e-07
7.842013689415560e-07
1.032288300344277e-06
1.356973405232158e-06
1.783353951007724e-06
2.343019008663479e-06
3.075680456547048e-06
4.035106329464850e-06
5.289957521676612e-06
6.936248803265679e-06
9.072282727729067e-06
1.186548997571040e-05
1.550623899799610e-05
2.025106889266159e-05
2.642431094681055e-05
3.444421979281238e-05
4.486678387145668e-05
5.837961705903265e-05
7.590001829403937e-05
9.857467806217825e-05
1.279094250931206e-04
1.658263847551122e-04
2.147263800701553e-04
2.778050113325874e-04
3.590443280850898e-04
4.639576561746562e-04
5.988766200443247e-04
7.725777883728200e-04
9.959809211090255e-04
1.283774006802868e-03
1.653945123109973e-03
2.130821820294532e-03
2.745046365256308e-03
3.538465491238968e-03
4.562987280496257e-03
5.888749593654172e-03
7.609875841080709e-03
9.840485325448527e-03
1.274886791852283e-02
1.654308275926121e-02
2.149220919088155e-02
2.796158894241585e-02
3.641075843944767e-02
4.742826920018561e-02
6.182094305957674e-02
8.057708919044762e-02
1.049722472144658e-01
1.364524326090756e-01
1.767383126593052e-01
2.276050901838381e-01
2.908621882614490e-01
3.678244039615042e-01
4.596101523875873e-01
5.668870567992743e-01
6.978613322163223e-01
9.537074672180145e-01
###8.000000000000000e-01
7.070993995360530e-09
2.698822790831098e-08
1.277269787898198e-10
2.229966834156481e-10
3.501378467802749e-10
6.532555295600000e-10
5.924496032385342e-10
-2.181051212786481e-09
6.019606744631618e-10
5.540879681079848e-10
5.717464577240043e-10
5.697698756239419e-10
5.703805817835679e-10
6.049501233877388e-10
6.156931233180733e-10
6.678464799862406e-10
7.258854144306159e-10
8.030815017048557e-10
9.088808688740069e-10
1.050310582266510e-09
1.251416417887403e-09
1.497260934946688e-09
1.836343228380412e-09
2.280719229715217e-09
2.874233101160557e-09
3.649480860597541e-09
4.693962417433290e-09
6.081496180337364e-09
7.924231741637883e-09
1.034753084217666e-08
1.356152755455715e-08
1.780694653004121e-08
2.341369087774968e-08
3.084958481095966e-08
4.051400332621531e-08
5.354651939079161e-08
7.055412249062270e-08
9.302583747780839e-08
1.228310416591935e-07
1.622066517532396e-07
2.142635419178712e-07
2.821071763306087e-07
3.719415155352476e-07
4.908920504958437e-07
6.464212702237743e-07
8.508680191962190e-07
1.120852042065001e-06
1.473233966279990e-06
1.936576508188017e-06
2.545581227506666e-06
3.342770155556476e-06
4.387593202986395e-06
5.754470181497250e-06
7.551746780743730e-06
9.878375641617420e-06
1.292470866647392e-05
1.689822926525974e-05
2.208262707149763e-05
2.883208290344528e-05
3.760535536692139e-05
4.902371985502653e-05
6.383624955142459e-05
8.306983444043957e-05
1.079847309266549e-04
1.402748805022017e-04
1.820732512374806e-04
2.360366052181291e-04
3.057786127042623e-04
3.957326860965774e-04
5.123637683291417e-04
6.626259696026628e-04
8.565986483552771e-04
1.106659136224439e-03
1.429907933844039e-03
1.846834745074468e-03
2.385821322399805e-03
3.081596050576765e-03
3.984088133297274e-03
5.152739155727291e-03
6.670005448472579e-03
8.645689935223133e-03
1.121517718129244e-02
1.457658297791781e-02
1.897522173201856e-02
2.472101936012354e-02
3.224563332919617e-02
4.207208705208935e-02
5.486367680495684e-02
7.156002625454651e-02
9.327509641062197e-02
1.214202326185875e-01
1.575320605478555e-01
2.033585979568421e-01
2.605271996215809e-01
3.305319053656030e-01
4.140703495810716e-01
5.111941342922056e-01
6.205843143934082e-01
7.451606471674710e-01
9.613471740925820e-01
###1.200000000000000e+00
7.087762455348663e-09
2.670252044534308e-08
2.675357954671691e-10
3.645495537560108e-10
5.145750470741969e-10
9.195831015959105e-10
9.048781867319947e-10
-1.867591578984837e-09
8.914833446694587e-10
8.264306327227902e-10
8.706812927584967e-10
8.621291842604818e-10
8.523686424385836e-10
9.230117657648794e-10
9.089321717733789e-10
9.525964150852795e-10
1.006083340100199e-09
1.100446147570445e-09
1.217168175806466e-09
1.342227431072958e-09
1.578608003017211e-09
1.854345301379159e-09
2.221748903930761e-09
2.702143217075491e-09
3.347694099550392e-09
4.189861916716751e-09
5.322002627007174e-09
6.827262235542471e-09
8.823360301689604e-09
1.144794935314833e-08
1.493569257695810e-08
1.953787245896661e-08
2.560589210351954e-08
3.365152946193983e-08
4.415591025811444e-08
5.826443249741659e-08
7.660169359746473e-08
1.009266679268461e-07
1.332513503696223e-07
1.759714785613025e-07
2.325424378522203e-07
3.060180460956716e-07
4.034786558539287e-07
5.328462824494440e-07
7.017191360667918e-07
9.236510421060031e-07
1.216951139227994e-06
1.600209280063842e-06
2.103830575347444e-06
2.767068611122867e-06
3.634931575234233e-06
4.773268507431692e-06
6.263144472994515e-06
8.223234281034889e-06
1.076203066104794e-05
1.408725371458026e-05
1.842759179111823e-05
2.409597294349923e-05
3.148305563592507e-05
4.109345711250240e-05
5.361348950183106e-05
6.987033460811904e-05
9.100938313371269e-05
1.184279703073588e-04
1.540149894979025e-04
2.001596159719112e-04
2.598131089024043e-04
3.370524481402977e-04
4.368583036746771e-04
5.667084991519054e-04
7.344317853286923e-04
9.512937619030332e-04
1.231718209141495e-03
1.595257370405392e-03
2.065607272776361e-03
2.674965301625775e-03
3.464574259146525e-03
4.491836066382735e-03
5.825275387573612e-03
7.561730754189842e-03
9.827469777722593e-03
1.278352681784070e-02
1.666044080552544e-02
2.174002848364534e-02
2.837930752996008e-02
3.707650104125545e-02
4.842218887716825e-02
6.315174042470668e-02
8.232393416837677e-02
1.071488001462229e-01
1.391240439223222e-01
1.797975610332160e-01
2.307846776326458e-01
2.935109227078038e-01
3.688265285149063e-01
4.565634846094578e-01
5.554041738327176e-01
6.622557043336120e-01
7.777113212669650e-01
9.667859582311640e-01
###1.600000000000000e+00
7.186494404825609e-09
2.658165631802216e-08
3.753774790451055e-10
5.247972842995326e-10
6.872663949836564e-10
1.200937962579789e-09
1.192248767370229e-09
-1.530174802362861e-09
1.216965255880176e-09
1.137481341225614e-09
1.208340426052667e-09
1.176475456801537e-09
1.172387598245885e-09
1.242856855903576e-09
1.228627425547641e-09
1.255322363042649e-09
1.328903431898429e-09
1.439987182036745e-09
1.561712010278020e-09
1.704776672695076e-09
1.958658868796733e-09
2.302528233763765e-09
2.660355199865709e-09
3.185466951328306e-09
3.892219430102935e-09
4.810545294614466e-09
6.032948718614080e-09
7.668971849927894e-09
9.836673697703173e-09
1.268222147323354e-08
1.645798347009616e-08
2.144526821100105e-08
2.802386941815827e-08
3.673651026861110e-08
4.814983787560587e-08
6.341973828801101e-08
8.326011095906578e-08
1.095926101907180e-07
1.446535338781270e-07
1.910029428109128e-07
2.524549714223714e-07
3.321272980769056e-07
4.379217820923009e-07
5.785824079669106e-07
7.620099230503121e-07
1.003135468688974e-06
1.322409195164856e-06
1.738882656456873e-06
2.286702440116791e-06
3.009289345726899e-06
3.954546969595711e-06
5.195317591717185e-06
6.820593779699915e-06
8.963268415430333e-06
1.173211833175855e-05
1.536415814324555e-05
2.010951401547945e-05
2.631390074325522e-05
3.440457322747276e-05
4.493662548377075e-05
5.868374219130278e-05
7.654758511650029e-05
9.981043222570763e-05
1.300219385827398e-04
1.692952198952903e-04
2.203154584718645e-04
2.863484821268432e-04
3.720383785288370e-04
4.829676104719817e-04
6.277323015764903e-04
8.152975543758446e-04
1.058044406166071e-03
1.372899045239572e-03
1.782187488076521e-03
2.313279683885368e-03
3.001540684438164e-03
3.899105837110942e-03
5.068150919981716e-03
6.589241810932392e-03
8.573304010037790e-03
1.117038093607105e-02
1.456143699152300e-02
1.901959537482366e-02
2.485543906626016e-02
3.248564005779500e-02
4.247185409529342e-02
5.546018477583610e-02
7.228287801315149e-02
9.406333719726305e-02
1.220985331873890e-01
1.579138711880602e-01
2.029988673776392e-01
2.587517328020587e-01
3.262432689835622e-01
4.056298811233696e-01
4.958459520928055e-01
5.944688853348872e-01
6.973738191345655e-01
8.042147363533760e-01
9.712188304770616e-01
###2.000000000000000e+00
7.210010474204475e-09
2.645990665162226e-08
4.848305955832148e-10
6.634680982750600e-10
9.218908798088741e-10
1.422420507421451e-09
1.510729487651872e-09
-1.152143890178229e-09
1.556019891257809e-09
1.491057796738241e-09
1.583089724883136e-09
1.550651707865585e-09
1.534498674373837e-09
1.594142973238378e-09
1.593591511961267e-09
1.621776568226965e-09
1.701871847998528e-09
1.824079093218158e-09
1.965238348846578e-09
2.126826075762842e-09
2.399712688639223e-09
2.768477965519483e-09
3.171036240132036e-09
3.742311534682116e-09
4.514368600044123e-09
5.515594834025423e-09
6.850227413945400e-09
8.624814185416514e-09
1.097466944928026e-08
1.406468327132901e-08
1.816210285072611e-08
2.356897423280558e-08
3.070894378283322e-08
4.015206489612609e-08
5.254225999344050e-08
6.907821361575056e-08
9.056896655862490e-08
1.190795249088006e-07
1.571189784855112e-07
2.074396658952174e-07
2.741529218837296e-07
3.606212499704965e-07
4.755285238268576e-07
6.284640250887148e-07
8.278436091264073e-07
1.089970449025042e-06
1.437516140387392e-06
1.890454775990625e-06
2.486757390137146e-06
3.274253376668585e-06
4.304480273533830e-06
5.657678481691083e-06
7.431420882155254e-06
9.774164521597793e-06
1.279714104032946e-05
1.676771642518019e-05
2.196017253946327e-05
2.875660469965599e-05
3.762684820544124e-05
4.917894059549249e-05
6.429008059359639e-05
8.394218353926220e-05
1.095709051432993e-04
1.429163394534454e-04
1.862961434073302e-04
2.427717692563057e-04
3.159861063168210e-04
4.111724005228631e-04
5.346466140142180e-04
6.962258669811068e-04
9.058890769622831e-04
1.178177664389593e-03
1.532057679220487e-03
1.993204246812705e-03
2.593017821586552e-03
3.371154875713838e-03
4.390606052132998e-03
5.720355959129344e-03
7.453408715508309e-03
9.717864866587815e-03
1.268387182055468e-02
1.656434532499218e-02
2.166542411431244e-02
2.834248095546158e-02
3.706003386042068e-02
4.844585798178883e-02
6.320016967496318e-02
8.224025727833881e-02
1.067419443526757e-01
1.380490857857396e-01
1.776712955110308e-01
2.269760323919973e-01
2.870916302299470e-01
3.586150512981937e-01
4.410693454011552e-01
5.325804427628847e-01
6.299043659340263e-01
7.283880675738924e-01
8.271821185937498e-01
9.750256115512387e-01
###2.400000000000000e+00
7.316553036510132e-09
2.634235894928853e-08
6.074868793328844e-10
8.133992957313611e-10
1.123728196154299e-09
1.722155373910603e-09
1.813058491029495e-09
-7.439496962809469e-10
1.960933022822490e-09
1.893367223984259e-09
2.026210863098002e-09
1.973671077135626e-09
1.953142984205781e-09
2.002263908237635e-09
2.015066479866063e-09
2.044359773052947e-09
2.130692209414628e-09
2.264035230493883e-09
2.429157036882659e-09
2.607859838141655e-09
2.910882293386924e-09
3.307460539069915e-09
3.757161862413770e-09
4.382567468844541e-09
5.225665227015022e-09
6.280687727288355e-09
7.774336528530730e-09
9.707459743742262e-09
1.225201187563212e-08
1.560630887299578e-08
2.006748235321008e-08
2.592206748384038e-08
3.367141908644692e-08
4.391332106918503e-08
5.736634977489852e-08
7.528104246428865e-08
9.862722424155112e-08
1.294766788914283e-07
1.707539921196052e-07
2.253856460887805e-07
2.978319041898244e-07
3.917592189990302e-07
5.166258831765664e-07
6.828864410862827e-07
8.996641267678549e-07
1.184826112189733e-06
1.563216693031493e-06
2.056199244077647e-06
2.705679136194939e-06
3.564205410627911e-06
4.687632281505243e-06
6.164384829871315e-06
8.101368663375151e-06
1.066351672601329e-05
1.396704003139225e-05
1.831176916689256e-05
2.399817037846134e-05
3.144760195313250e-05
4.118198186933936e-05
5.386747344013491e-05
7.049515470735974e-05
9.213952997787877e-05
1.204070201041839e-04
1.572953827984053e-04
2.052281814633972e-04
2.678100466846541e-04
3.490858073167557e-04
4.549484289670277e-04
5.925513417667870e-04
7.730853003004017e-04
1.007736960933306e-03
1.313332614371162e-03
1.711284254218585e-03
2.231060762978361e-03
2.908559457526896e-03
3.788393897560482e-03
4.945116803767977e-03
6.455664600274397e-03
8.427312180774730e-03
1.100668242714247e-02
1.438448938851163e-02
1.880902628531287e-02
2.461592531726724e-02
3.221943879934066e-02
4.212037658118119e-02
5.501415960521938e-02
7.165104226504695e-02
9.301692533548456e-02
1.203266193075116e-01
1.549380110260127e-01
1.983001037931253e-01
2.516084561762915e-01
3.156711021833478e-01
3.906149301210703e-01
4.753217235648068e-01
5.672532247182298e-01
6.626040774870372e-01
7.564470883556058e-01
8.476220400166723e-01
9.783669663475787e-01
###2.800000000000000e+00
7.363280486200903e-09
2.643130629564046e-08
7.287508058102749e-10
9.835653994444375e-10
1.312719320969485e-09
2.043309082372256e-09
2.173918221186820e-09
-2.932020648870395e-10
2.388612628920499e-09
2.337621803896455e-09
2.517505746864872e-09
2.453483764811848e-09
2.446059089599278e-09
2.464204213688739e-09
2.490474907342924e-09
2.522285323965945e-09
2.623514415846000e-09
2.771429743137302e-09
2.957127608040963e-09
3.165443662222821e-09
3.497603515757530e-09
3.930549066329606e-09
4.431577821048998e-09
5.124000143675845e-09
6.041823895760407e-09
7.206476784046317e-09
8.825683408974411e-09
1.087651706741979e-08
1.369170486882376e-08
1.734563434751881e-08
2.218736243654645e-08
2.854157634920781e-08
3.694101459348220e-08
4.807325349719284e-08
6.267387195960285e-08
8.210459263663914e-08
1.074796948073567e-07
1.408671376482085e-07
1.856695151200521e-07
2.450172444468266e-07
3.236705288595257e-07
4.257615786491275e-07
5.615215445509426e-07
7.422976046545470e-07
9.781436933970611e-07
1.288513997919577e-06
1.700553532497336e-06
2.237582026184669e-06
2.945228259634253e-06
3.881760972623785e-06
5.107582511998929e-06
6.719899832762077e-06
8.836715167222722e-06
1.163970304486650e-05
1.525355823173395e-05
2.001097361052286e-05
2.624359755701993e-05
3.441681083767428e-05
4.510922287821036e-05
5.905408552040642e-05
7.736470025273499e-05
1.012260995778804e-04
1.324387500008673e-04
1.732797386130285e-04
2.263142021506512e-04
2.957435274787698e-04
3.860619233960246e-04
5.039151673956591e-04
6.574171802576100e-04
8.592699367668614e-04
1.122064369680876e-03
1.465207523996767e-03
1.912869528826921e-03
2.498623256940770e-03
3.263654121552679e-03
4.258272779500865e-03
5.569223200492375e-03
7.282591530947502e-03
9.520898758246639e-03
1.245104151683117e-02
1.628706538264272e-02
2.131123684903269e-02
2.789689530541912e-02
3.650536916084691e-02
4.768544025118270e-02
6.219175342456296e-02
8.081898891906332e-02
1.046080561447225e-01
1.347925079375223e-01
1.727161157860850e-01
2.197241784858742e-01
2.768066083487261e-01
3.444206780039373e-01
4.222167055064711e-01
5.085049129586943e-01
6.002005078930103e-01
6.930783265879013e-01
7.821349037385372e-01
8.660184288773920e-01
9.813243799391620e-01
###3.200000000000000e+00
7.387094220961056e-09
2.632517343213456e-08
8.936523177529934e-10
1.149633384868221e-09
1.520833000529530e-09
2.350650705680653e-09
2.501040666706671e-09
1.394100540918427e-10
2.771474750235861e-09
2.720234842450845e-09
2.940254083780816e-09
2.877153660351825e-09
2.872648631535133e-09
2.885899603699988e-09
2.925971800182673e-09
2.974194454607048e-09
3.090989038798439e-09
3.263421799095458e-09
3.470668360879951e-09
3.712104430252732e-09
4.084265783911222e-09
4.554186451697635e-09
5.112540278996482e-09
5.876222508429484e-09
6.880389854966228e-09
8.162158079030420e-09
9.921826649528194e-09
1.215482100794449e-08
1.521285640754055e-08
1.918957225596372e-08
2.445424667868858e-08
3.135073150804904e-08
4.047635973576854e-08
5.254730976697918e-08
6.841848457342421e-08
8.947659707692972e-08
1.170542775332091e-07
1.532897820108362e-07
2.019485995747691e-07
2.663938762122949e-07
3.516549803257937e-07
4.628669112400613e-07
6.105100250022476e-07
8.071456990660471e-07
1.063799113058498e-06
1.401795399718949e-06
1.850672736940829e-06
2.435936921444372e-06
3.207492907292243e-06
4.229609100943730e-06
5.567863738772052e-06
7.329497181582602e-06
9.644340848798392e-06
1.271185093620616e-05
1.666734692745778e-05
2.188163307519452e-05
2.872106325798399e-05
3.769453778255922e-05
4.945009207393708e-05
6.479550022777906e-05
8.497745361615398e-05
1.113095748148452e-04
1.458069157748296e-04
1.910542334927813e-04
2.498009668014990e-04
3.269017033039025e-04
4.273646108614221e-04
5.586850416352845e-04
7.300458006313012e-04
9.558578972121579e-04
1.250361271781118e-03
1.635718887920148e-03
2.139269118593609e-03
2.799325915307341e-03
3.662550360195744e-03
4.785976703142903e-03
6.269445005506418e-03
8.209367940770085e-03
1.074468542966513e-02
1.406346431468651e-02
1.840611775929581e-02
2.408912323132293e-02
3.152629884209563e-02
4.122285091003271e-02
5.377476108825528e-02
6.999239850049274e-02
9.071213264969476e-02
1.170067335549304e-01
1.501177391625096e-01
1.913355436757191e-01
2.418828393629999e-01
3.025055128444925e-01
3.732898381011339e-01
4.534230684658660e-01
5.406980095011844e-01
6.315963241744850e-01
7.216114330639951e-01
8.057678438851622e-01
8.826720454501136e-01
9.839519931615817e-01
###3.600000000000000e+00
7.320546697249103e-09
2.621127432153643e-08
9.779925783377071e-10
1.285973588836850e-09
1.663864283366294e-09
2.576964759916692e-09
2.742700922461439e-09
4.689211432674719e-10
3.010682001386010e-09
2.964377912070750e-09
3.176794761681771e-09
3.136870914975056e-09
3.159452904411709e-09
3.203069456867457e-09
3.250788505972036e-09
3.324570059610633e-09
3.465854776310735e-09
3.664405954092426e-09
3.900704739535290e-09
4.175210203232897e-09
4.588780102137706e-09
5.118553446191083e-09
5.730378111839240e-09
6.569009729346683e-09
7.669194511393468e-09
9.074457195166819e-09
1.099083554719564e-08
1.343250949717344e-08
1.674886923752691e-08
2.107746234937141e-08
2.679503384287483e-08
3.428417674299936e-08
4.420196103096223e-08
5.729306097953621e-08
7.451913827611796e-08
9.734879953429738e-08
1.273203847409424e-07
1.667591156820070e-07
2.196255834955773e-07
2.896381922396860e-07
3.822084343253014e-07
5.032983575148468e-07
6.639098370679600e-07
8.776981248404554e-07
1.157352291546754e-06
1.525502571307420e-06
2.014658268684546e-06
2.652966751768143e-06
3.494590307533311e-06
4.610551566151963e-06
6.072766117163632e-06
7.999288696259472e-06
1.053139528477536e-05
1.388996869983913e-05
1.822364240256093e-05
2.394339817604692e-05
3.145423503814194e-05
4.131554375292693e-05
5.424930365097602e-05
7.115166121334019e-05
9.341841548706148e-05
1.225040140208201e-04
1.606679362064069e-04
2.108292693811728e-04
2.759786339165664e-04
3.616638495012041e-04
4.734960508286880e-04
6.199277115400158e-04
8.113455141095803e-04
1.064061162751000e-03
1.394164416050818e-03
1.826907157457201e-03
2.393136934597127e-03
3.136470674499750e-03
4.109722964639036e-03
5.377334660762619e-03
7.052810513512486e-03
9.244794774387811e-03
1.210930684146092e-02
1.585816153979468e-02
2.075701710854379e-02
2.715989174763794e-02
3.552075125534615e-02
4.638953314863452e-02
6.040530408896715e-02
7.843373459583380e-02
1.013336199202191e-01
1.302061512536680e-01
1.662739145181655e-01
2.107556420126937e-01
2.647123928154765e-01
3.286280444161762e-01
4.022146091846754e-01
4.842109761042319e-01
5.719530091773570e-01
6.615608513789294e-01
7.483697944800738e-01
8.275523789358282e-01
8.977519930882131e-01
9.862861213885594e-01
###4.000000000000000e+00
7.321807244119625e-09
2.618602344659271e-08
1.063499532338949e-09
1.418153341759769e-09
1.808630118665929e-09
2.794013952584495e-09
2.985413558794618e-09
7.941271898079078e-10
3.256419110610902e-09
3.204373818224282e-09
3.417535433476837e-09
3.419796059494624e-09
3.461082224854162e-09
3.520238944615345e-09
3.595068330050271e-09
3.693189675294920e-09
3.862913172603986e-09
4.115980729726739e-09
4.356577730505756e-09
4.672804244659834e-09
5.128264338383149e-09
5.710046442792336e-09
6.395379471896079e-09
7.315686044538634e-09
8.523399476368684e-09
1.006494024815907e-08
1.214993490419813e-08
1.482225360869797e-08
1.842174407664268e-08
2.312900512820148e-08
2.933312286364252e-08
3.747928469995138e-08
4.825091963838360e-08
6.246284128083160e-08
8.112044944826485e-08
1.059292319074870e-07
1.385179850240209e-07
1.814460026804287e-07
2.389102074177506e-07
3.150070589081082e-07
4.155609224011333e-07
5.474338410256352e-07
7.222140151059609e-07
9.543985116235208e-07
1.259575553730282e-06
1.660853403833610e-06
2.194091157216498e-06
2.890587300381211e-06
3.809161435341300e-06
5.028181806607247e-06
6.626292452430882e-06
8.735585508382342e-06
1.150657252386863e-05
1.518606376594256e-05
1.993745512445274e-05
2.621764437314810e-05
3.447119754164717e-05
4.531726639010970e-05
5.955988590560203e-05
7.819632066535905e-05
1.027795462684380e-04
1.349357332057800e-04
1.771855518740386e-04
2.328332518799051e-04
3.051456664097817e-04
4.004385563825666e-04
5.250065892916281e-04
6.883767788896665e-04
9.022720603423918e-04
1.185146460904599e-03
1.555163012488204e-03
2.040924894430297e-03
2.677348904058228e-03
3.513800723625147e-03
4.609834505575193e-03
6.040099448339032e-03
7.927301460918280e-03
1.039848724267815e-02
1.362633841470158e-02
1.784731381413141e-02
2.335545295514273e-02
3.054089875271733e-02
3.989933070926985e-02
5.202428736339780e-02
6.759430118478602e-02
8.752425760476486e-02
1.126903475694763e-01
1.442011332951556e-01
1.832435602848705e-01
2.309399611642750e-01
2.881591854269746e-01
3.551183019794862e-01
4.311422675976900e-01
5.145422029699928e-01
6.022555055241471e-01
6.901344802618438e-01
7.734492173665211e-01
8.475984325605398e-01
9.113695902702692e-01
9.883628024605745e-01
###4.399999999999999e+00
7.424911452474179e-09
2.603689999327229e-08
1.164809061938777e-09
1.543452316122168e-09
1.881814933267808e-09
3.016473945772635e-09
3.220770309134759e-09
1.102806771609054e-09
3.494423438869636e-09
3.452498649172527e-09
3.689208116608096e-09
3.712722724765856e-09
3.770515710366370e-09
3.846223940762015e-09
3.955478876226063e-09
4.091136466929328e-09
4.281136496849925e-09
4.592947715019324e-09
4.841998348722423e-09
5.202589844771595e-09
5.707294269362058e-09
6.347058183420690e-09
7.109944835463184e-09
8.122079860286373e-09
9.446590592751958e-09
1.114131053785911e-08
1.341197558901078e-08
1.633368040194592e-08
2.024919226251009e-08
2.536692613446781e-08
3.210885945507397e-08
4.096078667921342e-08
5.266596592169278e-08
6.810304653212524e-08
8.832001941572867e-08
1.152781305571514e-07
1.507275738168980e-07
1.974636226225259e-07
2.599469230233648e-07
3.426746494941900e-07
4.519845888110821e-07
5.955889251964293e-07
7.858906315006222e-07
1.038273070207441e-06
1.371278226524877e-06
1.808855063177290e-06
2.390482070529279e-06
3.150867441760992e-06
4.154090555901165e-06
5.486567091823344e-06
7.233851769216844e-06
9.544777961112320e-06
1.257933935359533e-05
1.661230250772137e-05
2.182684407570178e-05
2.872684707449877e-05
3.780389545185035e-05
4.974230730957325e-05
6.543967949102118e-05
8.600164110783019e-05
1.131680784287975e-04
1.487488893520047e-04
1.955597926489763e-04
2.573213692898875e-04
3.376572391108113e-04
4.436914145783991e-04
5.825044487154261e-04
7.648961812489789e-04
1.003884468012413e-03
1.320503772658341e-03
1.735143968736231e-03
2.280244596425538e-03
2.995115537506251e-03
3.935375583829029e-03
5.168179135165767e-03
6.780331822234472e-03
8.900676220836403e-03
1.167999511294075e-02
1.530771570462416e-02
2.004572930850676e-02
2.621759748631834e-02
3.424992874998380e-02
4.468119318699385e-02
5.814609838210207e-02
7.535831317720888e-02
9.727808380169198e-02
1.247841396208360e-01
1.589801665823630e-01
2.010004624189212e-01
2.518431285806134e-01
3.121735925844425e-01
3.819071815282286e-01
4.600039014686153e-01
5.443673790687108e-01
6.315862907816517e-01
7.173406142635811e-01
7.969033283198217e-01
8.659942189612426e-01
9.236268831732772e-01
9.901664423804358e-01
###4.800000000000000e+00
7.437063482591498e-09
2.594263526580548e-08
1.266861901563388e-09
1.669001276971579e-09
2.046272417785476e-09
3.249366699800212e-09
3.456722360255084e-09
1.446476463740244e-09
3.758133120324137e-09
3.713689243804536e-09
3.956767787975138e-09
4.016587377237222e-09
4.103195103689885e-09
4.208531330289287e-09
4.340454990756108e-09
4.502564271231466e-09
4.724533976448081e-09
5.063080438163392e-09
5.359017691993012e-09
5.770729693239691e-09
6.327109685119671e-09
7.030997635514599e-09
7.879084715172770e-09
8.993935187824629e-09
1.044573625520742e-08
1.230473910685815e-08
1.477883602046367e-08
1.797342006652701e-08
2.223095106541192e-08
2.779360965763641e-08
3.512645151450542e-08
4.474787059477606e-08
5.745098006944954e-08
7.423489507465961e-08
9.617993619327388e-08
1.254964802535380e-07
1.640592928433624e-07
2.149485853465834e-07
2.829144717863704e-07
3.728584487513053e-07
4.917693544907609e-07
6.482270234071793e-07
8.555098662642075e-07
1.130093901848832e-06
1.493475211200330e-06
1.970900769963914e-06
2.605481107548482e-06
3.436101045692487e-06
4.532533520759367e-06
5.989842873893174e-06
7.901377883283082e-06
1.043396742174402e-05
1.375992605990545e-05
1.818372498325587e-05
2.391075844157968e-05
3.149717862414875e-05
4.148607428512906e-05
5.463748234029089e-05
7.195221703426144e-05
9.465894040676850e-05
1.246988494489239e-04
1.640896050072357e-04
2.159935992913285e-04
2.845706175620317e-04
3.738750753540095e-04
4.919132146801470e-04
6.466414388682063e-04
8.502997070762464e-04
1.117358517042490e-03
1.471695782460203e-03
1.936195705135820e-03
2.547454504222647e-03
3.349693602907591e-03
4.405476831657761e-03
5.790219159112032e-03
7.602863961683352e-03
9.981541467798550e-03
1.309981962613004e-02
1.716517037470262e-02
2.246747723854309e-02
2.935850758186764e-02
3.830462477087309e-02
4.988402267849801e-02
6.477160124905013e-02
8.371402915208047e-02
1.077060933011246e-01
1.376189521352085e-01
1.745397424507924e-01
2.195128514835010e-01
2.733901329919363e-01
3.366821556284475e-01
4.089199958624811e-01
4.887208436488330e-01
5.736209885141347e-01
6.599227593305538e-01
7.431688191056754e-01
8.187637096448721e-01
8.828064205460175e-01
9.346020075545152e-01
9.917660287426154e-01
###5.200000000000000e+00
7.496686919083045e-09
2.586934560357303e-08
1.343715024102913e-09
1.805647644463653e-09
2.199446741443174e-09
3.465200102102895e-09
3.717051685201329e-09
1.805491027189511e-09
4.007297259827575e-09
3.985540525052056e-09
4.235589283091594e-09
4.325561913107967e-09
4.440677622338242e-09
4.579017338083518e-09
4.739551272843550e-09
4.936737250479923e-09
5.191260545448556e-09
5.564844811101316e-09
5.909079696742262e-09
6.379311433553419e-09
6.990131604099198e-09
7.754394789335946e-09
8.706740871780594e-09
9.933415014271860e-09
1.152441474061958e-08
1.356327879077925e-08
1.626446666723230e-08
1.974931232208323e-08
2.437683504582114e-08
3.043921369216288e-08
3.840455053360718e-08
4.886023675727706e-08
6.266951094988804e-08
8.091377056124470e-08
1.047621195214753e-07
1.366521258086135e-07
1.786134586422469e-07
2.340132957342174e-07
3.079436425279143e-07
4.058166024878631e-07
5.352307506169419e-07
7.057176514034040e-07
9.315747399189471e-07
1.230634824932524e-06
1.627174875654885e-06
2.148304092900213e-06
2.840961391405210e-06
3.748967956307876e-06
4.948213330622695e-06
6.543119724839747e-06
8.635330677775218e-06
1.141230276721615e-05
1.506002650637124e-05
1.991536420333544e-05
2.620963355351853e-05
3.455628111732502e-05
4.555793990524211e-05
6.005802706828215e-05
7.916814684401873e-05
1.042581454755387e-04
1.374948901169481e-04
1.811364369132183e-04
2.387212637950834e-04
3.149064946061701e-04
4.142120515323359e-04
5.456661214202670e-04
7.181759566492188e-04
9.455519356701916e-04
1.243964647173833e-03
1.640303934561826e-03
2.160413518302348e-03
2.845321416253143e-03
3.744713640176313e-03
4.928480362890624e-03
6.481436014921856e-03
8.514972244620351e-03
1.117872745172217e-02
1.466849846112013e-02
1.921221544069550e-02
2.512682706227902e-02
3.279612115300387e-02
4.272303794585145e-02
5.552628509109544e-02
7.191845976654664e-02
9.267413574404114e-02
1.188121991443686e-01
1.511899809492924e-01
1.908605666963928e-01
2.387553070651829e-01
2.955755973204824e-01
3.616219795927875e-01
4.360752955033522e-01
5.172170506525544e-01
6.022320652686163e-01
6.871921458029999e-01
7.675999312310143e-01
8.390541137027329e-01
8.980921973762420e-01
9.443794562913500e-01
9.931593746009020e-01
###5.600000000000001e+00
7.524707447735967e-09
2.575180501788506e-08
1.473332275445209e-09
1.937166338470295e-09
2.355286271263114e-09
3.691581165080425e-09
3.955116566313260e-09
2.136141690127352e-09
4.261799090928719e-09
4.275603951898345e-09
4.525625996083293e-09
4.644662370374154e-09
4.790724032340611e-09
4.969714114890839e-09
5.156015552729574e-09
5.391721084157308e-09
5.688307589768538e-09
6.105899250057561e-09
6.491961494580883e-09
7.022944119859034e-09
7.702860789267171e-09
8.544056206820680e-09
9.594139522046252e-09
1.094656729811735e-08
1.268971127801070e-08
1.492172382561942e-08
1.786889256801256e-08
2.167347949402221e-08
2.671477022231068e-08
3.330831560886078e-08
4.197509494693453e-08
5.334224054575325e-08
6.836082517075923e-08
8.819449592083291e-08
1.141277015375396e-07
1.488107255677542e-07
1.944917491833705e-07
2.548207105540403e-07
3.352710402024337e-07
4.417857375233997e-07
5.827071059692253e-07
7.685573919547534e-07
1.014754345750393e-06
1.341124309836377e-06
1.773591892799763e-06
2.342691868556127e-06
3.099287987174973e-06
4.092327543115437e-06
5.404580611696517e-06
7.151209609085648e-06
9.442824386029893e-06
1.248933332363970e-05
1.649283288166338e-05
2.182552831893951e-05
2.874800276871862e-05
3.793702350183134e-05
5.006015131010598e-05
6.605519972719690e-05
8.716048091245580e-05
1.149041318896937e-04
1.517019220315766e-04
2.000810690267189e-04
2.639895062074665e-04
3.486541372952667e-04
4.591148695311889e-04
6.055170828312044e-04
7.978791471272169e-04
1.051681699987850e-03
1.385048410610573e-03
1.828198206725195e-03
2.410047980502391e-03
3.176779489353700e-03
4.183832743176132e-03
5.509339138014989e-03
7.247946989698306e-03
9.524378678542507e-03
1.250100797471065e-02
1.639685759086444e-02
2.146088892714384e-02
2.803904777815700e-02
3.654599278878807e-02
4.752289431149306e-02
6.162661956921695e-02
7.960447748049997e-02
1.022491522467872e-01
1.306055737308775e-01
1.654927562213617e-01
2.079144023766927e-01
2.586927898896026e-01
3.183411829753161e-01
3.869300410888795e-01
4.632984761885189e-01
5.453967252942119e-01
6.301156394450520e-01
7.133489872808543e-01
7.906246569062213e-01
8.577999492289399e-01
9.119134141851895e-01
9.530232016612651e-01
9.943533141398117e-01
###6.000000000000001e+00
7.551788370348004e-09
2.564233212704405e-08
1.569018268728576e-09
2.079833581341952e-09
2.551381473081931e-09
3.925998068631276e-09
4.209427267056763e-09
2.463561665726186e-09
4.538712757191067e-09
4.552877345880598e-09
4.842378897452863e-09
4.980108240654247e-09
5.163327771623459e-09
5.370247881168754e-09
5.602484532511760e-09
5.867984471779600e-09
6.206047178913590e-09
6.666786045810604e-09
7.111963208959312e-09
7.706034738009496e-09
8.462393043378499e-09
9.389416227075169e-09
1.054962143101576e-08
1.203461885620530e-08
1.394650832204155e-08
1.639551421603537e-08
1.960403315767648e-08
2.376193348136196e-08
2.925051737146114e-08
3.642327040075624e-08
4.585250138167197e-08
5.822925957957882e-08
7.456556303175680e-08
9.612087739447177e-08
1.243477119780965e-07
1.620583098341975e-07
2.118106375335025e-07
2.775200654072201e-07
3.651465413055067e-07
4.810819997379806e-07
6.345847404068869e-07
8.372666042809600e-07
1.105776602270253e-06
1.462244537285664e-06
1.933951867235660e-06
2.555751138560495e-06
3.382665636411005e-06
4.469115905964009e-06
5.905943596552508e-06
7.819487077400654e-06
1.033140465728313e-05
1.367500921862694e-05
1.807196808361986e-05
2.393235412497409e-05
3.155128312956204e-05
4.167299661810895e-05
5.502976312703128e-05
7.269844553578145e-05
9.602154330583353e-05
1.267145686795689e-04
1.674753788780916e-04
2.211299954516073e-04
2.920786799899543e-04
3.861936513379711e-04
5.090858036853664e-04
6.721410001592690e-04
8.865977990993114e-04
1.169807805116334e-03
1.542053755101717e-03
2.037228041421584e-03
2.687722641572788e-03
3.545071247210970e-03
4.671198600281131e-03
6.153186132923344e-03
8.096136605287073e-03
1.063867061855131e-02
1.395759884722771e-02
1.829659234961325e-02
2.392500443784909e-02
3.121899205906709e-02
4.062570633848261e-02
5.272078357257032e-02
6.820195714388319e-02
8.784353690923467e-02
1.124540807395510e-01
1.430898884592864e-01
1.805266547242204e-01
2.256938055386301e-01
2.792885516887820e-01
3.416253253856424e-01
4.125258492235195e-01
4.905081372137356e-01
5.731869322433677e-01
6.572085669429386e-01
7.383478157859727e-01
8.122227796459729e-01
8.750227192081489e-01
9.243362128462398e-01
9.606135865703982e-01
9.953823000689987e-01
###6.400000000000001e+00
7.581980398966564e-09
2.555039078589912e-08
1.681012117183412e-09
2.200697842076804e-09
2.724986307368477e-09
4.163108273986751e-09
4.457445000370729e-09
2.802525611694492e-09
4.825717090913114e-09
4.851927879240195e-09
5.157729994077177e-09
5.330064937119735e-09
5.556356111131059e-09
5.788381909319533e-09
6.063211936259417e-09
6.374497561679936e-09
6.757151008756965e-09
7.260397474528626e-09
7.759475516109330e-09
8.434597883678155e-09
9.268838084796647e-09
1.029323512040302e-08
1.157433675746287e-08
1.320484786893004e-08
1.530064031647313e-08
1.798423154233792e-08
2.148555576880135e-08
2.602359500869700e-08
3.199835889310314e-08
3.981048821325805e-08
5.006773262156425e-08
6.354014605951240e-08
8.131257784987941e-08
1.047630711512542e-07
1.354719161841744e-07
1.765282915225507e-07
2.306790717695396e-07
3.022963107155285e-07
3.977406479775105e-07
5.240155980295210e-07
6.912995171614168e-07
9.123996389018754e-07
1.205374863355410e-06
1.594768190055090e-06
2.109650926467447e-06
2.789345826584557e-06
3.693518177223350e-06
4.883001950534682e-06
6.457436816110469e-06
8.554586391915971e-06
1.130934610919620e-05
1.498273783712621e-05
1.981312346572871e-05
2.625727502353877e-05
3.464882839223777e-05
4.580311166356497e-05
6.052529992753774e-05
8.005585837094808e-05
1.058429256561183e-04
1.398180502075149e-04
1.849849695491937e-04
2.445013743569558e-04
3.232932399919584e-04
4.279093271634906e-04
5.646475504196645e-04
7.462480725729528e-04
9.852582345487785e-04
1.301157800673233e-03
1.716573544099889e-03
2.269478070101012e-03
2.995963389204941e-03
3.953586468792568e-03
5.210946239644549e-03
6.865381871780249e-03
9.032658413235204e-03
1.186631252017769e-02
1.555924875389239e-02
2.037873391060601e-02
2.661763039040370e-02
3.468141641281746e-02
4.505051103701770e-02
5.833734176803197e-02
7.526793567611005e-02
9.664913448732820e-02
1.232969942889957e-01
1.562645968188711e-01
1.962700819653134e-01
2.441648218032949e-01
3.004959137825211e-01
3.653685083758565e-01
4.383372006324837e-01
5.176100468807672e-01
6.004848644129441e-01
6.834339351169413e-01
7.621360031805611e-01
8.323866756396520e-01
8.907732560201684e-01
9.354279783922600e-01
9.672263251210291e-01
9.962528782385283e-01
###6.800000000000002e+00
7.613007126879623e-09
2.544649729675739e-08
1.781546781555473e-09
2.327290817397070e-09
2.899777900169246e-09
4.409457800589125e-09
4.696013808588624e-09
3.133276999505110e-09
5.107343601442171e-09
5.200474430450445e-09
5.486257023798791e-09
5.692029697056915e-09
5.962155276459519e-09
6.228988420707571e-09
6.554335749013788e-09
6.901682261394933e-09
7.334762441652012e-09
7.888518399894145e-09
8.458240576765260e-09
9.206555131726370e-09
1.012921627569093e-08
1.125870428679753e-08
1.267377861430933e-08
1.446541296208583e-08
1.675829512766770e-08
1.969551438232573e-08
2.351831686931491e-08
2.846535610551069e-08
3.497299522508146e-08
4.348317718471796e-08
5.465379889082154e-08
6.931504438650441e-08
8.864462411431490e-08
1.141764852001849e-07
1.476016055100722e-07
1.923111188428598e-07
2.512707141770786e-07
3.293508318963775e-07
4.333165379790436e-07
5.709682971591949e-07
7.533196635941613e-07
9.946207743743879e-07
1.314459884524319e-06
1.739862705944694e-06
2.302261031499776e-06
3.045612269170096e-06
4.034940287359969e-06
5.337598175460713e-06
7.064225532651935e-06
9.363706571781673e-06
1.238798692165964e-05
1.642321539085957e-05
2.173367560745530e-05
2.882474323145424e-05
3.807119244457028e-05
5.036962697822119e-05
6.660860406617823e-05
8.820318075471573e-05
1.167290703291041e-04
1.543512763944198e-04
2.044154297233142e-04
2.704506069719615e-04
3.579616182639978e-04
4.742691230668954e-04
6.263993239911585e-04
8.285941997215485e-04
1.094907730334143e-03
1.447105197811694e-03
1.910367643421960e-03
2.527148661841058e-03
3.337670880210226e-03
4.405887700128684e-03
5.807918387968036e-03
7.651599289860330e-03
1.006462441082790e-02
1.321609413381479e-02
1.731538015571350e-02
2.265528493388256e-02
2.955259586523149e-02
3.844352995844353e-02
4.983917443549679e-02
6.438393518486432e-02
8.284095867482853e-02
1.060365751182903e-01
1.347828343906463e-01
1.701273223190076e-01
2.127147694519991e-01
2.632999197416379e-01
3.222721305514867e-01
3.895023962858818e-01
4.642826479675431e-01
5.445139560986521e-01
6.272119049204472e-01
7.087103788423537e-01
7.846689724248979e-01
8.511165289020882e-01
9.050776715726032e-01
9.452617064446994e-01
9.729427595992483e-01
9.969890751792152e-01
###7.200000000000002e+00
8.018866129519476e-09
2.537472198446000e-08
1.863401362154011e-09
2.465675325928662e-09
3.092331589838002e-09
4.675680838102345e-09
4.955906108959880e-09
3.470363702915603e-09
5.403917636448041e-09
5.514593304833389e-09
5.828023770370583e-09
6.066482913848641e-09
6.382876504652774e-09
6.701252630440172e-09
7.058501620946958e-09
7.451989760970568e-09
7.942136275582996e-09
8.554458002841856e-09
9.199334112547674e-09
1.002857136312023e-08
1.104645967571573e-08
1.229278300654179e-08
1.385256925678736e-08
1.581826770622640e-08
1.832566400751977e-08
2.154477344103851e-08
2.571152577519703e-08
3.111343015585513e-08
3.820462342281975e-08
4.746716745931648e-08
5.962063487351415e-08
7.559967427994934e-08
9.662483722306206e-08
1.244374137476463e-07
1.608322798506724e-07
2.095029613127677e-07
2.737610903898448e-07
3.588780435272973e-07
4.722006687209738e-07
6.222744180108326e-07
8.212004025257607e-07
1.084640829240875e-06
1.433929288919490e-06
1.898766746042043e-06
2.513362567119109e-06
3.326901960700148e-06
4.409699975916706e-06
5.837328363076509e-06
7.731494241760897e-06
1.025452661605643e-05
1.357724878129963e-05
1.801370330341398e-05
2.385420046208979e-05
3.166019857629067e-05
4.185285914534508e-05
5.542070260318839e-05
7.334138130209751e-05
9.722917490609898e-05
1.287928095623174e-04
1.704674663230311e-04
2.259741157633986e-04
2.992546081480469e-04
3.964630041403547e-04
5.257409087693388e-04
6.949748769813970e-04
9.199938223285733e-04
1.216605109284785e-03
1.608958914468336e-03
2.125213945658890e-03
2.812671956018012e-03
3.715893601949617e-03
4.905804325165668e-03
6.466721002012958e-03
8.517754001870700e-03
1.119930453185111e-02
1.469694456191283e-02
1.923921973148785e-02
2.513961144972576e-02
3.274449348677750e-02
4.251993091959776e-02
5.500553804052025e-02
7.088117714838445e-02
9.093584525690124e-02
1.160142642860141e-01
1.469173721801582e-01
1.846741176989205e-01
2.298451754333042e-01
2.830674756426171e-01
3.445607255203729e-01
4.139553834061617e-01
4.902792664179902e-01
5.711221029537086e-01
6.532865657935679e-01
7.329779875306373e-01
8.059126066858450e-01
8.684199991522138e-01
9.179978683219572e-01
9.539181699979350e-01
9.778440428910270e-01
9.976000854658790e-01
###7.600000000000002e+00
8.075634084423052e-09
2.524614394750629e-08
1.975888057114673e-09
2.606806964639592e-09
3.278216170985031e-09
4.914661564782085e-09
5.212425387222662e-09
3.814326896583328e-09
5.699599365455282e-09
5.837352099928576e-09
6.184762641591155e-09
6.463257518289073e-09
6.818531030043809e-09
7.180616069803267e-09
7.585390390257482e-09
8.034368483418914e-09
8.588041395905529e-09
9.265117327341522e-09
9.983650818740875e-09
1.090270670651100e-08
1.202523225588492e-08
1.339935692938129e-08
1.511428830590883e-08
1.727139987121093e-08
2.001820441440152e-08
2.353827426948190e-08
2.808624207783080e-08
3.398094267661852e-08
4.170151830495262e-08
5.179275400785481e-08
6.503008793448328e-08
8.242897076534737e-08
1.053459253820492e-07
1.356111485681779e-07
1.752730212473839e-07
2.282762839767274e-07
2.983193988357873e-07
3.911391266148372e-07
5.146916803720520e-07
6.783842444417846e-07
8.954894766846042e-07
1.183144933633466e-06
1.564833045649651e-06
2.073013039425423e-06
2.745093952814035e-06
3.635849138292071e-06
4.821530033696560e-06
6.386989944681889e-06
8.465624955853555e-06
1.123535075682972e-05
1.488754625558064e-05
1.976786262356165e-05
2.619395366233613e-05
3.479255471414034e-05
4.603371222287062e-05
6.100759938057329e-05
8.079536369365062e-05
1.072268765202346e-04
1.421660028079879e-04
1.883349514522198e-04
2.498861293188295e-04
3.312077260026903e-04
4.391713801967534e-04
5.828536078656914e-04
7.710608329885370e-04
1.021403395521277e-03
1.351551051680728e-03
1.788360337834200e-03
2.363191980762682e-03
3.128536644416365e-03
4.133915156685247e-03
5.457650979153001e-03
7.192839810509819e-03
9.470557198379650e-03
1.244483328742840e-02
1.631787121460449e-02
2.133955395790950e-02
2.784437177085359e-02
3.620814263626606e-02
4.692625696266790e-02
6.056876934389239e-02
7.784329502715143e-02
9.956747536898174e-02
1.265924741020124e-01
1.597055540348867e-01
1.998987227736269e-01
2.476370778850181e-01
3.034326419128979e-01
3.673079496091187e-01
4.386611242716825e-01
5.162341216682302e-01
5.973622261291597e-01
6.786260451354883e-01
7.561698550443597e-01
8.258459444909261e-01
8.843166835895715e-01
9.295866192072535e-01
9.614792801360131e-01
9.820048307265331e-01
9.981028138097374e-01
###8.000000000000002e+00
8.119024465211249e-09
2.512628333520061e-08
2.093283992395310e-09
2.754615077620488e-09
3.458674558354880e-09
5.169026670590100e-09
5.479489349007506e-09
4.159806201284648e-09
6.003498514891301e-09
6.175410735192932e-09
6.559486156530235e-09
6.877840171282398e-09
7.270840099518085e-09
7.688334893810871e-09
8.152629967467747e-09
8.646964928439621e-09
9.265820689957059e-09
1.000694708297136e-08
1.081585004550214e-08
1.183220451621864e-08
1.306777451802596e-08
1.458081134799920e-08
1.646251903650874e-08
1.882971656337540e-08
2.183658685778713e-08
2.568303486146228e-08
3.064931763246322e-08
3.708084491319977e-08
4.549661124886567e-08
5.648227676946164e-08
7.090539597576283e-08
8.985995272311186e-08
1.147983599281652e-07
1.477970328391428e-07
1.910150770084538e-07
2.487744827296109e-07
3.251273434635646e-07
4.263683357646557e-07
5.611354706003461e-07
7.397787371298878e-07
9.767759165140662e-07
1.291076306764953e-06
1.708321424527293e-06
2.264160478328707e-06
2.999524270516526e-06
3.975265240652378e-06
5.274332935646714e-06
6.991510582111065e-06
9.273816943952674e-06
1.231588909500577e-05
1.633212539325822e-05
2.170290516217267e-05
2.877761458869104e-05
3.825325318631046e-05
5.065587838979574e-05
6.718924372210436e-05
8.904734422357411e-05
1.182952419182013e-04
1.569820361368936e-04
2.081425773146933e-04
2.763935778705704e-04
3.666372100611607e-04
4.865362769867918e-04
6.461808194934398e-04
8.553923528645442e-04
1.133803633343274e-03
1.501065089236291e-03
1.986920665226483e-03
2.626335707640271e-03
3.477490587932560e-03
4.595255214182819e-03
6.065453581566490e-03
7.991215975531056e-03
1.051616799194960e-02
1.380893629706405e-02
1.808915471041899e-02
2.362855900437779e-02
3.078262508891321e-02
3.995778397682378e-02
5.167814105905198e-02
6.654281209508027e-02
8.528543902477750e-02
1.087467765397409e-01
1.377794058650677e-01
1.731430653402611e-01
2.157859180938217e-01
2.660653737749376e-01
3.243476951020005e-01
3.904545982454749e-01
4.635374909850726e-01
5.420709212817272e-01
6.231318094324241e-01
7.031475002451572e-01
7.782427664786514e-01
8.444544528231501e-01
8.988383909818066e-01
9.399134799249000e-01
9.680335056718046e-01
9.855091190869039e-01
9.985200940454001e-01
###8.400000000000002e+00
8.162737459141821e-09
2.504238546522536e-08
2.218858577471512e-09
2.859926348966023e-09
3.644685804577297e-09
5.402395821811757e-09
5.753243070421963e-09
4.498071901807131e-09
6.308712992349371e-09
6.517537218578543e-09
6.947358407637620e-09
7.313444371907763e-09
7.743456177396095e-09
8.212940500496823e-09
8.732061293479840e-09
9.275391227755788e-09
9.976206190976079e-09
1.079153994120198e-08
1.169391885435683e-08
1.281896860651454e-08
1.417680810024589e-08
1.583917994844491e-08
1.790685110975030e-08
2.050078578653765e-08
2.378544523526167e-08
2.798960475030617e-08
3.341535354449831e-08
4.042920668700053e-08
4.961027847502379e-08
6.156769304635474e-08
7.728557217907537e-08
9.795057030516344e-08
1.250837855770054e-07
1.610709719803751e-07
2.081886405531431e-07
2.711367747636835e-07
3.543651078125186e-07
4.648731923867053e-07
6.119204125228029e-07
8.069222269515824e-07
1.065779413612266e-06
1.409367025006359e-06
1.865612658288564e-06
2.473825381868154e-06
3.278781916803567e-06
4.348245831899955e-06
5.772210844186506e-06
7.656782937903284e-06
1.016388643444647e-05
1.350650905105656e-05
1.792470883088400e-05
2.383775500375808e-05
3.163096438088171e-05
4.207691243617583e-05
5.576800709572726e-05
7.402559694260418e-05
9.818457161856697e-05
1.305526479513721e-04
1.733928889359162e-04
2.300765084979899e-04
3.057690342216378e-04
4.059075028799765e-04
5.390240569453006e-04
7.163587394069484e-04
9.488136963528215e-04
1.258264006621522e-03
1.666462898451089e-03
2.206449702770210e-03
2.917095116469810e-03
3.862462141451862e-03
5.103485210390764e-03
6.734011805363035e-03
8.867996608353043e-03
1.166214592263817e-02
1.529993931467553e-02
2.002077327559467e-02
2.611623093174806e-02
3.396721420582870e-02
4.400841543563614e-02
5.679228328026961e-02
7.294245615502891e-02
9.322258089375592e-02
1.184856781100995e-01
1.495802875464765e-01
1.872296901399141e-01
2.323208662845302e-01
2.851038076732966e-01
3.457676159819791e-01
4.139340454817985e-01
4.885044711578392e-01
5.676914491097861e-01
6.483476572590080e-01
7.267931183840535e-01
7.991532691342471e-01
8.617429211192561e-01
9.120248898817126e-01
9.490540883945123e-01
9.736723228982301e-01
9.884339576268264e-01
9.988615992945667e-01
###8.800000000000002e+00
8.205972490706165e-09
2.496760993935330e-08
2.320967982045363e-09
3.017945564032651e-09
3.841474432417169e-09
5.652696390010736e-09
6.027133449768919e-09
4.853888045512938e-09
6.632308664898926e-09
6.877170864984768e-09
7.341339188248581e-09
7.757882904547453e-09
8.235569529445415e-09
8.757255182454228e-09
9.335428455728188e-09
9.951252261636842e-09
1.070139014210730e-08
1.161931130618103e-08
1.262297293014558e-08
1.386114077715547e-08
1.535308282564302e-08
1.718022547215070e-08
1.944867439508709e-08
2.229018666011818e-08
2.588313538856444e-08
3.047588065878796e-08
3.639632829457726e-08
4.405236035900219e-08
5.405759897219239e-08
6.708366391948606e-08
8.421241284057235e-08
1.067372638700140e-07
1.362834620110136e-07
1.755068754353016e-07
2.268927943957394e-07
2.955359558504226e-07
3.863356026111074e-07
5.069411448462321e-07
6.674664164088227e-07
8.804331035818266e-07
1.163274513742797e-06
1.538974992436717e-06
2.038239493207000e-06
2.703973095033019e-06
3.585657557190322e-06
4.758010757270870e-06
6.319985572128878e-06
8.389129398622697e-06
1.114412250943237e-05
1.481941367430993e-05
1.968174653469555e-05
2.619433351625318e-05
3.478281784950795e-05
4.630184842280561e-05
6.141806077007455e-05
8.159039443407359e-05
1.083174536913237e-04
1.441187885585541e-04
1.915649809253573e-04
2.543795807012090e-04
3.383033206161669e-04
4.493992813731547e-04
5.971404823611957e-04
7.940253328841067e-04
1.052147984172058e-03
1.395881783032167e-03
1.849241098953859e-03
2.448879250690815e-03
3.237625927288846e-03
4.286482955688338e-03
5.662316215066391e-03
7.468248213453195e-03
9.828812619113655e-03
1.291487554736170e-02
1.692713613915272e-02
2.212523914235749e-02
2.881578283967532e-02
3.741220688197774e-02
4.837398359944365e-02
6.228209423240597e-02
7.978122843820298e-02
1.016665276453963e-01
1.287928562568576e-01
1.619968470049754e-01
2.019571570814898e-01
2.495045137298094e-01
3.047092486760606e-01
3.676365347346076e-01
4.376772538790499e-01
5.134833282816261e-01
5.930151359393222e-01
6.729321906372334e-01
7.494816817447206e-01
8.188698644959378e-01
8.777141019706114e-01
9.239290697512289e-01
9.570879574363554e-01
9.784809008669126e-01
9.908493723362980e-01
9.991218040429248e-01
###9.200000000000003e+00
8.249569812116710e-09
2.490143988756746e-08
2.440064404469976e-09
3.167267969066770e-09
4.035417424605122e-09
5.906096947395316e-09
6.306462894753009e-09
5.208713467622111e-09
6.963294237427780e-09
7.246131396017709e-09
7.749451762129960e-09
8.217205345699986e-09
8.747967529409261e-09
9.324149323723117e-09
9.972718348368573e-09
1.065669533649648e-08
1.148696970577718e-08
1.249257752459761e-08
1.360479551227327e-08
1.496610440368241e-08
1.660646981460225e-08
1.861072801233848e-08
2.109372227906344e-08
2.420571131454027e-08
2.813344916293687e-08
3.314926023667432e-08
3.961235692851465e-08
4.796500104241685e-08
5.886983210464975e-08
7.306844023351430e-08
9.171960607562459e-08
1.162868950440465e-07
1.484724720926917e-07
1.912056187220318e-07
2.472916069881142e-07
3.221981531571779e-07
4.212929871263068e-07
5.529510894540116e-07
7.282271633353231e-07
9.609133259651421e-07
1.270111172008005e-06
1.681137689997126e-06
2.227630749969345e-06
2.956649778105921e-06
3.922960041057379e-06
5.208588741675134e-06
6.922548149282179e-06
9.196021625408908e-06
1.222384660990487e-05
1.626669901936011e-05
2.162035145200103e-05
2.879560181229826e-05
3.826344883533972e-05
5.097090944258011e-05
6.766654466379525e-05
8.995613467302393e-05
1.195519260998516e-04
1.591385309675604e-04
2.116769813239558e-04
2.812778433462328e-04
3.743201369541087e-04
4.975343010586053e-04
6.614520675594697e-04
8.799532599594623e-04
1.166418234947111e-03
1.547904337626496e-03
2.051029011197940e-03
2.716190400460463e-03
3.590756493786930e-03
4.752877498290990e-03
6.276144279508772e-03
8.273213928017132e-03
1.088043724465970e-02
1.428300816252166e-02
1.869950880385671e-02
2.441034457331571e-02
3.173876764373255e-02
4.113108591694927e-02
5.306986599041955e-02
6.816213123860347e-02
8.707304154314618e-02
1.106296151369165e-01
1.396745177332236e-01
1.750312591653368e-01
2.173151950292618e-01
2.672604670363953e-01
3.248559484228801e-01
3.899134737481983e-01
4.616180945004881e-01
5.383927930347637e-01
6.179548623237787e-01
6.968058782938562e-01
7.711625363926415e-01
8.373675713818692e-01
8.923870837252273e-01
9.346070885468027e-01
9.641009566103709e-01
9.825505318209826e-01
9.928273547637838e-01
9.993339554904863e-01
###9.600000000000003e+00
8.280377262658256e-09
2.480766375526401e-08
2.581465733809129e-09
3.333230625766155e-09
4.191437111259318e-09
6.167035967483191e-09
6.589222971035039e-09
5.567600245688279e-09
7.300810676079596e-09
7.621272999531998e-09
8.177888564018498e-09
8.694405203305599e-09
9.278937536139838e-09
9.917112334280520e-09
1.063194210683967e-08
1.139713867060749e-08
1.231250602285817e-08
1.341422674928613e-08
1.464859599102620e-08
1.613606817267700e-08
1.793624023588851e-08
2.013366710885225e-08
2.285378284512764e-08
2.625802996047369e-08
3.054971232393518e-08
3.602571693528990e-08
4.307429885406233e-08
5.219537318018717e-08
6.408160573220711e-08
7.955185396405209e-08
9.987546793547013e-08
1.266729118549473e-07
1.617518585461042e-07
2.083140460021411e-07
2.695786643732934e-07
3.512961371199079e-07
4.594759550166881e-07
6.033096556528817e-07
7.947427094822663e-07
1.049033364764521e-06
1.387201547342048e-06
1.836962529685683e-06
2.435429534159528e-06
3.234230056185727e-06
4.293669296882583e-06
5.704108677103378e-06
7.585622403520479e-06
1.008385278246243e-05
1.341283926451701e-05
1.786230822953239e-05
2.375800975570771e-05
3.166588037938474e-05
4.210720409747142e-05
5.612981972425185e-05
7.457451480803796e-05
9.920987209690448e-05
1.319746169098838e-04
1.757532333060646e-04
2.339316812204278e-04
3.110370189881291e-04
4.141633697342561e-04
5.507704938493489e-04
7.325397855522840e-04
9.748876959040774e-04
1.292599491829852e-03
1.715679910865558e-03
2.273405980925011e-03
3.010528861690394e-03
3.979067204199731e-03
5.265101123391747e-03
6.949155805114264e-03
9.154238350329229e-03
1.202890382160750e-02
1.577400822218335e-02
2.062651012050966e-02
2.688735783699249e-02
3.489829276722912e-02
4.513691716603649e-02
5.810916136356371e-02
7.444454361067254e-02
9.483880867336601e-02
1.201236747994953e-01
1.511359706545873e-01
1.886762451377876e-01
2.332907534412576e-01
2.856036981515369e-01
3.454883519389099e-01
4.125216126538910e-01
4.856838294827704e-01
5.631472602908608e-01
6.424213087705211e-01
7.198882445822558e-01
7.917809289691204e-01
8.546374203984696e-01
9.057919630854337e-01
9.441235957817162e-01
9.701759817353478e-01
9.859642706272613e-01
9.944299745050291e-01
9.994996705687479e-01
###1.000000000000000e+01
8.361814412639016e-09
2.475961466101449e-08
2.711708881662630e-09
3.490134151580898e-09
4.400525773773624e-09
6.426301000202434e-09
6.871390833739222e-09
5.940059297172539e-09
7.648052071022804e-09
8.017417917706642e-09
8.619841849049565e-09
9.189403192514536e-09
9.850659152709388e-09
1.053689779692493e-08
1.132188954834637e-08
1.217362707198207e-08
1.317960558031956e-08
1.438236650210682e-08
1.574257392049611e-08
1.737576896879216e-08
1.934958983985448e-08
2.175446626212695e-08
2.473062517647074e-08
2.845110479005776e-08
3.314170014284028e-08
3.912121938675113e-08
4.680118095382054e-08
5.676861351904374e-08
6.972855721239608e-08
8.658041900663278e-08
1.087281077884545e-07
1.379839089540697e-07
1.762069289815133e-07
2.269744334185756e-07
2.938742922800517e-07
3.830608579437921e-07
5.012156567097519e-07
6.583465696186245e-07
8.675535997525238e-07
1.145550535223931e-06
1.515630840281715e-06
2.007992227983307e-06
2.663644999828091e-06
3.539062424309244e-06
4.701233937274534e-06
6.249413616243503e-06
8.315734763241374e-06
1.106224728807540e-05
1.472231924466738e-05
1.962202417999165e-05
2.611745661475528e-05
3.483530256631393e-05
4.635309339515241e-05
6.182873216035114e-05
8.220881349491069e-05
1.094418557031339e-04
1.457043066886911e-04
1.941233908185664e-04
2.585385762078099e-04
3.439345912161696e-04
4.582036163657018e-04
6.096011570898512e-04
8.110453807660940e-04
1.079698011270172e-03
1.431795730456304e-03
1.900578783270669e-03
2.518277702272493e-03
3.334265726053236e-03
4.405515127745762e-03
5.826922480521315e-03
7.685855740364128e-03
1.011701996223177e-02
1.328164335429426e-02
1.739599975300892e-02
2.271780010444146e-02
2.956771728957485e-02
3.830713827758108e-02
4.944378298635074e-02
6.350734821076506e-02
8.114840152594210e-02
1.030888242184877e-01
1.301550117128601e-01
1.631838436202998e-01
2.029349324778758e-01
2.498847993815511e-01
3.045008115250153e-01
3.665621604164406e-01
4.354058985477579e-01
5.097969140672560e-01
5.876659189632710e-01
6.663391449453585e-01
7.421244104186305e-01
8.113060942024009e-01
8.706691340168016e-01
9.179690930653945e-01
9.525507498724987e-01
9.753979428508350e-01
9.888030077868729e-01
9.957164622316828e-01
9.996359122068024e-01
###1.040000000000000e+01
8.429172980231306e-09
2.469586345644252e-08
2.852328727855517e-09
3.656457183050903e-09
4.614438910252479e-09
6.687983708403832e-09
7.161473304680791e-09
6.310741334579527e-09
8.015895027667377e-09
8.427251355992174e-09
9.076214458434251e-09
9.704966022379081e-09
1.042319061607805e-08
1.118081883909069e-08
1.204704926624975e-08
1.298367719784125e-08
1.408807235176641e-08
1.539320614241180e-08
1.689985716368632e-08
1.868864709551560e-08
2.085223628864153e-08
2.348062218186065e-08
2.673564183706083e-08
3.080154972320317e-08
3.592534842235345e-08
4.245214523898491e-08
5.082099267862353e-08
6.170304979466233e-08
7.583289078399129e-08
9.421954739481635e-08
1.183592322756826e-07
1.502664132570760e-07
1.919324584058064e-07
2.473437341911496e-07
3.204397357209525e-07
4.177535343044021e-07
5.468290484272070e-07
7.185926426500225e-07
9.473244970705102e-07
1.251386476977656e-06
1.656418819126201e-06
2.195723090528691e-06
2.914196121971206e-06
3.873946525341715e-06
5.149492331294887e-06
6.849291988893433e-06
9.119333627913494e-06
1.213966265854836e-05
1.616643948387058e-05
2.156308181130681e-05
2.872071855055557e-05
3.833259552075963e-05
5.104250521652876e-05
6.812650784007735e-05
9.064391910645904e-05
1.207463705739132e-04
1.608763255997287e-04
2.144312943964718e-04
2.857340615885529e-04
3.802948825090495e-04
5.068634358195141e-04
6.745427415470105e-04
8.976889871823450e-04
1.195283338698454e-03
1.585222864476493e-03
2.104167852279386e-03
2.787656743317695e-03
3.689932589216282e-03
4.873468104242135e-03
6.442249833920267e-03
8.491533729870457e-03
1.116761256956082e-02
1.464514254234988e-02
1.915852293865857e-02
2.498326735847149e-02
3.246299823531507e-02
4.197865808863240e-02
5.406683179038364e-02
6.928223028021167e-02
8.828772481793047e-02
1.118285330087043e-01
1.407352447540399e-01
1.758182160213339e-01
2.177957543601823e-01
2.670668172076990e-01
3.239276092356665e-01
3.880333964868702e-01
4.585096868559465e-01
5.338810113311542e-01
6.118689418867190e-01
6.896395328287370e-01
7.634546580118510e-01
8.297155864137753e-01
8.854924973356506e-01
9.289661178009501e-01
9.599621607588311e-01
9.798538170689978e-01
9.911424464953338e-01
9.967375061528059e-01
9.997269264196009e-01
###1.080000000000000e+01
8.489317161523500e-09
2.464012695958400e-08
2.965884063362637e-09
3.821830507225696e-09
4.821768145759040e-09
6.957079053988881e-09
7.459922043209126e-09
6.685728052992618e-09
8.383893475191561e-09
8.842747355744438e-09
9.548042760289746e-09
1.024193769083875e-08
1.102420579173200e-08
1.185430216108945e-08
1.281683562399421e-08
1.383313709090955e-08
1.504493936753513e-08
1.647155267294140e-08
1.812227259611255e-08
2.007898500165416e-08
2.244758833635565e-08
2.531835425282722e-08
2.887769705115588e-08
3.331715006577902e-08
3.884335245990519e-08
4.603301291147017e-08
5.515594738957156e-08
6.692215563957366e-08
8.243477855730940e-08
1.024964008489439e-07
1.288208810579242e-07
1.636279450546995e-07
2.090859598809529e-07
2.695330427574417e-07
3.494031583585360e-07
4.556624904058745e-07
5.967142524486893e-07
7.844345747953599e-07
1.034613347232541e-06
1.367458774688490e-06
1.810897844491557e-06
2.401769778589101e-06
3.189530029076466e-06
4.242143704652905e-06
5.642410239726138e-06
7.509511286978208e-06
1.000433944771198e-05
1.332676854188284e-05
1.775807560214813e-05
2.370325918977803e-05
3.159238667662361e-05
4.218689726737300e-05
5.621775421576399e-05
7.508131258970773e-05
9.996114473155073e-05
1.332438907131180e-04
1.776273217137703e-04
2.368699391317900e-04
3.157743360921219e-04
4.204491980630548e-04
5.605712393087883e-04
7.462085173462111e-04
9.932431368030472e-04
1.322629443784470e-03
1.754117415022162e-03
2.328038558974921e-03
3.083516309579125e-03
4.080112166830139e-03
5.386042413042891e-03
7.115180172895186e-03
9.371113649563360e-03
1.231229157306519e-02
1.612752197415259e-02
2.106997800863839e-02
2.743348195509581e-02
3.558500896287719e-02
4.592482904457768e-02
5.901757518644628e-02
7.544503661779464e-02
9.587385622057260e-02
1.210714262806349e-01
1.518652759338488e-01
1.890370351250597e-01
2.332468700935520e-01
2.848070647336917e-01
3.438371519787753e-01
4.098545090876087e-01
4.817601471260969e-01
5.578602971376204e-01
6.356719844530053e-01
7.122404514042832e-01
7.838262404461567e-01
8.469835481611305e-01
8.991125389435222e-01
9.388377164358797e-01
9.664354134092268e-01
9.836269730969351e-01
9.930534194721250e-01
9.975393656110130e-01
9.997995320310114e-01
###1.120000000000000e+01
8.538275497523837e-09
2.457604498285858e-08
3.139469108822303e-09
3.995151102394926e-09
5.033764249795623e-09
7.234754991699368e-09
7.766262332400832e-09
7.072827763660925e-09
8.766491686310720e-09
9.272020524038342e-09
1.003618796457351e-08
1.079240264837712e-08
1.164620407396304e-08
1.255490876946945e-08
1.361276884506477e-08
1.472377354101589e-08
1.605034714283463e-08
1.760754206754926e-08
1.941653704631965e-08
2.155261717641936e-08
2.413971436237466e-08
2.727613847985954e-08
3.116079145238249e-08
3.600646240265915e-08
4.205368337602432e-08
4.988331277968147e-08
5.982838837153969e-08
7.267025859429622e-08
8.958196477462226e-08
1.114716264414400e-07
1.401913314333240e-07
1.781584957920728e-07
2.277785802636845e-07
2.937306696643037e-07
3.810297555081174e-07
4.971038767471348e-07
6.512837957612465e-07
8.566098759557547e-07
1.130278843306384e-06
1.494689960703301e-06
1.980437389435132e-06
2.628044877281993e-06
3.491993011918731e-06
4.646849656370146e-06
6.184524820817925e-06
8.236211134451862e-06
1.097904015445067e-05
1.463466700373931e-05
1.951308146416710e-05
2.606390556081477e-05
3.476117846868495e-05
4.644206021992197e-05
6.193069128335291e-05
8.276144443092230e-05
1.102515344454030e-04
1.470461778896349e-04
1.961126369140539e-04
2.616415927325893e-04
3.489313831814801e-04
4.647601156188219e-04
6.197934518982326e-04
8.252138070229802e-04
1.098496735655065e-03
1.462826967266316e-03
1.939830660370021e-03
2.573944251561254e-03
3.408091263227746e-03
4.507551599614259e-03
5.946786860444898e-03
7.850052162732905e-03
1.032978933034272e-02
1.355749324596427e-02
1.773638364063245e-02
2.313919646203123e-02
3.007883106669133e-02
3.894593516874555e-02
5.015830794263116e-02
6.431181060840707e-02
8.200707412954183e-02
1.039189301172555e-01
1.308302524142330e-01
1.635528317158691e-01
2.028372079462752e-01
2.492764309665312e-01
3.030735511168887e-01
3.641867333439799e-01
4.319623890690795e-01
5.050841637892108e-01
5.816536763926224e-01
6.590028352780088e-01
7.340878399414945e-01
8.032002014905043e-01
8.631048827522656e-01
9.115620262430224e-01
9.476443512737289e-01
9.720503713673330e-01
9.867956640267502e-01
9.946004178755015e-01
9.981633069793303e-01
9.998542335009980e-01
###1.160000000000000e+01
8.592066296287231e-09
2.452013806616130e-08
3.287310630909975e-09
4.176038348291247e-09
5.244886999651191e-09
7.519223077382550e-09
8.077037254806369e-09
7.456414088043826e-09
9.158498696272652e-09
9.729677007629891e-09
1.054345824150729e-08
1.136456009994532e-08
1.229255599518499e-08
1.328585462841187e-08
1.443654211982915e-08
1.565936762797383e-08
1.710637176977396e-08
1.880355594493227e-08
2.077923151146929e-08
2.311287221649046e-08
2.593633938053654e-08
2.936184927736696e-08
3.359846455290104e-08
3.888235462045615e-08
4.549499179393567e-08
5.402128054496334e-08
6.486362150893414e-08
7.887743486581140e-08
9.731968511642085e-08
1.211980771074114e-07
1.525390843408649e-07
1.939635516026734e-07
2.481248374640939e-07
3.202364680376425e-07
4.155651491879155e-07
5.424008414698589e-07
7.110013449442239e-07
9.356139627738891e-07
1.235113919924512e-06
1.634195834794409e-06
2.166436528046630e-06
2.876408953432729e-06
3.824124219358914e-06
5.091921546057810e-06
6.780897389705847e-06
9.036302559347952e-06
1.205283188194238e-05
1.607588459198109e-05
2.144784104753141e-05
2.866666036048712e-05
3.825532877889822e-05
5.113816341889686e-05
6.823788167374453e-05
9.123630437700359e-05
1.216080706570448e-04
1.622731264728967e-04
2.165105465691894e-04
2.889731615304026e-04
3.855015627385010e-04
5.136083844404571e-04
6.850601681713311e-04
9.122092657906972e-04
1.214313535324645e-03
1.616955269944953e-03
2.143813995448240e-03
2.843777741794370e-03
3.763841763105455e-03
4.975362541816166e-03
6.559374077677615e-03
8.651550563023970e-03
1.137310514320253e-02
1.490961921333564e-02
1.947971973992461e-02
2.537513147255705e-02
3.292959875438504e-02
4.255454384084104e-02
5.469293359872092e-02
6.996143419214715e-02
8.898103205047944e-02
1.124338064949881e-01
1.411160694160432e-01
1.758000671469547e-01
2.172130414025210e-01
2.658679994330430e-01
3.218406582352452e-01
3.849286743612593e-01
4.542973458321017e-01
5.284178027876864e-01
6.051899858981430e-01
6.817895080776358e-01
7.551145898373778e-01
8.215404344321221e-01
8.780847887061591e-01
9.228818092319586e-01
9.554491344221697e-01
9.768862138918342e-01
9.894348472169462e-01
9.958402528693711e-01
9.986427053780059e-01
9.998962895806377e-01
###1.200000000000001e+01
8.652197126019186e-09
2.446524007958002e-08
3.427784919742446e-09
4.373361567911256e-09
5.469913576467182e-09
7.800277186363679e-09
8.391765454893713e-09
7.851416260022878e-09
9.569868572217083e-09
1.019292131679198e-08
1.106588581617105e-08
1.197594079408076e-08
1.296595932482176e-08
1.404886945033230e-08
1.529609506253327e-08
1.663896116444758e-08
1.821467828108255e-08
2.006414295378908e-08
2.221800953321562e-08
2.476298716371930e-08
2.784288392794169e-08
3.158114339498755e-08
3.620164920339148e-08
4.195018814661560e-08
4.918489065570545e-08
5.846616500053008e-08
7.029287579080387e-08
8.558628924326078e-08
1.057050764012281e-07
1.317476685624253e-07
1.659551801729481e-07
2.111630921240381e-07
2.702925861768339e-07
3.490254679516863e-07
4.532752128923075e-07
5.919240531621909e-07
7.763455143284757e-07
1.022129783503692e-06
1.350076742941307e-06
1.787224423518101e-06
2.370623478330964e-06
3.149271511074215e-06
4.188669420433543e-06
5.581456118036896e-06
7.437127443161040e-06
9.916948503685216e-06
1.323500349769332e-05
1.766403156213349e-05
2.358302958931913e-05
3.153716592397415e-05
4.211017152907032e-05
5.631929128081562e-05
7.519554720591308e-05
1.005891627116174e-04
1.341371613948357e-04
1.790769405314338e-04
2.390129605577380e-04
3.191120638062603e-04
4.258112047915399e-04
5.674356868691970e-04
7.569345068037112e-04
1.007930334994301e-03
1.341648150379786e-03
1.786305288850229e-03
2.367668395469894e-03
3.139504895060072e-03
4.153126163431510e-03
5.486519345135638e-03
7.227626553017052e-03
9.524443131531226e-03
1.250707695709796e-02
1.637633393547345e-02
2.136584471303874e-02
2.778835224158637e-02
3.599786976616204e-02
4.642341153686871e-02
5.954040048951199e-02
7.597972354457076e-02
9.638105856958050e-02
1.214293510410130e-01
1.519191660512864e-01
1.886068863655080e-01
2.321550667939140e-01
2.829975337396190e-01
3.410757706670454e-01
4.060196061557724e-01
4.768041145212650e-01
5.516913455301932e-01
6.283928117784060e-01
7.039655918362723e-01
7.752735125210543e-01
8.388311006040213e-01
8.919308646719269e-01
9.331108755912912e-01
9.623251193774037e-01
9.810196560061274e-01
9.916145912435825e-01
9.968248081660422e-01
9.990073569371971e-01
9.999289994223464e-01
###1.240000000000001e+01
8.724425171945874e-09
2.440996256107230e-08
3.569719082572350e-09
4.553335582700499e-09
5.697740630371188e-09
8.086491149733344e-09
8.721086432337395e-09
8.253470142150770e-09
9.986250574899007e-09
1.067209665603512e-08
1.160918835442449e-08
1.259074928173476e-08
1.366472362350767e-08
1.484100487507808e-08
1.619433513508363e-08
1.766138538676803e-08
1.937881314719749e-08
2.138934443462641e-08
2.373645582841374e-08
2.651164881327568e-08
2.986482958883756e-08
3.394646234891931e-08
3.897893486100743e-08
4.524911907553072e-08
5.314190349743093e-08
6.324750405703281e-08
7.615284269983571e-08
9.284431311342206e-08
1.147807356930779e-07
1.431843153772175e-07
1.805326677943850e-07
2.298714369090244e-07
2.944595131737239e-07
3.804117871033052e-07
4.944401754461578e-07
6.460833763933671e-07
8.478337679953391e-07
1.116884888741459e-06
1.476070820664698e-06
1.955138031394436e-06
2.594772297851673e-06
3.449009653605626e-06
4.589836981832600e-06
6.119903331551076e-06
8.159559653099569e-06
1.088640785907893e-05
1.453732997986934e-05
1.941386895768655e-05
2.593662644366806e-05
3.470134283666711e-05
4.636000155423229e-05
6.203229785008134e-05
8.286835311522751e-05
1.109005535051422e-04
1.479527589184834e-04
1.976043390007514e-04
2.638222345833724e-04
3.523263290585830e-04
4.702219061909719e-04
6.267832711176482e-04
8.360202390476596e-04
1.113176944036166e-03
1.481546849096167e-03
1.972070090683504e-03
2.612996831607848e-03
3.463192142412220e-03
4.578746606368521e-03
6.044350222512632e-03
7.955691195210019e-03
1.047373456077058e-02
1.373789819310277e-02
1.796473067071334e-02
2.340372348788968e-02
3.038824046319161e-02
3.929360811784102e-02
5.056703005432071e-02
6.471468658805114e-02
8.237972910747089e-02
1.042180911134992e-01
1.309120889438772e-01
1.632513270630702e-01
2.019687189220750e-01
2.476542457860574e-01
3.006448664389786e-01
3.607438364621294e-01
4.274077318280507e-01
4.994166515060596e-01
5.748298518835784e-01
6.511952359133873e-01
7.254681878221586e-01
7.945217319589117e-01
8.550497059149272e-01
9.046604199241853e-01
9.423011613672641e-01
9.683395995316390e-01
9.845260797038790e-01
9.933977135207577e-01
9.975944886757453e-01
9.992760910500785e-01
9.999746568849064e-01
###1.280000000000001e+01
8.798835494759108e-09
2.436033669487981e-08
3.721355047633815e-09
4.739669949495912e-09
5.930771558586166e-09
8.378110227144550e-09
9.051531211046600e-09
8.669976480003746e-09
1.041527768923477e-08
1.116489584069236e-08
1.216886433903349e-08
1.323044357828883e-08
1.439366953483621e-08
1.567282727603123e-08
1.713576907565916e-08
1.873551872132296e-08
2.060026547217499e-08
2.278486233682293e-08
2.533884205374922e-08
2.836112936192358e-08
3.201259116022587e-08
3.645584259571157e-08
4.194296489208398e-08
4.877471373870053e-08
5.738700935726434e-08
6.839184266288940e-08
8.246319224754260e-08
1.004157717904462e-07
1.245968235950409e-07
1.555976593447199e-07
1.963580223552859e-07
2.502281281305214e-07
3.207833467289214e-07
4.146866649023551e-07
5.394476211063846e-07
7.053226805052577e-07
9.260712848231784e-07
1.220750567274562e-06
1.614206784603693e-06
2.139433001450087e-06
2.840968641303026e-06
3.778378976355575e-06
5.031472858000492e-06
6.712092258273290e-06
8.954299020663884e-06
1.195389806012808e-05
1.597181271537553e-05
2.134230148314399e-05
2.852977925641384e-05
3.818942086824821e-05
5.104599871946025e-05
6.833366998525774e-05
9.133012557994115e-05
1.222724080642763e-04
1.631857006690665e-04
2.180237037192550e-04
2.911478620486673e-04
3.889060993947808e-04
5.191083708305277e-04
6.920667600229360e-04
9.229569366157960e-04
1.228774528278058e-03
1.635059136855746e-03
2.175702136449173e-03
2.881637243850224e-03
3.817149999743517e-03
5.043352149314445e-03
6.652459414753869e-03
8.748095187077172e-03
1.150473517102522e-02
1.507192712259018e-02
1.968205942870034e-02
2.560183902647312e-02
3.318547568226041e-02
4.282909421876219e-02
5.499835343421198e-02
7.022750628259683e-02
8.917182977354265e-02
1.125012923366272e-01
1.408908347054097e-01
1.751174788442719e-01
2.158819883010304e-01
2.636891485275154e-01
3.187803553042521e-01
3.808031353938762e-01
4.490334747671145e-01
5.220642278671368e-01
5.977601113565313e-01
6.735187759996438e-01
7.462294591890100e-01
8.128201303179537e-01
8.701966933515233e-01
9.163066805007862e-01
9.505102018252137e-01
9.735658505691167e-01
9.874768726314550e-01
9.948445240824727e-01
9.981944543714630e-01
9.994787084657366e-01
9.999789260099846e-01
###1.320000000000001e+01
8.860077438480564e-09
2.433488051575490e-08
3.874262404663336e-09
4.938135086960264e-09
6.175519755985901e-09
8.679470577530501e-09
9.392753295208537e-09
9.091689589744651e-09
1.085834462316200e-08
1.167600938457665e-08
1.275083728404766e-08
1.389452789243109e-08
1.515113992335334e-08
1.654782265799531e-08
1.812048040982991e-08
1.985841108981541e-08
2.188461884820097e-08
2.425377087097548e-08
2.703148160355013e-08
3.032004032287835e-08
3.429198359441760e-08
3.912875366225102e-08
4.510571240168812e-08
5.254990317565766e-08
6.194200809056552e-08
7.392797260571010e-08
8.927007097767871e-08
1.089029479136362e-07
1.352226093587970e-07
1.690686813663901e-07
2.135564903853816e-07
2.723850140769197e-07
3.494812786184210e-07
4.521246936904226e-07
5.886050361394677e-07
7.701234728737725e-07
1.011765002291467e-06
1.334538467048687e-06
1.765757300003291e-06
2.341672570732903e-06
3.111300756657192e-06
4.140355305753545e-06
5.516902649096578e-06
7.363269776417108e-06
9.829029668603185e-06
1.312927970501309e-05
1.755158729346204e-05
2.346688697779377e-05
3.138786736696561e-05
4.203444896259900e-05
5.621080126344234e-05
7.527849034982070e-05
1.006544594439230e-04
1.348038537793225e-04
1.799894742621894e-04
2.405150299679521e-04
3.212457316329574e-04
4.291641253691868e-04
5.728834981542607e-04
7.638188566816281e-04
1.018445858261122e-03
1.355645112460714e-03
1.803354619682130e-03
2.398701565192460e-03
3.175417892235269e-03
4.203736202992287e-03
5.550107182695739e-03
7.314565856326490e-03
9.609181461886357e-03
1.262264756528913e-02
1.651561131965432e-02
2.153645165652057e-02
2.796912311941590e-02
3.619029114429422e-02
4.661510037773919e-02
5.972992468889081e-02
7.609189725048143e-02
9.636915620004066e-02
1.212406090367254e-01
1.513720004000098e-01
1.875190415053566e-01
2.303347822220602e-01
2.802464343855723e-01
3.373772727257746e-01
4.012106523759273e-01
4.708496067710253e-01
5.446841916623856e-01
6.204114681808970e-01
6.953012405004384e-01
7.662042169745807e-01
8.301426383998024e-01
8.842664973983748e-01
9.268991011855870e-01
9.577964690559251e-01
9.780763668388754e-01
9.899431834494884e-01
9.960108822432482e-01
9.986618119983507e-01
9.996327864400278e-01
9.999949066721163e-01
###1.360000000000001e+01
8.929407258636851e-09
2.430278102948080e-08
4.025098671659002e-09
5.139095619877806e-09
6.422565353231673e-09
8.983223258312678e-09
9.746834544581370e-09
9.525276325388229e-09
1.131511394359107e-08
1.220419379528552e-08
1.335321891482234e-08
1.458579390051940e-08
1.593860081173500e-08
1.744763938074328e-08
1.914653126334739e-08
2.103567543085802e-08
2.323296959713392e-08
2.580252849360341e-08
2.881770507326625e-08
3.239229316078644e-08
3.671008513085608e-08
4.197230018451368e-08
4.848120214840582e-08
5.659101743345651e-08
6.682923234776448e-08
7.988585707613805e-08
9.660926356483502e-08
1.180741607487535e-07
1.467337920971942e-07
1.837021857361196e-07
2.322659967688060e-07
2.965022866086000e-07
3.807759367451088e-07
4.930267029151790e-07
6.422143949201631e-07
8.409888904844258e-07
1.105308190485004e-06
1.459275952036255e-06
1.932008652729864e-06
2.563582673833387e-06
3.408257189083681e-06
4.538247673664306e-06
6.050679023956824e-06
8.079406443768221e-06
1.079152623922937e-05
1.442324274522003e-05
1.929122317715523e-05
2.580637797909541e-05
3.453640103974843e-05
4.627119837828647e-05
6.190214572562059e-05
8.293031956587450e-05
1.109303285415758e-04
1.486079125785741e-04
1.984922970594786e-04
2.652692897029065e-04
3.543509513963418e-04
4.734401035492645e-04
6.319804936151433e-04
8.425955829659958e-04
1.123195853374032e-03
1.494747813159792e-03
1.987637324087037e-03
2.642563641814618e-03
3.496309708868239e-03
4.625505541905842e-03
6.102058381837776e-03
8.034408809074337e-03
1.054390630078380e-02
1.383390547735401e-02
1.807616941589574e-02
2.353638839183789e-02
3.051566983268502e-02
3.941239925046339e-02
5.066351637648717e-02
6.477393599348638e-02
8.231804233289822e-02
1.039838356780414e-01
1.304457040779075e-01
1.623572354813466e-01
2.004549652993296e-01
2.453207793479720e-01
2.973044431128398e-01
3.563970092434776e-01
4.219200497346229e-01
4.927884263493519e-01
5.672106977003673e-01
6.427193211557559e-01
7.164765768663498e-01
7.853439031287027e-01
8.464705718518201e-01
8.972827699646589e-01
9.364846951876042e-01
9.642254458537658e-01
9.819423024826607e-01
9.919880411117482e-01
9.969422647742814e-01
9.990194996291052e-01
9.997448364062007e-01
9.999949066721163e-01
###1.400000000000001e+01
8.994734171445186e-09
2.426654949553721e-08
4.185822430683576e-09
5.337341368826244e-09
6.671365806740051e-09
9.297576753979165e-09
1.010478821801024e-08
9.965871557288638e-09
1.178557237353494e-08
1.275146328120577e-08
1.397805465513602e-08
1.530142476608778e-08
1.675661820776425e-08
1.838567136326878e-08
2.021908998931378e-08
2.226777477470177e-08
2.464921875193984e-08
2.743370337827986e-08
3.070563516905831e-08
3.458274335611145e-08
3.928123262576634e-08
4.500117055719788e-08
5.208294772761705e-08
6.091686924508433e-08
7.206764337612449e-08
8.629302973475075e-08
1.045317850858742e-07
1.279837693860839e-07
1.592043984863262e-07
1.995674051638751e-07
2.525824844850259e-07
3.227748986674294e-07
4.149127328987148e-07
5.377015348674405e-07
7.009230634270375e-07
9.185172467048117e-07
1.208111353398545e-06
1.596036147100896e-06
2.114310151616176e-06
2.807121456576409e-06
3.734453913717786e-06
4.975412387797809e-06
6.637734708537611e-06
8.866985564233119e-06
1.185082636425936e-05
1.584735051547018e-05
2.120677894524517e-05
2.838338887025962e-05
3.800436497039188e-05
5.093563961643857e-05
6.816768833377622e-05
9.135574694395212e-05
1.222399922754034e-04
1.638047448962988e-04
2.188445727265705e-04
2.924971380347018e-04
3.907556712567650e-04
5.220800112836650e-04
6.968835715742785e-04
9.290550280014383e-04
1.238095376996424e-03
1.647042143230049e-03
2.189226002159226e-03
2.909083895101679e-03
3.846511010190776e-03
5.084996440620723e-03
6.702442168217271e-03
8.816297826797321e-03
1.155703204191879e-02
1.514435577125960e-02
1.976051997065533e-02
2.569009803024878e-02
3.325087053158748e-02
4.286414793141515e-02
5.498646320185577e-02
7.014094817868569e-02
8.892218184989935e-02
1.120226309953555e-01
1.401225744384818e-01
1.738539677790366e-01
2.139142061450865e-01
2.608320382650062e-01
3.148462938351289e-01
3.758134308056628e-01
4.428878578580859e-01
5.148023940896590e-01
5.895733781236340e-01
6.646100852403914e-01
7.369891071451855e-01
8.036117567629129e-01
8.617878246590653e-01
9.092584029917932e-01
9.451052065479184e-01
9.698601810722841e-01
9.852300677693049e-01
9.936672833692282e-01
9.976764388375603e-01
9.992873031957018e-01
9.998228156880241e-01
9.999949066721163e-01
###1.440000000000001e+01
9.075095624595929e-09
2.423181842882213e-08
4.351833418754475e-09
5.542072283828534e-09
6.930489514830521e-09
9.602069546865590e-09
1.047151257672240e-08
1.041199596192080e-08
1.227016522204042e-08
1.330487843523170e-08
1.462440486981045e-08
1.604348158037994e-08
1.761037719556153e-08
1.936425357593512e-08
2.134170111669904e-08
2.355788958157179e-08
2.613476772252768e-08
2.915003448211791e-08
3.269679535045564e-08
3.690025975917885e-08
4.200904185748099e-08
4.822972883142565e-08
5.592894586332002e-08
6.554959894150403e-08
7.769418909725118e-08
9.318824115191459e-08
1.130811212245340e-07
1.387066214292690e-07
1.727271379255243e-07
2.167866070617186e-07
2.746817842338879e-07
3.514221612615872e-07
4.521593292414011e-07
5.864905854142824e-07
7.651710731889738e-07
1.003390737457690e-06
1.320763644698626e-06
1.745965546254544e-06
2.314101699927009e-06
3.074597201398937e-06
4.092846183072094e-06
5.456053883869568e-06
7.282910383635651e-06
9.733591848907726e-06
1.301626777697843e-05
1.741474970537156e-05
2.331582452967737e-05
3.122102623877531e-05
4.182159507693862e-05
5.607301052332557e-05
7.506951585747930e-05
1.006333953853133e-04
1.346900760007243e-04
1.805224818548344e-04
2.412351328537573e-04
3.224385018815457e-04
4.307527378085687e-04
5.755024224202046e-04
7.680956179839135e-04
1.023800824154347e-03
1.363921150736757e-03
1.813747866092764e-03
2.409557113711529e-03
3.199927367522669e-03
4.228280115084528e-03
5.585113976336604e-03
7.354701397559189e-03
9.664395741808740e-03
1.265400182264329e-02
1.655949130492214e-02
2.157598272320719e-02
2.800534006009440e-02
3.618341703031772e-02
4.655436311972560e-02
5.959426960892032e-02
7.584280048932543e-02
9.591106734264582e-02
1.205008629715976e-01
1.502819553131835e-01
1.858612789421187e-01
2.278975693314541e-01
2.768455893576950e-01
3.328318940702776e-01
3.955786102718615e-01
4.640557734259703e-01
5.368186435807516e-01
6.117179826371550e-01
6.860314475414309e-01
7.567927650716431e-01
8.209812549068910e-01
8.760987193241238e-01
9.202171301884126e-01
9.528166096162938e-01
9.747665100336894e-01
9.880048404747003e-01
9.950344918118295e-01
9.982495650347544e-01
9.994864615398518e-01
9.998779031484282e-01
9.999949066721163e-01
###1.480000000000001e+01
9.158183590739786e-09
2.420544184634621e-08
4.513053296243148e-09
5.755328864730785e-09
7.195153329644058e-09
9.926897345879277e-09
1.084881837370223e-08
1.087340495510982e-08
1.276880162868186e-08
1.388797885536702e-08
1.529487761462368e-08
1.681432104679247e-08
1.849506281262297e-08
2.038449798605182e-08
2.251524439679305e-08
2.491174552894985e-08
2.769864795079539e-08
3.095829710746424e-08
3.479933526460612e-08
3.935583069067506e-08
4.490150154657807e-08
5.166666962839938e-08
6.003895788065784e-08
7.050787674764484e-08
8.372757539845833e-08
1.006061756314260e-07
1.222986193139280e-07
1.502876986156293e-07
1.873770801921089e-07
2.354819036977654e-07
2.987209719226826e-07
3.826262181986984e-07
4.927951654614997e-07
6.398171975530590e-07
8.354211975146485e-07
1.096328395982365e-06
1.444240795488551e-06
1.910364246001516e-06
2.533618790119150e-06
3.368298455568179e-06
4.486536763970780e-06
5.984156107752730e-06
7.992330593854298e-06
1.068701636127100e-05
1.429838964966308e-05
1.914012780434472e-05
2.563611844793006e-05
3.434271438722572e-05
4.602043857371613e-05
6.172724432413411e-05
8.266561298616223e-05
1.108419076941992e-04
1.483826203703978e-04
1.989128005808715e-04
2.658356449798562e-04
3.553305580804243e-04
4.746731490384254e-04
6.341157500093913e-04
8.461700506588295e-04
1.127576148155865e-03
1.501593124454117e-03
1.995915194374051e-03
2.650138775378536e-03
3.517159669586621e-03
4.643956137766162e-03
6.128802018366598e-03
8.062897469395635e-03
1.058320088351156e-02
1.383994626988289e-02
1.808693060865562e-02
2.353044188051620e-02
3.049192769094117e-02
3.932451454053255e-02
5.049499873711932e-02
6.449882521058883e-02
8.189227817663700e-02
1.032952954671098e-01
1.294210611477151e-01
1.609221999421429e-01
1.983784440366625e-01
2.423928206287138e-01
2.933462371648649e-01
3.512387477848796e-01
4.156497672754266e-01
4.853759302450548e-01
5.587770184691442e-01
6.335697317406899e-01
7.069108822481819e-01
7.758380162712780e-01
8.374191855443330e-01
8.893992873498623e-01
9.301981125035439e-01
9.596721755330224e-01
9.790097997757771e-01
9.903301852571318e-01
9.961389503829474e-01
9.986936185058229e-01
9.996336801811252e-01
9.999167135886429e-01
9.999949066721163e-01
###1.520000000000001e+01
9.241268516427121e-09
2.418479390746015e-08
4.695355195274223e-09
5.957887790817442e-09
7.471041062748246e-09
1.026083235311419e-08
1.123096698112633e-08
1.134539465143466e-08
1.328460429293022e-08
1.448977019472937e-08
1.598961565134344e-08
1.761528344653195e-08
1.941803076907842e-08
2.145552520353672e-08
2.374295225997209e-08
2.633064336531388e-08
2.933730773527149e-08
3.286075245903124e-08
3.702099530783839e-08
4.195844990349578e-08
4.793656712611757e-08
5.532519815104291e-08
6.442636685934686e-08
7.581508890273998e-08
9.021535802961817e-08
1.086007202145225e-07
1.322506284913256e-07
1.627744719515195e-07
2.032451205190197e-07
2.557790655550107e-07
3.248641286823242e-07
4.166262039818908e-07
5.371541959410268e-07
6.980145326919908e-07
9.122694312639654e-07
1.198083884131454e-06
1.579552782607771e-06
2.090638092070159e-06
2.774484902806653e-06
3.690732376095622e-06
4.918817097872228e-06
6.564417052369763e-06
8.772318013869070e-06
1.173508909750746e-05
1.570899816248317e-05
2.103792850535682e-05
2.818899401372696e-05
3.777833685804182e-05
5.063718985678221e-05
6.794633372751603e-05
9.101979681808384e-05
1.220673610192243e-04
1.634352741750418e-04
2.191135201265318e-04
2.928591919291232e-04
3.914374985717287e-04
5.228465490930723e-04
6.983378241719348e-04
9.316786092522825e-04
1.241130993222553e-03
1.652087709122956e-03
2.194858657772902e-03
2.912542453094830e-03
3.862741589908680e-03
5.096112871285735e-03
6.719038335102461e-03
8.830544545394376e-03
1.157757693180266e-02
1.512050244430171e-02
1.973258204898574e-02
2.563128717267465e-02
3.315775952591691e-02
4.268351471146789e-02
5.469728044123894e-02
6.971160156121017e-02
8.829832711516324e-02
1.110875196804484e-01
1.387915826933474e-01
1.720540685470422e-01
2.114029434817282e-01
2.573916590938564e-01
3.103101554497406e-01
3.700343520205253e-01
4.359903659073618e-01
5.067897813283559e-01
5.806289054725098e-01
6.550653132445503e-01
7.271983827969184e-01
7.940790789924169e-01
8.529130967042320e-01
9.017059638906980e-01
9.392377486019398e-01
9.657304031895741e-01
9.826546032793544e-01
9.922631666997895e-01
9.970231018932182e-01
9.990340875785305e-01
9.997411607587713e-01
9.999435826951273e-01
9.999949066721163e-01
###1.560000000000001e+01
9.335389802452087e-09
2.416364431534396e-08
4.878191865458778e-09
6.182767162573745e-09
7.753109271976620e-09
1.060244668642098e-08
1.162281182869413e-08
1.183103817352706e-08
1.381803561586949e-08
1.511235824472626e-08
1.671016965198780e-08
1.844908027952952e-08
2.038713406171824e-08
2.256565950770115e-08
2.502703575993083e-08
2.781782027612382e-08
3.106017601060508e-08
3.486921999218301e-08
3.936770855588984e-08
4.471422507299166e-08
5.120722262187883e-08
5.922279137636857e-08
6.911435915481283e-08
8.151126164817640e-08
9.718413911562033e-08
1.172119722216639e-07
1.429911422011997e-07
1.763213320798366e-07
2.204502390014363e-07
2.778249410834007e-07
3.533339435090075e-07
4.536597746431165e-07
5.855950108770817e-07
7.616482944286010e-07
9.963171524806646e-07
1.309523482472263e-06
1.727791730157050e-06
2.288373961823747e-06
3.038868532960962e-06
4.044888786222384e-06
5.393868501724893e-06
7.202181963581487e-06
9.629948908711635e-06
1.288766362212571e-05
1.725964501861697e-05
2.312559629018798e-05
3.099760142433181e-05
4.155769182494941e-05
5.571569917004239e-05
7.477360811506553e-05
1.002017190251170e-04
1.343887977136170e-04
1.799781209283871e-04
2.413049269171170e-04
3.225223962058989e-04
4.310467373176454e-04
5.756785166608653e-04
7.687167425717699e-04
1.025307986106193e-03
1.365306987690764e-03
1.816484342185475e-03
2.411883006567336e-03
3.198462853825006e-03
4.238555858758175e-03
5.587292896909719e-03
7.359133110429040e-03
9.661816817819430e-03
1.265188108937367e-02
1.650412668317376e-02
2.150408925104427e-02
2.788783104222040e-02
3.601351407842524e-02
4.627006172411725e-02
5.917237225986867e-02
7.524424792382255e-02
9.507436407667312e-02
1.192981736247719e-01
1.486221218019267e-01
1.836713064277160e-01
2.249274679051239e-01
2.728784094493016e-01
3.277181936813857e-01
3.891854757279280e-01
4.565463950819355e-01
5.282411348915296e-01
6.022966115447735e-01
6.761454353507831e-01
7.468391566354385e-01
8.114801423510160e-01
8.674537971755812e-01
9.130383172434726e-01
9.473793532038133e-01
9.710498079031082e-01
9.857625825742429e-01
9.938567303633212e-01
9.977241846158740e-01
9.992922642534081e-01
9.998186931999565e-01
9.999619692833156e-01
9.999949066721163e-01
