# NLO BK equation solver 0.0-dev build  (build Feb 16 2026 17:52:53)
# Initial condition: MV model, Q_s0^2 = 0.00662327 GeV^2, \gamma = 1, coefficient of E inside Log is 1, x0=0.01, \Lambda_QCD = 0.241 GeV
# # LO Kernel RC:  Balitsky. NLO Kernel RC:  smallest dipole
# Nc=3, Nf=4
# Using RungeKutta method in K1
# Resumming double log
# Resumming single log, K_sub=0.65 resum rc: smallest
# BK K1 integration relative accuracy: 0.02# NLO BK as^2 terms: MC integration method: Vegas, points=1000000
# Kinematical constraint: none
# Target kinematical constraint: disabled

###1.000000000000000e-05
###1.160836920850890e+00
###100
###1.000000000000000e+00
###0.000000000000000e+00
2.141947344692960e-12
2.853087361518534e-12
3.799813396741600e-12
5.059982181784165e-12
6.737112068421866e-12
8.968816058964443e-12
1.193799695545455e-11
1.588770594813926e-11
2.114085883459308e-11
2.812639163657748e-11
3.741395011559764e-11
4.975988576291600e-11
6.616822725181508e-11
8.797148095231691e-11
1.169376789744311e-10
1.554121595543519e-10
2.065052919959338e-10
2.743409567393663e-10
3.643853364305272e-10
4.838818287288194e-10
6.424261321737959e-10
8.527264075475155e-10
1.131607698130552e-09
1.501338576603177e-09
1.991382679667511e-09
2.640710232544776e-09
3.500847257750203e-09
4.639896044521357e-09
6.147833721563757e-09
8.143491762774202e-09
1.078374491061213e-08
1.427560235900337e-08
1.889210883084855e-08
2.499324363493590e-08
3.305337161012168e-08
4.369727656572583e-08
5.774742834785046e-08
7.628594148083404e-08
1.007357311364712e-07
1.329667312440561e-07
1.754348000067326e-07
2.313632153173625e-07
3.049796039711657e-07
4.018249420552800e-07
5.291561484654365e-07
6.964700724941553e-07
9.161847339751930e-07
1.204523995916622e-06
1.582665046928274e-06
2.078224914347615e-06
2.727183686839338e-06
3.576369412716613e-06
4.686664282608800e-06
6.137135617947926e-06
8.030350780269265e-06
1.049915031703375e-05
1.371558943430440e-05
1.790191928707774e-05
2.334508417922709e-05
3.041503117950928e-05
3.958812096249709e-05
5.147698229102105e-05
6.686856079840542e-05
8.677259900857770e-05
1.124834184051959e-04
1.456587076201776e-04
1.884201255861750e-04
2.434820050130071e-04
3.143164284458155e-04
4.053656366435066e-04
5.223163753151905e-04
6.724557374990781e-04
8.651347726534864e-04
1.112375205947869e-03
1.429666807393426e-03
1.837019237793003e-03
2.360353780818447e-03
3.033348716410478e-03
3.899888939907559e-03
5.017317741986882e-03
6.460748424680696e-03
8.328767184808239e-03
1.075094653053577e-02
1.389768698314686e-02
1.799300314856056e-02
2.333094320770124e-02
3.029632655422232e-02
3.939030340937943e-02
5.126070306709996e-02
6.673593499829422e-02
8.685883833963648e-02
1.129125909735350e-01
1.464236121174685e-01
1.891153952931952e-01
2.427724471708333e-01
3.089583036501349e-01
3.885270028730069e-01
4.808986058211087e-01
5.831788649506671e-01
6.894330914411420e-01
###4.000000000000000e-01
-5.054810591752354e-11
1.425734358334819e-11
1.960612121772153e-11
-6.745952792710819e-11
-2.514908164249985e-11
-1.487921837440318e-12
1.619674836011789e-11
-2.254178666108743e-12
4.901510876968014e-11
3.444825103374598e-11
5.218967839410318e-11
6.852447265478862e-11
9.870362542231067e-11
7.471022758108987e-10
-2.325331814757777e-10
2.013608650727018e-10
2.634599983374949e-10
3.197439995101401e-10
4.158457386288815e-10
5.406675013801317e-10
7.141852703406871e-10
9.338679063313061e-10
1.239701457866827e-09
1.636322081150587e-09
2.164938695555165e-09
2.866488699254744e-09
3.795430810695187e-09
5.022103469392527e-09
6.658893544501579e-09
8.807654287489356e-09
1.166002857207426e-08
1.543550226676813e-08
2.042665223657144e-08
2.702693230711102e-08
3.574661981424206e-08
4.726464065802311e-08
6.247387439376674e-08
8.254335193713907e-08
1.090205674893862e-07
1.439369824885269e-07
1.899620703819536e-07
2.505836123685055e-07
3.304227223103219e-07
4.354686764252005e-07
5.736349813811661e-07
7.552179957023980e-07
9.937634794915263e-07
1.306956292161948e-06
1.717571503647139e-06
2.256685495488130e-06
2.962317375768797e-06
3.886886413198637e-06
5.094979742920399e-06
6.676428032666872e-06
8.737745559570201e-06
1.142808203947623e-05
1.493508234485640e-05
1.950507798500310e-05
2.545044628767564e-05
3.317145703022046e-05
4.321371101823491e-05
5.622815340465706e-05
7.310419019810376e-05
9.494360447464346e-05
1.231958444663094e-04
1.597138754550928e-04
2.068119343022518e-04
2.675688821249216e-04
3.458156337234651e-04
4.468658309143366e-04
5.768131173340108e-04
7.441173611791432e-04
9.593005331632803e-04
1.236447388911253e-03
1.593045856436810e-03
2.052403368933652e-03
2.644120916102093e-03
3.408468218780893e-03
4.395521173417633e-03
5.673014770559573e-03
7.331096533818375e-03
9.480300089805511e-03
1.228587711983023e-02
1.594230314321363e-02
2.071401896159216e-02
2.695448593936412e-02
3.510829408634061e-02
4.574648446841151e-02
5.965410956236867e-02
7.779350463508979e-02
1.014156328503234e-01
1.319486621376954e-01
1.711061391085909e-01
2.206795249673337e-01
2.825609648200362e-01
3.581944495644530e-01
4.490069782943730e-01
5.561172385302774e-01
6.886377599596872e-01
9.521709274080289e-01
###8.000000000000000e-01
-6.929886630042843e-11
1.231314458678864e-11
1.039767978953988e-11
-1.371970273279210e-10
6.649372247082692e-10
-8.383533879829985e-12
2.246151668207797e-11
8.106916582245699e-12
4.886758568932136e-11
5.442422765268434e-11
6.104579395626102e-11
1.003569158837587e-10
1.387299908935620e-10
7.454308793276138e-10
-1.463346515475788e-10
2.666655015058949e-10
3.351841765000716e-10
4.029204562527949e-10
4.784116262750435e-10
6.122226182065493e-10
8.005392253677854e-10
1.043166772751589e-09
1.368273338201678e-09
1.790184292684012e-09
2.360769457779118e-09
3.118661546220455e-09
4.122001369242749e-09
5.446474637880076e-09
7.214038925442624e-09
9.539571556741141e-09
1.262034412620835e-08
1.670366682440506e-08
2.210198159121706e-08
2.924489442532342e-08
3.868020910405223e-08
5.114860663802970e-08
6.761676260976707e-08
8.935544388326191e-08
1.180384668092815e-07
1.558791044935911e-07
2.057785658891273e-07
2.715167592288409e-07
3.581319168636502e-07
4.721340997462473e-07
6.221170020236055e-07
8.192852018085146e-07
1.078397051849099e-06
1.418755640880963e-06
1.864760890423067e-06
2.451604092248715e-06
3.219402156910929e-06
4.226060962589882e-06
5.541921082869170e-06
7.267064812572523e-06
9.513541000691045e-06
1.244745810412699e-05
1.627528011542256e-05
2.126824113440924e-05
2.776866451043862e-05
3.621532222261633e-05
4.721617457228272e-05
6.148280638216962e-05
8.000764163149847e-05
1.040093477964586e-04
1.351008591498005e-04
1.753604939676014e-04
2.273362926901346e-04
2.945119263879942e-04
3.811504855906711e-04
4.934883191048919e-04
6.382049884728611e-04
8.250284845118930e-04
1.065931857558586e-03
1.377177075516675e-03
1.778938252613490e-03
2.298115601111227e-03
2.968533104599510e-03
3.838137633962495e-03
4.964332054994276e-03
6.426464618496641e-03
8.331600035957357e-03
1.080730276577897e-02
1.405426708814457e-02
1.829452535672619e-02
2.383808674800041e-02
3.110314239796044e-02
4.059815999356466e-02
5.296768633843048e-02
6.912834592993286e-02
9.016753321701229e-02
1.174909942463852e-01
1.526208220393015e-01
1.973206247565878e-01
2.532604569374898e-01
3.220818133789013e-01
4.046333602308174e-01
5.013005134496072e-01
6.111498570277770e-01
7.376527638392971e-01
9.600898073059614e-01
###1.200000000000000e+00
-1.320929161011346e-10
1.991104956222956e-11
-5.339058631534742e-11
-1.268299490460885e-10
6.190835591447448e-10
1.279948463722098e-11
1.376393493169914e-11
2.133446790189590e-11
5.057188582446790e-11
6.747498792409144e-11
8.877074665489815e-11
1.387687426034177e-10
2.327087136035197e-10
7.560593659200693e-10
-5.185591077333260e-11
3.422755785025542e-10
4.256429751352923e-10
4.782575958010613e-10
5.551681211662867e-10
7.013867048675254e-10
8.925306601077652e-10
1.159049297844713e-09
1.512043004163026e-09
1.966613838227146e-09
2.581325815406871e-09
3.397880210386873e-09
4.487731382622801e-09
5.914571378718852e-09
7.825032590924796e-09
1.033995985083786e-08
1.367141674652257e-08
1.808488042749723e-08
2.392311048616784e-08
3.165512183704555e-08
4.187144543654682e-08
5.537139074821764e-08
7.320755669307740e-08
9.676446143183453e-08
1.278444480677146e-07
1.688678830975708e-07
2.229867414254362e-07
2.942999693206046e-07
3.883071719528421e-07
5.120648430315471e-07
6.749511217765280e-07
8.891240850439070e-07
1.170705352099079e-06
1.540755285293545e-06
2.025515455783454e-06
2.664527221803763e-06
3.500409059878924e-06
4.596857956892300e-06
6.031299082352034e-06
7.913854821842655e-06
1.036409694702417e-05
1.356689364608719e-05
1.774772167249220e-05
2.320787003568527e-05
3.032150714620250e-05
3.957435889698155e-05
5.163585456256823e-05
6.729432928170921e-05
8.765446393294979e-05
1.140662700901514e-04
1.483308408783540e-04
1.927738276192705e-04
2.502376929644794e-04
3.246430119644029e-04
4.207690997772260e-04
5.458557966123660e-04
7.074246622790126e-04
9.162811355339869e-04
1.186412626396278e-03
1.536544815811575e-03
1.989826773074790e-03
2.576630339637796e-03
3.337870577204109e-03
4.327937965360927e-03
5.613515176942757e-03
7.287334035279365e-03
9.472452625686641e-03
1.232359026694069e-02
1.606722564015226e-02
2.097056454006890e-02
2.738318484341177e-02
3.579085129925156e-02
4.676584581200320e-02
6.103215929827283e-02
7.962141118464139e-02
1.037248885257986e-01
1.348367859658950e-01
1.745096148742892e-01
2.243974048390815e-01
2.859848947459112e-01
3.602874181927347e-01
4.473153686492917e-01
5.460472096688795e-01
6.536455033823843e-01
7.710420874475211e-01
9.656727845324352e-01
###1.600000000000000e+00
-1.102325121875774e-10
-7.989246295740143e-16
-4.430869725912988e-11
-1.235438914566559e-10
6.341550625154031e-10
3.825849040163076e-12
2.433251201108803e-11
3.971753967854579e-11
3.106660873256569e-11
1.123342981135052e-10
7.381596236140994e-11
1.617471270338501e-10
2.628372857521604e-10
7.393950497023380e-10
2.959856861492441e-11
4.011902036170394e-10
4.729218463355770e-10
5.320379043741599e-10
6.183154741125830e-10
7.709142937853747e-10
9.814556807382521e-10
1.268464721343134e-09
1.648609937538789e-09
2.142752259502057e-09
2.804452102504583e-09
3.689485826317529e-09
4.864353696668384e-09
6.409508113663345e-09
8.472350728367781e-09
1.120421243636451e-08
1.479718589128397e-08
1.957116335832193e-08
2.588912882629958e-08
3.425641357421142e-08
4.531806540206762e-08
5.994408001599668e-08
7.926458236607063e-08
1.047993215778836e-07
1.384900713245928e-07
1.829812182340399e-07
2.416937874738768e-07
3.190849616138621e-07
4.211456128402409e-07
5.555539160815477e-07
7.325313147845271e-07
9.652897345057004e-07
1.271410181204490e-06
1.673924467356166e-06
2.201202924580420e-06
2.897200530952536e-06
3.807796401288257e-06
5.002776459203828e-06
6.567410607277856e-06
8.622650680075338e-06
1.129740102549736e-05
1.479609060876012e-05
1.936680611149900e-05
2.534244089738902e-05
3.313460878282314e-05
4.327549939359709e-05
5.651870062543958e-05
7.372542682171862e-05
9.613495115353068e-05
1.252448569650137e-04
1.630463524864055e-04
2.121754894351546e-04
2.758043343755933e-04
3.583403721078788e-04
4.651835752750719e-04
6.046573113620330e-04
7.854059521233964e-04
1.019166898715679e-03
1.322506330599395e-03
1.716799302303795e-03
2.228644763939001e-03
2.891762546421273e-03
3.757212600426483e-03
4.884434902424432e-03
6.351205663678547e-03
8.264993521189142e-03
1.077222449212475e-02
1.404350978312357e-02
1.834915917773993e-02
2.398953416765516e-02
3.136783298410966e-02
4.103145671951949e-02
5.361434599932505e-02
6.993132378363065e-02
9.108502134601262e-02
1.183591112192127e-01
1.532819247083821e-01
1.973657943526779e-01
2.520544560666759e-01
3.184984965403484e-01
3.970303213164550e-01
4.867723880880382e-01
5.855080493717223e-01
6.893283462571773e-01
7.981037159329933e-01
9.702121662244787e-01
###2.000000000000000e+00
-9.977306203740952e-11
-4.092445998192556e-11
-3.413831176267865e-11
-1.158685715429184e-10
6.115145764362263e-10
4.110505141191506e-12
3.017545818966474e-11
6.328317331218401e-11
2.635798917391664e-11
1.316601307459251e-10
1.097381527240498e-10
1.372898348006071e-10
2.746832873820215e-10
7.089101324425459e-10
8.286992293979027e-11
4.193832632577014e-10
5.007955902517982e-10
5.669894394579945e-10
6.706220096937508e-10
8.362664063245329e-10
1.062024912338322e-09
1.374024001776763e-09
1.783191678750605e-09
2.316435017696738e-09
3.030991217414404e-09
3.990110803981527e-09
5.251176431324781e-09
6.928087130420759e-09
9.158569236569363e-09
1.211357007541162e-08
1.600348307112616e-08
2.116568179974620e-08
2.800716708244249e-08
3.706874493135603e-08
4.904833275416413e-08
6.489266275082463e-08
8.582899281077253e-08
1.135144310960203e-07
1.500541351850996e-07
1.983206008131781e-07
2.620361328166712e-07
3.460493531184847e-07
4.568961500172598e-07
6.029269385803116e-07
7.952526734807588e-07
1.048327679150425e-06
1.381320728410541e-06
1.819328194970776e-06
2.393139645291823e-06
3.151608568043091e-06
4.144103756809477e-06
5.447325660737633e-06
7.154856480412812e-06
9.399867112970828e-06
1.232087002262654e-05
1.614712601809570e-05
2.114990071750415e-05
2.769386137113333e-05
3.623761877451990e-05
4.736181489520859e-05
6.191930975197629e-05
8.084898890055083e-05
1.055561651237011e-04
1.377108572639026e-04
1.794228371632746e-04
2.338161621910259e-04
3.043557149524814e-04
3.960418238949454e-04
5.149783323469141e-04
6.706620696097848e-04
8.727145495254785e-04
1.134986363495767e-03
1.475993886919793e-03
1.920348597621500e-03
2.498599669073380e-03
3.248555482307373e-03
4.231850359687033e-03
5.514331631386853e-03
7.186488914772858e-03
9.371179013921935e-03
1.223654900119645e-02
1.598348664571064e-02
2.091624541866748e-02
2.737270894170715e-02
3.581091401948937e-02
4.684269047260534e-02
6.115442559023323e-02
7.965037634368857e-02
1.034857474197811e-01
1.339974692910504e-01
1.727050480652253e-01
2.210129567334701e-01
2.800951484517639e-01
3.506887374172679e-01
4.324419371292104e-01
5.236551259907211e-01
6.212742100566855e-01
7.207865579856104e-01
8.215066481538807e-01
9.741046473693455e-01
###2.400000000000000e+00
-7.489538393895901e-11
-3.201030965480943e-11
-4.075454217381880e-11
-1.310940154995099e-10
6.347295585357488e-10
-1.886628719454323e-11
2.403561075274784e-11
6.574407012633935e-11
3.449628675879707e-11
1.366116680697604e-10
1.251482107769562e-10
1.232614684253574e-10
2.871121963199676e-10
6.799158280132704e-10
1.238978547386137e-10
4.355066979457228e-10
5.314177677489346e-10
6.056263383327331e-10
7.228893102195268e-10
8.975686869696592e-10
1.143903392155565e-09
1.479475487068091e-09
1.927729732661489e-09
2.505366964851200e-09
3.278166208570972e-09
4.312238246966120e-09
5.677274481445490e-09
7.490430393290516e-09
9.902176201894061e-09
1.309747082082964e-08
1.731063487949349e-08
2.289335669128224e-08
3.030608006889446e-08
4.012119241498059e-08
5.309712277926910e-08
7.027023045797063e-08
9.296697817086011e-08
1.229920712644923e-07
1.626264370039054e-07
2.150055159823588e-07
2.841778108960830e-07
3.754155565219828e-07
4.958500398404912e-07
6.545444400209255e-07
8.636716275231494e-07
1.138945712876902e-06
1.501298481431616e-06
1.978188535491367e-06
2.603039551013375e-06
3.430003733269116e-06
4.512258741707423e-06
5.934311577770577e-06
7.798903212857984e-06
1.025289171397077e-05
1.344528644091724e-05
1.763177384983654e-05
2.310605365066946e-05
3.028558055456249e-05
3.966213279230747e-05
5.187815257840790e-05
6.790685433156479e-05
8.874375864793355e-05
1.159964529728326e-04
1.515555906374237e-04
1.976622421970197e-04
2.579469443309170e-04
3.362496740652874e-04
4.382263180664090e-04
5.707849312841998e-04
7.447437877408250e-04
9.708872027053043e-04
1.265362054964345e-03
1.648880626194639e-03
2.149868388392753e-03
2.803125394531844e-03
3.651603254647415e-03
4.767729352503544e-03
6.225443564191834e-03
8.128510691742412e-03
1.061892826333759e-02
1.388362927261418e-02
1.815904068297633e-02
2.378047738324982e-02
3.113924219422144e-02
4.073155932290350e-02
5.324007870244456e-02
6.939673321863175e-02
9.018216368802444e-02
1.167896628092549e-01
1.505748083523448e-01
1.930109248955900e-01
2.453347226712426e-01
3.084209630825125e-01
3.825268357373046e-01
4.666711560135617e-01
5.584744461120917e-01
6.542684181235239e-01
7.492314984581179e-01
8.423278114748297e-01
9.775218213325714e-01
###2.800000000000000e+00
-7.198740905757402e-11
-5.484570880063263e-11
-1.392002361351275e-11
-1.156339092356071e-10
6.437160995256231e-10
-4.691555914679624e-12
3.192571309871667e-11
3.526381072937237e-11
3.058419559352316e-11
1.407785959544931e-10
1.355671474054913e-10
1.412362941210933e-10
2.991189835643530e-10
6.557217059528647e-10
1.596480520838700e-10
4.520647105644039e-10
5.535924318156599e-10
6.494310422401762e-10
7.809048830472964e-10
9.718699549640131e-10
1.237282778375852e-09
1.601531896283410e-09
2.081316599855507e-09
2.714498715371654e-09
3.545370111985527e-09
4.663486784270653e-09
6.138969313793461e-09
8.099091789888360e-09
1.070781749744290e-08
1.416317828008310e-08
1.872725770941150e-08
2.477557148945445e-08
3.280177667050667e-08
4.343213118177481e-08
5.749484201237232e-08
7.611198115122195e-08
1.007260527981640e-07
1.332939814279571e-07
1.763093334579990e-07
2.331728112554251e-07
3.082884864485193e-07
4.073968539907239e-07
5.382869410848868e-07
7.108212229246663e-07
9.383004721809674e-07
1.237871133572472e-06
1.632354336284799e-06
2.151781568045147e-06
2.832671278461818e-06
3.734671721415200e-06
4.915456547915996e-06
6.468165059013840e-06
8.505715127710788e-06
1.118930797547769e-05
1.468125673467192e-05
1.926546480635633e-05
2.525859275240764e-05
3.314480455000431e-05
4.344392441138537e-05
5.687455171068291e-05
7.453333760430828e-05
9.749941359647906e-05
1.275851516583822e-04
1.669542851483272e-04
2.179828534729565e-04
2.848646872434962e-04
3.718873838069006e-04
4.854314511493373e-04
6.333121572086184e-04
8.278631806838745e-04
1.081174760833439e-03
1.411904096529988e-03
1.843453655048297e-03
2.408283653491596e-03
3.146070379927003e-03
4.105755777338045e-03
5.370928002203383e-03
7.025240570661413e-03
9.187107997321555e-03
1.201823263514600e-02
1.572774704630628e-02
2.058706785755352e-02
2.696444533997791e-02
3.530610887634086e-02
4.614858802371726e-02
6.023692384204123e-02
7.835051583711057e-02
1.015211204195613e-01
1.309696843002637e-01
1.680436808283680e-01
2.141219442099207e-01
2.702430598080457e-01
3.369438671619877e-01
4.139966021645307e-01
4.998500648464153e-01
5.915663168649480e-01
6.850271988384515e-01
7.752899606643403e-01
8.610903562257604e-01
9.805501506802768e-01
###3.200000000000000e+00
-9.135652599807040e-11
-5.804678402147373e-11
-3.959145601596492e-11
-1.079584686955822e-10
6.720263206111076e-10
-2.013943980542453e-11
4.284782676884093e-11
1.570770973527755e-11
3.333754565294149e-11
1.435377939506067e-10
1.407751590370015e-10
1.567176604140935e-10
3.056625725182610e-10
6.325454828975940e-10
1.979648859181120e-10
4.738992447085709e-10
5.846657239828920e-10
6.904909634088901e-10
8.417381741148667e-10
1.050324157134345e-09
1.334204565791878e-09
1.727289216732909e-09
2.248360479809165e-09
2.931096719671523e-09
3.831341381820398e-09
5.040581985860297e-09
6.642793959972105e-09
8.758311628170876e-09
1.158090275870735e-08
1.531916055452806e-08
2.026148513278888e-08
2.681698204952988e-08
3.550891859726890e-08
4.702764437973066e-08
6.227115819447147e-08
8.246153900192116e-08
1.091572260814638e-07
1.445007210328638e-07
1.911957535397312e-07
2.529446922079440e-07
3.345380216941717e-07
4.422468251028690e-07
5.845550418468578e-07
7.722210106141974e-07
1.019736141801764e-06
1.345864051236792e-06
1.775537588813338e-06
2.341592431962005e-06
3.083920878240951e-06
4.068317303946494e-06
5.357391584516805e-06
7.054425254225696e-06
9.281469736528952e-06
1.221818318435355e-05
1.604082843945657e-05
2.106432418680460e-05
2.763324497766895e-05
3.629973657605999e-05
4.762330127954207e-05
6.240554584985794e-05
8.187799899584834e-05
1.072171959681516e-04
1.404652189105253e-04
1.840734652331483e-04
2.406255526165947e-04
3.149015603687089e-04
4.117094291886850e-04
5.382473052423301e-04
7.033594885260998e-04
9.210445730078152e-04
1.204971666310342e-03
1.576509668261037e-03
2.062025612843957e-03
2.698684595510962e-03
3.531505176125542e-03
4.615952004659473e-03
6.048234042479432e-03
7.922245963710366e-03
1.037240973241614e-02
1.358179163812077e-02
1.778312223936520e-02
2.328377105206837e-02
3.048781173971551e-02
3.989334861297385e-02
5.208084928438816e-02
6.784987026595679e-02
8.801986813934673e-02
1.136603700941336e-01
1.460082195934412e-01
1.863598675278392e-01
2.359766592114431e-01
2.956672398336014e-01
3.656117681564665e-01
4.451037044088302e-01
5.320803847556139e-01
6.231354663769312e-01
7.138565868872414e-01
7.992924751804603e-01
8.780882804010428e-01
9.832455691639863e-01
###3.600000000000000e+00
-8.952462649054584e-11
-9.650228481977006e-11
-4.603160342850172e-11
-1.584811366205916e-10
6.650633752783715e-10
-3.050578612873821e-11
4.427596873338467e-11
2.041855350005445e-11
3.638038514023292e-11
1.570073342255733e-10
1.460744486208084e-10
1.719566958726434e-10
3.201261698680078e-10
6.179480504386488e-10
2.352697618657097e-10
4.979359724036178e-10
6.068574110136271e-10
7.372599880339655e-10
9.034817022121935e-10
1.126674051426122e-09
1.440006302622313e-09
1.863913899416238e-09
2.431557030893403e-09
3.163261015706408e-09
4.141598894318752e-09
5.447066455101116e-09
7.185588203792219e-09
9.472163781465041e-09
1.252651877652793e-08
1.657284698931955e-08
2.192658801818743e-08
2.903115851143304e-08
3.845221128206153e-08
5.093253131106812e-08
6.746381346685152e-08
8.936306617799772e-08
1.183407703637073e-07
1.566925616742790e-07
2.074059374058528e-07
2.744714266145490e-07
3.631361997669480e-07
4.802306148264096e-07
6.350187729064539e-07
8.392198309881009e-07
1.108661455564260e-06
1.463859569850750e-06
1.932063953597930e-06
2.549257130419625e-06
3.359020577132762e-06
4.433747731571614e-06
5.841929828004211e-06
7.697853485186301e-06
1.013360673886968e-05
1.334933435905218e-05
1.753759744138359e-05
2.304589516482212e-05
3.025468155105054e-05
3.978445299044288e-05
5.224516440601713e-05
6.853010913165507e-05
9.001673376170502e-05
1.180037690776615e-04
1.547843644297096e-04
2.031281184648135e-04
2.658617560453747e-04
3.484215684258263e-04
4.561867742416900e-04
5.973154341221146e-04
7.817924253853008e-04
1.025442676710017e-03
1.343798852841075e-03
1.761096668513081e-03
2.307264693715866e-03
3.024473687478566e-03
3.963784814299706e-03
5.187918346334278e-03
6.806765165517447e-03
8.924937525764060e-03
1.169485548521023e-02
1.532184311117502e-02
2.006474371462025e-02
2.626671420051915e-02
3.437358991177421e-02
4.492231229789379e-02
5.854671097125257e-02
7.609313900726364e-02
9.841138078343363e-02
1.266000721797862e-01
1.618819471012257e-01
2.054833592655777e-01
2.585213186357684e-01
3.215446119222522e-01
3.943580978021627e-01
4.758196251986030e-01
5.633889272633644e-01
6.532916068441930e-01
7.409276278916539e-01
8.214460563326956e-01
8.935041250996751e-01
9.856492043767229e-01
###4.000000000000000e+00
-1.109235034206878e-10
-1.055516598495342e-10
-4.004150991387780e-11
-1.691356036042161e-10
6.453338509270251e-10
-2.517856987150230e-11
4.904134029475001e-11
4.285012318039491e-11
4.975285914948309e-11
1.927078820345991e-10
1.561181709731944e-10
1.902339359077179e-10
3.285877656164550e-10
6.123512194936242e-10
2.776024923734047e-10
5.256574917237501e-10
6.467379052715976e-10
7.876974658332445e-10
9.714800386247750e-10
1.217846867754125e-09
1.552257920451281e-09
2.012864223279653e-09
2.624155535389003e-09
3.417364875100393e-09
4.476570950595596e-09
5.889850386920733e-09
7.769710562071497e-09
1.024493931665664e-08
1.355228670152397e-08
1.793352510387504e-08
2.373561522848270e-08
3.143548619430237e-08
4.164405254421782e-08
5.517807281531384e-08
7.310751223291333e-08
9.686740304584306e-08
1.283274427345771e-07
1.699633367565709e-07
2.250902026768893e-07
2.978937493255283e-07
3.943240208296294e-07
5.216673872545905e-07
6.900701658857942e-07
9.123772982311358e-07
1.205794648911148e-06
1.592829915442775e-06
2.103303873556631e-06
2.776569110078015e-06
3.660411880840034e-06
4.834432717847621e-06
6.373615936614495e-06
8.404696415183985e-06
1.107050800490619e-05
1.459437233362270e-05
1.918611201446019e-05
2.523191766730298e-05
3.314902828638060e-05
4.363557739166365e-05
5.735912376614982e-05
7.531523673362387e-05
9.904398475471219e-05
1.299828776673094e-04
1.707095884871440e-04
2.243356830682612e-04
2.939908013936715e-04
3.858107320358466e-04
5.058730594032198e-04
6.633570405881714e-04
8.695406465008009e-04
1.142312439524836e-03
1.499222131713243e-03
1.967839814309077e-03
2.581901509729899e-03
3.389278651715424e-03
4.447610626017535e-03
5.829833351505746e-03
7.653458374794940e-03
1.004283782877860e-02
1.316591198339864e-02
1.725256152559480e-02
2.258892017921383e-02
2.955354526976998e-02
3.863600441337765e-02
5.041391563134812e-02
6.556303846311441e-02
8.497853076310755e-02
1.095324334709931e-01
1.403293980493425e-01
1.785654075854874e-01
2.253779445810113e-01
2.816995836532326e-01
3.478090034463281e-01
4.231359958890453e-01
5.061062261697964e-01
5.937816691122412e-01
6.820872435702158e-01
7.663350353493760e-01
8.418691760820237e-01
9.074594650221492e-01
9.877803552901308e-01
###4.399999999999999e+00
-1.305021557753571e-10
-1.072884644180848e-10
-4.538129680226316e-11
-1.496556733457327e-10
6.791047883360519e-10
-1.748778785299289e-11
5.029360482800921e-11
2.697074366204424e-11
5.463545895969541e-11
2.587276893896695e-10
1.666887926310087e-10
2.103840911922418e-10
3.413229450447202e-10
6.050908463034403e-10
3.169650158510991e-10
5.541144947516160e-10
6.877810481670732e-10
8.351601848570292e-10
1.040006387784548e-09
1.303680418220304e-09
1.676859102948597e-09
2.174755272697891e-09
2.832963892567429e-09
3.688103833396557e-09
4.838791770711152e-09
6.368491519020786e-09
8.402225196693756e-09
1.108444762576468e-08
1.466470453412099e-08
1.941007641526282e-08
2.569894879106013e-08
3.404576308427990e-08
4.511379956946592e-08
5.979250315092663e-08
7.922901406443755e-08
1.050310263385555e-07
1.391948471026326e-07
1.844137122880805e-07
2.443476314648461e-07
3.233961798854513e-07
4.283104612774300e-07
5.668570372319485e-07
7.501639421006725e-07
9.920391264244775e-07
1.311967142292246e-06
1.733892925046212e-06
2.290690840944702e-06
3.025500030701238e-06
3.990743402115143e-06
5.273900514068054e-06
6.957352433882681e-06
9.181325664451500e-06
1.210097412596469e-05
1.596460019690634e-05
2.100354638055441e-05
2.764376326683589e-05
3.634683843332396e-05
4.789430148210089e-05
6.302061709490354e-05
8.283530956412443e-05
1.090513589132815e-04
1.432936860668442e-04
1.884195990026680e-04
2.479415969464045e-04
3.253432265077444e-04
4.275293838979489e-04
5.613445571071061e-04
7.371465492567811e-04
9.676472841288627e-04
1.273043382645150e-03
1.673133204367177e-03
2.199141946095030e-03
2.889090909729220e-03
3.797026990331210e-03
4.988041892961506e-03
6.546586154430280e-03
8.596610788374308e-03
1.128556528272190e-02
1.479752103102648e-02
1.938757211294510e-02
2.537087485793153e-02
3.316247461184080e-02
4.329359450218644e-02
5.638565297363021e-02
7.314637869582483e-02
9.452201904632498e-02
1.213856972186425e-01
1.548429920341151e-01
1.960415591882514e-01
2.460014828401515e-01
3.054532773885987e-01
3.743921039601947e-01
4.518760242699097e-01
5.359279264127697e-01
6.232449967124869e-01
7.095455965339248e-01
7.901369017530931e-01
8.606491156373023e-01
9.200543235984210e-01
9.896549054107120e-01
###4.800000000000000e+00
-1.029461205848249e-10
-8.960503559601575e-11
-3.809794241049533e-11
-1.725875682060259e-10
6.617115411183624e-10
-2.806134391664123e-11
5.012971293690480e-11
6.923137741694379e-11
6.300288558426425e-11
2.579672829820768e-10
1.724782110077804e-10
2.320525403810111e-10
3.570807575054816e-10
6.052674530183238e-10
3.577895433032011e-10
5.867588334756492e-10
7.331372995258677e-10
8.900206892156328e-10
1.108887111435547e-09
1.411348905732482e-09
1.810091346156779e-09
2.347397550387992e-09
3.058671436383515e-09
3.986421009898587e-09
5.230553964342207e-09
6.885940928438473e-09
9.087336188128390e-09
1.199413205959311e-08
1.587172520938557e-08
2.101278133382840e-08
2.783035654528339e-08
3.688441951258964e-08
4.888367427040731e-08
6.480973876451512e-08
8.590509715325945e-08
1.139136767639836e-07
1.510261118481825e-07
2.001523379540365e-07
2.653301960432289e-07
3.512007334593556e-07
4.653784743037450e-07
6.161823979867614e-07
8.157758984702364e-07
1.079361277422183e-06
1.428029680439504e-06
1.888255512224874e-06
2.495887095812260e-06
3.298292700114522e-06
4.353120235794981e-06
5.756349476439872e-06
7.598784692585649e-06
1.003516603506553e-05
1.323523467270132e-05
1.747459679514263e-05
2.300799309532628e-05
3.030645343869225e-05
3.988057765098719e-05
5.260735301218922e-05
6.929201027460480e-05
9.117421560387841e-05
1.201537551600845e-04
1.580830618212739e-04
2.081168476571425e-04
2.742268607666646e-04
3.602641893087247e-04
4.740454751013155e-04
6.232562023188794e-04
8.195175007277887e-04
1.077234520486011e-03
1.419085849658320e-03
1.867400522978766e-03
2.457504771124067e-03
3.231987913617318e-03
4.251831634833564e-03
5.590187609169339e-03
7.343463291329573e-03
9.644472655247850e-03
1.266310099699235e-02
1.660122873351848e-02
2.174076642616721e-02
2.842612678230049e-02
3.711021612018681e-02
4.836567596988957e-02
6.285336060829103e-02
8.131289262058258e-02
1.047287407147123e-01
1.339724207481752e-01
1.701329959013243e-01
2.142783755432340e-01
2.672845449170750e-01
3.297265195457746e-01
4.012292913454547e-01
4.805116569132329e-01
5.652182690233770e-01
6.517356442616504e-01
7.356565011643977e-01
8.123645909518216e-01
8.778546772739014e-01
9.313626720231964e-01
9.913097725708236e-01
###5.200000000000000e+00
-8.700307056815970e-11
-1.231470838864129e-10
-5.670402530959730e-11
-1.515408201169565e-10
6.675062829959792e-10
-1.698544019313427e-11
7.015048899394933e-11
7.673922737443522e-11
8.335538853979684e-11
2.578993645782675e-10
1.852046102914830e-10
2.466617183121000e-10
3.745643872714711e-10
6.086923336412501e-10
3.932181126021376e-10
6.240426690808388e-10
7.794327579223076e-10
9.522086474487752e-10
1.191212987610903e-09
1.523327088678390e-09
1.952387115444330e-09
2.532496293524910e-09
3.302760729566710e-09
4.308796454465551e-09
5.655185643688933e-09
7.448577055736469e-09
9.831347655402192e-09
1.298124855037549e-08
1.718104444213538e-08
2.275305497794848e-08
3.014598932169029e-08
3.996762039558021e-08
5.298078984643397e-08
7.026733085261183e-08
9.317198594042036e-08
1.235856301629368e-07
1.639110912734057e-07
2.172997859623783e-07
2.881993891251042e-07
3.815914609711555e-07
5.058348961191496e-07
6.700286136216365e-07
8.874524245805041e-07
1.174828051139995e-06
1.554984645634873e-06
2.057208208868657e-06
2.720593953131169e-06
3.597304574475677e-06
4.751001018855434e-06
6.286439502092170e-06
8.303753317337302e-06
1.097441451908164e-05
1.448436593987049e-05
1.913877327341374e-05
2.521878223974647e-05
3.324704397041164e-05
4.378973550254550e-05
5.782298445360559e-05
7.624046410385977e-05
1.004215731518148e-04
1.324815096659524e-04
1.745167547962888e-04
2.300291982388590e-04
3.034779207617500e-04
3.991753409790458e-04
5.259046521439019e-04
6.922971526298829e-04
9.114539554896002e-04
1.199488706768291e-03
1.582018516205483e-03
2.084164885646901e-03
2.745577166190247e-03
3.614179125798757e-03
4.758275557728348e-03
6.259862789823284e-03
8.227499746598779e-03
1.080540029535747e-02
1.418544391957036e-02
1.858964038629838e-02
2.432657364973620e-02
3.177199165224188e-02
4.141541485445902e-02
5.387043862958661e-02
6.983547837513454e-02
9.007768805567869e-02
1.156133530718171e-01
1.472963396220197e-01
1.861876716926811e-01
2.332486876876676e-01
2.892084415987628e-01
3.544505161478765e-01
4.282422109802733e-01
5.089420775764703e-01
5.938993519264888e-01
6.792058966801982e-01
7.604026207151332e-01
8.330402296287034e-01
8.935391357592889e-01
9.414628802335296e-01
9.927530109373038e-01
###5.600000000000001e+00
-1.005501030477427e-10
-1.202919162683815e-10
-6.534719468552168e-11
-1.418294242865096e-10
6.591601849884280e-10
-1.133349541659611e-11
6.243953526616590e-11
7.605852209446339e-11
8.245207624281417e-11
2.877461103742101e-10
2.022511745613082e-10
2.655790979074831e-10
3.896095321245060e-10
6.179484704086812e-10
4.378599823600166e-10
6.613227104491834e-10
8.299892729907999e-10
1.020840716048493e-09
1.282414384866457e-09
1.641872311719979e-09
2.106220494777616e-09
2.735126386126800e-09
3.567011115341324e-09
4.657814877130490e-09
6.116437335054884e-09
8.058182471667286e-09
1.063778331888530e-08
1.405385926687450e-08
1.859836394283981e-08
2.464295377870954e-08
3.266187969241414e-08
4.331661582996041e-08
5.743805438288623e-08
7.620141550314815e-08
1.010784489970916e-07
1.341169842850431e-07
1.779424691750702e-07
2.359969129536838e-07
3.131322167312550e-07
4.147732252637345e-07
5.499949878028114e-07
7.288580653029544e-07
9.658101879897456e-07
1.279218167064285e-06
1.693966067567379e-06
2.242256679326467e-06
2.966970407020176e-06
3.925389013631963e-06
5.188041209273260e-06
6.869388509427508e-06
9.079236193086832e-06
1.200824247390904e-05
1.586046111198537e-05
2.097366793429911e-05
2.765963258261873e-05
3.649747429726630e-05
4.811352521897867e-05
6.359649494799432e-05
8.393751392469228e-05
1.106826327856493e-04
1.461713530729516e-04
1.927798070842417e-04
2.543955681098069e-04
3.360280849448734e-04
4.425110787364092e-04
5.836876506865730e-04
7.692387723181432e-04
1.013983557449699e-03
1.335770529387652e-03
1.763626423060260e-03
2.325609374529461e-03
3.066244126759637e-03
4.039248254726151e-03
5.320949433066494e-03
7.002676789237918e-03
9.206210534063475e-03
1.208859013917974e-02
1.586390104351267e-02
2.077509955727857e-02
2.715979566647843e-02
3.542478141166635e-02
4.609530472972738e-02
5.982500488154174e-02
7.734915076661145e-02
9.945451765289469e-02
1.271775080690819e-01
1.613489646106162e-01
2.029818935210801e-01
2.529236863413420e-01
3.117304221168666e-01
3.795612970589304e-01
4.553465733774467e-01
5.371093806166014e-01
6.218903310510958e-01
7.055974558820524e-01
7.837613774691049e-01
8.521805300067294e-01
9.077541505336043e-01
9.504183185532836e-01
9.940031651100977e-01
###6.000000000000001e+00
-9.969099322884510e-11
-1.169102092098930e-10
-5.020046273069186e-11
-1.731452932966186e-10
6.507206279143070e-10
-2.450882918651942e-12
8.685140640199782e-11
7.994414001573052e-11
8.988372805161935e-11
2.968730558566984e-10
2.201482753258582e-10
2.839223323915543e-10
4.087111188736673e-10
6.213503242463542e-10
4.757980993044711e-10
7.005132600696622e-10
8.829064848839345e-10
1.099827493122859e-09
1.380459169648906e-09
1.769342366773070e-09
2.272425890629407e-09
2.952307349110800e-09
3.849048130749070e-09
5.035073198982226e-09
6.613885332748582e-09
8.718332880064523e-09
1.151284352629038e-08
1.521511453839143e-08
2.014295594028353e-08
2.669603679826695e-08
3.539527955335675e-08
4.695727773114453e-08
6.228502028084751e-08
8.266004520539173e-08
1.096884811019309e-07
1.455854837274215e-07
1.932376727923640e-07
2.563782007244671e-07
3.402650732995193e-07
4.509870669535479e-07
5.982416720457475e-07
7.931426811422660e-07
1.051491066350682e-06
1.393420893842621e-06
1.846166230551671e-06
2.445018627472330e-06
3.237233972143283e-06
4.285513759954040e-06
5.668458344733231e-06
7.510239348163737e-06
9.932538145242128e-06
1.314700650046752e-05
1.737752175367183e-05
2.299817032869403e-05
3.035531139365189e-05
4.009017005732433e-05
5.289854955119776e-05
6.999285247007259e-05
9.247558326674268e-05
1.220646281391119e-04
1.613754109904970e-04
2.130738833159726e-04
2.814967298705244e-04
3.722395799620067e-04
4.907423899525545e-04
6.480179009182629e-04
8.549275973525023e-04
1.128136155485605e-03
1.487526953760116e-03
1.965737343746861e-03
2.594183239185202e-03
3.422653201306331e-03
4.511231792935393e-03
5.944789591428565e-03
7.825174237696715e-03
1.028740840671822e-02
1.350324010997390e-02
1.770936257941161e-02
2.317133993243115e-02
3.025496431783095e-02
3.939988476031986e-02
5.116649767520989e-02
6.624636550450054e-02
8.540879069794484e-02
1.094526059769368e-01
1.394281368917986e-01
1.761286674394090e-01
2.204984093595566e-01
2.732663365958314e-01
3.347908897324771e-01
4.049915349888835e-01
4.824655392186922e-01
5.649259289625927e-01
6.491299590425187e-01
7.308553202281837e-01
8.057176563922753e-01
8.698090554155535e-01
9.205634521893061e-01
9.583060097227655e-01
9.950782637013630e-01
###6.400000000000001e+00
-1.018885309842500e-10
-1.280305214876400e-10
-6.468005707484511e-11
-1.782491421476495e-10
6.641412176948413e-10
-6.625673214677766e-12
8.387669828036244e-11
6.737998960438391e-11
1.010335839257797e-10
2.985607811986668e-10
2.343519745941394e-10
3.042125097090285e-10
4.280603678881677e-10
6.386053304808094e-10
5.174493442902501e-10
7.484921753390933e-10
9.456293165803674e-10
1.179455522169803e-09
1.488141244342741e-09
1.906523702375087e-09
2.450863031085005e-09
3.186275332172467e-09
4.158136239622812e-09
5.457879664416611e-09
7.154415474151119e-09
9.432074408078393e-09
1.246320936188591e-08
1.647661471716660e-08
2.181548014161954e-08
2.892727945377406e-08
3.836606809024264e-08
5.091565030521104e-08
6.755897459947214e-08
8.968895293517460e-08
1.190642525520248e-07
1.580837537701664e-07
2.099121053576267e-07
2.786005145666346e-07
3.698771893516294e-07
4.905275633114910e-07
6.509387632896241e-07
8.634271542555400e-07
1.145207584781551e-06
1.518435486580252e-06
2.012941481586069e-06
2.667382188957938e-06
3.533746932293933e-06
4.681081973309152e-06
6.196747683415946e-06
8.215160299575890e-06
1.087210344586505e-05
1.440180598528166e-05
1.905098128681694e-05
2.523356784085457e-05
3.333442377515252e-05
4.406399811549548e-05
5.819434996934066e-05
7.707799663082163e-05
1.019402375901763e-04
1.346942609825233e-04
1.782555813927385e-04
2.356168015509924e-04
3.116117301802907e-04
4.125091168194807e-04
5.443947157051340e-04
7.195780049229255e-04
9.502465990291926e-04
1.255119652297895e-03
1.656300436375628e-03
2.190397855020310e-03
2.892425167232915e-03
3.818205080497643e-03
5.034273511121683e-03
6.635255823293865e-03
8.733834029768231e-03
1.147930413075436e-02
1.505857305759458e-02
1.973378094350046e-02
2.579141960972394e-02
3.362853306026174e-02
4.371437530495422e-02
5.664755826777788e-02
7.315435528202015e-02
9.402768456452494e-02
1.200821135064708e-01
1.523663747066078e-01
1.916228093973156e-01
2.387158790042035e-01
2.942355330344322e-01
3.583292933925259e-01
4.306602178584303e-01
5.095161451660200e-01
5.922998671461270e-01
6.755318435953671e-01
7.549330244204749e-01
8.262566634813810e-01
8.859588668287269e-01
9.320313319024193e-01
9.652009617290610e-01
9.959929645630073e-01
###6.800000000000002e+00
-9.831269865861951e-11
-1.160061386559104e-10
-4.471369248573476e-11
-1.660883071514397e-10
6.701877552843857e-10
2.597715546557556e-11
9.902933318620411e-11
7.638450599382365e-11
1.144585971612853e-10
3.078003784613271e-10
2.485310586674201e-10
3.272362840299954e-10
4.500368017376853e-10
6.584723858202829e-10
5.729142410272485e-10
7.975996543227331e-10
1.011304936524894e-09
1.265736251451538e-09
1.599843875189009e-09
2.054346276698702e-09
2.643305645912931e-09
3.443319257056656e-09
4.492986393817893e-09
5.899678584177209e-09
7.739312759246832e-09
1.020727629847005e-08
1.349407492409946e-08
1.784737067860087e-08
2.363902553154466e-08
3.135354844466943e-08
4.159718067891206e-08
5.522148782663754e-08
7.329907333092039e-08
9.734186072102034e-08
1.292748004561098e-07
1.717023113578712e-07
2.280904048038439e-07
3.028500840573313e-07
4.022018230955246e-07
5.337105101992823e-07
7.085441606986608e-07
9.403168184327836e-07
1.247852975393782e-06
1.655343678527164e-06
2.195651226549911e-06
2.911279247246823e-06
3.859250498031593e-06
5.115630753898812e-06
6.777415076688841e-06
8.990715492968845e-06
1.190663512029584e-05
1.578453658770720e-05
2.089634260930362e-05
2.770164078317724e-05
3.662651490413542e-05
4.845838553040623e-05
6.405763423817229e-05
8.492626642397387e-05
1.124315099877416e-04
1.487039101989485e-04
1.969931240946171e-04
2.606545436549705e-04
3.450703399351700e-04
4.572564617001815e-04
6.040306458056500e-04
7.991402905166417e-04
1.056221222366267e-03
1.396231309083351e-03
1.843710662658769e-03
2.439781810017631e-03
3.223233166921581e-03
4.256367077453902e-03
5.612865012241400e-03
7.397668745675426e-03
9.735215702903650e-03
1.278991739025127e-02
1.676557104930307e-02
2.194879573630140e-02
2.864947637489850e-02
3.729443567046664e-02
4.838679723046404e-02
6.255543855661654e-02
8.056033834849302e-02
1.032219446795041e-01
1.313509540734462e-01
1.659920294464058e-01
2.078209629751191e-01
2.576045071321691e-01
3.157849462209572e-01
3.822785724392304e-01
4.564895613063357e-01
5.363991273978339e-01
6.191380114097190e-01
7.010229424253029e-01
7.777820748821341e-01
8.453727354077645e-01
9.006701456405368e-01
9.422279935589319e-01
9.711808474581002e-01
9.967677616897271e-01
###7.200000000000002e+00
-9.331238505074546e-11
-7.553248537673303e-11
-5.672578709605152e-11
-1.530686749285163e-10
6.608467731164231e-10
3.275819447816283e-11
1.133729046804011e-10
9.967515861420103e-11
1.317568580968385e-10
3.154752069289671e-10
2.665194679058996e-10
3.490996529826192e-10
4.766760723514902e-10
6.807776114619202e-10
6.250293659980052e-10
8.476728053047107e-10
1.084620926051644e-09
1.358944849417769e-09
1.724033731148706e-09
2.215651422358751e-09
2.849084202776363e-09
3.719705514766435e-09
4.858668192385391e-09
6.379915775242777e-09
8.375554026907606e-09
1.104991355963223e-08
1.461204695369545e-08
1.933773718378399e-08
2.561867601303274e-08
3.399307163179896e-08
4.511384050612701e-08
5.990860976509202e-08
7.954849469103988e-08
1.056806206651960e-07
1.403998542991317e-07
1.865580063905918e-07
2.479241858287295e-07
3.293225682819839e-07
4.375180960443120e-07
5.809095086918768e-07
7.715483169434424e-07
1.024430929110509e-06
1.360199481923381e-06
1.805384419219936e-06
2.396047126156179e-06
3.179033156539808e-06
4.216727222118246e-06
5.593321560804096e-06
7.416213957822389e-06
9.844394473895688e-06
1.304680988387341e-05
1.731122002801065e-05
2.293355371147260e-05
3.042725654575989e-05
4.026589323110762e-05
5.332135714958301e-05
7.054901950960844e-05
9.362173077656422e-05
1.240624868817050e-04
1.642442461613996e-04
2.177850820203846e-04
2.884490324983015e-04
3.822295301312429e-04
5.069631546656641e-04
6.702723937314038e-04
8.874987766040840e-04
1.173894508156638e-03
1.552803408795360e-03
2.051679970427020e-03
2.716182963437519e-03
3.589675876010133e-03
4.740900893144897e-03
6.251795613633555e-03
8.238504319887740e-03
1.083695814801048e-02
1.422851477652811e-02
1.863543678791439e-02
2.436705250875894e-02
3.175950719335476e-02
4.126985349781723e-02
5.343060399010381e-02
6.890612804106627e-02
8.848369969677630e-02
1.130020065664329e-01
1.432653318147805e-01
1.803019023330251e-01
2.247056455559159e-01
2.771372025252881e-01
3.378632450186994e-01
4.065733467176299e-01
4.824005609746991e-01
5.630338249811578e-01
6.453481070449968e-01
7.255394439748560e-01
7.993710508834340e-01
8.630727357239217e-01
9.139871233987376e-01
9.512288285338324e-01
9.763227169016956e-01
9.974168528152814e-01
###7.600000000000002e+00
-8.390257017500766e-11
-7.682238165191257e-11
-4.558955264705010e-11
-1.355420064387377e-10
6.486276302008263e-10
-4.631005170919776e-11
1.300481316835657e-10
1.045835736068586e-10
1.456940949710413e-10
3.328782663477073e-10
2.861318032272979e-10
3.712084716402705e-10
5.088273509664449e-10
7.090828364534618e-10
6.776588047326544e-10
9.124861672371110e-10
1.164078265566298e-09
1.466111612190775e-09
1.856232136510903e-09
2.393917534144150e-09
3.078270350803990e-09
4.015939369082645e-09
5.254934048264625e-09
6.901307721987941e-09
9.064162468341811e-09
1.196341234309310e-08
1.582593780301094e-08
2.095494953285334e-08
2.777157651514976e-08
3.686101027155048e-08
4.893737976399462e-08
6.500943980791292e-08
8.635222802561847e-08
1.147635928775326e-07
1.525275454994088e-07
2.027602552919879e-07
2.695698057854735e-07
3.582324551346897e-07
4.761024205633670e-07
6.324950168731957e-07
8.404844629464999e-07
1.116517198202186e-06
1.483284737393788e-06
1.969887430157264e-06
2.615877564615161e-06
3.472832586379732e-06
4.609610146810755e-06
6.118591795984691e-06
8.119095621227829e-06
1.078454716530888e-05
1.430326633733991e-05
1.899537545518800e-05
2.518256012110475e-05
3.343851403844988e-05
4.428862133845361e-05
5.870091145312114e-05
7.773491572115477e-05
1.032526141724078e-04
1.369525457106674e-04
1.814784116991341e-04
2.408547084294020e-04
3.192947771011144e-04
4.234682420713758e-04
5.621356720141734e-04
7.437811175007226e-04
9.855650696027577e-04
1.304410798090077e-03
1.726416815384742e-03
2.281991380852084e-03
3.022009302272321e-03
3.994822629091570e-03
5.275793409512401e-03
6.956243625612936e-03
9.163257325173707e-03
1.204664993937885e-02
1.580460415459395e-02
2.067920387881069e-02
2.700086905956656e-02
3.513603187961523e-02
4.556914941568101e-02
5.886531149415183e-02
7.571633824431850e-02
9.693763370409762e-02
1.233780032992620e-01
1.558289188945168e-01
1.952868114213860e-01
2.422561672562104e-01
2.972717372750702e-01
3.604155338900570e-01
4.311389152453763e-01
5.083021874189773e-01
5.893201577910029e-01
6.708528880335642e-01
7.490080920843412e-01
8.196622765045889e-01
8.793689174654254e-01
9.259665817754867e-01
9.591168259762188e-01
9.807068504343345e-01
9.979539220583822e-01
###8.000000000000002e+00
-1.001016937362637e-10
-7.161636675858496e-11
-4.760814079253379e-11
-1.344186799673785e-10
6.492247910629672e-10
-3.560844865109145e-11
1.373485315313792e-10
1.117479905358844e-10
1.542178451368937e-10
3.473877997932428e-10
3.113026579454900e-10
3.933871414223369e-10
5.373747985659192e-10
7.320022855859466e-10
7.367606972199096e-10
9.794871498685399e-10
1.249419522843337e-09
1.575250364016333e-09
1.998945493572762e-09
2.584129635817750e-09
3.324407632208267e-09
4.333788686270274e-09
5.679810734711130e-09
7.463255488272502e-09
9.811708920772386e-09
1.295633556057551e-08
1.714453110892743e-08
2.271011207160502e-08
3.011031763051103e-08
3.997952555956460e-08
5.309861366369628e-08
7.056199680689938e-08
9.376681891475746e-08
1.246641312462807e-07
1.657576121254697e-07
2.204365433180307e-07
2.931922540610574e-07
3.898098667855251e-07
5.183067497636816e-07
6.889170523616260e-07
9.159241880599595e-07
1.217381453578313e-06
1.618180810518387e-06
2.150304180574633e-06
2.857088870182128e-06
3.795543907684054e-06
5.041370114362085e-06
6.696182232466741e-06
8.892629345478017e-06
1.182030393232976e-05
1.568869128075367e-05
2.085356273751198e-05
2.766607603033700e-05
3.676601499559824e-05
4.873728355941144e-05
6.465238900407643e-05
8.569060054768228e-05
1.139218234174269e-04
1.512354804134140e-04
2.005886167999114e-04
2.664340193826110e-04
3.535069962399508e-04
4.691987210276008e-04
6.233171780919999e-04
8.253030135625831e-04
1.094252372196367e-03
1.449038255925367e-03
1.918650570896956e-03
2.536860116165422e-03
3.360094632625464e-03
4.441981293319689e-03
5.865227566784831e-03
7.731245111036814e-03
1.017875527264212e-02
1.337241887448371e-02
1.752737536772285e-02
2.290682541045443e-02
2.986322695344168e-02
3.879287040101134e-02
5.020882981883138e-02
6.470419905884857e-02
8.299923020478010e-02
1.059352162370853e-01
1.343578317227433e-01
1.690391786766715e-01
2.109399889255284e-01
2.604490526889457e-01
3.179734249380040e-01
3.833854603138965e-01
4.558996926965116e-01
5.341076870555467e-01
6.151744885696344e-01
6.955729507250881e-01
7.713811238972774e-01
8.386467840710181e-01
8.942924174341323e-01
9.366740115937325e-01
9.659778568631369e-01
9.844135581595196e-01
9.983929120192757e-01
###8.400000000000002e+00
-9.803231036067256e-11
-7.166059639270694e-11
-4.860601305334301e-11
-1.327664303494380e-10
6.387405493617966e-10
-2.662917555211787e-11
1.414574109398854e-10
1.266873348719542e-10
1.732988083908321e-10
3.624434165549440e-10
3.322154907228211e-10
4.200685003129035e-10
5.669662606417650e-10
7.664644002747193e-10
7.939898275194332e-10
1.046360087780055e-09
1.336830165397010e-09
1.691156671040827e-09
2.150471602379296e-09
2.786044024295201e-09
3.588736337957615e-09
4.681957213704409e-09
6.140608220756141e-09
8.074846310761818e-09
1.062226563346925e-08
1.403240201116129e-08
1.857766259851192e-08
2.461901924263856e-08
3.265531459928418e-08
4.337204724761835e-08
5.762729912683359e-08
7.661247204009607e-08
1.018435662476718e-07
1.354597664952207e-07
1.801871365843556e-07
2.397256659638297e-07
3.189950047540789e-07
4.243144164740679e-07
5.644356527970047e-07
7.506452961434160e-07
9.984983232511421e-07
1.327883414957858e-06
1.766075627831715e-06
2.348200213197029e-06
3.122017636737267e-06
4.150223518268008e-06
5.516066540306528e-06
7.331877270320486e-06
9.744402820221696e-06
1.296156946788624e-05
1.721639949391847e-05
2.290388627290810e-05
3.040844835914613e-05
4.044438550615489e-05
5.365692511711652e-05
7.123863924113761e-05
9.449805325816507e-05
1.257376111290032e-04
1.670650996445879e-04
2.217577296314254e-04
2.947888758312462e-04
3.914245568236257e-04
5.198993777344544e-04
6.911258391854451e-04
9.156226570625431e-04
1.214597254427599e-03
1.609042627590965e-03
2.131148985108162e-03
2.818319755519463e-03
3.733273245561526e-03
4.934656272137659e-03
6.513966092326528e-03
8.582278058221676e-03
1.129197537716408e-02
1.482241621943337e-02
1.940633872773552e-02
2.533000453601877e-02
3.296756239724265e-02
4.274516032982017e-02
5.520408621022075e-02
7.096342026344303e-02
9.077069732185572e-02
1.154842320284139e-01
1.459492681613020e-01
1.829007651734567e-01
2.272447682047364e-01
2.792601536489451e-01
3.391871804540734e-01
4.067122650447333e-01
4.807813075241428e-01
5.597358538389101e-01
6.405068332411376e-01
7.194331966340297e-01
7.926127192186464e-01
8.563161622786598e-01
9.078765216970541e-01
9.461733815114808e-01
9.718957137893280e-01
9.875148662432505e-01
9.987518373852693e-01
###8.800000000000002e+00
-9.716675685766576e-11
-6.192297337570812e-11
-5.889552921150081e-11
-1.348930337909475e-10
6.354557252943909e-10
-1.830248943748232e-11
1.429879765507538e-10
1.299713440158189e-10
2.046483792830542e-10
3.749772943103792e-10
3.579465209715260e-10
4.483767058027846e-10
6.020056483446751e-10
8.063255435267075e-10
8.553056569131732e-10
1.120812494200375e-09
1.431393097144898e-09
1.818100391475484e-09
2.316011258871906e-09
3.003097405367190e-09
3.875350404453853e-09
5.059816921902104e-09
6.640725765605342e-09
8.735853450532251e-09
1.150214182925243e-08
1.520321397684014e-08
2.013336239873023e-08
2.669288203215816e-08
3.542187276892867e-08
4.706527931060023e-08
6.255822317355218e-08
8.320299432524625e-08
1.106494282657359e-07
1.472359044219065e-07
1.959349139271816e-07
2.607916571497689e-07
3.471835763043308e-07
4.620271169277393e-07
6.148983005277958e-07
8.182293234921564e-07
1.088981538513113e-06
1.449014722877638e-06
1.928288710542768e-06
2.565449936126916e-06
3.413071593381849e-06
4.540055801469936e-06
6.038217466222569e-06
8.031805024357913e-06
1.068256216079463e-05
1.421966740837338e-05
1.890249922941709e-05
2.516699647124338e-05
3.343776706922731e-05
4.450887565426602e-05
5.909653504802801e-05
7.852488715000017e-05
1.042468248812734e-04
1.388218252516471e-04
1.845939983872362e-04
2.452040998603787e-04
3.262039154120488e-04
4.334289924213178e-04
5.760624738386431e-04
7.661942502297923e-04
1.015580688313536e-03
1.347725651609791e-03
1.785958042633336e-03
2.365935183436262e-03
3.128980027375672e-03
4.144395700485381e-03
5.476822800155470e-03
7.226665681435236e-03
9.515687404281877e-03
1.250988365291432e-02
1.640514812468109e-02
2.145439139494218e-02
2.796044108967143e-02
3.632717498260039e-02
4.700779880093060e-02
6.057035193520360e-02
7.765936045661420e-02
9.904446733378069e-02
1.255972623914290e-01
1.581536167057045e-01
1.974011321035823e-01
2.441679662395324e-01
2.986490675704805e-01
3.608740617986479e-01
4.303256229406235e-01
5.057035736760956e-01
5.851006013665750e-01
6.652412896089831e-01
7.423696668848055e-01
8.126659012239351e-01
8.726733335052407e-01
9.201667621334987e-01
9.545464660059962e-01
9.769605864869825e-01
9.900879332238279e-01
9.990388278776833e-01
###9.200000000000003e+00
-6.009457984894033e-11
-7.040973520212533e-11
-3.941915851327799e-11
-1.197231387323624e-10
6.169888941265881e-10
-3.064045711037637e-11
1.484590646164333e-10
1.469049865251061e-10
2.116201417673024e-10
3.926232469703323e-10
3.813966211712633e-10
4.768539602342787e-10
6.365655901840612e-10
8.494064703711078e-10
9.215198449135503e-10
1.203567478962417e-09
1.539474720618806e-09
1.959491355534075e-09
2.498463891292393e-09
3.235282372687934e-09
4.185821550337029e-09
5.468656515016663e-09
7.182624319251908e-09
9.450444011915283e-09
1.245582504249881e-08
1.647194406854424e-08
2.182522117750929e-08
2.894756553669400e-08
3.843150290625321e-08
5.108461796209990e-08
6.793142299618799e-08
9.038670242479652e-08
1.202491739762675e-07
1.600784668216327e-07
2.131289588777114e-07
2.838078160626063e-07
3.779957662079467e-07
5.032874773807965e-07
6.701292056580988e-07
8.922212523754861e-07
1.188104832076235e-06
1.581805715985554e-06
2.106256643628584e-06
2.803925501096862e-06
3.732890378955084e-06
4.968663961198722e-06
6.612788592647190e-06
8.802510869209425e-06
1.171631928080949e-05
1.560734584367331e-05
2.076239535111536e-05
2.766558468669822e-05
3.678436226879847e-05
4.900021451520640e-05
6.511227276924328e-05
8.658472801205206e-05
1.150569093976969e-04
1.533057152785854e-04
2.039990262636124e-04
2.711678809461605e-04
3.609772067546211e-04
4.799354320176793e-04
6.382009889259891e-04
8.492504708301252e-04
1.126109882261737e-03
1.494820239114287e-03
1.981284203569809e-03
2.624901031588773e-03
3.471191674545904e-03
4.596657936282351e-03
6.072429995912648e-03
8.008250295135770e-03
1.053726525236768e-02
1.384025859038437e-02
1.812990925935344e-02
2.368041201564651e-02
3.081038470808190e-02
3.995517836741823e-02
5.159370555331289e-02
6.632071161936530e-02
8.479801174404554e-02
1.078321444028582e-01
1.362807250673340e-01
1.709713419761804e-01
2.125316282997309e-01
2.617099714129663e-01
3.185827420047559e-01
3.829749305958753e-01
4.541582961171783e-01
5.305858403749157e-01
6.101095558433305e-01
6.892880596318973e-01
7.643205291740178e-01
8.315119995742849e-01
8.877304880909900e-01
9.312165515265891e-01
9.618732479041615e-01
9.812595017685171e-01
9.922014655207629e-01
9.992685729750859e-01
###9.600000000000003e+00
-6.048737237630538e-11
-5.282389149708846e-11
-2.698507052335190e-11
-1.135614334157926e-10
6.140295626703235e-10
-1.623335976422468e-11
1.635981483796905e-10
1.591015440341108e-10
2.286323997845263e-10
4.123529292749419e-10
4.051654145652456e-10
5.181855178669745e-10
6.770283971342764e-10
8.961892977335069e-10
9.937839749272812e-10
1.292191812686283e-09
1.649120892423420e-09
2.108350834601693e-09
2.694804606012689e-09
3.486298017904046e-09
4.524110065547460e-09
5.910115116356645e-09
7.769605004066183e-09
1.023003150632613e-08
1.349264636492955e-08
1.785135957705543e-08
2.366499559734729e-08
3.140232778480578e-08
4.170782791860094e-08
5.546066053038650e-08
7.378326657160338e-08
9.821739333318355e-08
1.307237114547950e-07
1.740995291970630e-07
2.319043280300101e-07
3.089501126545888e-07
4.116854968293731e-07
5.484125638507612e-07
7.306113107772802e-07
9.733020541372004e-07
1.296778914973867e-06
1.727490152618195e-06
2.301660646168294e-06
3.066010982546656e-06
4.084407939064263e-06
5.440204059955240e-06
7.245350059288052e-06
9.651393548246122e-06
1.285462043992207e-05
1.713756524417484e-05
2.281450741888132e-05
3.042219996834199e-05
4.048214323154139e-05
5.396489249725121e-05
7.176269392932906e-05
9.550173329425562e-05
1.270439682874148e-04
1.693294414725189e-04
2.254727725138565e-04
2.999016149889280e-04
3.994547999873153e-04
5.313799995593662e-04
7.069187371654403e-04
9.410604825400634e-04
1.248228363502323e-03
1.657250542976921e-03
2.196699470213694e-03
2.910143682980311e-03
3.847743570357411e-03
5.093657231082758e-03
6.725768625430894e-03
8.864309121561123e-03
1.165389217535261e-02
1.529084369813170e-02
2.000570032233458e-02
2.609425487594254e-02
3.389208543738042e-02
4.386650561033761e-02
5.651867130449553e-02
7.246846888364170e-02
9.240102812270294e-02
1.171440640078194e-01
1.475432681152527e-01
1.844054085466205e-01
2.283040882600696e-01
2.798422386722816e-01
3.390202627454548e-01
4.054338940295794e-01
4.781363135176713e-01
5.553407052276357e-01
6.346823796466110e-01
7.125727055340161e-01
7.852380777763391e-01
8.491410375595736e-01
9.015188545298556e-01
9.410886744151324e-01
9.682388916810954e-01
9.848781560304032e-01
9.939221632674307e-01
9.994494231451017e-01
###1.000000000000000e+01
-6.541039628835322e-11
-4.743637084463497e-11
-2.524485249913153e-11
-9.801738892344200e-11
6.019493509005907e-10
-4.244040993572072e-12
1.690950020557616e-10
1.755706354601001e-10
2.475315169974442e-10
4.282245568737379e-10
4.309558526672278e-10
5.510002075389651e-10
7.193247863889393e-10
9.477284531861129e-10
1.070905279681320e-09
1.388358632193646e-09
1.771106268362906e-09
2.269838752687964e-09
2.903523851487626e-09
3.760395351763374e-09
4.887724151234998e-09
6.392780904817118e-09
8.407736783031915e-09
1.107510447025121e-08
1.461845302098434e-08
1.935039641113097e-08
2.566513816950317e-08
3.407448529151934e-08
4.527425627340121e-08
6.023099444398763e-08
8.016132365602823e-08
1.067521334151908e-07
1.421507025220798e-07
1.894118665936223e-07
2.524112611846242e-07
3.364325598184304e-07
4.485553078909838e-07
5.978106718695643e-07
7.970008027977816e-07
1.062141806959000e-06
1.415946539313512e-06
1.887324785592633e-06
2.516200539476872e-06
3.354036021437300e-06
4.470825031390467e-06
5.958852708897128e-06
7.941610430365834e-06
1.058653465659781e-05
1.410849750671004e-05
1.882473951464549e-05
2.507729199933027e-05
3.346312175192441e-05
4.456495544751939e-05
5.945008641681164e-05
7.911219547368318e-05
1.053668069574491e-04
1.402941370182664e-04
1.870585400095537e-04
2.492288041069006e-04
3.316765593077531e-04
4.420070145547255e-04
5.882456750545896e-04
7.828432174104790e-04
1.042450608269554e-03
1.382981312907500e-03
1.836278348651715e-03
2.433962901864590e-03
3.224004488676750e-03
4.261528460360615e-03
5.638893643399846e-03
7.441365265153404e-03
9.800067605944842e-03
1.287185453084156e-02
1.686944158553970e-02
2.204225736991506e-02
2.870726403590503e-02
3.721792375011280e-02
4.807291956526365e-02
6.179650611313471e-02
7.903143319453156e-02
1.004917115188522e-01
1.269910148377517e-01
1.593861125218199e-01
1.984487065171887e-01
2.446845181071529e-01
2.985440848655197e-01
3.599177236772996e-01
4.281914160773577e-01
5.021883903499306e-01
5.798886598425955e-01
6.587345295413328e-01
7.350455282719744e-01
8.050731088461929e-01
8.655444768558528e-01
9.140710442309837e-01
9.498503401746955e-01
9.737255696061060e-01
9.878969099765313e-01
9.953077566022247e-01
9.995915229673750e-01
###1.040000000000000e+01
-6.674850227697609e-11
-4.316755787296412e-11
-3.013345522900387e-11
-9.230846633527130e-11
6.024437815932019e-10
2.965784705742864e-12
1.779704336731692e-10
1.879766613155647e-10
2.636462580109868e-10
4.474260474135040e-10
4.596324106839322e-10
5.874131535126393e-10
7.630793960440337e-10
1.000285354090402e-09
1.151636530934509e-09
1.492669834577058e-09
1.900555516014680e-09
2.434213314667696e-09
3.128241431926718e-09
4.056570655461171e-09
5.281811155718722e-09
6.914677369812605e-09
9.097530944445944e-09
1.199139932546057e-08
1.583961022450118e-08
2.097885874806541e-08
2.783928901757629e-08
3.697733671696659e-08
4.915792210175101e-08
6.543250010018231e-08
8.711432274394573e-08
1.160665082164208e-07
1.546252630212729e-07
2.061266310094836e-07
2.748298501545896e-07
3.664844594115346e-07
4.888673880092866e-07
6.518953206239082e-07
8.697084628597757e-07
1.159472233442518e-06
1.546667296187035e-06
2.062799450863531e-06
2.751828494367210e-06
3.670425572236244e-06
4.895878135401932e-06
6.529601177347386e-06
8.708430752149892e-06
1.161665618376207e-05
1.549104935918033e-05
2.068621019781890e-05
2.757637777867292e-05
3.682080249682704e-05
4.907431599608253e-05
6.551274710428715e-05
8.723997020046296e-05
1.162744746807134e-04
1.549385633632241e-04
2.066599013491597e-04
2.754902554639364e-04
3.668042889408985e-04
4.890247024173123e-04
6.510587488131037e-04
8.666759157493776e-04
1.154344024945624e-03
1.531532955260690e-03
2.033506040127214e-03
2.695023428666772e-03
3.568893208030881e-03
4.715500528731063e-03
6.236233157883515e-03
8.223935059047706e-03
1.082132930859795e-02
1.419858091362831e-02
1.858506402122399e-02
2.424971607543118e-02
3.153124167144945e-02
4.080119290852802e-02
5.259012106352865e-02
6.744282330409215e-02
8.602250548930190e-02
1.090618086585846e-01
1.373806152378954e-01
1.718175137900725e-01
2.130957249065480e-01
2.616480424527244e-01
3.177748906888819e-01
3.812289139313907e-01
4.511843807507639e-01
5.262348939308729e-01
6.041481734188464e-01
6.821914925696853e-01
7.566258575916610e-01
8.238058133246132e-01
8.807319918315695e-01
9.254308188974637e-01
9.575780567700762e-01
9.784228516639493e-01
9.903935506802749e-01
9.964117136512279e-01
9.996967555459257e-01
###1.080000000000000e+01
-6.426975170853076e-11
-4.502963335296173e-11
-3.131885531500391e-11
-8.297543309845414e-11
5.984078439539117e-10
1.259728783074858e-11
1.779248515945317e-10
2.017001588061708e-10
2.837071490277817e-10
4.634391241572932e-10
4.832172249011531e-10
6.279594989341603e-10
8.013256219356934e-10
1.058717702473863e-09
1.245364214743325e-09
1.597362486992829e-09
2.038539794648930e-09
2.616245984788420e-09
3.371314978141370e-09
4.376468363093920e-09
5.706954640651654e-09
7.488568775034741e-09
9.847116250422630e-09
1.298530825312187e-08
1.716681769459683e-08
2.274956129073976e-08
3.020262000334867e-08
4.013850626145252e-08
5.338558370793131e-08
7.110084539588794e-08
9.469611136042813e-08
1.262275289848818e-07
1.682445093743369e-07
2.243924560782294e-07
2.993347300780699e-07
3.993532733798624e-07
5.329940382765361e-07
7.111287346845947e-07
9.493646233337477e-07
1.266027929548431e-06
1.690142285391720e-06
2.255434373551844e-06
3.010715005443632e-06
4.018379205942715e-06
5.363377130413867e-06
7.157886404535298e-06
9.553011967051973e-06
1.275171726775181e-05
1.701562572329959e-05
2.273872377870777e-05
3.033383306533612e-05
4.052872240997184e-05
5.405457927093083e-05
7.220943203015235e-05
9.622000185279008e-05
1.283247228738461e-04
1.711133286957922e-04
2.283117058918470e-04
3.045018939367902e-04
4.055981230980590e-04
5.409336362951327e-04
7.203633237759894e-04
9.591099181940877e-04
1.277617530455649e-03
1.695083108653983e-03
2.250489041771874e-03
2.981806017386674e-03
3.947435313034839e-03
5.213015946171237e-03
6.889980857161086e-03
9.078634707134929e-03
1.193453968580492e-02
1.564126588100353e-02
2.044632651383473e-02
2.663818604246544e-02
3.457749779274567e-02
4.465473982760870e-02
5.743098060146661e-02
7.347639685889941e-02
9.345659835117559e-02
1.181315359017114e-01
1.483218990759156e-01
1.848305585471540e-01
2.283333079467967e-01
2.791705870189759e-01
3.374977051785059e-01
4.029003999153428e-01
4.743466152414836e-01
5.502036816765836e-01
6.280379375566626e-01
7.049790322873801e-01
7.772712291211616e-01
8.414149459042295e-01
8.947179380650133e-01
9.356515069476925e-01
9.643472695377125e-01
9.824123353409366e-01
9.924408678781018e-01
9.972837263237146e-01
9.997856098747455e-01
###1.120000000000000e+01
-7.026416740025102e-11
-4.487687976136634e-11
-1.677736849222315e-11
-7.624709313249354e-11
6.050819070481618e-10
3.000175329236194e-11
1.911498899118816e-10
2.131234760551325e-10
3.007316277204912e-10
4.848248164445307e-10
5.141550492094839e-10
6.664399159421280e-10
8.511052319375613e-10
1.120190556741499e-09
1.337246676451318e-09
1.710379913788364e-09
2.189690889597195e-09
2.813998327960548e-09
3.639954927583960e-09
4.724454813040923e-09
6.170383864887363e-09
8.096319775031449e-09
1.066187850442570e-08
1.406569789867079e-08
1.860941162297724e-08
2.467422513197288e-08
3.277639279864263e-08
4.358150228115269e-08
5.799509909687393e-08
7.727925280494061e-08
1.029697166895390e-07
1.373237400881243e-07
1.831248630528628e-07
2.443517207612919e-07
3.261368260301757e-07
4.353208087702341e-07
5.813188357450675e-07
7.760337737185156e-07
1.036691013799709e-06
1.383076518152558e-06
1.847568485863618e-06
2.467059684874243e-06
3.295234280268965e-06
4.401068257085075e-06
5.877733266976375e-06
7.849682693432834e-06
1.048327727001288e-05
1.400256420521710e-05
1.869685569770948e-05
2.500308086698465e-05
3.337609417590651e-05
4.462165256611683e-05
5.955347451926811e-05
7.960570348759449e-05
1.061376022180322e-04
1.416311962959503e-04
1.889545445138190e-04
2.522316794540200e-04
3.365294092369804e-04
4.484072208494002e-04
5.982102951009628e-04
7.967889365644936e-04
1.060964611306688e-03
1.413359642033875e-03
1.874996313515617e-03
2.488861110846177e-03
3.296640011107232e-03
4.362263190496420e-03
5.757461410741559e-03
7.603924159231767e-03
1.001060490745694e-02
1.314586786618497e-02
1.720765719908572e-02
2.246231767776757e-02
2.921769364962378e-02
3.785788942428139e-02
4.879112996389640e-02
6.260938691735536e-02
7.990240488426467e-02
1.013439829267348e-01
1.277175923219656e-01
1.598161387878222e-01
1.984266760720866e-01
2.441559438578317e-01
2.972378756989317e-01
3.576727509905167e-01
4.248815659834672e-01
4.976102575161639e-01
5.740150683769610e-01
6.514860439065856e-01
7.270341805804680e-01
7.969323861014040e-01
8.578870818171955e-01
9.075292029672639e-01
9.447907771217627e-01
9.702344198229930e-01
9.857727061427441e-01
9.941030353097904e-01
9.979639975631641e-01
9.998386950781966e-01
###1.160000000000000e+01
-6.520581268903667e-11
-3.433949702999208e-11
-1.307926190032952e-11
-7.008843300212079e-11
5.980320973107842e-10
4.424644347131459e-11
2.060074734338336e-10
2.317041051230501e-10
3.240628405071337e-10
5.073700602847854e-10
5.469805733097808e-10
7.110612149066621e-10
9.025954832373373e-10
1.188176301936561e-09
1.435595302072796e-09
1.834580328669005e-09
2.353459422789364e-09
3.029808014728068e-09
3.925101956808437e-09
5.102542433031825e-09
6.670783618184171e-09
8.762023176020476e-09
1.154669713120620e-08
1.523993248539807e-08
2.017716467343900e-08
2.676706950465030e-08
3.557736933158591e-08
4.733167315009304e-08
6.301978432076249e-08
8.402036855800979e-08
1.119982994694892e-07
1.494403938074003e-07
1.993818636491936e-07
2.661752323392489e-07
3.554473705681506e-07
4.747064874577729e-07
6.342519842634449e-07
8.471884747066360e-07
1.132438140898181e-06
1.511674717680166e-06
2.020463158324674e-06
2.699561013567707e-06
3.608021141652543e-06
4.821964781755104e-06
6.443813107516622e-06
8.611232832397371e-06
1.150794517632835e-05
1.538133006538791e-05
2.055053906012746e-05
2.750096883495203e-05
3.673369782394315e-05
4.913821789596156e-05
6.562324214580153e-05
8.776842426978996e-05
1.170865694405390e-04
1.563272986816451e-04
2.086515682283385e-04
2.786307762429973e-04
3.718661238047411e-04
4.956275906541089e-04
6.613426826717225e-04
8.809835690063698e-04
1.173097389638168e-03
1.562662538967530e-03
2.072705395688017e-03
2.750492495154775e-03
3.641712540136224e-03
4.816253737382872e-03
6.352429946863261e-03
8.382825462732956e-03
1.102531222261240e-02
1.446199874427724e-02
1.890576564002168e-02
2.464241173712011e-02
3.199979444741187e-02
4.138417499676501e-02
5.322446268769584e-02
6.813797449590679e-02
8.673593521431884e-02
1.096967757425928e-01
1.378232164992508e-01
1.718694314728037e-01
2.125993806170512e-01
2.605412769153730e-01
3.158146060480498e-01
3.782576193682484e-01
4.471086563201075e-01
5.209094341553941e-01
5.976010869051444e-01
6.744176236074306e-01
7.482933410099156e-01
8.155810396916858e-01
8.732140132019778e-01
9.191993398042719e-01
9.529116468260627e-01
9.753170242626654e-01
9.885806450054757e-01
9.954409021358946e-01
9.984892733865928e-01
9.998858678915665e-01
###1.200000000000001e+01
-6.731245361061736e-11
-3.204898262056481e-11
-5.858369076910890e-12
-6.353574146367144e-11
6.008517575832434e-10
5.234379274169873e-11
2.166233281286462e-10
2.546924993100607e-10
3.469582199829964e-10
5.278246957957501e-10
5.828522121426061e-10
7.492556723983977e-10
9.617582546285150e-10
1.263897040818590e-09
1.537926061310223e-09
1.960927722033240e-09
2.529936948650035e-09
3.262047480486218e-09
4.233634276259713e-09
5.512210623005267e-09
7.214302094297447e-09
9.481984331349690e-09
1.250811159149063e-08
1.651682914264399e-08
2.188363349657062e-08
2.904608171797768e-08
3.863022055681555e-08
5.141919244953300e-08
6.849358169355125e-08
9.137578752050154e-08
1.218584112815790e-07
1.626682560703041e-07
2.171510166536401e-07
2.900495002142418e-07
3.875133082349243e-07
5.178279356281904e-07
6.922426916056538e-07
9.251590325301526e-07
1.237440658339045e-06
1.652836478093818e-06
2.210320346456152e-06
2.955063090192345e-06
3.951903129896093e-06
5.284851267294349e-06
7.066835839477632e-06
9.450108348283661e-06
1.263676846122851e-05
1.690095565167027e-05
2.259455049114422e-05
3.025606543808774e-05
4.043793689380887e-05
5.412280165211387e-05
7.231975947572769e-05
9.677768563406013e-05
1.291684721727331e-04
1.725378524389808e-04
2.303826394248352e-04
3.077509705642919e-04
4.108305011949417e-04
5.476713083408992e-04
7.308722529518539e-04
9.736511725521610e-04
1.296435072295969e-03
1.726672511297825e-03
2.289638513046659e-03
3.037321636051391e-03
4.019604597228041e-03
5.312594969871190e-03
7.001750328809303e-03
9.231361058589158e-03
1.212871854510885e-02
1.588998695596439e-02
2.074354058828607e-02
2.699553979279288e-02
3.499428085855387e-02
4.516806097431967e-02
5.796644500082627e-02
7.403065493193936e-02
9.398962604265367e-02
1.185263747864893e-01
1.484491622650793e-01
1.844801583833071e-01
2.273406360660779e-01
2.774729909197079e-01
3.348681346500615e-01
3.992065805716363e-01
4.695247160897709e-01
5.441637769420756e-01
6.208765601875141e-01
6.967592619197067e-01
7.687000231775625e-01
8.331857372596471e-01
8.874100343342411e-01
9.297706497134961e-01
9.600828640948240e-01
9.796753065376695e-01
9.909079200218904e-01
9.965074876190586e-01
9.988908707200043e-01
9.999207455641403e-01
###1.240000000000001e+01
-6.253692954375709e-11
-2.946854767896249e-11
1.293609077766755e-12
-5.749188794617925e-11
6.005110635422766e-10
6.304012398582670e-11
2.324774899334739e-10
2.758038344824522e-10
3.705193812342249e-10
5.525780456281314e-10
6.279017896659277e-10
8.001787142130921e-10
1.029804654302106e-09
1.345647706367453e-09
1.644914439646432e-09
2.106461371057214e-09
2.719903924460992e-09
3.512352287202889e-09
4.570084164798890e-09
5.956537633469480e-09
7.803458417432164e-09
1.026653041276232e-08
1.355059715844963e-08
1.790406023316587e-08
2.373914642472302e-08
3.152995996563675e-08
4.195325378475866e-08
5.587440164909642e-08
7.446869630687535e-08
9.939904055666500e-08
1.326260089240663e-07
1.771298397591913e-07
2.365789629610396e-07
3.161560687227235e-07
4.226302643926454e-07
5.650681096820111e-07
7.558043484149048e-07
1.010694499123516e-06
1.352619948827948e-06
1.807821755324092e-06
2.418883359114344e-06
3.235911326461528e-06
4.330177351908650e-06
5.794358563356418e-06
7.752885813821337e-06
1.037373853177704e-05
1.388029284700763e-05
1.857555106468544e-05
2.484858490701378e-05
3.329402822553443e-05
4.452354468088946e-05
5.962196650537013e-05
7.970957179854626e-05
1.067183991843800e-04
1.424941713169324e-04
1.904199676525026e-04
2.543388327843361e-04
3.398420060262864e-04
4.537623718277641e-04
6.050428503242894e-04
8.074051026453179e-04
1.075560892865799e-03
1.431935910540475e-03
1.906734879819507e-03
2.527565298315309e-03
3.351392165930194e-03
4.432813245154140e-03
5.854464094862926e-03
7.709487572145132e-03
1.015451253929210e-02
1.332672398530678e-02
1.743704896750074e-02
2.273014806877608e-02
2.953245297411323e-02
3.821314970270452e-02
4.921705176505262e-02
6.302951024139423e-02
8.030007593462825e-02
1.016763947700576e-01
1.278423538948983e-01
1.596029168061191e-01
1.976433595671359e-01
2.426369434781089e-01
2.949252303065478e-01
3.543700142746256e-01
4.204687687326854e-01
4.920698412653609e-01
5.673106014103244e-01
6.437779446187899e-01
7.184478028428094e-01
7.882246361215084e-01
8.497332988007343e-01
9.004887891261697e-01
9.392906767953482e-01
9.663721915039536e-01
9.833826023161129e-01
9.928197894579105e-01
9.973489674929038e-01
9.991937441761081e-01
9.999444739240844e-01
###1.280000000000001e+01
-6.385503520381906e-11
-2.536281139868464e-11
1.155268909243041e-11
-5.108745706829431e-11
6.053167258564163e-10
8.102118893102774e-11
2.482622293117416e-10
2.980655749627108e-10
4.014259384486351e-10
5.842551985050166e-10
6.742429212346907e-10
8.595325396004637e-10
1.101000860344151e-09
1.437853606899082e-09
1.766042027547687e-09
2.268586885951480e-09
2.929390783171610e-09
3.789477704815965e-09
4.936237575924086e-09
6.438953343534965e-09
8.445690416003805e-09
1.111992280490609e-08
1.468694261444743e-08
1.941698957961782e-08
2.576006976284028e-08
3.423506898355416e-08
4.557848239857961e-08
6.073757091569443e-08
8.099148674230109e-08
1.081669275488435e-07
1.443909465949181e-07
1.929379921572799e-07
2.578288861286238e-07
3.447423528460501e-07
4.610880773767248e-07
6.168379619895163e-07
8.255025859508458e-07
1.104518320564961e-06
1.478798062482204e-06
1.977983058726496e-06
2.648053950988513e-06
3.544618063383692e-06
4.746117017800004e-06
6.354953839520242e-06
8.508014077415021e-06
1.139101676582959e-05
1.525043689177418e-05
2.042126812261269e-05
2.733602733259319e-05
3.664232671016195e-05
4.902890370381503e-05
6.567611198322915e-05
8.785915040932332e-05
1.176787383095281e-04
1.571892439628577e-04
2.101291920070989e-04
2.807413741089215e-04
3.751915614459433e-04
5.010291728787324e-04
6.682069950714133e-04
8.915466998339953e-04
1.187537770927973e-03
1.580665043731135e-03
2.104184538784382e-03
2.788166480701940e-03
3.694903463688926e-03
4.884050519186924e-03
6.445439087991492e-03
8.479761336171810e-03
1.115761551141014e-02
1.462551438797342e-02
1.911058846582268e-02
2.487353812268549e-02
3.226234396536014e-02
4.166680320007146e-02
5.355002236631843e-02
6.842655790782200e-02
8.695714399165269e-02
1.098054534864271e-01
1.376496446583126e-01
1.712833269159792e-01
2.113594274861172e-01
2.584764160691155e-01
3.128775521675889e-01
3.742760282304911e-01
4.419917351363321e-01
5.146750129629675e-01
5.902772950895053e-01
6.662278415073244e-01
7.394243602381476e-01
8.068129060019005e-01
8.652128830797160e-01
9.124752616296763e-01
9.478124389269134e-01
9.718511298738537e-01
9.865129446509066e-01
9.943757946583697e-01
9.980043680103146e-01
9.994177633490057e-01
9.999681755618752e-01
###1.320000000000001e+01
-6.129775969651180e-11
-8.436608865497624e-12
2.008545340684315e-11
-4.410178499781723e-11
6.136613989358704e-10
1.002252426775676e-10
2.673925747946862e-10
3.279175863293579e-10
4.322613812846697e-10
6.231288320555649e-10
7.241471799011541e-10
9.211752431338990e-10
1.184677012024613e-09
1.536112882946378e-09
1.900802150467811e-09
2.443912648917636e-09
3.157222822092029e-09
4.091006839725302e-09
5.333386834233834e-09
6.964828790190975e-09
9.143605359522151e-09
1.204765290716560e-08
1.592249892064478e-08
2.106618345313000e-08
2.796351306569303e-08
3.718329489416848e-08
4.953195339779202e-08
6.604250960995800e-08
8.811326802632749e-08
1.177370604140778e-07
1.572502225754129e-07
2.102297919244086e-07
2.810887105416035e-07
3.760373410518125e-07
5.032204784579742e-07
6.735659547693134e-07
9.019341284317344e-07
1.207428549926994e-06
1.617343511840204e-06
2.164868645544706e-06
2.899919590124712e-06
3.884088424418524e-06
5.203760467869378e-06
6.971619048268720e-06
9.339337926368777e-06
1.251125612950128e-05
1.675951950639240e-05
2.245487572818959e-05
3.007714192711441e-05
4.033466230662455e-05
5.399529365739660e-05
7.235197087818838e-05
9.684327944189360e-05
1.297594539152041e-04
1.733817011719828e-04
2.318403619500650e-04
3.098090073041968e-04
4.141058915001269e-04
5.530377725215037e-04
7.376484966589976e-04
9.840011507010911e-04
1.310429662731204e-03
1.743757160003951e-03
2.320464287950574e-03
3.073195698193841e-03
4.070229437410261e-03
5.376144615675084e-03
7.088838875215246e-03
9.317395092479390e-03
1.224589855365069e-02
1.603166858419207e-02
2.091839598886020e-02
2.718322749689328e-02
3.519600740629448e-02
4.536706683721103e-02
5.817832890419612e-02
7.417023702084422e-02
9.401675383132752e-02
1.183876675452704e-01
1.479546394088467e-01
1.834891438842768e-01
2.256195473466815e-01
2.748422139678880e-01
3.312985476151141e-01
3.945431003224040e-01
4.637159186892836e-01
5.372780038554016e-01
6.129889102747992e-01
6.881574971198444e-01
7.596344906143828e-01
8.244348868739616e-01
8.796208224422832e-01
9.234030643989549e-01
9.553949641297508e-01
9.765927092282864e-01
9.891358304162987e-01
9.956318668286354e-01
9.985118175980227e-01
9.995844318395591e-01
9.999923458171747e-01
###1.360000000000001e+01
-6.628706229936936e-11
-1.328569771880218e-11
2.575983130687881e-11
-3.415621194986838e-11
6.193508377288997e-10
1.223247346576231e-10
2.888138177028939e-10
3.596066559279152e-10
4.680648164625575e-10
6.651055682422111e-10
7.826436038898432e-10
9.868449038202693e-10
1.271000312360163e-09
1.646624374190226e-09
2.048428626051908e-09
2.627427632473477e-09
3.406103752696285e-09
4.418222237574636e-09
5.763243891355638e-09
7.535583904618889e-09
9.913763049438492e-09
1.304856537705763e-08
1.726684321774993e-08
2.285932192976082e-08
3.036538859125070e-08
4.039865687340166e-08
5.384323449875575e-08
7.183005968049870e-08
9.588853749828839e-08
1.281940292804998e-07
1.713078544563570e-07
2.291368209477013e-07
3.065358326594983e-07
4.102974203648111e-07
5.493764717348101e-07
7.357520190796822e-07
9.857680165508734e-07
1.320387792551415e-06
1.769459815096862e-06
2.370106132819693e-06
3.176723720404585e-06
4.257348235204805e-06
5.706985197259436e-06
7.650037426240075e-06
1.025426004352294e-05
1.374496262275530e-05
1.842238725487297e-05
2.469578334123599e-05
3.309746208593139e-05
4.440321724058461e-05
5.946941066506753e-05
7.970982716437711e-05
1.067412976090109e-04
1.430696293509770e-04
1.912330369954005e-04
2.557492003453092e-04
3.418029597953875e-04
4.569217026548410e-04
6.102090537875462e-04
8.139120000014427e-04
1.085487349551443e-03
1.445157958825379e-03
1.922438987889875e-03
2.557044752852956e-03
3.384691564486838e-03
4.479752280414134e-03
5.912401130338757e-03
7.788772262682085e-03
1.022679500748200e-02
1.342530111693289e-02
1.755230606073075e-02
2.286816211296824e-02
2.966780221244855e-02
3.834380678645778e-02
4.932540304962910e-02
6.311379866994725e-02
8.027233727302373e-02
1.014864840227221e-01
1.274298240525814e-01
1.587640369202979e-01
1.962274789591780e-01
2.404130159175178e-01
2.917152191881418e-01
3.501546132354555e-01
4.151276069058109e-01
4.855864387680830e-01
5.598072997036923e-01
6.353829312126135e-01
7.095109729848518e-01
7.790275149324405e-01
8.410702081446731e-01
8.929719567468810e-01
9.333107790807569e-01
9.621010181969630e-01
9.806680129495594e-01
9.913170018828468e-01
9.966390302551297e-01
9.989044744550392e-01
9.997094736613370e-01
9.999923458171747e-01
###1.400000000000001e+01
-5.546389951442217e-11
-1.319334236217134e-11
4.726422409633726e-11
-1.530989501742901e-11
6.198040010585886e-10
1.415502325981148e-10
3.080968166812350e-10
3.908435258186176e-10
5.073350852361334e-10
7.047489666672003e-10
8.413395147802834e-10
1.067771720740325e-09
1.364694304957608e-09
1.762650753095066e-09
2.211212475528536e-09
2.830704297842081e-09
3.679836713071211e-09
4.773412271170166e-09
6.230690623786940e-09
8.155260139948826e-09
1.073670137847664e-08
1.414722815471376e-08
1.872973513726519e-08
2.481289980912965e-08
3.298015831574445e-08
4.390443561468892e-08
5.854145701182399e-08
7.814989848974834e-08
1.043817977835044e-07
1.396260407917997e-07
1.866821331970592e-07
2.498256969932050e-07
3.344016727937736e-07
4.478215622856179e-07
5.999693833717011e-07
8.039555364171209e-07
1.077726721270649e-06
1.444389577938729e-06
1.936654660472472e-06
2.595614738518755e-06
3.480844914554228e-06
4.667837024653600e-06
6.260412421318425e-06
8.396949185440713e-06
1.126144860709729e-05
1.510311697173798e-05
2.025338150163374e-05
2.716324877241076e-05
3.642448246485601e-05
4.888566936276100e-05
6.549627853294759e-05
8.781549460686668e-05
1.176395034527324e-04
1.577275507352601e-04
2.108852471433830e-04
2.820504168656018e-04
3.769980982688261e-04
5.039697783085944e-04
6.730129965021945e-04
8.976091097277892e-04
1.196765459575404e-03
1.592779692500256e-03
2.117996840946452e-03
2.815670945447774e-03
3.724712101844255e-03
4.926095556009369e-03
6.495950941996685e-03
8.549274863335251e-03
1.121303161508443e-02
1.470134220228076e-02
1.919434874420648e-02
2.496805473464883e-02
3.233748381406525e-02
4.171562834700027e-02
5.355339679204048e-02
6.836853725168994e-02
8.674449118797825e-02
1.093773657807139e-01
1.369413266350141e-01
1.700778865308488e-01
2.094988892995318e-01
2.557309200453560e-01
3.090719252696885e-01
3.694149291854558e-01
4.359826900252544e-01
5.075468344868431e-01
5.822016446688083e-01
6.573864634813384e-01
7.302225585288665e-01
7.975614450856442e-01
8.567043419971536e-01
9.052803947593377e-01
9.422450114099051e-01
9.679943221344499e-01
9.841452298970617e-01
9.931148789556647e-01
9.974367419374581e-01
9.992005555011872e-01
9.997975882532044e-01
9.999923458171747e-01
###1.440000000000001e+01
-4.930167607358016e-11
3.089299980265340e-15
4.091401501957559e-11
7.710932377740774e-13
6.299744540669450e-10
1.547135992067076e-10
3.334272772379493e-10
4.232948426291341e-10
5.342655469407923e-10
7.510066041745217e-10
9.007031330022915e-10
1.143099709239522e-09
1.465218850526900e-09
1.887844654665083e-09
2.380523484895042e-09
3.050736900634933e-09
3.972724258539166e-09
5.155740890629419e-09
6.735178775134411e-09
8.827058474053615e-09
1.162853785322648e-08
1.533888499957744e-08
2.032119728701668e-08
2.693917603490185e-08
3.582692634781935e-08
4.773300630718653e-08
6.367459069941047e-08
8.504732492742992e-08
1.136589526494243e-07
1.521210826367969e-07
2.034906483251244e-07
2.724710065824635e-07
3.649103258440461e-07
4.889422558651711e-07
6.554117961364521e-07
8.787228992313528e-07
1.178630617511547e-06
1.580508475252321e-06
2.120248902504018e-06
2.843458775632238e-06
3.815236745390337e-06
5.119182675022397e-06
6.869457547351370e-06
9.218829657829295e-06
1.237086935080804e-05
1.659927506732353e-05
2.226973751740418e-05
2.988256765597482e-05
4.009005593721354e-05
5.382183607897054e-05
7.213589297319715e-05
9.674305041982610e-05
1.296398751232290e-04
1.738601337774252e-04
2.325123838177464e-04
3.109719499849100e-04
4.156700077027063e-04
5.556449091740015e-04
7.419515573898365e-04
9.893845402379540e-04
1.318682167247959e-03
1.754367303963963e-03
2.331784741610956e-03
3.098071356123981e-03
4.095539291125388e-03
5.412222188078232e-03
7.130379348272844e-03
9.374303460720589e-03
1.228085092303283e-02
1.608052351914989e-02
2.096429289716528e-02
2.722732256859618e-02
3.520221044897501e-02
4.532358788408041e-02
5.806133361137140e-02
7.395428669746644e-02
9.359858914693193e-02
1.177007891237230e-01
1.469319761196931e-01
1.819029797926676e-01
2.232944494727035e-01
2.715582891331556e-01
3.268904927750340e-01
3.890386168934284e-01
4.570556524276059e-01
5.295342853192321e-01
6.043890958807480e-01
6.789378351927716e-01
7.502328848317238e-01
8.152105155104764e-01
8.713360551046896e-01
9.165689453630709e-01
9.502519453339040e-01
9.731389841712449e-01
9.870880843991807e-01
9.945848625419821e-01
9.980623075394005e-01
9.994219973523051e-01
9.998601329271893e-01
9.999923458171747e-01
###1.480000000000001e+01
-4.134105285452264e-11
5.847533129375275e-12
5.418617478684220e-11
1.081347765853732e-11
6.286644527508245e-10
1.733764587388228e-10
3.498308143525341e-10
4.503384747282778e-10
5.697819310056135e-10
7.887205405493552e-10
9.540471100550242e-10
1.218969140684757e-09
1.562264068476879e-09
2.016109639073233e-09
2.552991117185170e-09
3.282015379346619e-09
4.277146682850886e-09
5.561261958413946e-09
7.275722497692621e-09
9.548905067838690e-09
1.259671243236760e-08
1.662712364301272e-08
2.205079063112680e-08
2.925177106130511e-08
3.892999958992204e-08
5.189699873464526e-08
6.926929593781034e-08
9.257314063684434e-08
1.237982988168788e-07
1.657724008054079e-07
2.218714935302401e-07
2.972517815000234e-07
3.983054736429260e-07
5.339955063424598e-07
7.162000913940208e-07
9.607584713471656e-07
1.289351198800973e-06
1.729947702168907e-06
2.321836151804119e-06
3.115862617721284e-06
4.182819169146398e-06
5.615419471405232e-06
7.539543368988489e-06
1.012318423243476e-05
1.359098632318144e-05
1.824551556668245e-05
2.448919436801430e-05
3.287521204116920e-05
4.412332904862623e-05
5.925800968306248e-05
7.944488321713897e-05
1.065696421067911e-04
1.428459928177747e-04
1.916048373947914e-04
2.562776533554904e-04
3.427676322551984e-04
4.581561817468769e-04
6.123679689137203e-04
8.175595287417885e-04
1.089925792057239e-03
1.452133338951810e-03
1.931043240166062e-03
2.565262519860736e-03
3.406032372208586e-03
4.499259988424143e-03
5.940639760167939e-03
7.819185105551699e-03
1.026856725255894e-02
1.343585585867390e-02
1.756889612386954e-02
2.287030602184205e-02
2.965447001398741e-02
3.827068736407447e-02
4.917765888078442e-02
6.286274603901953e-02
7.988205605182339e-02
1.008469016526158e-01
1.264667442112485e-01
1.574015892167180e-01
1.942365182345692e-01
2.376011246676991e-01
2.878744947246482e-01
3.451352657785796e-01
4.089923178553415e-01
4.782986032462883e-01
5.514908743590475e-01
6.263181052763883e-01
6.999770559958195e-01
7.695086727095779e-01
8.319409397242171e-01
8.849602404670512e-01
9.268689590708705e-01
9.573872574159171e-01
9.775998069815599e-01
9.895608643445504e-01
9.957754614604316e-01
9.985485902709159e-01
9.995860008444144e-01
9.999041333766787e-01
9.999923458171747e-01
###1.520000000000001e+01
-1.394485710089275e-11
1.231191455883859e-11
7.202428067106448e-11
2.170976102060764e-11
6.344832209570069e-10
1.827266598103632e-10
3.646103609786301e-10
4.767544165026739e-10
6.001955911474195e-10
8.196911358965891e-10
1.011709201777765e-09
1.298835962501744e-09
1.664911051982899e-09
2.149859719177482e-09
2.739506509840933e-09
3.531489332626727e-09
4.606236399314028e-09
6.000265221799779e-09
7.861116049784170e-09
1.033193384442692e-08
1.364129662199759e-08
1.803007997508936e-08
2.392987163467601e-08
3.176890795834481e-08
4.231080100092188e-08
5.643923139597766e-08
7.538689252339903e-08
1.007967550385883e-07
1.348789644125942e-07
1.807101479203929e-07
2.419850582315969e-07
3.243979179208523e-07
4.348966743320434e-07
5.833824931037391e-07
7.828983637293917e-07
1.050767759323723e-06
1.410911778580856e-06
1.894094490061498e-06
2.543518524517299e-06
3.415262089878566e-06
4.587053985703862e-06
6.161090213401748e-06
8.276508410046535e-06
1.111775614401207e-05
1.493395922312252e-05
2.005745259403910e-05
2.693223204786412e-05
3.616988972128909e-05
4.855755911163951e-05
6.523473806547373e-05
8.748765670389859e-05
1.173796256148254e-04
1.573714910328518e-04
2.111108983028807e-04
2.823857037142527e-04
3.776795538533727e-04
5.047730989213400e-04
6.745566419778018e-04
9.003896475823412e-04
1.199975714147635e-03
1.598096427253024e-03
2.124025564643663e-03
2.819959499301303e-03
3.741662122862134e-03
4.938681975064013e-03
6.514413674577127e-03
8.565954889135582e-03
1.123637976259269e-02
1.468352878269022e-02
1.917349054694477e-02
2.492042790997830e-02
3.225808726079656e-02
4.155427779240616e-02
5.328834423470977e-02
6.796864349803114e-02
8.616246078129364e-02
1.084963404918696e-01
1.356784731692909e-01
1.683558153913166e-01
2.070780850055580e-01
2.524130180209196e-01
3.046661295746217e-01
3.637792212831893e-01
4.292124119323700e-01
4.996481552195072e-01
5.733468616989003e-01
6.479048706690973e-01
7.204425152746060e-01
7.879961211259761e-01
8.477383858445930e-01
8.975880152665557e-01
9.362159379626691e-01
9.637065348008981e-01
9.814411681766761e-01
9.916226056204677e-01
9.967317436222524e-01
9.989227181380467e-01
9.997062895084162e-01
9.999347982211840e-01
9.999923458171747e-01
###1.560000000000001e+01
-1.282151634049910e-11
1.499362646706208e-11
7.754955689567094e-11
3.148636791961480e-11
6.381287810322479e-10
2.011839413182094e-10
3.792507967651065e-10
5.077299571594227e-10
6.476162540622596e-10
8.675963193500832e-10
1.055632114526983e-09
1.386349511253850e-09
1.778484573679514e-09
2.301444534405054e-09
2.941178834633637e-09
3.800024350695555e-09
4.962232304177532e-09
6.477303717895729e-09
8.496521662170243e-09
1.118189137034144e-08
1.477699034960643e-08
1.955469439223205e-08
2.597278050577165e-08
3.451445588003390e-08
4.599834588329797e-08
6.139410206983889e-08
8.206176300350663e-08
1.097817206253762e-07
1.469892004692757e-07
1.970439257854890e-07
2.640024494176526e-07
3.541183358009768e-07
4.750114408439896e-07
6.375128457870464e-07
8.560161603750743e-07
1.149516677797922e-06
1.544396086969563e-06
2.074329183986025e-06
2.786974405242993e-06
3.744258456229364e-06
5.031195174916706e-06
6.761119565435029e-06
9.087299887723125e-06
1.221219506798137e-05
1.641124313119506e-05
2.205069676915345e-05
2.962058562364414e-05
3.979428669483636e-05
5.343385240175249e-05
7.180566898485500e-05
9.632967545835550e-05
1.292628074852943e-04
1.733315471335947e-04
2.325330844777491e-04
3.110555150198207e-04
4.159828065373763e-04
5.558810916579446e-04
7.427094213388644e-04
9.910099779066835e-04
1.320305349579821e-03
1.757543153910454e-03
2.334597648751244e-03
3.097480427069440e-03
4.106910190126356e-03
5.416076961006237e-03
7.137061268975205e-03
9.374934421605403e-03
1.228306746165331e-02
1.603032552529200e-02
2.090070613083481e-02
2.712277528039522e-02
3.504727519130438e-02
4.506181717338976e-02
5.766689882810289e-02
7.338908375860000e-02
9.280566798180095e-02
1.165581232580496e-01
1.453456094328877e-01
1.797961394624570e-01
2.204212784495317e-01
2.677215032130809e-01
3.219035223754431e-01
3.827916601902679e-01
4.496679159271719e-01
5.210606474224170e-01
5.950474282052002e-01
6.690983176243421e-01
7.402784495895900e-01
8.056646261118021e-01
8.625818515251082e-01
9.092393556663739e-01
9.446531593308990e-01
9.692704050640601e-01
9.847257756162484e-01
9.933279154511261e-01
9.974930394988837e-01
9.992077721704506e-01
9.997935564833048e-01
9.999559339296524e-01
9.999923458171747e-01
