# NLO BK equation solver 0.0-dev build  (build Feb 16 2026 17:52:53)
# Initial condition: MV model, Q_s0^2 = 0.0068718 GeV^2, \gamma = 1, coefficient of E inside Log is 1, x0=0.01, \Lambda_QCD = 0.241 GeV
# # LO Kernel RC:  Balitsky. NLO Kernel RC:  smallest dipole
# Nc=3, Nf=4
# Using RungeKutta method in K1
# Resumming double log
# Resumming single log, K_sub=0.65 resum rc: smallest
# BK K1 integration relative accuracy: 0.02# NLO BK as^2 terms: MC integration method: Vegas, points=1000000
# Kinematical constraint: none
# Target kinematical constraint: disabled

###1.000000000000000e-05
###1.160836920850890e+00
###100
###1.000000000000000e+00
###0.000000000000000e+00
2.222320031217122e-12
2.960144286471211e-12
3.942394497879921e-12
5.249848829403685e-12
6.989909971085081e-12
9.305354603381067e-12
1.238594862401655e-11
1.648386327802026e-11
2.193413119218593e-11
2.918178343398252e-11
3.881784068822170e-11
5.162703516311486e-11
6.865106988562036e-11
9.127245110882672e-11
1.213255531387338e-10
1.612437187721139e-10
2.142540282756993e-10
2.846351032184492e-10
3.780582348290312e-10
5.020386161174164e-10
6.665320067948810e-10
8.847234183118096e-10
1.174069223160811e-09
1.557673581795033e-09
2.066105700408017e-09
2.739798091192344e-09
3.632210197139576e-09
4.813999722286823e-09
6.378520023787843e-09
8.449061510921009e-09
1.118838536613248e-08
1.481126842763320e-08
1.960100092598071e-08
2.593106974017130e-08
3.429363938867801e-08
4.533693755929715e-08
5.991429578634187e-08
7.914843297766333e-08
1.045156566143193e-07
1.379560665024133e-07
1.820176724668357e-07
2.400447000532023e-07
3.164234100791778e-07
4.169026937028249e-07
5.490117725302952e-07
7.226038478872462e-07
9.505629032632744e-07
1.249721572679890e-06
1.642051680313396e-06
2.156206532327822e-06
2.829516304911967e-06
3.710566183900117e-06
4.862522853625214e-06
6.367420493250641e-06
8.331675118395870e-06
1.089310973123592e-05
1.423023837254789e-05
1.857365007840173e-05
2.422105548360864e-05
3.155628201467753e-05
4.107356284277497e-05
5.340851103963207e-05
6.937759513703234e-05
9.002843672623051e-05
1.167039082283772e-04
1.511238732463394e-04
1.954895577086502e-04
2.526170712587872e-04
3.261086586530126e-04
4.205730474025060e-04
5.419100379241426e-04
6.976796143826069e-04
8.975828115740381e-04
1.154090971713928e-03
1.483272654634327e-03
1.905884322450424e-03
2.448813242195147e-03
3.146990340125444e-03
4.045928768319551e-03
5.205092676700440e-03
6.702362075344914e-03
8.639935138061716e-03
1.115209859683741e-02
1.441539588994001e-02
1.866181928339805e-02
2.419571851510038e-02
3.141509810178889e-02
4.083776108745485e-02
5.313215597116872e-02
6.915146679056294e-02
8.996692497546377e-02
1.168917351899876e-01
1.514794037514232e-01
1.954687666657214e-01
2.506329411617376e-01
3.184747650224923e-01
3.997094888665353e-01
4.935138770932425e-01
5.966435227839738e-01
7.027654950126908e-01
###4.000000000000000e-01
7.910811761582745e-09
6.290761550120321e-11
2.578516977522944e-11
-1.533304838597174e-10
2.070370625266928e-11
3.212868227573955e-11
2.880926761207416e-11
1.757478445241877e-13
4.028355684465029e-11
-9.955689423267442e-11
3.731560255341382e-11
7.079868378838123e-11
1.030586554556665e-10
1.175112956150012e-10
1.464581325388777e-10
1.961465128935061e-10
2.448165514411448e-10
3.233676449702079e-10
4.154067876453830e-10
5.564992911710653e-10
7.278785892836875e-10
9.645837044083376e-10
1.279432954407159e-09
1.685985480811958e-09
2.232733605753998e-09
2.958281679079547e-09
3.927259348311785e-09
5.196079219395487e-09
6.886472226015862e-09
9.124611400925371e-09
1.208283539609012e-08
1.599610238610582e-08
2.117457308938084e-08
2.802000274452178e-08
3.706610358823335e-08
4.901622098222780e-08
6.479494119048781e-08
8.561821276705945e-08
1.130907172528013e-07
1.493216656905271e-07
1.970713934219634e-07
2.599594793760770e-07
3.427911414760890e-07
4.518077665890792e-07
5.951499590032876e-07
7.835545638349491e-07
1.031095900570246e-06
1.355990633739699e-06
1.782045125255102e-06
2.341393208279119e-06
3.073550862182334e-06
4.032813899714201e-06
5.286263865205062e-06
6.927540372424732e-06
9.065522380226585e-06
1.185725789807951e-05
1.549576698917353e-05
2.023736259629636e-05
2.640628512936180e-05
3.441750309318459e-05
4.483684123774142e-05
5.834084287227578e-05
7.584901856619964e-05
9.850780438667856e-05
1.278218105802609e-04
1.657130315793307e-04
2.145797680941782e-04
2.776180821365073e-04
3.588017871632518e-04
4.636494100758521e-04
5.984741187650144e-04
7.720596702710776e-04
9.953120016563128e-04
1.282824021222480e-03
1.652835038510699e-03
2.129387816041517e-03
2.743201968442682e-03
3.536148515565400e-03
4.559993795172906e-03
5.884728822913524e-03
7.604393082754297e-03
9.834183606048505e-03
1.274052548640372e-02
1.653248363694509e-02
2.147864591903400e-02
2.794402396219587e-02
3.638843282611030e-02
4.739920044281316e-02
6.178370624397409e-02
8.053035450907807e-02
1.049146561290769e-01
1.363802164035000e-01
1.766496213757134e-01
2.275034828350729e-01
2.907467228207947e-01
3.677026127672172e-01
4.594889660921105e-01
5.667886789250726e-01
6.977990965276853e-01
9.536881316287351e-01
###8.000000000000000e-01
7.878892023508110e-09
1.786140015408628e-11
-1.492447456816393e-11
-1.275762150837286e-10
2.258512934810978e-11
2.696799275245958e-11
4.409148780554517e-11
1.164897203386795e-11
3.247653035876579e-11
-1.019322048326956e-10
4.813165375297212e-11
8.729272463068972e-11
1.028895083589510e-10
1.491386740756014e-10
1.541919622507109e-10
2.147375263757981e-10
2.736105783985873e-10
3.586285535039152e-10
4.580522546396404e-10
6.030667872609366e-10
7.899652548411358e-10
1.044988257562379e-09
1.385822092605558e-09
1.818491826488908e-09
2.409765560124672e-09
3.193037161931236e-09
4.236160334892297e-09
5.608316952903713e-09
7.433273523408994e-09
9.854759372459040e-09
1.304934591249081e-08
1.727913625021264e-08
2.287998111805101e-08
3.028377859994177e-08
4.007163859086379e-08
5.300849883671542e-08
7.009248508332937e-08
9.264762547461522e-08
1.224104214453954e-07
1.616721858680680e-07
2.134400375085054e-07
2.816324311358651e-07
3.714976232664164e-07
4.898252443564111e-07
6.454153216941682e-07
8.499897360951794e-07
1.118890917850150e-06
1.471968338307376e-06
1.934737767076538e-06
2.543627927236985e-06
3.340297835726616e-06
4.384785839671214e-06
5.750171222547042e-06
7.540543743353712e-06
9.870424877124894e-06
1.291522192512468e-05
1.688628557426624e-05
2.206747131275222e-05
2.881214216361584e-05
3.757720327179715e-05
4.899094098432416e-05
6.379428974862785e-05
8.301321438891355e-05
1.079129079293533e-04
1.401784162372355e-04
1.819517319620260e-04
2.358767648983277e-04
3.055794334194424e-04
3.954667520440939e-04
5.120322216348404e-04
6.621820218072027e-04
8.560271542338998e-04
1.105926652554221e-03
1.428885438447568e-03
1.845597664088803e-03
2.384199757635222e-03
3.079539755680689e-03
3.981521672459318e-03
5.149493830200689e-03
6.665737506641515e-03
8.639926179538439e-03
1.120829793358061e-02
1.456740966355953e-02
1.896345682058160e-02
2.470644581491331e-02
3.222713907710147e-02
4.204777677639315e-02
5.483392185533937e-02
7.152229390320650e-02
9.322842901978566e-02
1.213650621941483e-01
1.574646219462388e-01
2.032834506900245e-01
2.604423883531052e-01
3.304479363810791e-01
4.139935413000636e-01
5.111254347743809e-01
6.205407871438040e-01
7.451479597278510e-01
9.613410466007850e-01
###1.200000000000000e+00
7.851552109285585e-09
3.185527251953532e-11
6.543423612998849e-12
-1.143656604865559e-10
2.012880906002491e-11
6.096994008292534e-11
5.662202327899955e-11
2.093885445504665e-11
4.626849116714149e-11
-9.383381338635110e-11
6.007737023705291e-11
1.102686035045771e-10
1.266657522368563e-10
1.788560442431532e-10
1.781093264963605e-10
2.412789371964522e-10
3.076915760527754e-10
3.988952438867556e-10
5.008105354287928e-10
6.682506130538283e-10
8.655348005592636e-10
1.138107467964606e-09
1.503262271746099e-09
1.968582528148697e-09
2.609902979595139e-09
3.454385435470556e-09
4.576644802490055e-09
6.057968843730799e-09
8.030336498907147e-09
1.064631502714361e-08
1.410149786326099e-08
1.867623672784578e-08
2.473290364549650e-08
3.274473755433445e-08
4.333846574972347e-08
5.735094191314870e-08
7.585159784954677e-08
1.002867527827414e-07
1.325446524983913e-07
1.751080113017083e-07
2.312526181505883e-07
3.052187284069924e-07
4.027503867597803e-07
5.312309304539232e-07
7.001941340059451e-07
9.224264888271956e-07
1.214672939985495e-06
1.598529373631974e-06
2.101538447011127e-06
2.764542193524075e-06
3.631937108431468e-06
4.769607643190717e-06
6.258104935071839e-06
8.212024233682839e-06
1.075317525289052e-05
1.407683706589903e-05
1.841452179876771e-05
2.407967996886171e-05
3.146097486319069e-05
4.106209463947121e-05
5.357759313228356e-05
6.982471446621408e-05
9.094853309764495e-05
1.183473597899005e-04
1.539056938341027e-04
2.000202435882305e-04
2.596403395245436e-04
3.368311125496347e-04
4.365670930242262e-04
5.663485473009291e-04
7.339746994001647e-04
9.506764374835105e-04
1.230894524651144e-03
1.594111770247506e-03
2.064263545884501e-03
2.673120839237400e-03
3.462332242305259e-03
4.488945933197844e-03
5.821738379904930e-03
7.556687711154320e-03
9.821698341174948e-03
1.277614058247113e-02
1.665113810772849e-02
2.172713351521154e-02
2.836394769007093e-02
3.705813500731306e-02
4.839662626555272e-02
6.312135829150378e-02
8.228563318121723e-02
1.071048181851822e-01
1.390700156933301e-01
1.797395865208782e-01
2.307216335065732e-01
2.934458330724075e-01
3.687662460254966e-01
4.565093846536429e-01
5.553769554357331e-01
6.622512657893914e-01
7.777115471299840e-01
9.667778757153301e-01
###1.600000000000000e+00
7.765822093455715e-09
3.622444698873408e-11
1.894245526645339e-11
-1.031694012539344e-10
5.802412302865022e-11
7.413735841696672e-11
5.050433545148329e-11
4.514398822266835e-11
6.134804800754809e-11
-6.230344592144973e-10
8.468014209461680e-11
1.451834388129422e-10
1.581478238207659e-10
2.148459257093425e-10
2.076573765151472e-10
2.747729717238116e-10
3.463650740215408e-10
4.436390330518824e-10
5.559414908669440e-10
7.340220777141938e-10
9.562826111558517e-10
1.239403712342209e-09
1.633469070123486e-09
2.145274331738624e-09
2.831571760397368e-09
3.741654520420514e-09
4.945932865287693e-09
6.550262284425418e-09
8.681158842052399e-09
1.150771793438229e-08
1.524522674735793e-08
2.019408089429396e-08
2.674779158133167e-08
3.541680637535164e-08
4.688280682937690e-08
6.206696384362611e-08
8.210971314937871e-08
1.085949177707362e-07
1.435674938490297e-07
1.897242502465075e-07
2.506344711515860e-07
3.309048810818559e-07
4.367891706452418e-07
5.763294724041927e-07
7.598841226563472e-07
1.001408080429226e-06
1.319159776865592e-06
1.736670359137127e-06
2.283821317894891e-06
3.006006547848765e-06
3.950876978857860e-06
5.191223319445809e-06
6.814311869696297e-06
8.947631572987181e-06
1.172105785098941e-05
1.535246229178914e-05
2.009516545770196e-05
2.629473655971723e-05
3.438039785765708e-05
4.490024874875341e-05
5.864523135995892e-05
7.649849001527018e-05
9.975179586144023e-05
1.299614697642908e-04
1.691755248076720e-04
2.201560231904067e-04
2.861645477052200e-04
3.717861143942963e-04
4.826396115715428e-04
6.273392709548228e-04
8.148214513180519e-04
1.057352017085556e-03
1.371977747936893e-03
1.780977827506644e-03
2.311754801348870e-03
2.999498731298816e-03
3.896653250295582e-03
5.065074283580732e-03
6.585329216446167e-03
8.567940454864158e-03
1.116429722470668e-02
1.455338459325685e-02
1.900890579413749e-02
2.484255549193548e-02
3.247001459500896e-02
4.245280168788219e-02
5.543364395857668e-02
7.225323720314845e-02
9.402520625504630e-02
1.220566595327013e-01
1.578650382177255e-01
2.029465545635478e-01
2.587023824449826e-01
3.261903470355486e-01
4.055857907273567e-01
4.958196831104520e-01
5.944629150370028e-01
6.973824713668167e-01
8.042298097584371e-01
9.712209675796748e-01
###2.000000000000000e+00
7.686495650041000e-09
5.723497710554668e-11
-6.100954229850403e-12
-8.053436810648058e-11
8.397104640413769e-11
3.229124814724793e-13
8.948579821927152e-11
8.457544704221419e-11
8.329978584819307e-11
-5.960394571511279e-10
8.017109728974625e-11
1.667683164242097e-10
1.884134229346188e-10
2.352747747844645e-10
2.726540795088449e-10
3.026830296534887e-10
3.890748642434299e-10
4.890610345061931e-10
6.198402549221232e-10
8.066585155907049e-10
1.048334224517051e-09
1.353713822364024e-09
1.779010595060054e-09
2.329448672315502e-09
3.073638427372647e-09
4.054693588505302e-09
5.348955577941965e-09
7.083782351934793e-09
9.387956840355638e-09
1.244123299789923e-08
1.648505199519226e-08
2.183820474561754e-08
2.893361254265685e-08
3.831908001919659e-08
5.074481091820428e-08
6.718595804409287e-08
8.890851838205067e-08
1.176251536511204e-07
1.555410062663842e-07
2.056199820239478e-07
2.717176850005018e-07
3.588602512027326e-07
4.738620267804102e-07
6.254525381102539e-07
8.249370780984669e-07
1.087566203881980e-06
1.433177923147505e-06
1.887526490896559e-06
2.483006229088943e-06
3.269996157349853e-06
4.299854923130471e-06
5.653059605496733e-06
7.423820572062047e-06
9.754410772317797e-06
1.278315033882997e-05
1.675399186997402e-05
2.194544650283471e-05
2.873451720939579e-05
3.759881958400165e-05
4.914034245008133e-05
6.424919482680663e-05
8.389032485606745e-05
1.095253631538148e-04
1.428945167178473e-04
1.861721005486997e-04
2.426060596060433e-04
3.157821536645776e-04
4.109019410088515e-04
5.342814441255163e-04
6.958022654242859e-04
9.053703693252815e-04
1.177450317102311e-03
1.531051176655263e-03
1.991915981565516e-03
2.591369614198844e-03
3.368993401948013e-03
4.387967516319312e-03
5.716940524782831e-03
7.449005908455344e-03
9.711806371382125e-03
1.267702371068636e-02
1.655554198085752e-02
2.165365501355662e-02
2.832897956162275e-02
3.704316184842873e-02
4.842556174836876e-02
6.317242086512917e-02
8.221025728795937e-02
1.067042081980355e-01
1.380080825019228e-01
1.776254126768285e-01
2.269299755886128e-01
2.870458725206644e-01
3.585807781919047e-01
4.410410846265611e-01
5.325702032504078e-01
6.299091894952996e-01
7.284079131194694e-01
8.272050085587559e-01
9.750290801910682e-01
###2.400000000000000e+00
7.651732619019124e-09
1.834948022432535e-11
3.132647294099697e-11
-3.647638350079701e-11
7.247852946275433e-11
-1.493748235351039e-12
1.027884297319075e-10
1.157955283414060e-10
9.227246376702088e-11
-5.574157134906372e-10
1.068083240978014e-10
2.151058420903790e-10
2.178824810986361e-10
2.629227996325367e-10
3.039007153611213e-10
3.476223047047248e-10
4.341595251411197e-10
5.421680285151011e-10
6.851795820669482e-10
8.819187676790948e-10
1.141329029040230e-09
1.476083861381873e-09
1.933378856578072e-09
2.524089254524704e-09
3.332636123792235e-09
4.393076245913919e-09
5.789792437694434e-09
7.663681184582847e-09
1.015618002059175e-08
1.345728780592191e-08
1.783234766957097e-08
2.362750737378009e-08
3.130985631154432e-08
4.147140410772419e-08
5.493620498587506e-08
7.275004406264392e-08
9.630261085199755e-08
1.274405715877490e-07
1.685765149486061e-07
2.229178467774458e-07
2.946693724009456e-07
3.893091106455904e-07
5.142478078042477e-07
6.789909034955041e-07
8.959233014483107e-07
1.181570202198284e-06
1.557688971837655e-06
2.052349243593611e-06
2.700777147384456e-06
3.558805386953372e-06
4.681897015833016e-06
6.158395774757273e-06
8.092157694277637e-06
1.063948212279121e-05
1.395006254489230e-05
1.829510057863208e-05
2.397464842134116e-05
3.142396172915429e-05
4.115171312194165e-05
5.382643686664502e-05
7.045994791672164e-05
9.208157862531265e-05
1.203556144985932e-04
1.572581484780220e-04
2.050922373709764e-04
2.676344127812984e-04
3.488645906715100e-04
4.546537717635577e-04
5.921546623963893e-04
7.726234416227264e-04
1.007149370695280e-03
1.312550480885648e-03
1.710191448086103e-03
2.229668252056684e-03
2.906732717464272e-03
3.786072270357683e-03
4.942328476923183e-03
6.452114016969521e-03
8.422589027664074e-03
1.100017637208727e-02
1.437699058733367e-02
1.879936332998781e-02
2.460452569264942e-02
3.220437682262364e-02
4.210283391085437e-02
5.499363578378535e-02
7.162307904890020e-02
9.298674072858955e-02
1.202900865239248e-01
1.548985238242144e-01
1.982578032687848e-01
2.515708489158041e-01
3.156541507415098e-01
3.905847992773459e-01
4.753007638444904e-01
5.672599223082702e-01
6.626213751908483e-01
7.564725678234034e-01
8.476469286749778e-01
9.783673412662864e-01
###2.800000000000000e+00
7.623837758615733e-09
5.490749860760141e-11
1.565889084569410e-11
-3.699182233966568e-11
7.758369815152265e-11
7.128965079551410e-12
1.106312753307870e-10
1.515850753651645e-10
1.159566945744264e-10
-5.884284586010880e-10
1.283921204489895e-10
2.501643048185911e-10
2.565227970903509e-10
2.751521483115837e-10
3.334138286597052e-10
3.781724706215330e-10
4.758232116214178e-10
5.920109489041478e-10
7.569109802920850e-10
9.665882610081845e-10
1.245062517174697e-09
1.603758072146485e-09
2.102453522198354e-09
2.737899041172938e-09
3.611028225574320e-09
4.756577381243752e-09
6.268279922529363e-09
8.291287610919886e-09
1.098695740005033e-08
1.455823619069344e-08
1.929364426977896e-08
2.557018106521249e-08
3.388783660457780e-08
4.489663786899834e-08
5.948825717609444e-08
7.879685806984667e-08
1.043362613681442e-07
1.381162903937665e-07
1.827546864570415e-07
2.417478232054426e-07
3.196589155075717e-07
4.224815355748485e-07
5.582627407464777e-07
7.373785278533516e-07
9.733464708335792e-07
1.284197223899393e-06
1.693699878925598e-06
2.232511094163906e-06
2.938964127985134e-06
3.874865034319312e-06
5.100286453784453e-06
6.712364567120450e-06
8.825523435146944e-06
1.161091468521679e-05
1.523249745010462e-05
1.998999012558006e-05
2.620834181800109e-05
3.438989919499492e-05
4.507564306060017e-05
5.901062126611405e-05
7.733604472365278e-05
1.011658669773759e-04
1.323785655897199e-04
1.732224431885272e-04
2.261698598823864e-04
2.955550740700820e-04
3.858248846778207e-04
5.035978205125589e-04
6.569867723009492e-04
8.587528707101903e-04
1.121442349254415e-03
1.464363474480341e-03
1.911716976958915e-03
2.497213742034863e-03
3.261687232314607e-03
4.255772418783765e-03
5.566181548196823e-03
7.278682327729987e-03
9.516219980852954e-03
1.244419944218724e-02
1.627916852298798e-02
2.130154913595187e-02
2.788505552298441e-02
3.648937032970898e-02
4.766735476784711e-02
6.217000064812308e-02
8.079384365172980e-02
1.045779363215369e-01
1.347572470946742e-01
1.726817362515904e-01
2.196889718205598e-01
2.767792612313057e-01
3.444590981519620e-01
4.222115452166907e-01
5.085034516804241e-01
6.002210295956779e-01
6.931030203870833e-01
7.821657233624625e-01
8.660487955837909e-01
9.813250553601272e-01
###3.200000000000000e+00
7.583251962436974e-09
6.540453150538147e-11
6.984227117436649e-12
-2.731486765724165e-11
9.790885275213262e-11
2.622497551127567e-11
1.273558148389948e-10
1.960635521873559e-10
1.212907342071239e-10
-6.122411846659794e-10
1.659715092472616e-10
2.699068622713016e-10
2.939803103877973e-10
3.081532652123593e-10
3.702238877311332e-10
4.205083713885926e-10
5.291090358193542e-10
6.516338073563839e-10
8.311624150215345e-10
1.058139629723501e-09
1.356339270924806e-09
1.758379480623066e-09
2.285395013699431e-09
2.976079138797691e-09
3.915912682891942e-09
5.161029284093853e-09
6.787440716864278e-09
8.977022054367222e-09
1.189170110432013e-08
1.575748451859056e-08
2.088259379674424e-08
2.768153531124600e-08
3.669367925598278e-08
4.861764920441189e-08
6.443769070910742e-08
8.537360118750489e-08
1.130796584209786e-07
1.497337625498867e-07
1.981890291495221e-07
2.622479756236395e-07
3.468925882328059e-07
4.586276689702190e-07
6.062356559901612e-07
8.010712297767721e-07
1.057860922235430e-06
1.396237447805349e-06
1.842288795982342e-06
2.429486310040757e-06
3.199632072987163e-06
4.221029272591336e-06
5.558753501128343e-06
7.320514809963975e-06
9.630381623437848e-06
1.267878169492734e-05
1.664397949286714e-05
2.185626664962697e-05
2.867272445673922e-05
3.766278340187736e-05
4.941060625216302e-05
6.474773895226827e-05
8.495296279719600e-05
1.112442713439213e-04
1.457361261737322e-04
1.909766947530222e-04
2.496456161906060e-04
3.266985876408357e-04
4.271059291753339e-04
5.583501059423265e-04
7.295872515758332e-04
9.553003886701797e-04
1.249673911228316e-03
1.634810130906704e-03
2.137997500518890e-03
2.797816239462247e-03
3.660445055298515e-03
4.783395631048356e-03
6.266140587422670e-03
8.205343259436048e-03
1.073959800712171e-02
1.405672032438931e-02
1.839817653375763e-02
2.407886518122525e-02
3.151452650601205e-02
4.120589097992505e-02
5.375503729941570e-02
6.997251872690120e-02
9.068598344266390e-02
1.169772124964991e-01
1.500825527491066e-01
1.913053966154448e-01
2.418539889362844e-01
3.024871146108576e-01
3.733094789220124e-01
4.534334028043961e-01
5.407207067420126e-01
6.316238280678681e-01
7.216490840465032e-01
8.058108737200453e-01
8.827068579745738e-01
9.839536683767733e-01
###3.600000000000000e+00
7.555288226265894e-09
6.854746056590789e-11
5.353887808092066e-12
-3.715198609350535e-11
1.089290540482097e-10
2.572689859605213e-11
1.576116739077910e-10
1.907588571728788e-10
1.251087483934863e-10
-5.618176114176788e-10
2.015881986717720e-10
2.951864504435900e-10
3.331881270877020e-10
3.478067295617742e-10
3.876123055848748e-10
4.700337072514541e-10
5.871181906298614e-10
7.200137588854201e-10
9.175826572939772e-10
1.155885375020641e-09
1.485033740573392e-09
1.916004812693426e-09
2.480688142929554e-09
3.234009529215575e-09
4.248839316517553e-09
5.590174969160929e-09
7.350124073232482e-09
9.719403889661958e-09
1.287391353138057e-08
1.706141734751111e-08
2.261109824146159e-08
2.997544817215537e-08
3.974070167427874e-08
5.266694425614870e-08
6.981667683647798e-08
9.252737945716535e-08
1.225922437587328e-07
1.623696238748566e-07
2.150105221588036e-07
2.845852437369459e-07
3.765679435609988e-07
4.980353365565380e-07
6.585807609029577e-07
8.706002372492608e-07
1.150133626544452e-06
1.518696862080949e-06
2.004658315398391e-06
2.644934770602682e-06
3.485079257812168e-06
4.600299713374769e-06
6.061774948321543e-06
7.988042722370126e-06
1.051494039535164e-05
1.385273625815685e-05
1.819687473450137e-05
2.391251445477349e-05
3.139189264224960e-05
4.127844274014416e-05
5.420557886225550e-05
7.110069321303112e-05
9.339497092289889e-05
1.224305406491248e-04
1.605852796764306e-04
2.107327944735579e-04
2.758097668568227e-04
3.614460019465513e-04
4.732124547731664e-04
6.195578831963763e-04
8.108345688697252e-04
1.063441275437175e-03
1.393417718706065e-03
1.825863261582709e-03
2.391772236235994e-03
3.134816407889990e-03
4.107427478783825e-03
5.374582558071846e-03
7.049352807489492e-03
9.240599471725435e-03
1.210386059544927e-02
1.585111832521292e-02
2.074874503143108e-02
2.714900518422280e-02
3.550901386866003e-02
4.637393349057874e-02
6.038601443712487e-02
7.841309436515016e-02
1.013082467470756e-01
1.301779143079163e-01
1.662434247657516e-01
2.107330873978883e-01
2.646931947285698e-01
3.286183160715112e-01
4.022307567964450e-01
4.842275534608243e-01
5.719766898715908e-01
6.615927314599159e-01
7.484147699580420e-01
8.275970288005126e-01
8.977851923388553e-01
9.862901311852328e-01
###4.000000000000000e+00
7.501790694047133e-09
5.059648141720995e-11
2.042845626235466e-11
-3.928307538189503e-11
1.084060647068083e-10
4.386893200971068e-11
1.787817883206552e-10
2.109168110385629e-10
1.529828547367730e-10
-5.124484858440467e-10
2.209721416969523e-10
3.257268886205919e-10
3.730111187633685e-10
3.907182568946934e-10
4.298527216913444e-10
5.196809804267674e-10
6.473855320810698e-10
7.928253133826304e-10
1.000815160090541e-09
1.260096777148260e-09
1.614242741321007e-09
2.084513542953962e-09
2.692004994960176e-09
3.512113604282750e-09
4.608451635459072e-09
6.052296183934332e-09
7.961840110919190e-09
1.052641203193826e-08
1.394270731366604e-08
1.847444380635335e-08
2.448827058346943e-08
3.246986908316339e-08
4.305727681415856e-08
5.706816298220328e-08
7.566627043524919e-08
1.003046481701867e-07
1.329459371137667e-07
1.761317573468756e-07
2.333510555419675e-07
3.088725499207951e-07
4.089074425287946e-07
5.410038324007427e-07
7.157062151089654e-07
9.464363774566667e-07
1.250914460717887e-06
1.652507634806428e-06
2.182326427030296e-06
2.880792001296174e-06
3.797804913743964e-06
5.015913353434366e-06
6.613516079006625e-06
8.721473070993445e-06
1.148713604087996e-05
1.514428694806788e-05
1.990748622636824e-05
2.618023219108834e-05
3.439485037996678e-05
4.527354079235780e-05
5.951077890583229e-05
7.813953729237172e-05
1.027471271729437e-04
1.348578159403032e-04
1.771015058919657e-04
2.327202032428660e-04
3.049675542386409e-04
4.002088446955216e-04
5.247033288874736e-04
6.879786280759070e-04
9.017336025370733e-04
1.184464637774030e-03
1.554343701468846e-03
2.039866205590303e-03
2.675978952590413e-03
3.512105570681821e-03
4.607492506639678e-03
6.037442510791217e-03
7.923549535000631e-03
1.039385219883329e-02
1.362045246159522e-02
1.784032877767358e-02
2.334686766249641e-02
3.052994723845527e-02
3.988785886825960e-02
5.200925129869464e-02
6.757521876682378e-02
8.750431405054790e-02
1.126673913694494e-01
1.441714357290079e-01
1.832165951248918e-01
2.309216042964110e-01
2.881478704062549e-01
3.551155771889741e-01
4.311572579439078e-01
5.145620871314545e-01
6.022848108835723e-01
6.901726355461086e-01
7.734981754007600e-01
8.476412706361650e-01
9.114031732113012e-01
9.883586529957415e-01
###4.399999999999999e+00
7.444665667920746e-09
5.562925027082905e-11
4.457728648017570e-11
-3.754512608374802e-11
1.132692493825919e-10
6.041397180388165e-11
1.902286130456512e-10
2.273809573242788e-10
1.739247216691494e-10
-4.666226565429174e-10
2.599322335649347e-10
3.629482044183318e-10
4.200657712709184e-10
4.359470587744401e-10
4.805734189550984e-10
5.750075071118884e-10
7.113019629672549e-10
8.644957007146840e-10
1.092468362159328e-09
1.374517476826867e-09
1.760434394636272e-09
2.265147232856967e-09
2.919622977246664e-09
3.815589104911261e-09
5.000685549679223e-09
6.555457126070678e-09
8.626089720158781e-09
1.140684669267699e-08
1.510140582629218e-08
2.001237047138314e-08
2.653152625607433e-08
3.518334884168017e-08
4.666069347202764e-08
6.185553641691338e-08
8.203466106662152e-08
1.087686470085139e-07
1.442216046022631e-07
1.911210885156117e-07
2.533256139007924e-07
3.353202747526139e-07
4.441725408144818e-07
5.878881342223892e-07
7.780401121873169e-07
1.029174557805196e-06
1.361066372136053e-06
1.798831349027871e-06
2.376708477368216e-06
3.139098635572682e-06
4.140433564367310e-06
5.471939946550255e-06
7.219257764850209e-06
9.527166606400397e-06
1.255660826688249e-05
1.656584614451740e-05
2.179315812094659e-05
2.868300981565864e-05
3.771267198489602e-05
4.969085497605382e-05
6.538319321218511e-05
8.594055646783570e-05
1.131225349917976e-04
1.486605089369338e-04
1.954657828287498e-04
2.571953966797945e-04
3.374643713950896e-04
4.434444467078204e-04
5.821860703071802e-04
7.644581701764559e-04
1.003317185254387e-03
1.319795251307376e-03
1.734345074185217e-03
2.279155611857188e-03
2.993613302862121e-03
3.933599484838722e-03
5.165761309215271e-03
6.777495706005275e-03
8.896803275650131e-03
1.167546343762147e-02
1.530166008329943e-02
2.003820326841017e-02
2.620837482586346e-02
3.423859573143453e-02
4.466872295670222e-02
5.812997056296456e-02
7.534111090737455e-02
9.725783684372742e-02
1.247623916058404e-01
1.589516262842982e-01
2.009746346088401e-01
2.518230537763596e-01
3.121629431256362e-01
3.819046854670122e-01
4.600142758626269e-01
5.443885182906562e-01
6.316256729228594e-01
7.173803861851392e-01
7.969466771770773e-01
8.660343942297765e-01
9.236534374154604e-01
9.901767807048193e-01
###4.800000000000000e+00
7.393794291208007e-09
7.965265532877058e-11
5.561294280114614e-11
-2.170473385962674e-11
1.410008431674776e-10
7.685720925057274e-11
2.086086085184686e-10
2.456062186358603e-10
2.044021499209583e-10
-4.138012131618264e-10
3.050161073431500e-10
4.034202948465633e-10
4.812788204711721e-10
4.954847811774850e-10
5.369933567389939e-10
6.390347781395760e-10
7.814418386717596e-10
9.519235210052651e-10
1.197590667166892e-09
1.503663924824530e-09
1.921143620883928e-09
2.466782396360627e-09
3.177579747323150e-09
4.147457493254427e-09
5.429794506725109e-09
7.105240359570275e-09
9.349192131641256e-09
1.236265722658406e-08
1.636645335297610e-08
2.168627006921481e-08
2.875387750960405e-08
3.813222825159288e-08
5.058033992720976e-08
6.706525556976887e-08
8.896520062471749e-08
1.179863110593992e-07
1.564954093950226e-07
2.074493744227996e-07
2.750948040192555e-07
3.641587886938540e-07
4.826379610287873e-07
6.390646017950468e-07
8.461311883354297e-07
1.119760399206237e-06
1.481487829414648e-06
1.958939712323900e-06
2.589553728711655e-06
3.422176279675123e-06
4.516427837747242e-06
5.972467825219128e-06
7.884729159386158e-06
1.041303948118729e-05
1.373327024222362e-05
1.813201587411929e-05
2.387153882918803e-05
3.144515733716452e-05
4.137852213290493e-05
5.457949603990894e-05
7.188702731207895e-05
9.458558687171780e-05
1.246387888060958e-04
1.639942690022876e-04
2.158876721068480e-04
2.844371370817355e-04
3.736609942202748e-04
4.916378358050875e-04
6.463080139794157e-04
8.498183350295022e-04
1.116743632641001e-03
1.470921876466335e-03
1.935293045902646e-03
2.546292445949507e-03
3.348129583040529e-03
4.403554292065011e-03
5.787734562407342e-03
7.599820126331916e-03
9.977883396996281e-03
1.309523552051049e-02
1.715938719360693e-02
2.245979534394038e-02
2.934982017208893e-02
3.829355798033399e-02
4.987235644132718e-02
6.475717356572197e-02
8.369720105791226e-02
1.076859655535174e-01
1.375988740299500e-01
1.745139835885379e-01
2.194924740593658e-01
2.733795114450626e-01
3.366765012456198e-01
4.089212888336884e-01
4.887333745942694e-01
5.736468031977121e-01
6.599576790300838e-01
7.432097824642011e-01
8.188062335668129e-01
8.828425334507343e-01
9.346294510744831e-01
9.917696672746422e-01
###5.200000000000000e+00
7.349980354091053e-09
8.814617617280578e-11
6.501144364673724e-11
-3.583945030314243e-11
1.387924923223251e-10
9.908682311618824e-11
2.260414017320322e-10
2.626623231757308e-10
2.230051930415112e-10
-3.489077675484918e-10
3.462800582054301e-10
4.471326438304643e-10
5.335079393546781e-10
5.549416211076744e-10
6.043974899145986e-10
7.252658461029113e-10
8.661953801335673e-10
1.048766143756995e-09
1.318717822318902e-09
1.647877018988979e-09
2.097733007529663e-09
2.688652937656989e-09
3.460023475710468e-09
4.508834189757784e-09
5.895385638081565e-09
7.714093500056609e-09
1.014978834770862e-08
1.340347580928902e-08
1.774184873999467e-08
2.350729931868077e-08
3.117096166382435e-08
4.134184088496285e-08
5.484829046972146e-08
7.273811127555093e-08
9.651277872102335e-08
1.280249600558181e-07
1.698649754424943e-07
2.252476914774733e-07
2.988280686008241e-07
3.957047241416872e-07
5.246035051500590e-07
6.949487562316279e-07
9.205423181100869e-07
1.218820101639428e-06
1.613251864149351e-06
2.134251009824873e-06
2.822806568763911e-06
3.732510367281556e-06
4.929482072428723e-06
6.522891562445665e-06
8.616243603167400e-06
1.138742947198153e-05
1.502922171643040e-05
1.985814977598603e-05
2.616563883315071e-05
3.449557100647449e-05
4.543260148865978e-05
5.998905805735420e-05
7.909411001901071e-05
1.041768215252481e-04
1.374221308913000e-04
1.810267589254859e-04
2.385905860536029e-04
3.147478098427425e-04
4.139783106362665e-04
5.453547276454498e-04
7.178065484318003e-04
9.450236806754395e-04
1.243281758477914e-03
1.639528918011378e-03
2.159428585199403e-03
2.844105273416774e-03
3.742933070019002e-03
4.926536573484725e-03
6.478823487838688e-03
8.511814319676273e-03
1.117479012596329e-02
1.466371866359103e-02
1.920609119736224e-02
2.511912021376979e-02
3.278727708191612e-02
4.271085696286019e-02
5.551443474359246e-02
7.190480575054847e-02
9.265637998172115e-02
1.187936369513623e-01
1.511683262224086e-01
1.908384403634386e-01
2.387394199837481e-01
2.955664407846428e-01
3.616217771689822e-01
4.360838687270879e-01
5.172285961174001e-01
6.022583134828782e-01
6.872297268418177e-01
7.676457913842568e-01
8.390992670590750e-01
8.981289711068862e-01
9.444045464761769e-01
9.931675132467678e-01
###5.600000000000001e+00
7.329451788130469e-09
9.504877464837420e-11
8.263788124783959e-11
-2.836430003991214e-11
1.498916620653920e-10
1.201116786826391e-10
2.818177519794848e-10
2.932705008244971e-10
2.591843174077106e-10
-2.922276362969971e-10
3.985448904517084e-10
4.970049469056973e-10
6.028969492406330e-10
6.182540591288741e-10
6.748408606645908e-10
7.995679383056873e-10
9.481716166629783e-10
1.172526220950424e-09
1.451500943857702e-09
1.806069081828459e-09
2.293706136891945e-09
2.931892159723183e-09
3.771316756108721e-09
4.910085669814804e-09
6.404511481867638e-09
8.380579754403762e-09
1.102384022574202e-08
1.453822243326727e-08
1.923966675455584e-08
2.549343225507776e-08
3.380324800751156e-08
4.483440627215955e-08
5.949267989181671e-08
7.891256869360116e-08
1.047275071923167e-07
1.389588990193473e-07
1.844292304794385e-07
2.446506822184551e-07
3.246585287731317e-07
4.301506348158394e-07
5.704528450260904e-07
7.559979368819243e-07
1.001884705079059e-06
1.327128792114524e-06
1.757439240647839e-06
2.326297087646103e-06
3.078381850971025e-06
4.072960923587874e-06
5.382876330596164e-06
7.127591156008957e-06
9.420905918704085e-06
1.246002793426061e-05
1.645669822320823e-05
2.176186074322869e-05
2.869804011021435e-05
3.786713307550762e-05
4.991701860808741e-05
6.597772229776009e-05
8.708184571584354e-05
1.148152754905339e-04
1.516186462104951e-04
1.999577241021100e-04
2.638478526729254e-04
3.484737723887984e-04
4.588758448363001e-04
6.051877014355857e-04
7.974832806496808e-04
1.051129492631744e-03
1.384294380876480e-03
1.827358886392697e-03
2.409066295663549e-03
3.175541288426246e-03
4.181931655334582e-03
5.507114681668106e-03
7.245328537507883e-03
9.520779769019931e-03
1.249653822529058e-02
1.639173056450405e-02
2.145435331282160e-02
2.803091088152758e-02
3.653734591280027e-02
4.751040474439735e-02
6.161512210026320e-02
7.959120250598173e-02
1.022337688335420e-01
1.305890653706758e-01
1.654777296617246e-01
2.078984633879355e-01
2.586808219901733e-01
3.183363610611323e-01
3.869286118455246e-01
4.633185047359259e-01
5.454173418977742e-01
6.301465854925572e-01
7.133926883021910e-01
7.906684833697599e-01
8.578424578905514e-01
9.119496138301296e-01
9.530485370083954e-01
9.943489960112138e-01
###6.000000000000001e+00
7.277065720291325e-09
9.117508585811090e-11
1.145985945996314e-10
-9.749432801534810e-12
1.116168667415248e-10
1.596950441423434e-10
2.916754219058489e-10
3.245675646928021e-10
3.002077842830737e-10
-2.190200651001044e-10
4.569279971393624e-10
5.581006126093455e-10
6.776826043795943e-10
6.943926096982337e-10
7.590702671281932e-10
8.887904768346449e-10
1.050595269767745e-09
1.292691434430691e-09
1.599644634431801e-09
1.978377760749677e-09
2.515230305749270e-09
3.199474276370515e-09
4.110785351211728e-09
5.343095621264445e-09
6.963827090953260e-09
9.110058058894248e-09
1.197914486795143e-08
1.577635748219146e-08
2.087335796347595e-08
2.765345487527949e-08
3.666898944416331e-08
4.863979277254681e-08
6.455176991838057e-08
8.564274497803777e-08
1.136814478009862e-07
1.508805131837616e-07
2.003089318252309e-07
2.657948128554848e-07
3.528287557619507e-07
4.677446224121581e-07
6.205191036334512e-07
8.227112961683014e-07
1.090798659095650e-06
1.445659110865902e-06
1.915347882235691e-06
2.536665286070592e-06
3.358684738821294e-06
4.446564678041837e-06
5.881776357369859e-06
7.792320369658068e-06
1.030600496826935e-05
1.364120520693494e-05
1.803055750868777e-05
2.386240498586939e-05
3.149350239037179e-05
4.159313919595696e-05
5.487850479205236e-05
7.260981774847462e-05
9.593295147828744e-05
1.266136312385950e-04
1.673762395533106e-04
2.209875987306584e-04
2.919190247761975e-04
3.859835819515341e-04
5.088175208646176e-04
6.717786858246870e-04
8.861550016090784e-04
1.169212753151218e-03
1.541273808069300e-03
2.036345085454442e-03
2.686644942499502e-03
3.543770422741484e-03
4.669178945228870e-03
6.150843501511845e-03
8.093370586984363e-03
1.063484710873226e-02
1.395341741397619e-02
1.829027211381083e-02
2.391849110991658e-02
3.121103549602475e-02
4.061748058689535e-02
5.270925816078580e-02
6.818988092687819e-02
8.783125897862835e-02
1.124391161665992e-01
1.430730742427637e-01
1.805077150025743e-01
2.256795264345319e-01
2.792808461751552e-01
3.416246100101872e-01
4.125295803809084e-01
4.905305763836584e-01
5.732109080244371e-01
6.572461965943303e-01
7.383915333950962e-01
8.122696116632565e-01
8.750649488687559e-01
9.243691284513565e-01
9.606358351529568e-01
9.953842730782630e-01
###6.400000000000001e+00
7.253041703765565e-09
1.035930354481888e-10
1.495772162312045e-10
7.663735893958676e-12
1.226652830121464e-10
1.879436847823721e-10
3.200953708909149e-10
3.527812910360499e-10
3.474026824078957e-10
-1.513122169848584e-10
5.163247088888614e-10
6.242353183857239e-10
7.567858181435888e-10
7.758845272314737e-10
8.467684333890269e-10
9.898415200232712e-10
1.164908023979291e-09
1.419405191142673e-09
1.753164617224387e-09
2.166803636947951e-09
2.745183523263826e-09
3.491649227832651e-09
4.480863201766577e-09
5.813207553078917e-09
7.573427379094894e-09
9.903745028421342e-09
1.301690117751344e-08
1.712329977220711e-08
2.264946882336407e-08
3.000146712738792e-08
3.978742750254678e-08
5.278151160605474e-08
7.005801296350265e-08
9.296990967769053e-08
1.234397582295255e-07
1.638782673459463e-07
2.176319557403392e-07
2.888779373351105e-07
3.835913452680546e-07
5.087922862041276e-07
6.752345785790832e-07
8.956613903373692e-07
1.188087335433923e-06
1.575380172145320e-06
2.088392420495094e-06
2.767345543582817e-06
3.666297303396228e-06
4.856789049968199e-06
6.429779443949337e-06
8.523507616605225e-06
1.128044220459439e-05
1.494250454213224e-05
1.976590827798123e-05
2.618044023945949e-05
3.458259371832216e-05
4.571334231876110e-05
6.036989884098766e-05
7.995408739161008e-05
1.057433223391521e-04
1.397049975181894e-04
1.848654778822217e-04
2.443404135875057e-04
3.231041371867101e-04
4.276831130434442e-04
5.643560196289658e-04
7.458465095572821e-04
9.847963910641501e-04
1.300539694258454e-03
1.715755147177026e-03
2.268552886671826e-03
2.994835030751674e-03
3.952075355298327e-03
5.208981396113842e-03
6.862890615903458e-03
9.029767842405492e-03
1.186251300644848e-02
1.555470985969416e-02
2.037174798650997e-02
2.661106934756444e-02
3.467421202000237e-02
4.504247615192419e-02
5.832543047106883e-02
7.525547604790865e-02
9.663735515066113e-02
1.232833533826693e-01
1.562482728274835e-01
1.962553848362746e-01
2.441539883385151e-01
3.004915855887760e-01
3.653684816490504e-01
4.383475804623356e-01
5.176296400935511e-01
6.005106777614415e-01
6.834668718820212e-01
7.621754802835987e-01
8.324302223917770e-01
8.908111370575756e-01
9.354577300178762e-01
9.672461272926857e-01
9.962568691307859e-01
###6.800000000000002e+00
7.251994815572798e-09
1.088991799767987e-10
1.416197852518173e-10
3.184403735648376e-11
1.513409864896614e-10
2.153336384105266e-10
3.458979876883989e-10
3.911669245227735e-10
3.942626572346662e-10
-7.004641348268931e-11
5.703893551987788e-10
6.994777408590898e-10
8.454100196437470e-10
8.659835773189501e-10
9.438768978561647e-10
1.101048576328135e-09
1.287095855158863e-09
1.560894535557776e-09
1.923160071632091e-09
2.373526704327039e-09
2.999621623948775e-09
3.812204351237103e-09
4.884775002802136e-09
6.340202196311412e-09
8.238528394008930e-09
1.076787499008157e-08
1.414711558195163e-08
1.859155528442058e-08
2.458464336531548e-08
3.255867533430866e-08
4.318314516900068e-08
5.729103010750328e-08
7.605451672240914e-08
1.009534339699825e-07
1.340757343084188e-07
1.780508764701588e-07
2.365301330612231e-07
3.140765163207384e-07
4.171816737361040e-07
5.536343531582031e-07
7.350559528193880e-07
9.754345634198562e-07
1.294553392025814e-06
1.717459962848589e-06
2.278008656271869e-06
3.020412512841322e-06
4.004112248561739e-06
5.307577147951985e-06
7.032074337990505e-06
9.328074539376795e-06
1.235361005617366e-05
1.637658358241482e-05
2.168055423741594e-05
2.874005704288638e-05
3.799622658354230e-05
5.026934836705376e-05
6.644873677342512e-05
8.808812979530726e-05
1.166164475991159e-04
1.542184967545813e-04
2.042742683307464e-04
2.702720901655992e-04
3.577528564567557e-04
4.740039776630859e-04
6.260758895617152e-04
8.281492082257447e-04
1.094411573996097e-03
1.446421406835713e-03
1.909478722695721e-03
2.526139798042320e-03
3.336435294871428e-03
4.404243336119786e-03
5.805779251307713e-03
7.648978162897364e-03
1.006152050857194e-02
1.321190166148912e-02
1.731105790602710e-02
2.264884369723877e-02
2.954615610259602e-02
3.843605343325038e-02
4.982954388777915e-02
6.437396897805768e-02
8.282970732494199e-02
1.060247448519697e-01
1.347702623974308e-01
1.701152837875493e-01
2.127031190655954e-01
2.632946404198633e-01
3.222693177606297e-01
3.895063636413069e-01
4.642957495920691e-01
5.445299750770749e-01
6.272483171610520e-01
7.087449442497398e-01
7.847073376185598e-01
8.511578306069503e-01
9.051146484947125e-01
9.452895538035195e-01
9.729612673408466e-01
9.969937043854854e-01
###7.200000000000002e+00
7.220132065392211e-09
1.218913470720651e-10
1.967033597651628e-10
4.062892428522201e-11
1.711069018409485e-10
2.511266667579378e-10
3.679407898514294e-10
4.263260991987198e-10
4.437544840785948e-10
1.262569708106904e-11
6.358467599448546e-10
7.635465788768090e-10
9.181496354786743e-10
9.528084105720883e-10
1.043558810686162e-09
1.207751106983886e-09
1.415053642536229e-09
1.705626451793516e-09
2.097605673099187e-09
2.591137847814990e-09
3.269128218738249e-09
4.151336769496602e-09
5.316677185471184e-09
6.892737765635483e-09
8.955830727041846e-09
1.170006582691356e-08
1.536697129211528e-08
2.018336188169215e-08
2.668817048643938e-08
3.534113009555900e-08
4.687428873861800e-08
6.219838195899606e-08
8.258284874207594e-08
1.096505179142643e-07
1.456655325283189e-07
1.935045105044905e-07
2.571458183899152e-07
3.415862384204704e-07
4.538761206959529e-07
6.026379182825239e-07
8.004624753612345e-07
1.062772155861651e-06
1.411158313746035e-06
1.873168310309779e-06
2.485905151227036e-06
3.298136826104308e-06
4.375057084345692e-06
5.803252593869157e-06
7.694753905627186e-06
1.021367841205214e-05
1.353630107226737e-05
1.795915310920126e-05
2.379291467363280e-05
3.156676982568421e-05
4.176880385002957e-05
5.531124187685396e-05
7.317761009822649e-05
9.710119312485564e-05
1.286672738603043e-04
1.703172349651723e-04
2.258105992313772e-04
2.990568585632698e-04
3.962222577854275e-04
5.254452794759187e-04
6.946072469157656e-04
9.195408891131198e-04
1.216085898453800e-03
1.608245283811540e-03
2.124309019237916e-03
2.811522999253108e-03
3.714502253415564e-03
4.904094752147238e-03
6.464661603947869e-03
8.515139935753820e-03
1.119616147910863e-02
1.469254698454555e-02
1.923278131296662e-02
2.513355772762605e-02
3.273837779826960e-02
4.251216984948100e-02
5.499719197835354e-02
7.087127427944141e-02
9.092543231965651e-02
1.160043925067406e-01
1.469056119733433e-01
1.846648242176957e-01
2.298385470013605e-01
2.830668314278854e-01
3.445629368199587e-01
4.139626107100158e-01
4.902905863112968e-01
5.711452979762980e-01
6.533253287351959e-01
7.330137991223383e-01
8.059506534287443e-01
8.684586538186563e-01
9.180308595617037e-01
9.539423765391604e-01
9.778574182281902e-01
9.976037303593651e-01
###7.600000000000002e+00
7.174930209342401e-09
1.257811305713165e-10
2.010568348666945e-10
5.525162867422929e-11
2.095399576479241e-10
2.948764722052691e-10
3.924132757067009e-10
4.318786463871764e-10
4.649885927621595e-10
6.472757799372064e-11
6.575636125065628e-10
7.882763281547172e-10
9.519320919446870e-10
1.001597196941265e-09
1.110690602634908e-09
1.286458981055936e-09
1.519800730811956e-09
1.834863476453987e-09
2.259354571229783e-09
2.798123368870953e-09
3.532699714971351e-09
4.490681015111423e-09
5.757742030601715e-09
7.465459197805884e-09
9.705588599187395e-09
1.267843552703561e-08
1.667006835402138e-08
2.189842073109954e-08
2.895903996199173e-08
3.835768444415436e-08
5.087728918783491e-08
6.752305154719729e-08
8.967901694880436e-08
1.191095776418640e-07
1.582860737283700e-07
2.103465969795569e-07
2.796434638151521e-07
3.716156821257467e-07
4.939470802721274e-07
6.562013324335806e-07
8.719863138828702e-07
1.158337398862935e-06
1.538851757842875e-06
2.043832678290409e-06
2.713982837177359e-06
3.602980061568873e-06
4.782700325196035e-06
6.348141335261120e-06
8.423813038494342e-06
1.118880861451289e-05
1.483970541516081e-05
1.970634180686794e-05
2.612508721706591e-05
3.468912778669750e-05
4.593969877822152e-05
6.088784614018334e-05
8.062510573256144e-05
1.070819541014566e-04
1.420219012549460e-04
1.881675641774956e-04
2.496975338965382e-04
3.309894880743787e-04
4.389089305283020e-04
5.825238920280779e-04
7.706366772140118e-04
1.020927328347932e-03
1.350991753401626e-03
1.787595065960257e-03
2.362238447488293e-03
3.127269034574521e-03
4.132394519981868e-03
5.455736662176647e-03
7.190536796856947e-03
9.467686254201670e-03
1.244152381430087e-02
1.631364451572691e-02
2.133360435808949e-02
2.783858131566728e-02
3.620195874409414e-02
4.691859501689988e-02
6.056032773309708e-02
7.783400396225860e-02
9.955740860464561e-02
1.265840254583648e-01
1.596936424619712e-01
1.998873454433695e-01
2.476339927586531e-01
3.034318871581044e-01
3.673122185438753e-01
4.386701822644851e-01
5.162547507077321e-01
5.973894690753012e-01
6.786666402435790e-01
7.562113913480798e-01
8.258857089738666e-01
8.843533014968684e-01
9.296142556272577e-01
9.614997564299748e-01
9.820171375828890e-01
9.981099945196975e-01
###8.000000000000002e+00
7.141366293354785e-09
1.383033953146099e-10
2.078694924583694e-10
6.281614302074583e-11
2.298948980430978e-10
3.030643921647243e-10
4.107811409842648e-10
4.602484187778628e-10
4.878193655517538e-10
1.146572928995219e-10
6.857243415985555e-10
8.093268786670988e-10
9.936355226807257e-10
1.053937228058097e-09
1.181504889442614e-09
1.373547385453098e-09
1.630131700770406e-09
1.972016274637875e-09
2.434003673652135e-09
3.020161654413433e-09
3.815395971189613e-09
4.856523357845172e-09
6.233318282497895e-09
8.082346086145873e-09
1.051577850323507e-08
1.374164509861034e-08
1.807930051499112e-08
2.376190397937119e-08
3.142645966730493e-08
4.163970486213719e-08
5.523620160547706e-08
7.332809136235824e-08
9.741055279072639e-08
1.294279309939470e-07
1.720538228033574e-07
2.287417475473562e-07
3.042029572271023e-07
4.044217254004489e-07
5.377502986447677e-07
7.147784919292019e-07
9.502763045430773e-07
1.263001187965269e-06
1.678805579433309e-06
2.231011904361235e-06
2.964281556673168e-06
3.937749608337170e-06
5.230585930230667e-06
6.947482430077317e-06
9.226070729437177e-06
1.226309657345277e-05
1.627622779461881e-05
2.163283445703277e-05
2.869989794486541e-05
3.813849337216788e-05
5.055127342887489e-05
6.705691320381888e-05
8.887017640702172e-05
1.181372876595200e-04
1.568183548474667e-04
2.079493063522011e-04
2.761848537787491e-04
3.663979737571115e-04
4.862365826691375e-04
6.458175623151101e-04
8.549451167159405e-04
1.133293102148634e-03
1.500405011434523e-03
1.986100279835536e-03
2.625349892167076e-03
3.476180617835473e-03
4.593664085741763e-03
6.063568492851132e-03
7.988873897859957e-03
1.051350142435670e-02
1.380548867313587e-02
1.808462419942585e-02
2.362200390645695e-02
3.077672488788967e-02
3.995177523367199e-02
5.167137755897915e-02
6.653485936107514e-02
8.527904741057907e-02
1.087372491761390e-01
1.377716283860261e-01
1.731328804894904e-01
2.157759691164282e-01
2.660638183199634e-01
3.243476445227504e-01
3.904625231611139e-01
4.635496590016460e-01
5.420926884463056e-01
6.231606123212386e-01
7.031886222082933e-01
7.782853948019930e-01
8.444973578515556e-01
8.988754170397405e-01
9.399405510386966e-01
9.680520190886637e-01
9.855201003955388e-01
9.985245190912019e-01
###8.400000000000002e+00
7.108543548778865e-09
1.431848978599258e-10
2.382746266625387e-10
7.397139487017995e-11
2.437030081141276e-10
3.206265067292157e-10
4.296945306590836e-10
4.798683177979089e-10
5.047340239337868e-10
1.634919993387474e-10
7.095558742226171e-10
8.392398802349672e-10
1.038159460344469e-09
1.112536747729341e-09
1.257544854513247e-09
1.466490060665119e-09
1.749826341872837e-09
2.122798913411221e-09
2.621233655048290e-09
3.258625813106833e-09
4.120767606282915e-09
5.251817323860906e-09
6.748422976935640e-09
8.753069673048991e-09
1.139607767324470e-08
1.489636762024132e-08
1.960209394231129e-08
2.578546753501936e-08
3.411313076157277e-08
4.520881107652236e-08
5.997975631310263e-08
7.965172568148176e-08
1.058391973012488e-07
1.406711071715382e-07
1.870727693656744e-07
2.488047854971199e-07
3.310232089230391e-07
4.402612103482652e-07
5.856629907386176e-07
7.788752730528913e-07
1.035987698030892e-06
1.377678805816499e-06
1.832293778244339e-06
2.436320756240949e-06
3.239111326658206e-06
4.305611409556092e-06
5.723145388447939e-06
7.606922901034170e-06
1.010942461308079e-05
1.344710703460887e-05
1.786063988911788e-05
2.375899867616179e-05
3.154350114800391e-05
4.195046391844935e-05
5.565019345895351e-05
7.388135241007602e-05
9.799673146239600e-05
1.303774058873993e-04
1.732134700208549e-04
2.298694526212389e-04
3.055350754992130e-04
4.056316146639053e-04
5.386862781522367e-04
7.159597423646026e-04
9.483266912981517e-04
1.257690497175164e-03
1.665705930318617e-03
2.205631589090761e-03
2.915893803973855e-03
3.861052417737318e-03
5.101736524839702e-03
6.732084013732774e-03
8.865594097438735e-03
1.165938514002468e-02
1.529650417831352e-02
2.001607323320811e-02
2.610998062441255e-02
3.396138034465295e-02
4.400272654700874e-02
5.678453491507456e-02
7.293598932513283e-02
9.321657356599794e-02
1.184774990764386e-01
1.495723167181947e-01
1.872217513756852e-01
2.323174452175870e-01
2.851003591835922e-01
3.457682648393493e-01
4.139443947164637e-01
4.885219216052371e-01
5.677173649639260e-01
6.483777781427917e-01
7.268271963182970e-01
7.991922897014115e-01
8.617812048650467e-01
9.120575820958339e-01
9.490777822513665e-01
9.736870971367514e-01
9.884417428763308e-01
9.988578683969631e-01
###8.800000000000002e+00
7.085725235027739e-09
1.457680718174085e-10
2.733760411670860e-10
8.060946495583976e-11
2.568705099649258e-10
3.502336601258804e-10
4.508689315044286e-10
5.002171370239453e-10
5.289009626506821e-10
2.131906906828638e-10
7.419660592442185e-10
8.734077498850426e-10
1.080307363369813e-09
1.172372672465316e-09
1.337465129284486e-09
1.567851650012868e-09
1.876569665907296e-09
2.281870122787878e-09
2.819584573628756e-09
3.514514506034488e-09
4.453170839944091e-09
5.675348983087617e-09
7.306855298396152e-09
9.480574050708903e-09
1.235408873752681e-08
1.614972886398322e-08
2.125473729184917e-08
2.798501460930459e-08
3.703134865780166e-08
4.908923419152536e-08
6.514615913307305e-08
8.654035400325644e-08
1.150254384518779e-07
1.529337327861090e-07
2.034616357187705e-07
2.707160823447689e-07
3.603271080731910e-07
4.794560073534799e-07
6.380693333076044e-07
8.490177312728159e-07
1.129871665541095e-06
1.503361811314846e-06
2.000617017084885e-06
2.661683296674861e-06
3.541003082397966e-06
4.709994299501908e-06
6.264966030023430e-06
8.333024720191155e-06
1.108249372229542e-05
1.475210969058736e-05
1.960777853787762e-05
2.610529108458768e-05
3.468314102230330e-05
4.616242300901596e-05
6.128767065316237e-05
8.143137164548731e-05
1.081152701757668e-04
1.439287691369698e-04
1.913599022760061e-04
2.541498188737771e-04
3.380516648737915e-04
4.490972989721957e-04
5.967661865501728e-04
7.935905413108437e-04
1.051679756277212e-03
1.395267111205100e-03
1.848428497206605e-03
2.447925522640318e-03
3.236325137060134e-03
4.284978819155807e-03
5.660488759615693e-03
7.466217092270489e-03
9.826512494911788e-03
1.291206441742958e-02
1.692373217908587e-02
2.212052285440197e-02
2.880977366941252e-02
3.740622329118583e-02
4.836879922276408e-02
6.227483152533029e-02
7.977596737639743e-02
1.016621224793172e-01
1.287873017618798e-01
1.619912088981065e-01
2.019520507674789e-01
2.494895919048783e-01
3.047098200654356e-01
3.676465047832408e-01
4.376975974739238e-01
5.135059282150198e-01
5.930464565458909e-01
6.729661917623805e-01
7.495199242396419e-01
8.189070378733972e-01
8.777498531612598e-01
9.239606303822305e-01
9.571109677948467e-01
9.784946765886864e-01
9.908571019584641e-01
9.991258861326218e-01
###9.200000000000003e+00
7.072147404310506e-09
1.507318480244223e-10
2.804757713069607e-10
1.084197002551323e-10
2.708549432593568e-10
3.689145190594806e-10
4.793707768002184e-10
5.189250026626430e-10
5.544625060777935e-10
2.634733092978106e-10
7.743778980050784e-10
9.128170227518996e-10
1.128146217124212e-09
1.236433600741371e-09
1.422005984699696e-09
1.671322129243899e-09
2.008543092262368e-09
2.453198341447877e-09
3.038338009727726e-09
3.791288551761729e-09
4.813793831448715e-09
6.136102733136454e-09
7.908119923124523e-09
1.026887699831587e-08
1.338916468042630e-08
1.750921090134150e-08
2.305176470904043e-08
3.037687258777192e-08
4.020617087325215e-08
5.331073851993176e-08
7.077237148918252e-08
9.404658277679981e-08
1.250415404136169e-07
1.663195993061469e-07
2.213574411254738e-07
2.946508209400972e-07
3.923545326640550e-07
5.223289782634501e-07
6.954365567767890e-07
9.258448947847139e-07
1.232747949452850e-06
1.641178004189892e-06
2.185313098693760e-06
2.909266615982195e-06
3.872748094457974e-06
5.154589427286032e-06
6.860955973944822e-06
9.132247261244470e-06
1.215456360871747e-05
1.619083691211331e-05
2.153574041876418e-05
2.869534663236743e-05
3.815140246316796e-05
5.081745673120776e-05
6.752082660854050e-05
8.977959559948981e-05
1.193376230435674e-04
1.589239174393637e-04
2.114484485838152e-04
2.810226387808209e-04
3.740396177055901e-04
4.971939689777631e-04
6.610328762411052e-04
8.794517754139601e-04
1.165892642770191e-03
1.547215145166372e-03
2.050099160099844e-03
2.715156310189479e-03
3.589317319926201e-03
4.751308586430669e-03
6.274142035667058e-03
8.271002522143665e-03
1.087767362649794e-02
1.428005299716515e-02
1.869597433527359e-02
2.440588755689896e-02
3.173331956122572e-02
4.112519517981484e-02
5.306415307934265e-02
6.815617214169475e-02
8.706777595475217e-02
1.106252450902419e-01
1.396694379582576e-01
1.750270879750752e-01
2.173111841185601e-01
2.672524726163109e-01
3.248540216946000e-01
3.899198709841750e-01
4.616404605444896e-01
5.384152145426354e-01
6.179871217361869e-01
6.968388556837272e-01
7.711996118087285e-01
8.374052804819110e-01
8.924212842206776e-01
9.346367178462532e-01
9.641208507602176e-01
9.825626135400436e-01
9.928329642149717e-01
9.993345274220692e-01
###9.600000000000003e+00
7.036398264524999e-09
1.486801415607822e-10
2.827219518281812e-10
1.266900983937916e-10
2.737282185127210e-10
3.899081883947482e-10
4.978091091584243e-10
5.359832956296920e-10
5.823074954453351e-10
3.123532625650582e-10
8.061840944194757e-10
9.574746242623346e-10
1.180329587260375e-09
1.306217368976621e-09
1.510753027269855e-09
1.785080595181410e-09
2.152094154214332e-09
2.639146722639272e-09
3.271508061164423e-09
4.092893413778763e-09
5.196640099257717e-09
6.636170100856254e-09
8.559846493801497e-09
1.112703679886020e-08
1.451329426122797e-08
1.898694829823117e-08
2.500740447241144e-08
3.297720263507764e-08
4.366185922240037e-08
5.790739545237493e-08
7.690314569827298e-08
1.022329963240459e-07
1.359691734091660e-07
1.809252688191627e-07
2.409026928793850e-07
3.208067290684820e-07
4.273695935637952e-07
5.692263329187302e-07
7.582359531424826e-07
1.010004628937626e-06
1.345542216405277e-06
1.792359814243452e-06
2.388101775290962e-06
3.181192107227103e-06
4.237409184899476e-06
5.643639503926227e-06
7.517040023090374e-06
1.001237283169997e-05
1.333419171555875e-05
1.777694952643574e-05
2.366289605343589e-05
3.155027713275280e-05
4.198223147455360e-05
5.596236889214116e-05
7.441256345787315e-05
9.902064045048256e-05
1.317427359590790e-04
1.755150876677607e-04
2.336723924884733e-04
3.107496249495719e-04
4.138396108490308e-04
5.503908015487418e-04
7.320608375737660e-04
9.743622277887233e-04
1.292022969986751e-03
1.714932375544779e-03
2.272438218487128e-03
3.009423721217787e-03
3.977486837555943e-03
5.263444339658327e-03
6.947034310975956e-03
9.152004327007196e-03
1.202622715881913e-02
1.577110137308932e-02
2.062275321190183e-02
2.688342587788611e-02
3.489328632091795e-02
4.513107287319102e-02
5.810385230210593e-02
7.444017658133428e-02
9.483304997853553e-02
1.201182545918002e-01
1.511338792964457e-01
1.886773952786730e-01
2.333084536509304e-01
2.856016446653551e-01
3.454890033614200e-01
4.125298536618337e-01
4.857090518935710e-01
5.631700717257738e-01
6.424542803902638e-01
7.199248564635669e-01
7.918227944272695e-01
8.546725233299126e-01
9.058240564697706e-01
9.441495593394271e-01
9.701929781036579e-01
9.859744971121317e-01
9.944350265131326e-01
9.994941684805485e-01
###1.000000000000000e+01
7.004843489046165e-09
1.535124485420893e-10
2.835667558192416e-10
1.335391375309962e-10
2.871781011359277e-10
4.079384360416825e-10
5.079983509655019e-10
5.576709755065321e-10
6.083702322198201e-10
3.651206307324646e-10
8.436009609444631e-10
9.950050788935829e-10
1.239525930494805e-09
1.378437473672535e-09
1.606229733303470e-09
1.902216362118735e-09
2.305587745444247e-09
2.837030926941323e-09
3.521744750235380e-09
4.413567480213773e-09
5.613681674482929e-09
7.176160696625233e-09
9.265275777818828e-09
1.205250441223905e-08
1.573912734171006e-08
2.059347244689188e-08
2.713344594877349e-08
3.580507109010060e-08
4.742261356219711e-08
6.292266525692263e-08
8.358202361825649e-08
1.111595492587745e-07
1.478927785383685e-07
1.968764847865290e-07
2.622460318901668e-07
3.493984060626289e-07
4.656727350393203e-07
6.205655839281372e-07
8.271418980845410e-07
1.102225084704186e-06
1.469224801120844e-06
1.958272033349798e-06
2.610725902518585e-06
3.479963250583776e-06
4.638214484927720e-06
6.181646999098940e-06
8.239200273586506e-06
1.098164594588566e-05
1.463424142498656e-05
1.952600944780621e-05
2.600987868506387e-05
3.470203729315207e-05
4.621351627831408e-05
6.164681231332323e-05
8.202781295460357e-05
1.092394487810464e-04
1.454569488983380e-04
1.938673519793237e-04
2.582530402205334e-04
3.436222592324558e-04
4.578479357149426e-04
6.091833685939738e-04
8.105313593347199e-04
1.079112336070793e-03
1.431170636803274e-03
1.899801617541368e-03
2.517302948940759e-03
3.333080709863654e-03
4.403977024538588e-03
5.825176381525114e-03
7.683944006062669e-03
1.011479198754244e-02
1.327872879792400e-02
1.739353109245933e-02
2.271376726126039e-02
2.956392670103167e-02
3.830234578684996e-02
4.943981767633163e-02
6.350313737812890e-02
8.114492624873260e-02
1.030848704507051e-01
1.301518498250497e-01
1.631830707952209e-01
2.029371758049254e-01
2.499089662971473e-01
3.045115811604964e-01
3.665714134533024e-01
4.354200246550051e-01
5.098197292217748e-01
5.876887955055030e-01
6.663776643132069e-01
7.421643431986612e-01
8.113482095780589e-01
8.707130381951244e-01
9.180002895225136e-01
9.525742929883554e-01
9.754131930944363e-01
9.888112812529104e-01
9.957199388931769e-01
9.996309848899892e-01
###1.040000000000000e+01
6.967853978166421e-09
1.437700551353048e-10
2.879359348743423e-10
1.579953245557191e-10
2.996396965384279e-10
4.293233804994763e-10
5.254323195446840e-10
5.798626679251909e-10
6.381041177716334e-10
4.215195218421337e-10
8.854138436785579e-10
1.043547586273009e-09
1.293520561660543e-09
1.456076236526167e-09
1.710083829682045e-09
2.031603725752409e-09
2.471472628710973e-09
3.045160993537559e-09
3.788630506702513e-09
4.756026849886584e-09
6.061231577534071e-09
7.761014754069311e-09
1.002856966282293e-08
1.305965274266626e-08
1.706721924450614e-08
2.233861653077887e-08
2.944345388428592e-08
3.887983572991437e-08
5.151581807621232e-08
6.838175734492556e-08
9.086735649530605e-08
1.208970471934326e-07
1.609058297668714e-07
2.142995460816163e-07
2.855808624577761e-07
3.806625685499706e-07
5.075805968312693e-07
6.767553160809446e-07
9.026557706446767e-07
1.203345587700951e-06
1.604879204317280e-06
2.140335873217777e-06
2.855208732369644e-06
3.808377263002116e-06
5.079175586834171e-06
6.773693202589618e-06
9.034338997127694e-06
1.204993647635359e-05
1.606765772700011e-05
2.145543743024037e-05
2.860031130853127e-05
3.818141254611994e-05
5.088565195417093e-05
6.792693882033653e-05
9.044292165363271e-05
1.205302200882860e-04
1.606113951196119e-04
2.141515163397131e-04
2.854176210721040e-04
3.799507426935259e-04
5.064624182808159e-04
6.740958309213181e-04
8.971319804882332e-04
1.194640580921933e-03
1.584510420282030e-03
2.103256080866312e-03
2.786542211447060e-03
3.688711613950411e-03
4.871809125432478e-03
6.440399756482914e-03
8.489492245450411e-03
1.116539926350365e-02
1.464248619992968e-02
1.915550833469142e-02
2.497917640870843e-02
3.245914260308692e-02
4.197307247442179e-02
5.406134159852000e-02
6.927836488888345e-02
8.828394484467779e-02
1.118245982911614e-01
1.407328141910416e-01
1.758189096075805e-01
2.177996494492316e-01
2.670875476451605e-01
3.239399625108581e-01
3.880506125322690e-01
4.585263928724765e-01
5.339050071011404e-01
6.118969099077125e-01
6.896740169116716e-01
7.634925307439052e-01
8.297545877353457e-01
8.855274697912474e-01
9.289952891389439e-01
9.599825627161884e-01
9.798671217820305e-01
9.911493868719988e-01
9.967404015075618e-01
9.997277208089205e-01
###1.080000000000000e+01
6.943619655157054e-09
1.514551788860307e-10
2.994279776838912e-10
1.746831691624683e-10
3.119648042593609e-10
4.493095122060161e-10
5.489058765724468e-10
6.055464694868458e-10
6.665890742293260e-10
4.775655228335861e-10
9.250760347574571e-10
1.099263673201584e-09
1.354334169326299e-09
1.548918030495363e-09
1.820725613040564e-09
2.170316750809590e-09
2.646098683552729e-09
3.265744042831361e-09
4.080607160264592e-09
5.129000737330899e-09
6.545241415874355e-09
8.392461838992639e-09
1.085646858456358e-08
1.415372345225326e-08
1.850786423463918e-08
2.423599744231513e-08
3.195803829753041e-08
4.222918784892559e-08
5.597508686161288e-08
7.433377134106693e-08
9.881069578559577e-08
1.315215561223523e-07
1.751164010889444e-07
2.333409474544966e-07
3.110990717652557e-07
4.148591227091575e-07
5.534951206888645e-07
7.382971733204459e-07
9.853939674405860e-07
1.314218852187896e-06
1.753793099839696e-06
2.340282290380933e-06
3.123888315320983e-06
4.169359018196477e-06
5.564146491065942e-06
7.425283514790201e-06
9.909926354952503e-06
1.322636503539497e-05
1.764774984503484e-05
2.358337510780313e-05
3.145839396349003e-05
4.202277446093259e-05
5.604466916369140e-05
7.486203205835055e-05
9.973977548947784e-05
1.330018210552316e-04
1.773405072147951e-04
2.365529995680573e-04
3.154190717964097e-04
4.200608804628325e-04
5.601134993199526e-04
7.457166855660760e-04
9.926004329303699e-04
1.321936102603677e-03
1.753343436150223e-03
2.327064520138978e-03
3.082271636513007e-03
4.078703385557293e-03
5.384251690447120e-03
7.113173129768723e-03
9.368922271499007e-03
1.230970210585753e-02
1.612482394956145e-02
2.106652947509088e-02
2.742928824486621e-02
3.558056679242140e-02
4.591890814509370e-02
5.901296097707772e-02
7.544170919291571e-02
9.586861894370974e-02
1.210663822450501e-01
1.518648780743047e-01
1.890357566739181e-01
2.332533126867384e-01
2.848214133241896e-01
3.438466111471323e-01
4.098717002543566e-01
4.817825503687628e-01
5.578871669909720e-01
6.357040832897934e-01
7.122769742821367e-01
7.838629972550484e-01
8.470222483749501e-01
8.991485153185846e-01
9.388638326978808e-01
9.664548953946457e-01
9.836393945568317e-01
9.930603623298215e-01
9.975425596854350e-01
9.997965611181127e-01
###1.120000000000000e+01
6.906962025770671e-09
1.649170609269366e-10
3.034686763366784e-10
1.975225325911056e-10
3.415052484776365e-10
4.641990346368170e-10
5.721551922165239e-10
6.355573570117367e-10
6.993365835909070e-10
5.334914345173698e-10
9.721878352895177e-10
1.154011447032059e-09
1.424628858904074e-09
1.640132573290779e-09
1.940581079036765e-09
2.321046043679785e-09
2.834749857752014e-09
3.505607736846433e-09
4.383592564574434e-09
5.531694424948724e-09
7.068306682304443e-09
9.077541134802726e-09
1.175389757372947e-08
1.534030234128247e-08
2.007212528515256e-08
2.629741230270226e-08
3.469561883017221e-08
4.587161928006439e-08
6.083543131897624e-08
8.082325767333694e-08
1.074786850805792e-07
1.431190774437733e-07
1.906396380185967e-07
2.541413129041108e-07
3.389874495919220e-07
4.522796519745763e-07
6.037258783247574e-07
8.057184424770673e-07
1.076097693877711e-06
1.435873962443640e-06
1.917196518299322e-06
2.559870021347112e-06
3.419080883592873e-06
4.566309257829077e-06
6.097651120468277e-06
8.142585495331230e-06
1.087420955669588e-05
1.452307730288600e-05
1.939030386194551e-05
2.593068677871106e-05
3.461054809690687e-05
4.626252683089905e-05
6.173853857937355e-05
8.251907354960662e-05
1.100056290755783e-04
1.467752779343329e-04
1.957990630278822e-04
2.612923238434040e-04
3.485385036515594e-04
4.643268574491465e-04
6.193005845089477e-04
8.246546169082057e-04
1.097803702516311e-03
1.462038435712184e-03
1.939005472948189e-03
2.572905507168576e-03
3.406771310539475e-03
4.506171442273030e-03
5.944826494920160e-03
7.847955334888483e-03
1.032748656159054e-02
1.355480584330922e-02
1.773333234221441e-02
2.313527621902786e-02
3.007412653866451e-02
3.894079261417298e-02
5.015302346777128e-02
6.430754695610481e-02
8.200285689479177e-02
1.039130655213169e-01
1.308268339304365e-01
1.635547541676528e-01
2.028393528221765e-01
2.492843677591430e-01
3.030886074734630e-01
3.641995161071070e-01
4.319806029423329e-01
5.051112242719479e-01
5.816844496679685e-01
6.590414863494786e-01
7.341216976265151e-01
8.032360606040602e-01
8.631408793085151e-01
9.115950685048222e-01
9.476677963271700e-01
9.720674923419397e-01
9.868055801340976e-01
9.946054792710788e-01
9.981651934985061e-01
9.998593221207972e-01
###1.160000000000000e+01
6.878186020204003e-09
1.891703080223196e-10
3.071206894748477e-10
2.105513722295247e-10
3.554097307558300e-10
4.749361269818434e-10
5.916108969879047e-10
6.585700010083269e-10
7.320298430670784e-10
5.938161682792581e-10
1.026139172078877e-09
1.217218848395899e-09
1.497352943088522e-09
1.738261475618692e-09
2.064669454371626e-09
2.483220104523101e-09
3.038747079981124e-09
3.764414346226842e-09
4.720108339228346e-09
5.966354748563693e-09
7.634398395482909e-09
9.822686331664554e-09
1.273207394588477e-08
1.662727949133926e-08
2.176742540845559e-08
2.854039469110102e-08
3.767520011102370e-08
4.984160968901359e-08
6.613340565963793e-08
8.790469952674378e-08
1.169371786625892e-07
1.557797045715839e-07
2.076030713313040e-07
2.768857437910570e-07
3.695071192984490e-07
4.932407155667729e-07
6.587459166359676e-07
8.796339045679049e-07
1.175558757827540e-06
1.569316632577604e-06
2.096604912258950e-06
2.801083128880282e-06
3.743591221093787e-06
5.002776264970242e-06
6.684765730598747e-06
8.932301080651596e-06
1.193635185079216e-05
1.595223935423261e-05
2.131135120813342e-05
2.851874048177512e-05
3.808912014475610e-05
5.094079196671148e-05
6.802430884439067e-05
9.097077716213553e-05
1.213376898479765e-04
1.619764729672179e-04
2.161696310506419e-04
2.885918851665862e-04
3.850775245963062e-04
5.131209044026711e-04
6.845263698244528e-04
9.115990771093761e-04
1.213588751143993e-03
1.616089874143832e-03
2.142927518406410e-03
2.842616036057065e-03
3.762344975776842e-03
4.973842114995225e-03
6.557268424464355e-03
8.649217486354959e-03
1.137064650535473e-02
1.490709916923713e-02
1.947685317457051e-02
2.537130730645400e-02
3.292525843459278e-02
4.254925265726649e-02
5.468790320940650e-02
6.995685540530561e-02
8.897779124678734e-02
1.124291603838961e-01
1.411109811889159e-01
1.758040051932880e-01
2.172179960085484e-01
2.658765600553854e-01
3.218585473563192e-01
3.849465953196860e-01
4.543215401140680e-01
5.284501969368941e-01
6.052240761640986e-01
6.818301065849521e-01
7.551522620869374e-01
8.215785863904891e-01
8.781177931021364e-01
9.229098027988809e-01
9.554709725857184e-01
9.769002881930653e-01
9.894429807816414e-01
9.958443047007068e-01
9.986442903743681e-01
9.998997926241543e-01
###1.200000000000001e+01
6.851246041144114e-09
1.872508690041328e-10
3.185324924584454e-10
2.200404491476123e-10
3.701983107224444e-10
4.990319961773199e-10
6.161598640275396e-10
6.878168018307792e-10
7.681504160727638e-10
6.542611114162562e-10
1.079306850923834e-09
1.281301752568585e-09
1.577875926157390e-09
1.842430656055428e-09
2.198301385657139e-09
2.654434944341593e-09
3.256452586709090e-09
4.045857419441158e-09
5.082018064585295e-09
6.437423555159658e-09
8.245695697646284e-09
1.063023188148074e-08
1.379380188899514e-08
1.802353076501586e-08
2.359945894615222e-08
3.098199678279195e-08
4.091929965899184e-08
5.416485104427212e-08
7.190686025475665e-08
9.563093489251670e-08
1.272637071233783e-07
1.696138879062098e-07
2.261412684317297e-07
3.017686881486758e-07
4.028941241811886e-07
5.380915052992204e-07
7.190459956733331e-07
9.606413036495298e-07
1.284600279476245e-06
1.715810521762496e-06
2.293656471412547e-06
3.066162471608467e-06
4.100252589054232e-06
5.482937637988477e-06
7.331029848358666e-06
9.801980299418011e-06
1.310660123271645e-05
1.752664885810195e-05
2.342907707968437e-05
3.137221114446987e-05
4.192573011426501e-05
5.610200636957532e-05
7.495907234953309e-05
1.002966334578197e-04
1.338398260492011e-04
1.787481431595228e-04
2.386393123437024e-04
3.186924166181829e-04
4.253500285352585e-04
5.669492914857706e-04
7.563520818281667e-04
1.007276085396482e-03
1.340891000995336e-03
1.785349251542088e-03
2.366670900780826e-03
3.138264694542810e-03
4.151485344439603e-03
5.484796854879220e-03
7.225451784779533e-03
9.521814378163048e-03
1.250436943171061e-02
1.637366788271763e-02
2.136274764866878e-02
2.778464324927060e-02
3.599351924359648e-02
4.641838730608371e-02
5.953653237299236e-02
7.597445569749021e-02
9.637735480430343e-02
1.214235707918949e-01
1.519132510794491e-01
1.886092859818894e-01
2.321624521181370e-01
2.830061634859634e-01
3.410951937935558e-01
4.060431117961595e-01
4.768280409646001e-01
5.517250987318194e-01
6.284327157897531e-01
7.040065459039530e-01
7.753123467013744e-01
8.388667093960458e-01
8.919623314383877e-01
9.331374591514581e-01
9.623439396856175e-01
9.810314148996975e-01
9.916195116103645e-01
9.968239393533544e-01
9.990042063723741e-01
9.999286733852225e-01
###1.240000000000001e+01
6.821475009131339e-09
2.142079183648416e-10
3.313108219632037e-10
2.359402586579127e-10
3.941960205614483e-10
5.361065755976337e-10
6.372223238708291e-10
7.190677991421620e-10
8.055283611457703e-10
7.142242768757802e-10
1.135855123410245e-09
1.349760530867122e-09
1.662160174741567e-09
1.953879030762002e-09
2.340614372571260e-09
2.837396912666819e-09
3.491242040184974e-09
4.347644959920143e-09
5.471809845468574e-09
6.945459356347023e-09
8.909966491814829e-09
1.150579329247527e-08
1.494530690381358e-08
1.953841905771197e-08
2.559169399564526e-08
3.363718757102511e-08
4.445281870997049e-08
5.887447923601553e-08
7.820016931017919e-08
1.040532763819921e-07
1.385343109875647e-07
1.847275984178135e-07
2.464144981116032e-07
3.289819946544528e-07
4.394481701538650e-07
5.872312959169883e-07
7.851287047273771e-07
1.049497612163824e-06
1.404013750698745e-06
1.876660537737831e-06
2.510087258592670e-06
3.357497821849424e-06
4.492561895303519e-06
6.010971707309805e-06
8.041820916352695e-06
1.075949768736322e-05
1.439556851487101e-05
1.926226771119590e-05
2.576562070861439e-05
3.451862135929379e-05
4.615573236675355e-05
6.178957775202115e-05
8.261096083483655e-05
1.105816899367068e-04
1.476248193950209e-04
1.972413847176067e-04
2.634087120405524e-04
3.518621842377980e-04
4.697104502400433e-04
6.262353202826069e-04
8.353734626024304e-04
1.112464177053886e-03
1.480692892939665e-03
1.971070311210194e-03
2.611890936582201e-03
3.461875104850224e-03
4.576960777925599e-03
6.042455633651683e-03
7.953442627419227e-03
1.047087783064068e-02
1.373497620807565e-02
1.796186198559315e-02
2.339999754281154e-02
3.038495860546074e-02
3.928961975655107e-02
5.056352818607855e-02
6.471018636121370e-02
8.237392076610776e-02
1.042141864396142e-01
1.309060007327977e-01
1.632467381786891e-01
2.019715361471658e-01
2.476599834854540e-01
3.006545974627245e-01
3.607650652174688e-01
4.274294461949638e-01
4.994383931481051e-01
5.748622939096432e-01
6.512285844659266e-01
7.255010358850946e-01
7.945560770768627e-01
8.550888540315216e-01
9.046950300806227e-01
9.423263073659309e-01
9.683569089452658e-01
9.845367265592456e-01
9.934049280065137e-01
9.976011992834984e-01
9.992824513816622e-01
9.999471152659064e-01
###1.280000000000001e+01
6.799130906283780e-09
2.162765302281776e-10
3.287316779973308e-10
2.564085830160522e-10
4.129296420027507e-10
5.753067470812240e-10
6.623015152999121e-10
7.490989598338816e-10
8.473269541060542e-10
7.781985187852461e-10
1.201559854637730e-09
1.425560835346905e-09
1.753146262077163e-09
2.073723256543049e-09
2.494408530173919e-09
3.034379417441218e-09
3.744805880265495e-09
4.673868320993077e-09
5.893644803447059e-09
7.494720261380658e-09
9.627548533028688e-09
1.245461424110072e-08
1.619354220762837e-08
2.117427478237544e-08
2.775921803125220e-08
3.652785329338515e-08
4.830058664118037e-08
6.400797051272340e-08
8.506544014642018e-08
1.132517188188786e-07
1.508494699115661e-07
2.012513865913840e-07
2.685885235750142e-07
3.587634152024014e-07
4.794799075306964e-07
6.410743258234060e-07
8.575571794744924e-07
1.146944464157040e-06
1.535064146024260e-06
2.053245880563602e-06
2.747928520428787e-06
3.677836540715199e-06
4.923998867788110e-06
6.592166292437517e-06
8.824614594056143e-06
1.181378143019262e-05
1.581558653115785e-05
2.117456145660488e-05
2.834250745303538e-05
3.798685450238326e-05
5.081886393442286e-05
6.805669496850761e-05
9.104286152035381e-05
1.219205235140744e-04
1.628258930317028e-04
2.176197470960734e-04
2.906979065094169e-04
3.883964471169650e-04
5.185551696064891e-04
6.914663466662355e-04
9.222382057625031e-04
1.227989028280455e-03
1.634109391953905e-03
2.174594237678924e-03
2.880429884968689e-03
3.815725736905225e-03
5.041505626645838e-03
6.650477822620144e-03
8.745823751562335e-03
1.150181502609587e-02
1.506896029999468e-02
1.967912271721600e-02
2.559793327122705e-02
3.318211391633501e-02
4.282457893399335e-02
5.499520214490512e-02
7.022377658372149e-02
8.916842161113091e-02
1.124967836607368e-01
1.408858201995296e-01
1.751145384650910e-01
2.158850215653567e-01
2.636939459506848e-01
3.187904297614146e-01
3.808236131413406e-01
4.490609363508686e-01
5.220886424838016e-01
5.977932002229686e-01
6.735544398575589e-01
7.462643271689227e-01
8.128549071823660e-01
8.702297533317231e-01
9.163352665447317e-01
9.505320544043558e-01
9.735820640085709e-01
9.874878863207980e-01
9.948518193727718e-01
9.982012505554989e-01
9.994835855269490e-01
9.999695238196783e-01
###1.320000000000001e+01
6.768803735491354e-09
2.251536504299531e-10
3.370937778888233e-10
2.699358338844580e-10
4.339443035420488e-10
6.030917053309135e-10
6.877912262118943e-10
7.886832612821380e-10
8.873076511009433e-10
8.401358377802272e-10
1.267106200699385e-09
1.502455827629695e-09
1.849498106408376e-09
2.200408086210453e-09
2.661197203944906e-09
3.247112974571395e-09
4.014637477564069e-09
5.026282659281032e-09
6.348781219901196e-09
8.087990285726437e-09
1.040523152735995e-08
1.348194612174073e-08
1.754688519053174e-08
2.294941184455576e-08
3.011748539409849e-08
3.967280681105872e-08
5.249231939845367e-08
6.960924188141266e-08
9.255817573317507e-08
1.232948477542115e-07
1.643068444532339e-07
2.193088528496648e-07
2.928338053482501e-07
3.913626405982142e-07
5.233041889607323e-07
7.000442093921102e-07
9.369555132322034e-07
1.253851561424748e-06
1.678924952314181e-06
2.247218613381976e-06
3.009252597795020e-06
4.029897815848050e-06
5.398560414991756e-06
7.231477017671250e-06
9.686304966798341e-06
1.297494697472601e-05
1.737933877079032e-05
2.328116001629764e-05
3.118150904024887e-05
4.180962344362460e-05
5.595892202326237e-05
7.496701801524158e-05
1.003373087224132e-04
1.344178713793878e-04
1.795806732590606e-04
2.400705375547552e-04
3.207386482015714e-04
4.286072239678558e-04
5.722789674823146e-04
7.631530770642002e-04
1.017644919376950e-03
1.354783975634284e-03
1.802292741742648e-03
2.397452826188186e-03
3.174048548382793e-03
4.202136667428083e-03
5.548058723189561e-03
7.312368087708812e-03
9.606667821990484e-03
1.261993231236522e-02
1.651239911157733e-02
2.153340443836400e-02
2.796520947993374e-02
3.618674187756993e-02
4.661109601856898e-02
5.972700839378991e-02
7.608757236131773e-02
9.636699434424405e-02
1.212369345586561e-01
1.513670348500249e-01
1.875160746425070e-01
2.303404906962553e-01
2.802536178177662e-01
3.373910913937343e-01
4.012338117949799e-01
4.708774360067912e-01
5.447151245797955e-01
6.204462630423888e-01
6.953376413214952e-01
7.662420051404671e-01
8.301788569233274e-01
8.843013839001885e-01
9.269266982857263e-01
9.578176392810760e-01
9.780900841177043e-01
9.899516110063643e-01
9.960156247684638e-01
9.986636951418891e-01
9.996319393835145e-01
9.999903605757845e-01
###1.360000000000001e+01
6.735017220134370e-09
2.516964447313700e-10
3.526368134409751e-10
2.783732455351380e-10
4.549541417019903e-10
6.269495999173059e-10
7.168795718618743e-10
8.240474278965731e-10
9.356481719034539e-10
9.102417590001497e-10
1.334954562694216e-09
1.586585645841493e-09
1.954283153259476e-09
2.336829743395278e-09
2.836256329068298e-09
3.473087473706341e-09
4.305973731310985e-09
5.404337186349125e-09
6.840174368748767e-09
8.733347062942022e-09
1.124703995328724e-08
1.459422570559887e-08
1.901581988103558e-08
2.488023652263692e-08
3.268747602408512e-08
4.309469557518977e-08
5.705983047373047e-08
7.571433279404141e-08
1.007362508202551e-07
1.342648351766824e-07
1.790116481613592e-07
2.390575141172942e-07
3.193645386470477e-07
4.270524683225597e-07
5.713460465222741e-07
7.646887129283982e-07
1.024056037423108e-06
1.371134509364079e-06
1.836878137141269e-06
2.460176103363635e-06
3.296393599268485e-06
4.417072713726512e-06
5.920416200140866e-06
7.934907743855383e-06
1.063462585108069e-05
1.425349377249155e-05
1.910174456896612e-05
2.560215728599977e-05
3.430854065023812e-05
4.602090829079356e-05
6.162205948960516e-05
8.258126827401036e-05
1.105747217434863e-04
1.481860967781944e-04
1.980425715368602e-04
2.647902904465764e-04
3.537950434253921e-04
4.728065714098705e-04
6.313215103187368e-04
8.418621970055372e-04
1.122310987712283e-03
1.493812036829855e-03
1.986471847308869e-03
2.641270989757020e-03
3.494791570601897e-03
4.623718728961112e-03
6.099681391745402e-03
8.032046109780788e-03
1.054118941135484e-02
1.383094808544811e-02
1.807300414940196e-02
2.353358140885342e-02
3.051160502784880e-02
3.940885577078466e-02
5.065913021529897e-02
6.477091960214995e-02
8.231660103496277e-02
1.039804249667377e-01
1.304411711561752e-01
1.623553946246999e-01
2.004477368468203e-01
2.453277481330440e-01
2.973139852269282e-01
3.564145215394992e-01
4.219460336856585e-01
4.928216850578390e-01
5.672464886517509e-01
6.427531119433512e-01
7.165109511419085e-01
7.853842773311193e-01
8.465065647368912e-01
8.973110843699337e-01
9.365086905321367e-01
9.642432705171392e-01
9.819535684144621e-01
9.919941002237234e-01
9.969451596293917e-01
9.990205855119780e-01
9.997447712423017e-01
9.999903605757845e-01
###1.400000000000001e+01
6.697633776548511e-09
2.627664555099667e-10
3.644139545150232e-10
2.903903664208433e-10
4.761659231352937e-10
6.540961050903622e-10
7.433472520339484e-10
8.593506618613647e-10
9.860582564927442e-10
9.831721915243304e-10
1.408123765802282e-09
1.678591959634819e-09
2.069118702682360e-09
2.482621381104010e-09
3.023395780771527e-09
3.717534781459437e-09
4.619862233284970e-09
5.814552701265794e-09
7.372302318037833e-09
9.428995769136710e-09
1.216006231160747e-08
1.579924510747844e-08
2.060874385195873e-08
2.698068237465425e-08
3.548435942503395e-08
4.682526933511945e-08
6.204355476065314e-08
8.237815823099397e-08
1.096640292318718e-07
1.462408834242945e-07
1.950832941089338e-07
2.606676704353871e-07
3.484096090799252e-07
4.661332190598783e-07
6.239670562419909e-07
8.356042427041864e-07
1.119610684266120e-06
1.499946054392898e-06
2.010386010043718e-06
2.694076408776906e-06
3.611965797541615e-06
4.842640174270507e-06
6.494498852370441e-06
8.709060098701160e-06
1.167856069865578e-05
1.566055562448450e-05
2.099789916984689e-05
2.815816850738771e-05
3.775262186220885e-05
5.065990923148968e-05
6.786305266425860e-05
9.096895956347641e-05
1.218504715420870e-04
1.633431953359124e-04
2.183493067268924e-04
2.919711106366947e-04
3.901493367179968e-04
5.214029705277267e-04
6.961657212889658e-04
9.282139286683013e-04
1.237087188011400e-03
1.646027305226775e-03
2.187945233111718e-03
2.907679859580457e-03
3.844802247082538e-03
5.083086121693781e-03
6.700025841532943e-03
8.813688709633661e-03
1.155402767950593e-02
1.514088000162916e-02
1.975730115063084e-02
2.568639515705095e-02
3.324636280641918e-02
4.286000081083061e-02
5.498104360799384e-02
7.013626441029054e-02
8.891969595108694e-02
1.120208232072466e-01
1.401196492085480e-01
1.738546632959113e-01
2.139084012020272e-01
2.608378766566449e-01
3.148503813758512e-01
3.758254172828511e-01
4.429101038433577e-01
5.148297330246334e-01
5.896152454080757e-01
6.646514149602814e-01
7.370274604412671e-01
8.036536373935116e-01
8.618260394331874e-01
9.092832167360975e-01
9.451287054254055e-01
9.698767924790863e-01
9.852407707840848e-01
9.936728395214810e-01
9.976788892148896e-01
9.992882928353466e-01
9.998229704763301e-01
9.999903605757845e-01
###1.440000000000001e+01
6.669927026163291e-09
3.055553845703637e-10
3.745990451197007e-10
3.086037429291708e-10
4.947480685998942e-10
6.864060986922664e-10
7.835641051586835e-10
8.958868003037895e-10
1.039517713371704e-09
1.054925273736729e-09
1.478476903068728e-09
1.776689506111430e-09
2.191814754989937e-09
2.642057950946928e-09
3.227439164760880e-09
3.976037549098304e-09
4.959011991485248e-09
6.254807636494997e-09
7.951116103947179e-09
1.018105175488233e-08
1.314912645307953e-08
1.710641893718628e-08
2.233995113427927e-08
2.927785424334313e-08
3.853061630499312e-08
5.089019484488280e-08
6.747541222559357e-08
8.964762619328592e-08
1.194133932207013e-07
1.593283463252576e-07
2.126577531570286e-07
2.842987199756582e-07
3.802102389174786e-07
5.089555884686827e-07
6.816445985279578e-07
9.133471701820249e-07
1.224438263897211e-06
1.641309638922935e-06
2.200936088545475e-06
2.951215374545225e-06
3.958862225799103e-06
5.310680364367169e-06
7.125796210896585e-06
9.560890756001571e-06
1.282730888133708e-05
1.720964046089561e-05
2.308656318000984e-05
3.097299664504364e-05
4.154459334643778e-05
5.576792094689012e-05
7.473168360241720e-05
1.002027412891807e-04
1.342595820490417e-04
1.800175771004691e-04
2.406894279153534e-04
3.218578610946042e-04
4.300941316038730e-04
5.747608516385646e-04
7.672909673666920e-04
1.022882971161684e-03
1.362813979283361e-03
1.812582944103672e-03
2.408202689661975e-03
3.198497122775264e-03
4.226412260654411e-03
5.583203903379718e-03
7.352357319496235e-03
9.661660886183861e-03
1.265044815962513e-02
1.655612377243237e-02
2.157263211596221e-02
2.800127355169010e-02
3.617895945188602e-02
4.655133894680173e-02
5.958948959998923e-02
7.583844833710228e-02
9.590815202651098e-02
1.204967683921096e-01
1.502772521510317e-01
1.858628270545605e-01
2.278927313179542e-01
2.768525173441105e-01
3.328417565668240e-01
3.955907229458601e-01
4.640791073396198e-01
5.368470785973234e-01
6.117580253312261e-01
6.860681693731562e-01
7.568252464315005e-01
8.210170091107261e-01
8.761334221047168e-01
9.202418308403808e-01
9.528377269000129e-01
9.747807858607611e-01
9.880141613600145e-01
9.950393958833517e-01
9.982518535455583e-01
9.994873269785745e-01
9.998779814908969e-01
9.999903605757845e-01
###1.480000000000001e+01
6.630276313616165e-09
3.012456407216099e-10
3.839240526973485e-10
3.281950013898640e-10
5.155798878640892e-10
7.200985389720353e-10
8.217961161276025e-10
9.363800714298494e-10
1.090365486442286e-09
1.130096682966514e-09
1.564245710450612e-09
1.881641963615321e-09
2.324449374511075e-09
2.808408553266971e-09
3.445636476844225e-09
4.257451013764016e-09
5.323654962674679e-09
6.727804612045731e-09
8.571381624507388e-09
1.099522308371302e-08
1.422137208089034e-08
1.852751597383943e-08
2.421922060962329e-08
3.177710146670693e-08
4.184886113766939e-08
5.531983789381493e-08
7.339959549733669e-08
9.758415608502284e-08
1.300625323394368e-07
1.736261705178087e-07
2.318868741670236e-07
3.101616574846225e-07
4.150409827473841e-07
5.558646211320227e-07
7.448928226150610e-07
9.986460235493077e-07
1.339477779012884e-06
1.796445035809925e-06
2.410214843888374e-06
3.233802046680396e-06
4.340501117274972e-06
5.825179947913151e-06
7.820250303389297e-06
1.049760341594460e-05
1.409165817279133e-05
1.891511174793188e-05
2.538533684737311e-05
3.406988837386221e-05
4.571417633374924e-05
6.139052895229979e-05
8.228923113470289e-05
1.103637859372597e-04
1.479103531195437e-04
1.983522051183278e-04
2.652440675517413e-04
3.546886590167834e-04
4.739517220513195e-04
6.332974155026462e-04
8.452720696498400e-04
1.126583482402140e-03
1.500409192533932e-03
1.994669216728789e-03
2.648694818007996e-03
3.515563166680234e-03
4.641972294703825e-03
6.126907763329596e-03
8.060495627070991e-03
1.058025662057145e-02
1.383651775232093e-02
1.808305054492525e-02
2.352672515741525e-02
3.048769913794284e-02
3.932049512154292e-02
5.049246355353815e-02
6.449483661578811e-02
8.188708918896816e-02
1.032937344601002e-01
1.294193242759047e-01
1.609179212470086e-01
1.983781831561975e-01
2.423917050339915e-01
2.933524103701182e-01
3.512527413422550e-01
4.156612146652670e-01
4.854014504800725e-01
5.588147323338386e-01
6.336110037569315e-01
7.069508578220537e-01
7.758689810856408e-01
8.374547694558878e-01
8.894335779872881e-01
9.302227071789622e-01
9.596894645989403e-01
9.790220777406173e-01
9.903378446029542e-01
9.961427795669524e-01
9.986952232541163e-01
9.996341900668917e-01
9.999166133458850e-01
9.999903605757845e-01
###1.520000000000001e+01
6.606715836034229e-09
3.138948577685771e-10
3.940417990360828e-10
3.469543642757601e-10
5.482205819292965e-10
7.542821595798868e-10
8.605017198003030e-10
9.835793859352312e-10
1.147852918749590e-09
1.211025278350232e-09
1.653719629660995e-09
1.995253821433945e-09
2.464812141720461e-09
2.984896228447826e-09
3.679360348754664e-09
4.557399607931738e-09
5.717286139597575e-09
7.241392973103938e-09
9.242452582795970e-09
1.187611135531631e-08
1.538495212154646e-08
2.006953441685886e-08
2.626277029535755e-08
3.449048500291148e-08
4.546348853839701e-08
6.015211218294511e-08
7.986341756886395e-08
1.062521164794702e-07
1.416995579569146e-07
1.892536047843462e-07
2.529119968081062e-07
3.384925318355742e-07
4.531870623779167e-07
6.072697545920728e-07
8.142097189781564e-07
1.092183845274569e-06
1.465718948305150e-06
1.966814080149762e-06
2.640182485206475e-06
3.544356729080767e-06
4.759463469948605e-06
6.391075354558718e-06
8.583816018392036e-06
1.152897355763379e-05
1.548270314504740e-05
2.079188831839690e-05
2.791468591319008e-05
3.747978752751093e-05
5.030124789019348e-05
6.756859720876314e-05
9.060405596696056e-05
1.215416180693808e-04
1.629176888410676e-04
2.185015765668089e-04
2.922117992738431e-04
3.907320030298263e-04
5.220630222818517e-04
6.974838568766650e-04
9.306999664509545e-04
1.240027439547236e-03
1.650838149708014e-03
2.193473434789249e-03
2.910989525472045e-03
3.861041287036057e-03
5.093908105735417e-03
6.716502738181693e-03
8.827871072298881e-03
1.157433002737231e-02
1.511684060401647e-02
1.972870590316361e-02
2.562786211659861e-02
3.315374030777420e-02
4.268035242244018e-02
5.469444530266247e-02
6.970830738478910e-02
8.829400983290481e-02
1.110863576094887e-01
1.387931493079710e-01
1.720486386512028e-01
2.114012921322422e-01
2.573915657777955e-01
3.103183139553544e-01
3.700498125702982e-01
4.360028010158882e-01
5.068111684252796e-01
5.806614035322489e-01
6.551075387084151e-01
7.272403351757186e-01
7.941123824822797e-01
8.529460761347203e-01
9.017366975131512e-01
9.392608492248533e-01
9.657467000790699e-01
9.826652345126403e-01
9.922694924499417e-01
9.970261411545481e-01
9.990353217207891e-01
9.997415585135525e-01
9.999434703588985e-01
9.999903605757845e-01
###1.560000000000001e+01
6.587530027281406e-09
3.254072692605034e-10
4.106576604457244e-10
3.663962677863558e-10
5.757140524120039e-10
7.833093023837640e-10
9.018744598121224e-10
1.031339949669278e-09
1.208435539555486e-09
1.294928214148162e-09
1.748297736158357e-09
2.113850998955329e-09
2.619169940861512e-09
3.181173922432942e-09
3.931773533041040e-09
4.885187608457389e-09
6.142300698862011e-09
7.795334750501627e-09
9.977888447244820e-09
1.283118617408619e-08
1.665238103148271e-08
2.174380963949729e-08
2.847869294056529e-08
3.743454535361617e-08
4.939897392681818e-08
6.541950649830727e-08
8.692007527974901e-08
1.157202918022365e-07
1.544204546373886e-07
2.063490737283842e-07
2.759195274763942e-07
3.695066183465594e-07
4.949680320058499e-07
6.636365787652631e-07
8.902789110237156e-07
1.194819032154645e-06
1.604318459613278e-06
2.153857434853207e-06
2.892826238146892e-06
3.885571097978909e-06
5.220090040878542e-06
7.013229566526477e-06
9.423820466479720e-06
1.266290177763348e-05
1.701292624153603e-05
2.285589653055818e-05
3.069764492545308e-05
4.122957301251277e-05
5.534936600214944e-05
7.436342068580246e-05
9.974841664933109e-05
1.338249446016609e-04
1.794123051976862e-04
2.406371081950436e-04
3.218253865894513e-04
4.302754132655982e-04
5.748153152938356e-04
7.677820075280244e-04
1.024204616987383e-03
1.364083068719255e-03
1.815112918179141e-03
2.410443032688972e-03
3.196767418971049e-03
4.236750310720507e-03
5.584907979476045e-03
7.356285674890966e-03
9.659018049894883e-03
1.264865710369983e-02
1.650027810338317e-02
2.150006587127973e-02
2.788364471147645e-02
3.600878421255944e-02
4.626744189884740e-02
5.916834467173154e-02
7.524035733824762e-02
9.506986304221883e-02
1.192953988130511e-01
1.486220470669069e-01
1.836659640325903e-01
2.249263889675010e-01
2.728811620238126e-01
3.277271349522895e-01
3.892015665260316e-01
4.565616057407734e-01
5.282605146492302e-01
6.023267755103033e-01
6.761822582974442e-01
7.468816733841749e-01
8.115173279929527e-01
8.674869693905073e-01
9.130664964994054e-01
9.474017787312546e-01
9.710659487386066e-01
9.857719811600894e-01
9.938621758036889e-01
9.977267388591055e-01
9.992932087673597e-01
9.998189969767244e-01
9.999618517949401e-01
9.999903605757845e-01
