# NLO BK equation solver 0.0-dev build  (build Feb 16 2026 17:52:53)
# Initial condition: MV model, Q_s0^2 = 0.00652584 GeV^2, \gamma = 1, coefficient of E inside Log is 1, x0=0.01, \Lambda_QCD = 0.241 GeV
# # LO Kernel RC:  Balitsky. NLO Kernel RC:  smallest dipole
# Nc=3, Nf=4
# Using RungeKutta method in K1
# Resumming double log
# Resumming single log, K_sub=0.65 resum rc: smallest
# BK K1 integration relative accuracy: 0.02# NLO BK as^2 terms: MC integration method: Vegas, points=1000000
# Kinematical constraint: none
# Target kinematical constraint: disabled

###1.000000000000000e-05
###1.160836920850890e+00
###100
###1.000000000000000e+00
###0.000000000000000e+00
2.110438276010197e-12
2.811117083465366e-12
3.743916326444208e-12
4.985547426656117e-12
6.638005931469745e-12
8.836880490190933e-12
1.176238331726871e-11
1.565399020383219e-11
2.082986670181156e-11
2.771263897917859e-11
3.686357303615790e-11
4.902789407225430e-11
6.519486101932586e-11
8.667737844213209e-11
1.152174698537272e-10
1.531259724444458e-10
2.034675004998097e-10
2.703052702086899e-10
3.590250540589609e-10
4.767636958701694e-10
6.329757368723337e-10
8.401823947315183e-10
1.114961208304048e-09
1.479253168928017e-09
1.962088489134410e-09
2.601864123514745e-09
3.449348122178257e-09
4.571640957154278e-09
6.057396150601561e-09
8.023697108668200e-09
1.062511087141049e-08
1.406560142862003e-08
1.861419688488577e-08
2.462558108139582e-08
3.256714072361523e-08
4.305446875255968e-08
5.689793608998818e-08
7.516373883864286e-08
9.925386040839204e-08
1.310107271071328e-07
1.728540702906381e-07
2.279597518941546e-07
3.004932083031402e-07
3.959139051994781e-07
5.213720087351979e-07
6.862246650129304e-07
9.027072188623921e-07
1.186804872516410e-06
1.559383288023683e-06
2.047653233056451e-06
2.687065511986889e-06
3.523759310166976e-06
4.617721212117523e-06
6.046855421200573e-06
7.912220484065158e-06
1.034470359906337e-05
1.351382792480482e-05
1.763857582481876e-05
2.300167078828075e-05
2.996761824525240e-05
3.900577214910328e-05
5.071975049431021e-05
6.588492473003082e-05
8.549618719255747e-05
1.108288252821277e-04
1.435161522117534e-04
1.856486328293272e-04
2.399006980692286e-04
3.096933996755702e-04
3.994037054851907e-04
5.146348293616487e-04
6.625668701908394e-04
8.524136525531745e-04
1.096020605976800e-03
1.408650545416612e-03
1.810020278589564e-03
2.325672256611400e-03
2.988793457727068e-03
3.842630077437237e-03
4.943693344722777e-03
6.366010892800089e-03
8.206751178188032e-03
1.059363566723825e-02
1.369465172926843e-02
1.773067810216389e-02
2.299171019080726e-02
2.985737416212542e-02
3.882225056461108e-02
5.052601535675072e-02
6.578724761927501e-02
8.563745878991791e-02
1.113477312813860e-01
1.444333446740462e-01
1.866109700250072e-01
2.396683916714986e-01
3.051913414148244e-01
3.840864261718623e-01
4.758676429006516e-01
5.777783944325712e-01
6.840445733346689e-01
###4.000000000000000e-01
2.780921380490474e-08
4.454276246547526e-11
-5.615050851535056e-13
4.332349502313138e-11
6.052221431843366e-11
3.645363480320063e-11
7.624669830056164e-11
4.464851294852700e-11
-2.728090371218181e-09
5.422747815653677e-11
3.709802708227757e-10
1.054535480468809e-10
1.094027470767856e-10
-2.696494139259405e-09
1.604321517563283e-10
2.060249605812846e-10
2.577018521331173e-10
3.260986612003778e-10
4.225283257209135e-10
5.557396474067972e-10
7.252073376871954e-10
9.735852818864888e-10
3.145806162120146e-09
1.678710176579098e-09
2.169643011072681e-09
2.856143932565585e-09
3.764709361068561e-09
4.975256096620122e-09
6.578243662063224e-09
8.702335014999908e-09
1.151231317192752e-08
1.521636670821653e-08
2.013088371456162e-08
2.663585927251186e-08
3.522137493426341e-08
4.656885493588335e-08
6.155070009523234e-08
8.132649486518455e-08
1.074198645764951e-07
1.418285028857276e-07
1.871751667547275e-07
2.468817537317357e-07
3.255498626096705e-07
4.290878967176122e-07
5.652147780460799e-07
7.441324397375590e-07
9.792577726628738e-07
1.287755992718421e-06
1.692335559154676e-06
2.223518525220097e-06
2.918878589129883e-06
3.829323877058214e-06
5.020253141798738e-06
6.579423518142650e-06
8.609722320221014e-06
1.126045382775139e-05
1.471585278984392e-05
1.921891089663399e-05
2.507741726366145e-05
3.268708928574191e-05
4.258010668886836e-05
5.540414533771247e-05
7.203153825482322e-05
9.355132433198839e-05
1.213898523203588e-04
1.573744968085180e-04
2.037831842414640e-04
2.636507043694300e-04
3.407529330626673e-04
4.403229888724665e-04
5.683711566071503e-04
7.332340489179794e-04
9.452719826186355e-04
1.218182610810704e-03
1.569793750607155e-03
2.022471342954350e-03
2.605553153237066e-03
3.358830084655956e-03
4.331589081125244e-03
5.590709795002331e-03
7.225201579606791e-03
9.344097813591017e-03
1.210756578068865e-02
1.571435513626178e-02
2.042031863689882e-02
2.657604199954865e-02
3.462050332076657e-02
4.511856251219128e-02
5.884902640256457e-02
7.676777353152367e-02
1.001177771456829e-01
1.303225550383246e-01
1.690918794823838e-01
2.182453321038555e-01
2.796932014953182e-01
3.549620206814601e-01
4.455784111739086e-01
5.528512624186048e-01
6.860986053428063e-01
9.517082051297070e-01
###8.000000000000000e-01
2.761346364361265e-08
-1.198759227889020e-10
3.409768865578394e-11
2.493834757633091e-11
7.324014698283856e-11
2.327710059489657e-11
8.645856447121895e-11
6.662365430463278e-11
-2.699064733098695e-09
1.082442148051726e-10
3.333147819281247e-10
1.159233859933649e-10
1.378898324697590e-10
-2.647572219588806e-09
2.101956363990225e-10
2.655394854653756e-10
2.964398017572362e-10
3.701591465232108e-10
4.701139287656216e-10
6.107048197558875e-10
8.024575235256621e-10
1.090094315066443e-09
3.083479710690259e-09
1.862064959227460e-09
2.370687868501686e-09
3.108780392539892e-09
4.087593284338679e-09
5.391927972598203e-09
7.126218325324512e-09
9.419017682703378e-09
1.245845288181235e-08
1.645807882979083e-08
2.177306545067234e-08
2.880985144510557e-08
3.810001898703938e-08
5.038003763070280e-08
6.660520568261442e-08
8.802668312603785e-08
1.162874947828842e-07
1.535874501847549e-07
2.027433898771369e-07
2.674879975282273e-07
3.528390100835918e-07
4.651962545475643e-07
6.129646097476294e-07
8.072683667148761e-07
1.062679956939962e-06
1.397938077902234e-06
1.837386652144541e-06
2.415643866952383e-06
3.172353522313182e-06
4.163681677349701e-06
5.461014525575479e-06
7.161929091805669e-06
9.374666941310090e-06
1.226574667451229e-05
1.603686297185609e-05
2.095737954503745e-05
2.736328817270993e-05
3.568728877815062e-05
4.652701935143781e-05
6.058558709492710e-05
7.884017176411831e-05
1.024909914920747e-04
1.331319797483505e-04
1.728028102339361e-04
2.240239624312194e-04
2.902252910752577e-04
3.756022130643640e-04
4.863112287455466e-04
6.289211735225344e-04
8.130613323620044e-04
1.050455204035114e-03
1.357137177919677e-03
1.753204498765482e-03
2.264945526367995e-03
2.925734681948212e-03
3.783000858457048e-03
4.893285695535419e-03
6.335146291794058e-03
8.213851562570639e-03
1.065622028384523e-02
1.385658997450950e-02
1.804030366961978e-02
2.351304540921135e-02
3.068633063205583e-02
4.006289142101589e-02
5.228448633687004e-02
6.826223928558764e-02
8.907994870049779e-02
1.161409213056285e-01
1.509664400444135e-01
1.953299575718865e-01
2.509423952650239e-01
3.194816370812177e-01
4.018700867990476e-01
4.985823777731591e-01
6.087614337175836e-01
7.358836631482971e-01
9.597647387210406e-01
###1.200000000000000e+00
2.746690963317781e-08
-2.083343793148793e-10
8.202338431962899e-11
1.953907780914535e-11
3.996778997396099e-11
3.869009068147287e-11
1.139885861057705e-10
9.796869336124774e-11
-2.650954600241529e-09
1.309314162047147e-10
3.439017533744547e-10
1.334760146583088e-10
1.927433109024319e-10
-2.591913974401951e-09
2.451806937232750e-10
3.195816730334707e-10
3.472187986339607e-10
4.199436315059930e-10
5.249609143062803e-10
6.824207833388576e-10
8.905231407061723e-10
1.212221041150340e-09
3.048089790938403e-09
2.058935927893111e-09
2.587150523875552e-09
3.381393564480650e-09
4.438518084649069e-09
5.843780629545131e-09
7.718171720601904e-09
1.019776101734417e-08
1.348619115834405e-08
1.780789205844974e-08
2.355947323816762e-08
3.117351042599181e-08
4.122698346974869e-08
5.452781403010588e-08
7.209826737208707e-08
9.531109679050087e-08
1.259353042791559e-07
1.663789869585488e-07
2.196843682214778e-07
2.899195953228008e-07
3.825526457966823e-07
5.045185362698882e-07
6.650186244414928e-07
8.761223544140795e-07
1.153677660203696e-06
1.518222998407918e-06
1.995900494648450e-06
2.625583945281862e-06
3.449399879677801e-06
4.529413015181044e-06
5.943737845239132e-06
7.799547578623972e-06
1.021298117947774e-05
1.336940924099406e-05
1.748910089896364e-05
2.286968538362727e-05
2.988087507261864e-05
3.900013899901311e-05
5.088481575988835e-05
6.631699827206361e-05
8.638136292937411e-05
1.124075514846647e-04
1.461830919400859e-04
1.899886427865706e-04
2.466172655424360e-04
3.199457184175581e-04
4.146965922560077e-04
5.379779546585736e-04
6.971299927999785e-04
9.031179461506688e-04
1.169382644929905e-03
1.514491258859976e-03
1.961391183835092e-03
2.540641829806784e-03
3.290667356565635e-03
4.266961902187233e-03
5.534840765540654e-03
7.186558465581113e-03
9.342276282282243e-03
1.215643579560629e-02
1.584972506475145e-02
2.069096018890100e-02
2.702690307858502e-02
3.533591019169802e-02
4.618558194240047e-02
6.029894353629658e-02
7.870085993822655e-02
1.025862519552759e-01
1.334487940429772e-01
1.728465783089034e-01
2.224582432037642e-01
2.837862464159888e-01
3.579176029283173e-01
4.449050208279096e-01
5.437822119498349e-01
6.517233356847939e-01
7.696509597993172e-01
9.654163666720839e-01
###1.600000000000000e+00
2.728223954320261e-08
-2.694038412291831e-10
7.290195803801267e-11
1.566173138175123e-11
4.632216945404504e-11
5.555204115563843e-11
1.217039627041689e-10
1.134142127184031e-10
-2.650098883347220e-09
1.589362025242049e-10
3.683038162091856e-10
1.579149536166216e-10
2.331959649816764e-10
-2.519224696699617e-09
3.030777413394609e-10
3.824294978223686e-10
4.096624251767819e-10
4.805990853060732e-10
5.983248758995087e-10
7.613369221562219e-10
9.873851078377467e-10
1.343006623424503e-09
3.045513719808160e-09
2.264684395680179e-09
2.826957285686576e-09
3.681771801743935e-09
4.819840343407029e-09
6.342151493046578e-09
8.369272133738041e-09
1.105025788923247e-08
1.460606390712209e-08
1.927648369734340e-08
2.549998502985902e-08
3.374354562550797e-08
4.462991084949649e-08
5.903498647747799e-08
7.806922940271287e-08
1.032319785904301e-07
1.364313855209447e-07
1.803017416255710e-07
2.381175669238042e-07
3.143563035372623e-07
4.149236205699919e-07
5.473850761236679e-07
7.217680817523911e-07
9.511829486004379e-07
1.252965042505232e-06
1.649516530983496e-06
2.169099942450453e-06
2.855036387405589e-06
3.752519831738808e-06
4.929863200842719e-06
6.472311766391557e-06
8.498506000135720e-06
1.113348338765077e-05
1.458133364671835e-05
1.908545808666827e-05
2.497489246963090e-05
3.265648079423687e-05
4.265371272088809e-05
5.570230067337743e-05
7.266050554169661e-05
9.474181217549485e-05
1.234211588085433e-04
1.607025445104691e-04
2.091323781513898e-04
2.718472336544981e-04
3.532034031443326e-04
4.585208181869183e-04
5.960156477745142e-04
7.741196704366493e-04
1.004671234848201e-03
1.303788568819088e-03
1.692565360401225e-03
2.197263573274003e-03
2.851956810623755e-03
3.705202918921729e-03
4.817070891954283e-03
6.264508572644395e-03
8.153485043201033e-03
1.062922457633283e-02
1.385990702604541e-02
1.811226392510622e-02
2.368447438491354e-02
3.097968799761446e-02
4.053912050915073e-02
5.299170263793412e-02
6.915057219264155e-02
9.011796465448053e-02
1.171790357257404e-01
1.518641384051962e-01
1.957010692047342e-01
2.501559467188836e-01
3.164142838926647e-01
3.948535972661492e-01
4.846211034283286e-01
5.835460327930108e-01
6.876992205544377e-01
7.969453202738015e-01
9.699983031217490e-01
###2.000000000000000e+00
2.713514529710371e-08
-2.695270435322180e-10
1.172066836941583e-10
2.026361758015274e-11
9.436796356126625e-11
7.728953846699226e-11
1.513247224754264e-10
1.559285099207398e-10
-2.619932926199091e-09
2.227548856745127e-10
3.996572972758149e-10
2.798149703417719e-10
2.874449934375384e-10
-2.432032719654119e-09
3.745299437030536e-10
4.637028505022931e-10
4.866732243001335e-10
5.588054102314682e-10
6.837773124571133e-10
8.522096243397466e-10
1.098787395298595e-09
1.489468960314925e-09
3.076010772958301e-09
2.490789759096941e-09
3.093949988712516e-09
4.014739724447756e-09
5.245488762579871e-09
6.889845688838058e-09
9.080893690538595e-09
1.198228497648571e-08
1.582143787845345e-08
2.088397832510602e-08
2.761484189707825e-08
3.654295958581645e-08
4.833605039446316e-08
6.394407210821066e-08
8.457275314974926e-08
1.118496154575457e-07
1.478578835637623e-07
1.954477629618614e-07
2.581919460725649e-07
3.409677062012328e-07
4.501892502637202e-07
5.941111748258064e-07
7.836155162965354e-07
1.033063837219664e-06
1.361326761951665e-06
1.792859144774732e-06
2.358424385503866e-06
3.105916456510081e-06
4.084212065593360e-06
5.368360956090442e-06
7.051704491765805e-06
9.265190336443303e-06
1.214405924390449e-05
1.591375932447973e-05
2.084262228627712e-05
2.729455392671626e-05
3.571694632266652e-05
4.668360141640272e-05
6.103003631277276e-05
7.968735548917533e-05
1.040194592283251e-04
1.357125272593238e-04
1.768603907187587e-04
2.304848715276760e-04
3.000214364154910e-04
3.904215057303862e-04
5.076687725962963e-04
6.611969968203866e-04
8.603678620895954e-04
1.119078859030447e-03
1.455410120588093e-03
1.893734943187467e-03
2.464050743226080e-03
3.204557807945029e-03
4.174549768330662e-03
5.440258713661915e-03
7.091126856465358e-03
9.249102093053059e-03
1.207934717847525e-02
1.578241523757870e-02
2.065834811468307e-02
2.704180035072778e-02
3.539047679848090e-02
4.631288036858826e-02
6.049077252792349e-02
7.882418065254584e-02
1.024718043647380e-01
1.327792018524940e-01
1.712686497034977e-01
2.193560440337188e-01
2.782534502223274e-01
3.487095673001037e-01
4.304105335074336e-01
5.217033655585195e-01
6.195346186184070e-01
7.193664055041362e-01
8.205157334812148e-01
9.739260168518252e-01
###2.400000000000000e+00
2.699301608858318e-08
-2.663259521145880e-10
1.105366539343071e-10
2.455666468362274e-11
1.095626046050073e-10
8.696026801560235e-11
1.737768482505590e-10
1.837319858744957e-10
-2.571928819088774e-09
2.436541218672319e-10
4.315319293943090e-10
3.334741555942096e-10
3.527618374516913e-10
-2.314071930472074e-09
4.643555043724599e-10
5.664904379449606e-10
5.793330628437828e-10
6.496884559676232e-10
7.794101256305615e-10
9.615863708817900e-10
1.234530517403662e-09
1.657801711699601e-09
3.147566463527078e-09
2.740150329509355e-09
3.390754319295348e-09
4.384359553623869e-09
5.714847623108508e-09
7.496096047387762e-09
9.865196642166146e-09
1.300488085531810e-08
1.716396736207976e-08
2.265209062579643e-08
2.992776777937195e-08
3.958557643125853e-08
5.237096346079688e-08
6.928425903333047e-08
9.164699557598837e-08
1.212382609731567e-07
1.603021673120698e-07
2.119444272200621e-07
2.800699333980941e-07
3.699650953279234e-07
4.886326275033227e-07
6.450641662093781e-07
8.511035762068562e-07
1.122472585226162e-06
1.479702190231242e-06
1.949558921364208e-06
2.565523578100585e-06
3.380513314058368e-06
4.447536361612661e-06
5.848890556706363e-06
7.687161499974062e-06
1.010678707342512e-05
1.325434084443133e-05
1.737948985183277e-05
2.277727852745919e-05
2.985132477150480e-05
3.909516879632439e-05
5.113902230242794e-05
6.692489830818820e-05
8.747637997988190e-05
1.143182344231258e-04
1.493806099298893e-04
1.948634776389913e-04
2.543005582879998e-04
3.315056446890418e-04
4.320719065012192e-04
5.627823072191019e-04
7.343601515746144e-04
9.573656209677562e-04
1.247893748452241e-03
1.626282807059398e-03
2.120679916070842e-03
2.765264641593829e-03
3.603108900207969e-03
4.704708982618370e-03
6.144096259974812e-03
8.023947064628476e-03
1.048478092880578e-02
1.371136531846127e-02
1.793992768922959e-02
2.349879882119523e-02
3.078069093606979e-02
4.027985643789497e-02
5.267314735044423e-02
6.869384681161969e-02
8.931431932760593e-02
1.157356427267664e-01
1.493275489932769e-01
1.915586536606105e-01
2.436891827469407e-01
3.066201007633452e-01
3.806322585169281e-01
4.647698719016540e-01
5.566840155889011e-01
6.526984064371856e-01
7.479763804736063e-01
8.414629816718828e-01
9.773681512973663e-01
###2.800000000000000e+00
2.681659863291066e-08
-2.713092070582967e-10
9.345298813616958e-11
4.815270684055241e-11
1.462148985941462e-10
1.043713291566779e-10
1.967393605657040e-10
1.859832505283196e-10
-2.514823985534999e-09
3.601217231608923e-10
4.748966728104103e-10
4.045640752634709e-10
4.372654082746323e-10
-2.179546768108326e-09
5.715545892228103e-10
6.871566855156163e-10
6.934279629597197e-10
7.740630061285484e-10
8.990326822320931e-10
1.093104814186799e-09
1.387211248735420e-09
1.841864311313009e-09
3.259569651070981e-09
3.011194189384645e-09
3.722175804067156e-09
4.797854255242474e-09
6.235892038815938e-09
8.161236740012697e-09
1.073050957808710e-08
1.412635613255796e-08
1.863209570702777e-08
2.457942611831523e-08
3.246572087444785e-08
4.290766777865185e-08
5.676160762177288e-08
7.510500091539018e-08
9.935367382115206e-08
1.314605125625504e-07
1.738547416208845e-07
2.299187536118500e-07
3.039099000856935e-07
4.015692644055900e-07
5.305408769241335e-07
7.006553506031858e-07
9.247616258996184e-07
1.220095744859336e-06
1.609011915092517e-06
2.120862903092735e-06
2.792076586609442e-06
3.681073881356545e-06
4.845478280602287e-06
6.375808995213958e-06
8.384436435835491e-06
1.103094820122827e-05
1.447476240237735e-05
1.899264764528511e-05
2.491047797581710e-05
3.267238783998382e-05
4.282661163345806e-05
5.606954558162372e-05
7.345622793187728e-05
9.611767378781776e-05
1.257621167840255e-04
1.645770074991017e-04
2.149200367772004e-04
2.808834159575038e-04
3.666969283690468e-04
4.786986459006549e-04
6.245677050930030e-04
8.164757765648393e-04
1.066356420533007e-03
1.392752374369802e-03
1.818628358624338e-03
2.376249653207959e-03
3.104556080770232e-03
4.052343398763852e-03
5.301845480093194e-03
6.936200314095031e-03
9.072404722643569e-03
1.187161513323043e-02
1.553979889858309e-02
2.034834808848303e-02
2.665958861979455e-02
3.491959505285677e-02
4.566474984895007e-02
5.963268014733866e-02
7.760674211757798e-02
1.006137201813301e-01
1.298816246872444e-01
1.667714796935702e-01
2.126616487437962e-01
2.686120330183232e-01
3.351892324272968e-01
4.121823181777912e-01
4.980635689560808e-01
5.899112367398405e-01
6.836030912040144e-01
7.741630557570804e-01
8.603266017150955e-01
9.804089884975123e-01
###3.200000000000000e+00
2.664704516116537e-08
-2.589540163440115e-10
9.807574985198300e-11
6.327569562613600e-11
1.825518148553345e-10
1.505795272568952e-10
2.408588678704152e-10
2.433316897132016e-10
-2.419820845975723e-09
4.177613345087241e-10
5.589671653979628e-10
4.948296618071227e-10
5.375117165198000e-10
-2.000342493441607e-09
7.056117547635611e-10
8.468762915842957e-10
8.402598310109159e-10
9.090053963108520e-10
1.048216478679904e-09
1.254306426452066e-09
1.568587073166149e-09
2.055565526045377e-09
3.413946995091056e-09
3.317495384135661e-09
4.095831571744879e-09
5.258805719861256e-09
6.817517978766150e-09
8.898883465826274e-09
1.167974729071501e-08
1.536462401822738e-08
2.024385968968939e-08
2.668843618328248e-08
3.523532678357852e-08
4.653524191698428e-08
6.155552621493114e-08
8.145178839128178e-08
1.077478902323869e-07
1.426014965301748e-07
1.886178534925078e-07
2.495080283499720e-07
3.298898204587749e-07
4.360353673159237e-07
5.762655805127735e-07
7.613336014511211e-07
1.005190070364382e-06
1.326749214270428e-06
1.750392364313234e-06
2.308209419008034e-06
3.040042862604462e-06
4.010229016633227e-06
5.281660893296706e-06
6.954528376517843e-06
9.150079315671507e-06
1.204658551270888e-05
1.581636082449560e-05
2.076982487981022e-05
2.726416823960970e-05
3.578717191558488e-05
4.695118506036184e-05
6.152618894495194e-05
8.069584711364426e-05
1.057089053444636e-04
1.384817453391730e-04
1.814869377547096e-04
2.372769582165857e-04
3.105451241175783e-04
4.060226560378537e-04
5.308681759716756e-04
6.937862820489110e-04
9.085756682049499e-04
1.188746958588867e-03
1.555499301752301e-03
2.034837866885866e-03
2.663546615408758e-03
3.486099682832010e-03
4.557374916944495e-03
5.972605648098926e-03
7.824721880207729e-03
1.024729988082274e-02
1.342165808536697e-02
1.757894366482390e-02
2.302512733275216e-02
3.016278506149439e-02
3.948049364327551e-02
5.156483693332707e-02
6.721090932032298e-02
8.723867953024389e-02
1.127168998809749e-01
1.448861043397162e-01
1.850656327061787e-01
2.345106712598014e-01
2.940516346188179e-01
3.638974804829845e-01
4.433568485942805e-01
5.303867812381332e-01
6.215973209029056e-01
7.125541030684931e-01
7.982874631225004e-01
8.774161255039875e-01
9.831291979442578e-01
###3.600000000000000e+00
2.648290402938539e-08
-2.421751544096537e-10
8.905848970606258e-11
1.011608148948324e-10
1.852243273838851e-10
1.692055347398567e-10
2.572980101383159e-10
2.851393885039722e-10
-2.344121429278443e-09
4.918521681337182e-10
6.385563744119834e-10
6.212890400362216e-10
6.587591244435922e-10
-1.779111730486792e-09
8.713799326340074e-10
1.037706406350516e-09
1.021207399532238e-09
1.078295477484160e-09
1.220089746773383e-09
1.447210205175005e-09
1.790674059209191e-09
2.296854641175335e-09
3.613992691926651e-09
3.665344728303178e-09
4.518789195606636e-09
5.776426588794228e-09
7.466461545871660e-09
9.724858379655611e-09
1.273199766623983e-08
1.672728050075916e-08
2.201005819600314e-08
2.900110757101921e-08
3.827051169127552e-08
5.050047386818305e-08
6.679078954932728e-08
8.837448362424826e-08
1.169082317802638e-07
1.547490072402614e-07
2.047203788816735e-07
2.708954654973429e-07
3.582273187186970e-07
4.736434971082219e-07
6.261910629627192e-07
8.275412775925443e-07
1.093067108551251e-06
1.443336525428497e-06
1.904925915865754e-06
2.513220897343911e-06
3.311635508966369e-06
4.371042341922490e-06
5.760173858511524e-06
7.590157129959028e-06
9.991462832169533e-06
1.316362593162981e-05
1.729371351904524e-05
2.272889557238877e-05
2.986109541262493e-05
3.922775410100347e-05
5.151429306778799e-05
6.757144843146355e-05
8.872485879389055e-05
1.163593454779159e-04
1.526231436602576e-04
2.003076772303135e-04
2.622013964419703e-04
3.436582548702647e-04
4.499701121960704e-04
5.892356062133921e-04
7.713166035085190e-04
1.011802580591107e-03
1.326011327032294e-03
1.738092966523759e-03
2.277498867990935e-03
2.985972012508471e-03
3.914035410800909e-03
5.123748166449305e-03
6.723871812057736e-03
8.818916315217612e-03
1.155889797254093e-02
1.514811946387984e-02
1.984406806220196e-02
2.598741042247818e-02
3.402372675314978e-02
4.448407821430227e-02
5.799731619511141e-02
7.541926230899962e-02
9.759250431348440e-02
1.256192039414121e-01
1.607251470312889e-01
2.041691669361973e-01
2.570501177364858e-01
3.199449943449215e-01
3.926845116825990e-01
4.741375650591175e-01
5.617838639548735e-01
6.518542417101125e-01
7.397304867666799e-01
8.205398479914391e-01
8.929095749424579e-01
9.855445735638082e-01
###4.000000000000000e+00
2.637593389215151e-08
-2.404149809666189e-10
-4.632749029808917e-11
1.291340253298314e-10
2.210904638263095e-10
1.993602986522618e-10
3.292283917468309e-10
3.343166248148499e-10
-2.266844692487626e-09
5.677972045528414e-10
7.443836719241150e-10
7.589268725556133e-10
8.042424572428000e-10
-1.503606830783892e-09
1.077503635998100e-09
1.271701110520276e-09
1.237767057875567e-09
1.284558095072538e-09
1.434029818794662e-09
1.678098186581441e-09
2.046087826805219e-09
2.584742469613516e-09
3.858810400937163e-09
4.061086125331861e-09
5.001742354404506e-09
6.363733744151855e-09
8.194320896515229e-09
1.064210849757311e-08
1.390026585597653e-08
1.822889577027267e-08
2.395969666420378e-08
3.153981706168280e-08
4.156694445309744e-08
5.484148639194692e-08
7.250545261076674e-08
9.592986555532357e-08
1.268938326973367e-07
1.679958373703128e-07
2.222801053213584e-07
2.942059921309536e-07
3.891492757804160e-07
5.146806776664560e-07
6.806825997967835e-07
8.998776977074926e-07
1.189102381998077e-06
1.570808647423462e-06
2.074110602282074e-06
2.737787629734886e-06
3.609289364388876e-06
4.766680202932077e-06
6.285362145767655e-06
8.288337069624332e-06
1.091658014680210e-05
1.439317156175321e-05
1.892134965262622e-05
2.488842740041931e-05
3.272821376688618e-05
4.303154637729892e-05
5.656420691838903e-05
7.426947168997872e-05
9.763179362634634e-05
1.281904617816872e-04
1.683533472781831e-04
2.212621006029034e-04
2.899949468676681e-04
3.806149610844126e-04
4.990964812516716e-04
6.545223783461921e-04
8.580744962853509e-04
1.127412375263245e-03
1.479748727486697e-03
1.942704622466826e-03
2.549410305235463e-03
3.347179426084969e-03
4.393139247220977e-03
5.759368815015177e-03
7.563148283091388e-03
9.927313849452880e-03
1.301824576357182e-02
1.706395086585785e-02
2.235025248486463e-02
2.925354841743024e-02
3.826114814650627e-02
4.994798295672798e-02
6.498136954600145e-02
8.427075264635125e-02
1.086769786947052e-01
1.393128554814508e-01
1.773799534480704e-01
2.240457015171751e-01
2.802249889257847e-01
3.462229586949370e-01
4.215033813988235e-01
5.044963441308642e-01
5.922688958228364e-01
6.807532997275969e-01
7.652383363479498e-01
8.410551129518610e-01
9.069379500334456e-01
9.876835171473728e-01
###4.399999999999999e+00
2.621869495099786e-08
-2.209552859098247e-10
-3.035573203136736e-11
1.659186061255048e-10
2.253398114769871e-10
2.346440361336261e-10
3.750410330086340e-10
3.908556214408452e-10
-2.174955629321114e-09
7.144782314431545e-10
8.690967812085594e-10
9.284155496413640e-10
9.906771972751420e-10
-1.159110276591980e-09
1.328282473727908e-09
1.565691834193682e-09
1.508564363252092e-09
1.541498549897591e-09
1.693232951969310e-09
1.953665847628947e-09
2.347368636099804e-09
2.924436050010018e-09
4.173840341219531e-09
4.514652908948461e-09
5.550247721038370e-09
7.026528601614815e-09
9.014188002517717e-09
1.166864138816208e-08
1.519999693861725e-08
1.988892092655041e-08
2.611023397382728e-08
3.432790167369229e-08
4.517963713400024e-08
5.958791902558292e-08
7.875482233451869e-08
1.041856816648730e-07
1.378099505377527e-07
1.824570303789402e-07
2.414457096750246e-07
3.196549719458000e-07
4.229010040576566e-07
5.594849551970473e-07
7.402142471801751e-07
9.789195208422147e-07
1.294094165266723e-06
1.710311747787857e-06
2.259355894003742e-06
2.983737585900250e-06
3.935660023297842e-06
5.200905737252182e-06
6.862279665828651e-06
9.055472611047881e-06
1.193454811152788e-05
1.574702324660138e-05
2.071606727902001e-05
2.727038051855628e-05
3.589452441888887e-05
4.723948733075869e-05
6.215625908501049e-05
8.169714389052450e-05
1.075155302802018e-04
1.413414603846907e-04
1.858517904798801e-04
2.445850587288465e-04
3.209803760706657e-04
4.218525320184291e-04
5.539449921072267e-04
7.275332726222778e-04
9.551051077697155e-04
1.256709660106133e-03
1.651829862663316e-03
2.171617535397584e-03
2.853606830633570e-03
3.751048229041217e-03
4.928571178202753e-03
6.469784225324741e-03
8.498495179067110e-03
1.115997111301989e-02
1.463715603252967e-02
1.918393828580046e-02
2.511348180087628e-02
3.284051742890519e-02
4.289331339722281e-02
5.588885758704961e-02
7.253318718090380e-02
9.377751395633206e-02
1.204944475731644e-01
1.537932618010177e-01
1.948285958451584e-01
2.446521167947895e-01
3.039798847547260e-01
3.728289608077520e-01
4.502817060456404e-01
5.343751763542041e-01
6.218082674330969e-01
7.083005881065731e-01
7.891347675528826e-01
8.599204992581301e-01
9.195943698781793e-01
9.895797345067774e-01
###4.800000000000000e+00
2.604298642198462e-08
-1.936949240843452e-10
-1.541931330644808e-11
2.028334520558851e-10
2.531675184976970e-10
2.786352119316129e-10
4.086706503073195e-10
4.718331339527651e-10
-2.069676187045356e-09
8.211408915634078e-10
1.027380653279784e-09
1.139832865661642e-09
1.221029568180690e-09
-7.252670062536535e-10
1.643687168000315e-09
1.932427363415218e-09
1.850307179252316e-09
1.858247878124146e-09
2.012362656457189e-09
2.286886646136913e-09
2.708188972858269e-09
3.324169547652416e-09
4.564575470809733e-09
5.041780231051569e-09
6.177513374227526e-09
7.788194725591320e-09
9.978066160777271e-09
1.282248656458542e-08
1.665526712354726e-08
2.173528799742143e-08
2.848820308487345e-08
3.740185703825682e-08
4.919746655863928e-08
6.479232764339540e-08
8.559159613986070e-08
1.132190888593463e-07
1.497350626934472e-07
1.982628910669877e-07
2.623980050399548e-07
3.474465252552181e-07
4.597691936794381e-07
6.084449945599148e-07
8.052949362958087e-07
1.065129600322721e-06
1.408926891867735e-06
1.862937540116608e-06
2.462194751791101e-06
3.253424763652677e-06
4.293552598330241e-06
5.677496631862195e-06
7.496205671684043e-06
9.899326634721682e-06
1.305513599592626e-05
1.723860178215521e-05
2.269576778792265e-05
2.990137367351218e-05
3.938109460971369e-05
5.189589312526067e-05
6.835124904156810e-05
8.993604343152839e-05
1.184924414778228e-04
1.559540359568917e-04
2.053237294850718e-04
2.705582732304257e-04
3.555147247278058e-04
4.678457790433640e-04
6.151779036820071e-04
8.090752178794727e-04
1.063515501696187e-03
1.401216970003187e-03
1.844150371020356e-03
2.427410588876784e-03
3.193229510843652e-03
4.201713458932278e-03
5.525493532456141e-03
7.259861986400427e-03
9.537646965608213e-03
1.252665079553094e-02
1.642747323237089e-02
2.152128213208264e-02
2.815003870544968e-02
3.676615363224926e-02
4.793843430787105e-02
6.232601872561473e-02
8.066829814691685e-02
1.039503696521754e-01
1.330467381583731e-01
1.690553092761556e-01
2.130448943739794e-01
2.659236270135990e-01
3.282528556394296e-01
3.996830486142651e-01
4.789541851291405e-01
5.637186975790990e-01
6.503774699529167e-01
7.344972812217608e-01
8.114475599273427e-01
8.771987924023289e-01
9.309584952926039e-01
9.912425108550045e-01
###5.200000000000000e+00
2.588235121460066e-08
-1.824076721640275e-10
-1.079359007971379e-11
2.623430554339643e-10
3.195420231592860e-10
3.271244286769993e-10
4.711056880089254e-10
5.693527764268325e-10
-1.923000707217587e-09
9.728828888455521e-10
1.250854315332573e-09
1.396977651541742e-09
1.499654271477353e-09
-1.955927608186719e-10
2.031971296308375e-09
2.395849428806770e-09
2.262628056500531e-09
2.245296399662462e-09
2.398821719652597e-09
2.692008139355579e-09
3.139308544552808e-09
3.800092695746396e-09
5.047932295951789e-09
5.657065422524608e-09
6.904586591059009e-09
8.658941604418874e-09
1.104152396061890e-08
1.411759760155032e-08
1.828151599029288e-08
2.379618305882851e-08
3.112704101352102e-08
4.080276447665548e-08
5.362194469985963e-08
7.050329675320807e-08
9.309349772040866e-08
1.231025994137676e-07
1.627627017841610e-07
2.155366573989140e-07
2.852694275160633e-07
3.778345664165926e-07
5.000833462897070e-07
6.619670180204092e-07
8.764668780764328e-07
1.159484167230977e-06
1.534660283478273e-06
2.030163523364760e-06
2.684564963028454e-06
3.549171018311028e-06
4.686566761457312e-06
6.201063011914948e-06
8.193066356781997e-06
1.082749977599611e-05
1.428942771700843e-05
1.888291706624900e-05
2.488023255505127e-05
3.280712468829287e-05
4.323790824944869e-05
5.704991296626850e-05
7.521804884810443e-05
9.907653159744022e-05
1.306833810650830e-04
1.721945540487342e-04
2.269765216161869e-04
2.994757596178434e-04
3.939991411027930e-04
5.191225521781613e-04
6.834810624318253e-04
9.000527378047795e-04
1.184524984463015e-03
1.562514752236919e-03
2.058755227496088e-03
2.712700236895072e-03
3.571867246801934e-03
4.703527458952820e-03
6.189362223418988e-03
8.136689226614504e-03
1.068944580945147e-02
1.403792851143371e-02
1.840218837183457e-02
2.408983460397162e-02
3.147569698411440e-02
4.104775844406779e-02
5.341593450115492e-02
6.927852029842881e-02
8.939977746172141e-02
1.147980858070327e-01
1.463365388971984e-01
1.850750610407863e-01
2.319929834194302e-01
2.878364786068817e-01
3.529801050141914e-01
4.267182122176142e-01
5.074432095835245e-01
5.924655515040852e-01
6.779219106397240e-01
7.593244214644644e-01
8.322038872915885e-01
8.929498706692557e-01
9.411048504095978e-01
9.926963549936662e-01
###5.600000000000001e+00
2.572435842178386e-08
-1.568853285326377e-10
4.902566111566600e-11
2.841586675476009e-10
3.608446041036960e-10
3.695261088073034e-10
5.309546207891489e-10
6.474704075281166e-10
-1.791879876143280e-09
1.094115415429163e-09
1.400937423237786e-09
1.594335031145395e-09
1.692852393231948e-09
1.941368677225229e-10
2.251388881121110e-09
2.649819673114493e-09
2.531358943029235e-09
2.528268819692380e-09
2.706940285986053e-09
3.024727853961288e-09
3.512911897963659e-09
4.225130110312464e-09
5.492108377783629e-09
6.242932298012831e-09
7.609414056303989e-09
9.519437221136448e-09
1.210307349634461e-08
1.545222190492688e-08
1.997149942480236e-08
2.595793669682640e-08
3.392187601123205e-08
4.442820545217960e-08
5.833537772751126e-08
7.668197864749731e-08
1.012133103146622e-07
1.338188270096884e-07
1.769333648658420e-07
2.343340508664209e-07
3.101720846582799e-07
4.109324977282283e-07
5.440608703383415e-07
7.204140992274311e-07
9.542059894614457e-07
1.263015410973195e-06
1.672300965846486e-06
2.213272353527217e-06
2.928284005959843e-06
3.873615121384974e-06
5.118536576369381e-06
6.777280058160940e-06
8.959430073248961e-06
1.185000635323327e-05
1.564967281265159e-05
2.069690371683748e-05
2.729276035464745e-05
3.601895365672550e-05
4.750531078972056e-05
6.275581096386940e-05
8.282792993672556e-05
1.092166144250746e-04
1.442158159434008e-04
1.902439351971774e-04
2.510737467094993e-04
3.316591946591522e-04
4.368643004764776e-04
5.762772823953104e-04
7.596136227239730e-04
1.001514903040474e-03
1.319459317326800e-03
1.742331728101377e-03
2.297968412553774e-03
3.030478761685984e-03
3.993170901693007e-03
5.261396711193967e-03
6.926213885225746e-03
9.107853529975068e-03
1.196312371946822e-02
1.570448315004585e-02
2.057363162424572e-02
2.690536486723379e-02
3.510694130093389e-02
4.570244525497630e-02
5.934167601237646e-02
7.675908251235791e-02
9.874177337642226e-02
1.263286987082664e-01
1.603562808303389e-01
2.018394389841351e-01
2.516478307611048e-01
3.103458115719621e-01
3.780965716489254e-01
4.538483323801343e-01
5.356543651819640e-01
6.205238805624683e-01
7.043864724782093e-01
7.827626095342439e-01
8.514240177966437e-01
9.072293945705672e-01
9.501083556165140e-01
9.939558569882673e-01
###6.000000000000001e+00
2.556908218709326e-08
-1.461401115529547e-10
5.251695567460855e-11
2.979246657835989e-10
3.930695688703701e-10
4.000831110260598e-10
5.919980747000019e-10
7.148791275908998e-10
-1.659715559755988e-09
1.197563207611404e-09
1.504603993084827e-09
1.743352397458900e-09
1.837809926584877e-09
4.584128429414959e-10
2.362593639251898e-09
2.767306022879939e-09
2.704572584473465e-09
2.736743221115526e-09
2.953678315594646e-09
3.311581995052911e-09
3.841972022469245e-09
4.617862348216233e-09
5.918043548713860e-09
6.808558360456178e-09
8.310815654439254e-09
1.039046719960303e-08
1.319633826848377e-08
1.683686085752685e-08
2.175119250042762e-08
2.824971287161421e-08
3.689665925513047e-08
4.830726943232865e-08
6.339162067405003e-08
8.336272525425852e-08
1.100119637819770e-07
1.454555205570941e-07
1.923529224671616e-07
2.547865473847181e-07
3.373215285222403e-07
4.470106873861342e-07
5.920794346829799e-07
7.842866170516321e-07
1.039170862945104e-06
1.376195466954913e-06
1.822970459686773e-06
2.413976343984283e-06
3.195548634452397e-06
4.229652409276632e-06
5.593119685930052e-06
7.410686003875808e-06
9.802460088228883e-06
1.297503425151709e-05
1.714854308415635e-05
2.269716550808569e-05
2.995648210442263e-05
3.956865900424191e-05
5.222944963059274e-05
6.907647162429069e-05
9.126601720652358e-05
1.204686362107493e-04
1.592483186067118e-04
2.103121967611799e-04
2.778622801729092e-04
3.674772750453088e-04
4.845842809372866e-04
6.399188848220212e-04
8.444198638100186e-04
1.114498392656965e-03
1.469707156313340e-03
1.942483088540284e-03
2.564021460010626e-03
3.383691844686735e-03
4.460944049777179e-03
5.880096103186622e-03
7.741968733806664e-03
1.018065630934639e-02
1.336754991286007e-02
1.753777969855495e-02
2.295454823254135e-02
2.998297199123759e-02
3.906072842477071e-02
5.074870860601591e-02
6.573619192823132e-02
8.478754796632679e-02
1.087051788902076e-01
1.385437622443541e-01
1.751037376797201e-01
2.193299644736422e-01
2.719674762819837e-01
3.333986230927040e-01
4.035330424466581e-01
4.809933254336350e-01
5.635120988418443e-01
6.478199228918008e-01
7.297198055569178e-01
8.047952151833671e-01
8.691229416988092e-01
9.200989995187829e-01
9.580383700404823e-01
9.950404922554563e-01
###6.400000000000001e+00
2.540144329648000e-08
-1.245677627708075e-10
4.989000570859518e-11
3.382448952226184e-10
4.282674564351624e-10
4.523068828829534e-10
6.496947274799131e-10
7.955867286064251e-10
-1.514444392583273e-09
1.314731561412988e-09
1.636532722785893e-09
1.909149517933028e-09
1.981766186973568e-09
7.289767124080561e-10
2.493566367002748e-09
2.903808294991550e-09
2.891054030214609e-09
2.971854353580581e-09
3.222070003611748e-09
3.622669033158363e-09
4.207352546150122e-09
5.043541265338770e-09
6.390945569853143e-09
7.426535437359730e-09
9.075155257750850e-09
1.133814470776080e-08
1.438498022388405e-08
1.834785558162032e-08
2.369194600498396e-08
3.074784375700334e-08
4.013557504037537e-08
5.252976934225858e-08
6.890312475374301e-08
9.063771340635161e-08
1.196104671450894e-07
1.581375407660923e-07
2.091789217789618e-07
2.771178389783490e-07
3.669633824529409e-07
4.864384257116485e-07
6.445506874096547e-07
8.541127484099520e-07
1.132174141535456e-06
1.500170408377732e-06
1.988066693924962e-06
2.634128269993542e-06
3.488862039120710e-06
4.620826465280845e-06
6.115505815691348e-06
8.107374257070510e-06
1.073105348041974e-05
1.421484035863505e-05
1.880208919812871e-05
2.490647277920499e-05
3.290027823920922e-05
4.349540044971833e-05
5.745994992979179e-05
7.607835601293682e-05
1.006180743770327e-04
1.329512400665510e-04
1.759429767063135e-04
2.326097528027842e-04
3.076559600749535e-04
4.073166538956499e-04
5.376592370529388e-04
7.107506280382193e-04
9.388045739673297e-04
1.240215125325305e-03
1.636889235652921e-03
2.165092173619511e-03
2.859667015169195e-03
3.775789756446278e-03
4.979586095461871e-03
6.564981703604946e-03
8.643416114800349e-03
1.136367563145821e-02
1.491260550629894e-02
1.954902641992939e-02
2.555905793317097e-02
3.333747184642272e-02
4.335420656701949e-02
5.620545603491692e-02
7.261405610117844e-02
9.337568777084786e-02
1.193024977723915e-01
1.514502304586060e-01
1.905662965027428e-01
2.375211284295718e-01
2.929174771432099e-01
3.569313409125633e-01
4.292130091120416e-01
5.080715590304730e-01
5.909185012364196e-01
6.742809586360483e-01
7.538667259491444e-01
8.254071701904075e-01
8.853444018405171e-01
9.316209925739511e-01
9.649702746079447e-01
9.959621311677065e-01
###6.800000000000002e+00
2.524268639340760e-08
-1.145941350392038e-10
7.825879146940028e-11
3.686200710381885e-10
4.798660088469339e-10
5.120240884338030e-10
7.118223132466886e-10
7.443406555266408e-10
-1.359780088499987e-09
1.442968650080571e-09
1.766717683348374e-09
2.091586255505929e-09
2.144675243092028e-09
1.006092691640993e-09
2.649103073696911e-09
3.063969161350956e-09
3.091505724572881e-09
3.223606966599813e-09
3.511210742226278e-09
3.961098514831990e-09
4.603830624733930e-09
5.508828590829408e-09
6.912486872491644e-09
8.102905807220130e-09
9.905695511299195e-09
1.236886737261192e-08
1.568172212491641e-08
1.999607417160220e-08
2.580310360603465e-08
3.346437039424902e-08
4.366158630117118e-08
5.713785971390551e-08
7.491549697093324e-08
9.856881483474374e-08
1.300719376556758e-07
1.719805867723255e-07
2.275465864709821e-07
3.015030817160246e-07
3.993601966435475e-07
5.295526276215828e-07
7.019345382785220e-07
9.305051490334533e-07
1.234032122902478e-06
1.636022143043945e-06
2.169125100019374e-06
2.875543880186837e-06
3.810998097787391e-06
5.050516196518206e-06
6.689897600925687e-06
8.874279270186578e-06
1.175385823116778e-05
1.558187801694167e-05
2.062685662441664e-05
2.734572451796477e-05
3.615358167501508e-05
4.783917690472364e-05
6.325282919094506e-05
8.383570802526429e-05
1.109911153098493e-04
1.468034537051056e-04
1.944765515204203e-04
2.573735759728609e-04
3.407575560060958e-04
4.515952751050591e-04
5.966708153359865e-04
7.895178905923383e-04
1.043715064776132e-03
1.379944327445666e-03
1.822620770474150e-03
2.412197840791322e-03
3.187687247591124e-03
4.210254877658071e-03
5.553455282657178e-03
7.321600123483495e-03
9.637644939303462e-03
1.266540270097668e-02
1.660864387458191e-02
2.175047146216190e-02
2.840060724450918e-02
3.698400802321660e-02
4.800234744888765e-02
6.208635815843608e-02
7.999219156843168e-02
1.025377273337716e-01
1.305387568582382e-01
1.650441380999146e-01
2.067334152302792e-01
2.563887301437425e-01
3.144500645345864e-01
3.808736953620416e-01
4.550564594136527e-01
5.349837005550528e-01
6.177918714293374e-01
6.998344141125096e-01
7.767871794540587e-01
8.445913797011996e-01
9.001172693801481e-01
9.418696669125491e-01
9.709832718812190e-01
9.967425240931583e-01
###7.200000000000002e+00
2.511547730100944e-08
-1.103937305947428e-10
1.016979736590304e-10
3.912603543945135e-10
5.166547189558925e-10
5.590356425093678e-10
7.808041992946300e-10
8.471388125642432e-10
-1.191773517737258e-09
1.563731490063368e-09
1.902208267684966e-09
2.289228697618260e-09
2.321170395098686e-09
1.304130773458758e-09
2.824897271203878e-09
3.245341066437082e-09
3.320270229345451e-09
3.496342216661097e-09
3.832551361023492e-09
4.330716697435880e-09
5.035521422999373e-09
6.015826044825363e-09
7.486077160437849e-09
8.834608539269695e-09
1.081065313939475e-08
1.349953376664246e-08
1.709262898310142e-08
2.178925418303396e-08
2.810609954734417e-08
3.643110521614604e-08
4.750980663151826e-08
6.216195709046877e-08
8.147357450252717e-08
1.072112813504767e-07
1.414837300609817e-07
1.870885982197904e-07
2.475994415405550e-07
3.281439923083236e-07
4.347709250195217e-07
5.766613569242918e-07
7.646952439006852e-07
1.014144443804223e-06
1.345565014415457e-06
1.784861382537894e-06
2.367703112921924e-06
3.140571324194847e-06
4.164757501254537e-06
5.522996913156770e-06
7.321906840931413e-06
9.718467277318602e-06
1.288103805327402e-05
1.709019106873256e-05
2.264061528061550e-05
3.004048519408342e-05
3.975154899686693e-05
5.264536621747086e-05
6.966909232537994e-05
9.243245232135554e-05
1.224933061149254e-04
1.621731116565745e-04
2.150481121062160e-04
2.848685318886753e-04
3.775226285181396e-04
5.007859004264286e-04
6.622425637393295e-04
8.770041132930651e-04
1.160266665649329e-03
1.535060834122424e-03
2.028652044563677e-03
2.686166830180798e-03
3.551078205665114e-03
4.690857228032313e-03
6.187460709570053e-03
8.155862642733387e-03
1.073159607915257e-02
1.409447728732127e-02
1.846773014649394e-02
2.415392098182042e-02
3.149342112572573e-02
4.093869532639291e-02
5.302341214598231e-02
6.841053272429827e-02
8.788594831563595e-02
1.122860883957144e-01
1.424219856738739e-01
1.793254493034396e-01
2.235908529596030e-01
2.758982402447427e-01
3.365180069420616e-01
4.051740203156466e-01
4.809822124968641e-01
5.616476306491206e-01
6.440460218684656e-01
7.244071764508921e-01
7.984372879023527e-01
8.623584529479266e-01
9.134951913334134e-01
9.509198789247167e-01
9.761562730409266e-01
9.973936349455703e-01
###7.600000000000002e+00
2.494507789386340e-08
-8.670118593270806e-11
1.334349799607019e-10
4.370086929375539e-10
5.574809678220721e-10
6.142274025058571e-10
8.620028266466248e-10
9.672295688622473e-10
-9.971955750037307e-10
1.711719639776872e-09
2.060175731667834e-09
2.511889828478165e-09
2.530024064114827e-09
1.599335268773903e-09
3.024673307123997e-09
3.471177913596480e-09
3.571973513317701e-09
3.795624291133502e-09
4.191171455565997e-09
4.741295591226991e-09
5.509265166098913e-09
6.575068443416244e-09
8.121878581838149e-09
9.636107874781547e-09
1.180156453387341e-08
1.472695627525074e-08
1.863640967228385e-08
2.374907349879366e-08
3.061978182930952e-08
3.967032531864825e-08
5.170771310826360e-08
6.764183291298652e-08
8.863317301603383e-08
1.166460164179745e-07
1.539444485941833e-07
2.035798464772961e-07
2.694985654840647e-07
3.572509293128985e-07
4.734663483625768e-07
6.282022471737134e-07
8.333931584137773e-07
1.105763565392291e-06
1.467807296789344e-06
1.948118814300347e-06
2.585587947423226e-06
3.431654997892736e-06
4.553533058937179e-06
6.042753262970639e-06
8.017310943508803e-06
1.064837621597840e-05
1.412328169423136e-05
1.875580708744238e-05
2.486396028109530e-05
3.301847013017809e-05
4.372917392940432e-05
5.796450130406757e-05
7.677372695511076e-05
1.019597639157786e-04
1.352451990395756e-04
1.792192182067029e-04
2.378733542006019e-04
3.153890043174665e-04
4.183512478545102e-04
5.554182143208543e-04
7.350335890948176e-04
9.741215568289389e-04
1.289624109820029e-03
1.707117963360316e-03
2.257008800753409e-03
2.989475995978587e-03
3.952799149622828e-03
5.221507202293945e-03
6.886422450652631e-03
9.073867470689084e-03
1.193300695518990e-02
1.566004908844731e-02
2.049874838061887e-02
2.677275755248219e-02
3.485172679755241e-02
4.521674937800736e-02
5.843219011074960e-02
7.519227380223124e-02
9.630967350161967e-02
1.226306170944968e-01
1.549545362375488e-01
1.942801144687270e-01
2.411173610286417e-01
2.960125648253025e-01
3.590638725116159e-01
4.297423978092855e-01
5.069018098058586e-01
5.879724712762882e-01
6.696093504477133e-01
7.479372816592149e-01
8.188009157512158e-01
8.787232187002797e-01
9.255267052934665e-01
9.588471588172656e-01
9.805666738105540e-01
9.979337923103286e-01
###8.000000000000002e+00
2.478428253496495e-08
-7.272811903694872e-11
1.699623910415308e-10
4.711854935731814e-10
6.059620285062203e-10
6.842055642072657e-10
9.484539409466165e-10
1.095593129191264e-09
-7.842418259017177e-10
1.881948032376194e-09
2.237803379068498e-09
2.761518852769943e-09
2.748937994859639e-09
1.917671757517509e-09
3.258821877753672e-09
3.711384955309393e-09
3.860257772521931e-09
4.130170161908525e-09
4.576888616451901e-09
5.186098310906415e-09
6.027742267435247e-09
7.185523556899093e-09
8.825540037488579e-09
1.051594945603489e-08
1.288676261801848e-08
1.607042578593909e-08
2.032507528051784e-08
2.588908341134461e-08
3.336614373976772e-08
4.320181582918162e-08
5.629344066567568e-08
7.362006673200038e-08
9.644578829144863e-08
1.269434799819039e-07
1.675473594474428e-07
2.215958347110974e-07
2.934289355159332e-07
3.890770866734682e-07
5.158069954902969e-07
6.846322343033672e-07
9.086263319990716e-07
1.206152336276561e-06
1.601782680551639e-06
2.127166084406933e-06
2.824787382196837e-06
3.751377215312632e-06
4.981025395633435e-06
6.614414742933560e-06
8.782749877198664e-06
1.167300111102710e-05
1.549384200297769e-05
2.059356770822189e-05
2.731953381438138e-05
3.631009574705880e-05
4.812944347472819e-05
6.385155414823519e-05
8.464217524435632e-05
1.125130670372657e-04
1.493758050858226e-04
1.981196284630655e-04
2.631901127251509e-04
3.492527222791387e-04
4.636396127144028e-04
6.160091261253124e-04
8.157694674187609e-04
1.081783009400423e-03
1.432928330607396e-03
1.897636732193020e-03
2.509647316058876e-03
3.324827058002737e-03
4.396339714299570e-03
5.806623463925287e-03
7.655765790228693e-03
1.008245811874450e-02
1.324986361049440e-02
1.737190729039536e-02
2.271253201541252e-02
2.961965887526170e-02
3.848942092120809e-02
4.983524819342561e-02
6.424675765635415e-02
8.244827312586106e-02
1.052741495596823e-01
1.335814634200819e-01
1.681357160745570e-01
2.099015646694387e-01
2.592877345004936e-01
3.166931559658180e-01
3.820271146628141e-01
4.545139691975481e-01
5.327401936564328e-01
6.138695078692982e-01
6.943877113982652e-01
7.703726794219024e-01
8.378502611762284e-01
8.937067939285543e-01
9.362806816847176e-01
9.657446714575950e-01
9.842953250704199e-01
9.983829019903783e-01
###8.400000000000002e+00
2.462453850589397e-08
-4.624283921176397e-11
1.740158384019030e-10
5.225452142476715e-10
6.595932050367976e-10
7.639945154165333e-10
1.046589876691133e-09
1.232215665816799e-09
-5.527855586455287e-10
2.080233435462354e-09
2.438296039022413e-09
3.037876009497727e-09
3.005117817253334e-09
2.262389579165115e-09
3.518960725101724e-09
3.981786827667343e-09
4.180985429649974e-09
4.500451460548983e-09
5.003003272671416e-09
5.676777644277018e-09
6.596983504595764e-09
7.851455747690820e-09
9.602947937456065e-09
1.147907022949392e-08
1.407298009552338e-08
1.753939145051135e-08
2.216838540493578e-08
2.822999781199112e-08
3.635279775956699e-08
4.706077882850663e-08
6.129755911485162e-08
8.015742025498336e-08
1.049831699890078e-07
1.382014403686819e-07
1.824038178729527e-07
2.412987516238698e-07
3.196056733333794e-07
4.238791430531539e-07
5.621300108153663e-07
7.463945850297435e-07
9.910575278350763e-07
1.316153480558186e-06
1.748769761622798e-06
2.323734989027257e-06
3.087437659316153e-06
4.102842384510217e-06
5.451296404133920e-06
7.243936457803909e-06
9.625715821591401e-06
1.280241583094947e-05
1.700552405988422e-05
2.262222200381147e-05
3.003271301218251e-05
3.994869584190714e-05
5.299514324549274e-05
7.036658418912719e-05
9.335533809689159e-05
1.242070012049801e-04
1.650388137263534e-04
2.190772512371861e-04
2.912613500249089e-04
3.867970626629739e-04
5.138455883963232e-04
6.831753996058705e-04
9.052591467883733e-04
1.201045639287449e-03
1.591554934029284e-03
2.108413407107385e-03
2.788812033038664e-03
3.694930210750720e-03
4.885230915946551e-03
6.450534398542675e-03
8.501032037456887e-03
1.118814840347727e-02
1.469051970474850e-02
1.923959416391691e-02
2.512144956012185e-02
3.270774257061588e-02
4.242181354818587e-02
5.480727990191150e-02
7.048119450153494e-02
9.019207691961477e-02
1.147934825208285e-01
1.451390344947446e-01
1.819633043344095e-01
2.261797150019225e-01
2.780722582566749e-01
3.378931844585988e-01
4.053454520148876e-01
4.794053061322506e-01
5.583947283478672e-01
6.392446028150066e-01
7.183050836625958e-01
7.916649526798402e-01
8.555817675148270e-01
9.073480963620425e-01
9.458290193784322e-01
9.716971043246065e-01
9.874171107959087e-01
9.987407054004236e-01
###8.800000000000002e+00
2.451441958983946e-08
5.088872297158352e-12
2.180477185277562e-10
5.380303831099949e-10
7.365903388149225e-10
8.466653475297488e-10
1.157141721350453e-09
1.388560645480441e-09
-2.880723965546488e-10
2.292583778875591e-09
2.667271875058242e-09
3.346918940101869e-09
3.291019003588443e-09
2.628310051228372e-09
3.814247039199934e-09
4.289088603952212e-09
4.542499869524980e-09
4.910620728805733e-09
5.472569109276109e-09
6.215125725659943e-09
7.224969215516128e-09
8.584274448573697e-09
1.045805973976691e-08
1.254099287214873e-08
1.537024037964054e-08
1.914575414518509e-08
2.418741442695560e-08
3.078714688798724e-08
3.961605409188393e-08
5.126512643043292e-08
6.676458714382663e-08
8.728649748405146e-08
1.143126252411272e-07
1.505010695816236e-07
1.986417615326021e-07
2.628310672804091e-07
3.482257175854821e-07
4.619559850686210e-07
6.128356639232563e-07
8.140452957574275e-07
1.081331556579652e-06
1.436788930864234e-06
1.909985625507723e-06
2.539472848644862e-06
3.376027089232800e-06
4.489290640157010e-06
5.968546974049491e-06
7.936941230756702e-06
1.055455101961515e-05
1.404789929941855e-05
1.867329727310731e-05
2.486131479507302e-05
3.302971808730594e-05
4.397013043241200e-05
5.837826881522005e-05
7.757773595246437e-05
1.030007808635312e-04
1.371572831273320e-04
1.823919237515463e-04
2.422939331067487e-04
3.223661711970769e-04
4.283942290606165e-04
5.694758637021440e-04
7.575641341746097e-04
1.004315669665063e-03
1.333013534492341e-03
1.766938943795905e-03
2.341273742207647e-03
3.096972355499767e-03
4.102846060751827e-03
5.423372420516095e-03
7.158133983708355e-03
9.428087343176505e-03
1.239821508648297e-02
1.626355617014534e-02
2.127644484379310e-02
2.773748517494093e-02
3.604979971772555e-02
4.666354204650681e-02
6.014903123074943e-02
7.715030064599315e-02
9.843690184661237e-02
1.248755267020102e-01
1.573120979702068e-01
1.964318172617578e-01
2.430936187616347e-01
2.974406612997096e-01
3.595681197878686e-01
4.289609436427461e-01
5.043412381400275e-01
5.837894487045906e-01
6.640180923550394e-01
7.412969542261316e-01
8.117828738635035e-01
8.720014435545314e-01
9.196924511926616e-01
9.542455664864404e-01
9.767921948437013e-01
9.900079661217013e-01
9.990318974753103e-01
###9.200000000000003e+00
2.440596718782907e-08
3.978073329372562e-11
2.593555130761039e-10
5.917171865315397e-10
8.080638484470313e-10
9.837723683862771e-10
1.282382490817328e-09
1.563402761577616e-09
3.124384720797391e-12
2.539041783428739e-09
2.927853322029438e-09
3.693606029604471e-09
3.612212726264613e-09
3.024656835628638e-09
4.148678955833545e-09
4.643841378099620e-09
4.951395450763907e-09
5.373228022467536e-09
5.996101514459392e-09
6.811383195415057e-09
7.915745587915672e-09
9.391789969367053e-09
1.140336672852792e-08
1.369970906781770e-08
1.679461577097857e-08
2.090946581773745e-08
2.639760353074001e-08
3.358393976588429e-08
4.318783276599538e-08
5.586306471343541e-08
7.272995907915005e-08
9.507243044255600e-08
1.245048889021356e-07
1.639513578606677e-07
2.164026653330433e-07
2.863835163729239e-07
3.795397474467095e-07
5.036198492585157e-07
6.683539413201440e-07
8.881629893565217e-07
1.180337732725353e-06
1.569104671298340e-06
2.087015466673062e-06
2.776458848323889e-06
3.693279935035071e-06
4.914246950906997e-06
6.537900046698525e-06
8.699906644430451e-06
1.157792231392085e-05
1.542116186233617e-05
2.051338831069279e-05
2.733314537401240e-05
3.634083989465162e-05
4.841568735828284e-05
6.433018050824025e-05
8.555299331701204e-05
1.136978199530632e-04
1.514916465927321e-04
2.016027383240120e-04
2.680034518882501e-04
3.568032776406717e-04
4.744501129242500e-04
6.310488348019444e-04
8.398843374604396e-04
1.113867822263815e-03
1.478896441570073e-03
1.960661683961863e-03
2.598074719151071e-03
3.436500117723852e-03
4.551773352268565e-03
6.014583772223611e-03
7.934300611479263e-03
1.044286570146955e-02
1.372005217830088e-02
1.797804958636910e-02
2.348978498706661e-02
3.057194382305514e-02
3.966043248114330e-02
5.122838994185512e-02
6.587667843759819e-02
8.426398853657796e-02
1.071953476800212e-01
1.355295655568020e-01
1.701018322068346e-01
2.115550068405098e-01
2.606369339468829e-01
3.173601216755946e-01
3.816631901000589e-01
4.527982181669719e-01
5.292423460376519e-01
6.088280595994063e-01
6.881118618151725e-01
7.633034854627213e-01
8.306912049522734e-01
8.871187601394148e-01
9.307940720467478e-01
9.616126537787798e-01
9.811177173216299e-01
9.921365301036473e-01
9.992616092052586e-01
###9.600000000000003e+00
2.427401916622694e-08
6.039471712290953e-11
2.866702142074219e-10
6.271121548576084e-10
8.494361849648775e-10
1.020729345058162e-09
1.333160252407140e-09
1.612100047868072e-09
1.453936438413265e-10
2.586067642487698e-09
2.975386417184795e-09
3.745286564966612e-09
3.706472098564878e-09
3.232745423940089e-09
4.316035327793444e-09
4.843919958093787e-09
5.211812932185106e-09
5.698029328042489e-09
6.393688224168609e-09
7.291325879944025e-09
8.500336888100863e-09
1.010441679028565e-08
1.226290071502273e-08
1.479058769948202e-08
1.817521289946386e-08
2.265913319724546e-08
2.862824869740008e-08
3.647651805100823e-08
4.692424338498148e-08
6.073005152398418e-08
7.905840005033565e-08
1.033917950264007e-07
1.354989688360125e-07
1.784891220043523e-07
2.356956849974273e-07
3.120091322098082e-07
4.136197231364130e-07
5.490780268153285e-07
7.290416720807679e-07
9.692176964738991e-07
1.288735536957598e-06
1.714152225694200e-06
2.281253877629073e-06
3.036738536076845e-06
4.041934118644875e-06
5.381520364664994e-06
7.164623565396981e-06
9.540401209501686e-06
1.270447834745025e-05
1.693554281666572e-05
2.254365154491242e-05
3.005997669413192e-05
3.999843391747299e-05
5.332858613324455e-05
7.091168868848929e-05
9.437889370967827e-05
1.255642465727304e-04
1.673549988132968e-04
2.228669387712906e-04
2.964568788003087e-04
3.949226407200081e-04
5.254239257538338e-04
6.991556157296813e-04
9.309248373241555e-04
1.234940925003191e-03
1.639957910438468e-03
2.174376896228144e-03
2.881046923616292e-03
3.810184859666479e-03
5.045129932286081e-03
6.663317770427119e-03
8.784422263609171e-03
1.155247939033236e-02
1.516201219096398e-02
1.984308349135258e-02
2.589053812559111e-02
3.363756442028649e-02
4.355199020548826e-02
5.613094013467997e-02
7.200171139688079e-02
9.184098447303633e-02
1.164777752567513e-01
1.467626969079557e-01
1.835052407017776e-01
2.272998126754936e-01
2.787400083400772e-01
3.377875303707968e-01
4.041192148836134e-01
4.767884204480723e-01
5.540199673779208e-01
6.334349478775733e-01
7.114527342175483e-01
7.842767367547998e-01
8.483817726466261e-01
9.009647895990545e-01
9.407158349626698e-01
9.680147897476882e-01
9.847599038629713e-01
9.938696844842806e-01
9.994425795092310e-01
###1.000000000000000e+01
2.412424290191762e-08
7.302419155410705e-11
3.069010492687195e-10
6.517535850586881e-10
8.836889811867899e-10
1.062613146908160e-09
1.375645812822389e-09
1.663860675851053e-09
2.878522353631537e-10
2.642274320910104e-09
3.034972487346525e-09
3.792910624718162e-09
3.813282068268528e-09
3.434482536596951e-09
4.494329123440976e-09
5.054203863548349e-09
5.484382993311698e-09
6.036849408778820e-09
6.810966892594742e-09
7.798714078925490e-09
9.120703843107597e-09
1.086292767134383e-08
1.318635296590558e-08
1.596049759639661e-08
1.967226515675814e-08
2.455550082691322e-08
3.104201747099268e-08
3.960980176390185e-08
5.097507750625558e-08
6.601036474451808e-08
8.594229499271544e-08
1.124474026321590e-07
1.474751994846127e-07
1.943452958925557e-07
2.567493263122274e-07
3.400071887831239e-07
4.509383029084114e-07
5.988346395190651e-07
7.955939241106981e-07
1.058034019301445e-06
1.407602646984821e-06
1.873378200827546e-06
2.494521725292794e-06
3.322747322333811e-06
4.425395170628603e-06
5.895617477332662e-06
7.854727779111722e-06
1.046654483521523e-05
1.394629016847575e-05
1.860667247437968e-05
2.478549253485163e-05
3.307031740915531e-05
4.403982719316926e-05
5.875914238976535e-05
7.819074665255037e-05
1.041462611668579e-04
1.386830641114592e-04
1.849174297754386e-04
2.464001486824653e-04
3.279391045598113e-04
4.370771154884186e-04
5.817732623385567e-04
7.744237183074764e-04
1.031453016834626e-03
1.368549197325428e-03
1.817568757569521e-03
2.409796399713349e-03
3.192514101991474e-03
4.220889921685411e-03
5.586614752010691e-03
7.374140239729329e-03
9.714085639861156e-03
1.276271398137251e-02
1.673136989364873e-02
2.186796489304227e-02
2.848954597136857e-02
3.694827753051712e-02
4.774012605932006e-02
6.138813195476444e-02
7.853895916888755e-02
9.990188700273210e-02
1.262968287016732e-01
1.585793110925421e-01
1.975181615650952e-01
2.436488352269930e-01
2.974084367551296e-01
3.586750401831113e-01
4.268794824435358e-01
5.008522309359168e-01
5.785910026449125e-01
6.575314560378236e-01
7.339736145999115e-01
8.041800463303601e-01
8.648482486568257e-01
9.135719378533727e-01
9.495247908319966e-01
9.735362302789548e-01
9.877997777302892e-01
9.952658933065700e-01
9.995824275713456e-01
###1.040000000000000e+01
2.395935664510309e-08
9.026212393753409e-11
3.285789591375771e-10
6.861827557245264e-10
9.200137982526533e-10
1.106661569547314e-09
1.430385240365543e-09
1.715035798966711e-09
4.306818724689235e-10
2.693342051909120e-09
3.102784355367281e-09
3.856468111938413e-09
3.925389929682189e-09
3.639487279780430e-09
4.680308925279502e-09
5.278161832293657e-09
5.771616290972939e-09
6.397549063862507e-09
7.252495801683788e-09
8.336461696182485e-09
9.781057952711961e-09
1.167423241879289e-08
1.418257373695314e-08
1.722197631998103e-08
2.128000654942141e-08
2.661448665612807e-08
3.365281545641883e-08
4.300435193828933e-08
5.537704412343355e-08
7.174178933753052e-08
9.343242168229543e-08
1.223225103992706e-07
1.605385301863919e-07
2.116495894706840e-07
2.797562932423300e-07
3.706088814541710e-07
4.917541268423813e-07
6.532813323069326e-07
8.685489371813632e-07
1.155447254912845e-06
1.538046399977444e-06
2.048161064330406e-06
2.728947246909104e-06
3.637120621201835e-06
4.847308188650486e-06
6.461695828606720e-06
8.614645540657969e-06
1.148718684553019e-05
1.531593324265347e-05
2.044957366241510e-05
2.725975393909885e-05
3.639546055965159e-05
4.850462437994522e-05
6.476033597699133e-05
8.623795474311429e-05
1.149429465741467e-04
1.531855570098716e-04
2.043294766433598e-04
2.724149287713838e-04
3.627337851772186e-04
4.836698103146645e-04
6.440167992421399e-04
8.575008411488620e-04
1.142365942939635e-03
1.515886081517947e-03
2.013220933629158e-03
2.668837202403775e-03
3.534875141370344e-03
4.671718123688162e-03
6.179873833554343e-03
8.151664749784904e-03
1.072886442998414e-02
1.408149099197689e-02
1.843738831493986e-02
2.406381225725773e-02
3.129909609165155e-02
4.051434125455070e-02
5.223691712743557e-02
6.701186743682236e-02
8.550457183229042e-02
1.084449518302840e-01
1.366581267737574e-01
1.709802476822987e-01
2.121361456286041e-01
2.605842778381534e-01
3.166164133468117e-01
3.799806061875090e-01
4.498791921780457e-01
5.249148965948816e-01
6.028805837291157e-01
6.810287649771968e-01
7.556062709494495e-01
8.229729835356521e-01
8.800923284572910e-01
9.249810463326994e-01
9.572925969155422e-01
9.782615667736817e-01
9.903138907178641e-01
9.963789782260507e-01
9.996914499343036e-01
###1.080000000000000e+01
2.383105538598198e-08
1.124978102502394e-10
3.521409368299038e-10
6.941281593365683e-10
9.565214937930220e-10
1.149763427558953e-09
1.482302758042657e-09
1.777178368802448e-09
5.768254403771260e-10
2.753313361003021e-09
3.169282824079585e-09
3.926243625965934e-09
4.044860316029069e-09
3.850273350833559e-09
4.876897147398817e-09
5.515752175244493e-09
6.080247699388161e-09
6.777563294145169e-09
7.718925660824394e-09
8.909079394067391e-09
1.048481409830112e-08
1.254317811383715e-08
1.525178558061258e-08
1.858099754489903e-08
2.300617782629616e-08
2.883847437902768e-08
3.647923310752689e-08
4.668113177421899e-08
6.015462250681642e-08
7.797662556812481e-08
1.015914354689252e-07
1.330829541690056e-07
1.747853797522538e-07
2.305440361291051e-07
3.048871860221465e-07
4.040777296756679e-07
5.364363721718688e-07
7.129208973378446e-07
9.484797380758492e-07
1.262238683865580e-06
1.681197042966409e-06
2.240093108281048e-06
2.986466812700333e-06
3.982701889375549e-06
5.311391246502213e-06
7.084778364170920e-06
9.451836426042885e-06
1.261218880564972e-05
1.682649221916198e-05
2.248354907675719e-05
2.999078513881914e-05
4.006675395596470e-05
5.343760829020149e-05
7.139099504846441e-05
9.512986905859277e-05
1.268765837813782e-04
1.692069501661357e-04
2.257902024752121e-04
3.011570902021977e-04
4.011824405952794e-04
5.351323482537699e-04
7.127317293845010e-04
9.491705436886901e-04
1.264649784934816e-03
1.678168392598049e-03
2.228512787866169e-03
2.953562960909022e-03
3.910625816536971e-03
5.165716873354304e-03
6.829194869451048e-03
9.000766912344225e-03
1.183514208722064e-02
1.551586231007595e-02
2.028867104159126e-02
2.643950897855209e-02
3.433001336223863e-02
4.435016195512267e-02
5.705718285399400e-02
7.301973686807138e-02
9.291292809634660e-02
1.174862526987422e-01
1.475689204516965e-01
1.839657043857902e-01
2.273499584182811e-01
2.780848544519016e-01
3.363192867883132e-01
4.016454763594754e-01
4.730449080423621e-01
5.489052961028646e-01
6.268065787536458e-01
7.038617422648921e-01
7.763105814771355e-01
8.406423609218467e-01
8.941361224231099e-01
9.352522030201470e-01
9.640997944462046e-01
9.822760213558911e-01
9.923754972473308e-01
9.972576175083240e-01
9.997760974710974e-01
###1.120000000000000e+01
2.370289388848654e-08
1.210637836904651e-10
3.843568383650470e-10
7.121127927956735e-10
9.975538687242085e-10
1.194472547879883e-09
1.533586388066242e-09
1.832064588321093e-09
7.134610022463852e-10
2.817472082521450e-09
3.243733747219142e-09
4.015116001859231e-09
4.171338643096012e-09
4.065812275169478e-09
5.085027077946554e-09
5.775305940486409e-09
6.400731494288053e-09
7.181213116156219e-09
8.207434471676762e-09
9.521611582502122e-09
1.123205189818164e-08
1.347162569677708e-08
1.640298789089121e-08
2.004278818760643e-08
2.486524098535248e-08
3.123679062326629e-08
3.955138977548742e-08
5.066357223375450e-08
6.534622270431234e-08
8.475499422152102e-08
1.104821735069096e-07
1.448117174993145e-07
1.903316778526779e-07
2.511805409959889e-07
3.323547193036178e-07
4.406924370269306e-07
5.853293956088574e-07
7.782659498983774e-07
1.036074845819726e-06
1.379429178800378e-06
1.838286287926664e-06
2.450797558918497e-06
3.269466265975255e-06
4.362875216823767e-06
5.822003649210131e-06
7.770897312498558e-06
1.037412681737232e-05
1.385219158897142e-05
1.849221275146955e-05
2.472587457558125e-05
3.300499562814507e-05
4.411954291374210e-05
5.888329520600727e-05
7.871426003208051e-05
1.049491786067561e-04
1.400615772170597e-04
1.868845719903948e-04
2.494880881662284e-04
3.328947814577676e-04
4.436264565281061e-04
5.919067254196634e-04
7.884926232339571e-04
1.050194094017361e-03
1.399277954790985e-03
1.856717342785786e-03
2.465119944457415e-03
3.266123973739827e-03
4.322502369838326e-03
5.706406141580179e-03
7.538298436944691e-03
9.926811376507225e-03
1.303937536348847e-02
1.707344878205853e-02
2.229339055669096e-02
2.900598614361561e-02
3.759464665231270e-02
4.846925112974251e-02
6.221518243138793e-02
7.942376339662149e-02
1.007741045972216e-01
1.270427240873482e-01
1.590336759897636e-01
1.975322691418641e-01
2.431443943632094e-01
2.961296304160397e-01
3.564807111390157e-01
4.236231372642445e-01
4.963190925946439e-01
5.727448925203784e-01
6.502927091857326e-01
7.259640917084644e-01
7.960278090149545e-01
8.571711951787662e-01
9.070026206901223e-01
9.444374187918515e-01
9.700206191103546e-01
9.856598705800454e-01
9.940518219012670e-01
9.979447524606426e-01
9.998384501918187e-01
###1.160000000000000e+01
2.358078727389522e-08
1.361263723928051e-10
4.333990423646569e-10
7.399397052639974e-10
1.053384134489049e-09
1.245933400506669e-09
1.589317784558551e-09
1.904732437950190e-09
8.534778115053195e-10
2.888478331270293e-09
3.328105239087912e-09
4.104131807690590e-09
4.305587170907623e-09
4.286301734454193e-09
5.311178845137082e-09
6.044855865758148e-09
6.743602394021611e-09
7.609062665356947e-09
8.734466981660928e-09
1.016968148825914e-08
1.199611861002835e-08
1.446499464844271e-08
1.764029266651871e-08
2.162013272976945e-08
2.687071103920996e-08
3.382573261300058e-08
4.289340456715376e-08
5.498528350091482e-08
7.097441216917856e-08
9.212970788013149e-08
1.201608799360497e-07
1.576092117133866e-07
2.072999243647958e-07
2.737219486408702e-07
3.623783035975131e-07
4.807619723228820e-07
6.388746510610999e-07
8.499308874684511e-07
1.132156505345787e-06
1.508062278977047e-06
2.010785717646762e-06
2.682364177384822e-06
3.580681171662774e-06
4.781078955538086e-06
6.383918181973274e-06
8.526396821930341e-06
1.139021899424185e-05
1.521878970332469e-05
2.032894221467667e-05
2.720045565123260e-05
3.633186517130983e-05
4.859447054022788e-05
6.489571429554138e-05
8.680117085692404e-05
1.157953824542953e-04
1.546167703244047e-04
2.064022351931584e-04
2.756563169620889e-04
3.679221317058420e-04
4.904426128859590e-04
6.545109666280721e-04
8.720061580093962e-04
1.161417261734943e-03
1.547410431784592e-03
2.052906966691654e-03
2.724825835166437e-03
3.608725890523776e-03
4.773424063982020e-03
6.297565372209085e-03
8.312434828814011e-03
1.093550796797083e-02
1.434801047469763e-02
1.876240440740016e-02
2.446191406154398e-02
3.177432178537009e-02
4.110524293633464e-02
5.288340268166391e-02
6.772177656864938e-02
8.623440871023222e-02
1.091025369057342e-01
1.371203475665822e-01
1.710572613789281e-01
2.116766136189825e-01
2.595079598741565e-01
3.146874529786700e-01
3.770535644446812e-01
4.458519874083299e-01
5.196292589015002e-01
5.963557985454995e-01
6.732622045475840e-01
7.472744692498832e-01
8.147350920996098e-01
8.725574739829295e-01
9.187240302603961e-01
9.526014334406299e-01
9.751354768149171e-01
9.884878692639082e-01
9.954003196409189e-01
9.984747112352687e-01
9.998840369538233e-01
###1.200000000000001e+01
2.343774979357414e-08
1.664185281159005e-10
4.565558098274969e-10
7.667814234737332e-10
1.098320404581507e-09
1.302532933149209e-09
1.642426448755469e-09
1.974004232602149e-09
9.990610690217821e-10
2.966617773493142e-09
3.418042672820876e-09
4.200237026094286e-09
4.452303588896597e-09
4.515395539892830e-09
5.546353789007398e-09
6.331843862174079e-09
7.106582622082890e-09
8.062178407930298e-09
9.293473907805963e-09
1.083932780358310e-08
1.279876273363946e-08
1.552484547175841e-08
1.897177577331818e-08
2.331564382487296e-08
2.903563753076691e-08
3.662373303786615e-08
4.650757089343301e-08
5.966996631924864e-08
7.709150263206392e-08
1.001307652264111e-07
1.307098760920823e-07
1.715683321986487e-07
2.258146649289059e-07
2.983461531815809e-07
3.952214454073917e-07
5.246022919642905e-07
6.975042575914241e-07
9.284126598403913e-07
1.237453894027727e-06
1.649209067160363e-06
2.200240414474504e-06
2.936882500321212e-06
3.922834631355999e-06
5.241136018932353e-06
7.002648704496387e-06
9.358584340766728e-06
1.250966768832021e-05
1.672513189807968e-05
2.235458985294094e-05
2.992955274642394e-05
4.000101005023550e-05
5.353294110609571e-05
7.153268387460036e-05
9.573129251013488e-05
1.277667840262099e-04
1.706826978925449e-04
2.279364076875275e-04
3.045153246651298e-04
4.065517742210265e-04
5.420428322920568e-04
7.234667022355311e-04
9.639384830880703e-04
1.283779990080675e-03
1.710213000664578e-03
2.268314251633518e-03
3.009658215912845e-03
3.984019518481595e-03
5.266523094004797e-03
6.942740554773631e-03
9.155708627295877e-03
1.203250135599345e-02
1.576811981750498e-02
2.059013514115288e-02
2.680402603879241e-02
3.475553394783315e-02
4.486694538541040e-02
5.760518165950846e-02
7.359246399573491e-02
9.346460901517707e-02
1.179049931979342e-01
1.477141355205076e-01
1.836406239766908e-01
2.263903337598298e-01
2.764148905099064e-01
3.337240138490722e-01
3.979884032009064e-01
4.682708387849200e-01
5.429013234802732e-01
6.196588620885929e-01
6.956468080071425e-01
7.677418104913261e-01
8.323995998967988e-01
8.868106680167367e-01
9.293463941333195e-01
9.598116217402212e-01
9.795203753660822e-01
9.908313309783492e-01
9.964750119124838e-01
9.988793637893992e-01
9.999154852995672e-01
###1.240000000000001e+01
2.330875599720247e-08
2.008753015672336e-10
4.867523912398237e-10
8.007466260321214e-10
1.135802148840263e-09
1.360000354148467e-09
1.702500591862593e-09
2.054054006196959e-09
1.145527825589824e-09
3.056903383734961e-09
3.515313949520033e-09
4.310560778858725e-09
4.609438048482349e-09
4.752948132208333e-09
5.796701030733177e-09
6.636899082847594e-09
7.492580328468673e-09
8.544113317804485e-09
9.888562201264560e-09
1.157525496548667e-08
1.372314837079998e-08
1.666235402148796e-08
2.040505936835747e-08
2.514588965834006e-08
3.137625200106346e-08
3.964872590744334e-08
5.042819076836112e-08
6.475909976761565e-08
8.372292967901386e-08
1.088505525128929e-07
1.422142351236269e-07
1.867983929946306e-07
2.460389281818803e-07
3.252749002347561e-07
4.311305942060630e-07
5.725797545566532e-07
7.617401805055798e-07
1.014465850996127e-06
1.352773795001788e-06
1.804077629946994e-06
2.408391475703728e-06
3.216640672660493e-06
4.298999583943789e-06
5.747301183007020e-06
7.683541648256291e-06
1.027505147139739e-05
1.374287538290002e-05
1.838521540694186e-05
2.458892744292554e-05
3.293961000578589e-05
4.404908491872744e-05
5.898154431101587e-05
7.885459383859008e-05
1.055814556720486e-04
1.409734111883102e-04
1.884023803591795e-04
2.516840443659905e-04
3.363303977301983e-04
4.491208429385542e-04
5.989305277046439e-04
7.993584589756067e-04
1.065023419016977e-03
1.418251577237802e-03
1.888927122429012e-03
2.504508042707693e-03
3.321454007953681e-03
4.394315664160223e-03
5.804953997460906e-03
7.645953191300078e-03
1.007323851845746e-02
1.322324807724415e-02
1.730669753993129e-02
2.256625539788568e-02
2.932793240746689e-02
3.795929255782343e-02
4.889993386886099e-02
6.264834401829988e-02
7.983844232440729e-02
1.011251807466686e-01
1.271913748032288e-01
1.588301987064973e-01
1.967778608660427e-01
2.416608080982872e-01
2.938492422869755e-01
3.532068470970869e-01
4.192395124386272e-01
4.908180309619953e-01
5.660668584160351e-01
6.425902642054537e-01
7.173816294376242e-01
7.873137464580401e-01
8.490044383592819e-01
8.999419168352722e-01
9.389118346620737e-01
9.661380353954555e-01
9.832525399459403e-01
9.927571770601538e-01
9.973235931883343e-01
9.991853351422153e-01
9.999410224544407e-01
###1.280000000000001e+01
2.319279429982169e-08
2.265240412511562e-10
5.137106344872575e-10
8.308773116446493e-10
1.176916023308810e-09
1.422179338641311e-09
1.768338117000174e-09
2.127146012759397e-09
1.290244268037784e-09
3.146937995397119e-09
3.621241338079964e-09
4.427476894580848e-09
4.781016509981915e-09
4.995684083274420e-09
6.062456325940470e-09
6.962550890602307e-09
7.903175461267797e-09
9.056346766862653e-09
1.052354468309995e-08
1.236183048672915e-08
1.471135246854444e-08
1.788462857539154e-08
2.194876895255149e-08
2.712082339569976e-08
3.390392079775039e-08
4.292375004426753e-08
5.467377284787948e-08
7.028854177677390e-08
9.092686329178850e-08
1.183423023829785e-07
1.547536221572097e-07
2.034197401475642e-07
2.681365808669473e-07
3.547119666437266e-07
4.704067983595286e-07
6.251276558683571e-07
8.321374246334573e-07
1.108812309044253e-06
1.479366571229631e-06
1.974257596932257e-06
2.637129836241466e-06
3.524196724310303e-06
4.712858550607441e-06
6.304522704280708e-06
8.433495317114469e-06
1.128457960428775e-05
1.510243758842042e-05
2.021547544860056e-05
2.705530088319221e-05
3.625933708388247e-05
4.851310159307519e-05
6.498229176215663e-05
8.693081880067828e-05
1.164452871566965e-04
1.555393957542424e-04
2.079410721971273e-04
2.778561327849420e-04
3.713878322220174e-04
4.960071684732466e-04
6.615774401553074e-04
8.828374968824522e-04
1.176128515643083e-03
1.565871518253084e-03
2.084899564507624e-03
2.763230340477879e-03
3.662577345841328e-03
4.842635534276095e-03
6.392176705818322e-03
8.411679466321789e-03
1.107068054705232e-02
1.451495056715035e-02
1.897119104427058e-02
2.469887898411611e-02
3.204511657637758e-02
4.139734331506490e-02
5.321594043253007e-02
6.802361404693928e-02
8.647228307409607e-02
1.092271757210786e-01
1.369690663035346e-01
1.704787622003297e-01
2.104675234787442e-01
2.574767406100806e-01
3.117811931084076e-01
3.730987258455841e-01
4.407582067545096e-01
5.134312991082484e-01
5.890519091376160e-01
6.650743482587939e-01
7.384036852026143e-01
8.059525610310845e-01
8.645369272236918e-01
9.119809951345893e-01
9.474778033814614e-01
9.716506522076197e-01
9.864054618931221e-01
9.943263762464498e-01
9.979870701498398e-01
9.994140119556598e-01
9.999661942349036e-01
###1.320000000000001e+01
2.308165458596550e-08
2.307894578561975e-10
5.516044446082912e-10
8.678894465708450e-10
1.221668647762505e-09
1.484199604210623e-09
1.839123942039886e-09
2.197037388522920e-09
1.438028783843563e-09
3.249276529171905e-09
3.730278869898934e-09
4.550914034621079e-09
4.957062056438753e-09
5.250595240688388e-09
6.344594131465045e-09
7.308432173747424e-09
8.337441684466237e-09
9.598518861464756e-09
1.119659333256259e-08
1.320218698875528e-08
1.576733515842772e-08
1.919778838690914e-08
2.361458569161690e-08
2.925105282239109e-08
3.663712910129379e-08
4.646607521070946e-08
5.927864169144641e-08
7.628765557604330e-08
9.876680881107523e-08
1.286929602653779e-07
1.684278332268725e-07
2.215567751305162e-07
2.922701959083731e-07
3.868976324794288e-07
5.134158764421549e-07
6.826844794233706e-07
9.093187601771533e-07
1.212338064912219e-06
1.618314167220762e-06
2.161076235345978e-06
2.888453095577757e-06
3.862369789047996e-06
5.168219973978506e-06
6.917431796207767e-06
9.259266232920113e-06
1.239642771826186e-05
1.659967054846011e-05
2.223228628250103e-05
2.977317467026063e-05
3.991959512636780e-05
5.343414598881371e-05
7.160016761659174e-05
9.583429777181558e-05
1.284218917111352e-04
1.715930381431128e-04
2.294693954774416e-04
3.066828758110682e-04
4.099820459870199e-04
5.475959564375951e-04
7.304704403721564e-04
9.745928259312313e-04
1.298112479920175e-03
1.727768689258066e-03
2.299588228286625e-03
3.046309391260989e-03
4.035390447286387e-03
5.331623833022594e-03
7.031727969634281e-03
9.244160542831887e-03
1.215288130410576e-02
1.591364317703610e-02
2.076951892502005e-02
2.699687086284144e-02
3.496499346491094e-02
4.508159358562875e-02
5.782622072647350e-02
7.374620308175855e-02
9.350642596646695e-02
1.177822875266292e-01
1.472467484925793e-01
1.826619394729310e-01
2.247001473080604e-01
2.738200846397242e-01
3.301855072663937e-01
3.933563236215099e-01
4.624823437959767e-01
5.360396279848381e-01
6.117893340230868e-01
6.870426298074708e-01
7.586612229895567e-01
8.236270151730486e-01
8.789978519054120e-01
9.229567219966291e-01
9.551006431544841e-01
9.764204243511608e-01
9.890453831627107e-01
9.955912741081386e-01
9.984956912128674e-01
9.995778949703432e-01
9.999852020521154e-01
###1.360000000000001e+01
2.295963896638108e-08
2.628981762328616e-10
5.896361110703480e-10
9.000231532405488e-10
1.267298136969674e-09
1.546329568597056e-09
1.909778687263252e-09
2.279052655787375e-09
1.585237024768864e-09
3.348134179370984e-09
3.850995157549076e-09
4.702276793305278e-09
5.146262098170740e-09
5.518717020491370e-09
6.643013596189562e-09
7.674758168250591e-09
8.797125267152136e-09
1.017519731128369e-08
1.191391102682075e-08
1.409698572254561e-08
1.689632032942730e-08
2.060903499558882e-08
2.540254336952807e-08
3.154806756896510e-08
3.958998790700150e-08
5.029907773382237e-08
6.426987211886172e-08
8.280229724622353e-08
1.073020744307962e-07
1.399596217812198e-07
1.833458570673629e-07
2.413716780252056e-07
3.186685688670306e-07
4.221069195898718e-07
5.605279425403730e-07
7.457641133949938e-07
9.939329300519349e-07
1.325900196594396e-06
1.770844232070178e-06
2.366299686870459e-06
3.164641402186620e-06
4.234123008321483e-06
5.668886507593689e-06
7.591800877888363e-06
1.016828908784478e-05
1.362134821333441e-05
1.824916903387712e-05
2.445459009868035e-05
3.276803001923919e-05
4.395459329524817e-05
5.885958372401251e-05
7.889494850210458e-05
1.056466330818764e-04
1.416189636568797e-04
1.892875053163850e-04
2.531777439818963e-04
3.384153671960146e-04
4.524363792391930e-04
6.043163327019953e-04
8.061497720866989e-04
1.075307196543304e-03
1.431866620482419e-03
1.905204744302657e-03
2.534575577435825e-03
3.355660970879989e-03
4.442231773215770e-03
5.864495878976216e-03
7.727507993301826e-03
1.014831958558572e-02
1.332572752214834e-02
1.742630598163375e-02
2.270966248202601e-02
2.947014535073034e-02
3.809881557058781e-02
4.902344257746279e-02
6.274268949986705e-02
7.982686992984601e-02
1.009518848386199e-01
1.267979870597302e-01
1.580279910606011e-01
1.953778970197928e-01
2.394685049032106e-01
2.906719697369287e-01
3.490302296571289e-01
4.139313715502865e-01
4.843557154845552e-01
5.585826033467897e-01
6.342089431613073e-01
7.084305185225076e-01
7.781006791832686e-01
8.403157781782168e-01
8.924008293686541e-01
9.329102839191104e-01
9.618429588452995e-01
9.805206959539265e-01
9.912424516485545e-01
9.966058615995950e-01
9.988908826993702e-01
9.997031388018390e-01
9.999843913897575e-01
###1.400000000000001e+01
2.284542210455828e-08
2.671819926914780e-10
6.230165405493793e-10
9.327681221282670e-10
1.320532621565691e-09
1.631500203259366e-09
1.980291198358348e-09
2.360718095356536e-09
1.741017249036000e-09
3.450239528253177e-09
3.982058910333112e-09
4.849027533919461e-09
5.348052315938189e-09
5.799612829508306e-09
6.959757637860893e-09
8.066427775997341e-09
9.286600671421493e-09
1.078801841348671e-08
1.267958441240432e-08
1.505547327382495e-08
1.810600213219817e-08
2.212764934308110e-08
2.733253853390005e-08
3.402636816208830e-08
4.278494283867178e-08
5.445492370937373e-08
6.968810066607750e-08
8.988977505481711e-08
1.165975355621158e-07
1.522675783667283e-07
1.996271791380401e-07
2.630148029767038e-07
3.474021323795166e-07
4.606395861074543e-07
6.121175281865523e-07
8.148960748344618e-07
1.086727225731360e-06
1.450511463171405e-06
1.938388334674018e-06
2.591701088473205e-06
3.468135632236488e-06
4.643074322234557e-06
6.219682781884431e-06
8.334124570495429e-06
1.116907837364366e-05
1.496994264270018e-05
2.006605156053320e-05
2.690341328700844e-05
3.606832202267774e-05
4.839908785815438e-05
6.483773463700612e-05
8.692980856372069e-05
1.164570977108545e-04
1.561532855287444e-04
2.087777951806834e-04
2.792681592594483e-04
3.733271293107259e-04
4.991179882724267e-04
6.666663570283137e-04
8.892271824621467e-04
1.185771182691779e-03
1.578434528615176e-03
2.099361870314855e-03
2.791415809734866e-03
3.693343194237606e-03
4.885831958312032e-03
6.444438061955092e-03
8.483555017317549e-03
1.112881448099462e-02
1.459477697189376e-02
1.905957867999900e-02
2.479989955979676e-02
3.212754773400928e-02
4.145546143475982e-02
5.323359225763025e-02
6.797618803447174e-02
8.627683585032686e-02
1.088188635488578e-01
1.362845067911201e-01
1.693165891382653e-01
2.086225521125210e-01
2.547605991157086e-01
3.080080509466215e-01
3.682753706738360e-01
4.347817788079600e-01
5.063209159066633e-01
5.809956012776554e-01
6.562451776502601e-01
7.291789865375140e-01
7.966846747754299e-01
8.560040942089290e-01
9.047555546913578e-01
9.418849137408050e-01
9.677693079729400e-01
9.840192442542545e-01
9.930538706543267e-01
9.974105572520469e-01
9.991904780033897e-01
9.997941190378100e-01
9.999946943311653e-01
###1.440000000000001e+01
2.273649292838166e-08
2.972753706667728e-10
6.535360644865607e-10
9.748736109030888e-10
1.370391616489630e-09
1.703647712384177e-09
2.052252617849014e-09
2.445066442874106e-09
1.894953794948286e-09
3.566137429727154e-09
4.119859677622056e-09
5.009402320450376e-09
5.563458664583844e-09
6.093714598272863e-09
7.295312062818430e-09
8.480653980230738e-09
9.807677892544686e-09
1.144100512430079e-08
1.349638056585856e-08
1.608169691403398e-08
1.940420580892480e-08
2.376029994553377e-08
2.941548456308000e-08
3.672017354790030e-08
4.624446867884491e-08
5.895610229795375e-08
7.556837719240426e-08
9.758470533172564e-08
1.267169994282656e-07
1.656716423850826e-07
2.173935478692197e-07
2.866563188112957e-07
3.789542820380142e-07
5.028358954061156e-07
6.686161038037704e-07
8.906664186790743e-07
1.188513601973317e-06
1.587293557822316e-06
2.122406625599271e-06
2.839494661439313e-06
3.801902375348614e-06
5.092805372286865e-06
6.825780417078714e-06
9.150878553633025e-06
1.227016560413703e-05
1.645464195089498e-05
2.206671467155060e-05
2.960011488433720e-05
3.970315142800553e-05
5.329489163916443e-05
7.142215346490289e-05
9.578279541165539e-05
1.283589609333080e-04
1.721483361537428e-04
2.302247586557287e-04
3.079645298136211e-04
4.117028521122515e-04
5.504129623873347e-04
7.350695226125637e-04
9.803034938006287e-04
1.306797055221582e-03
1.738882328720952e-03
2.311601008643650e-03
3.071915413679903e-03
4.061689632739524e-03
5.368881811361900e-03
7.074967223768215e-03
9.303696567602994e-03
1.219082852930303e-02
1.596657908500429e-02
2.082072212337264e-02
2.704840511731587e-02
3.497906494520269e-02
4.504805305869257e-02
5.772398800593236e-02
7.354282318980827e-02
9.311004235145076e-02
1.171189340303496e-01
1.462462656774479e-01
1.811136802652015e-01
2.223917567163507e-01
2.705644258498280e-01
3.258071907247159e-01
3.878885134205167e-01
4.558586487336557e-01
5.283196105968306e-01
6.032083395707274e-01
6.778271588434605e-01
7.492390117803478e-01
8.143790774232860e-01
8.706863018999296e-01
9.160914563187058e-01
9.499320115488146e-01
9.729432431230820e-01
9.869825170939835e-01
9.945352844599286e-01
9.980424337783211e-01
9.994152242398469e-01
9.998584151364692e-01
9.999946943311653e-01
###1.480000000000001e+01
2.262836123164699e-08
3.252764249719795e-10
6.813236954940745e-10
1.022531181486723e-09
1.425452146801858e-09
1.776165615516997e-09
2.128314359086105e-09
2.537212898519785e-09
2.051364947919440e-09
3.688273854057657e-09
4.266239486231963e-09
5.181039148673799e-09
5.793879412111766e-09
6.401653035934741e-09
7.654209106450552e-09
8.922124345114519e-09
1.036347223626000e-08
1.213639556655452e-08
1.436723069468164e-08
1.717911413854567e-08
2.079117048599282e-08
2.551915580215756e-08
3.165723670660296e-08
3.961154242294514e-08
4.999007544068832e-08
6.383728061433779e-08
8.195623432109664e-08
1.059570832752901e-07
1.377410870825899e-07
1.802962810704596e-07
2.368074664777927e-07
3.125088225678509e-07
4.134851436881213e-07
5.490118511111458e-07
7.305308236798059e-07
9.737499688376363e-07
1.300110395454535e-06
1.737502803430879e-06
2.324498190799147e-06
3.111697343338174e-06
4.168824292123644e-06
5.587339579470714e-06
7.492532499886440e-06
1.004966614703633e-05
1.348204641107687e-05
1.808920066125090e-05
2.427017396670824e-05
3.256928350705300e-05
4.370436168828493e-05
5.868513710012212e-05
7.866931855358462e-05
1.055282152427894e-04
1.414541879021979e-04
1.897486959285885e-04
2.538009987830615e-04
3.395010374839381e-04
4.538519645112380e-04
6.066727077210740e-04
8.100714920477998e-04
1.080092634748732e-03
1.439303625673659e-03
1.914344843357119e-03
2.543455506422143e-03
3.377925785489835e-03
4.462916946762037e-03
5.894141062461805e-03
7.759728196378422e-03
1.019302537957983e-02
1.333977175987612e-02
1.744769756263063e-02
2.271800136243299e-02
2.946381736019606e-02
3.803438948043137e-02
4.888582977069587e-02
6.250685542390007e-02
7.945086471227526e-02
1.003324056200215e-01
1.258566466292653e-01
1.566895022349081e-01
1.934213223543428e-01
2.366768751351156e-01
2.868626000168076e-01
3.440362069932117e-01
4.078227986953688e-01
4.771000504046580e-01
5.502891613948050e-01
6.251559056323599e-01
6.988974817361109e-01
7.685615755631091e-01
8.311593328645474e-01
8.843580008917448e-01
9.264340273398377e-01
9.571046214499339e-01
9.774314386131603e-01
9.894731371465042e-01
9.957358620463289e-01
9.985334276313547e-01
9.995812408157074e-01
9.999030681480165e-01
9.999946943311653e-01
###1.520000000000001e+01
2.250269058510113e-08
3.581099815021353e-10
7.191966592501600e-10
1.068708025120394e-09
1.463531211397997e-09
1.853505961836108e-09
2.208473935688534e-09
2.638451847369843e-09
2.214079225202533e-09
3.816082365595568e-09
4.423479421878093e-09
5.363228854963180e-09
6.035859153331988e-09
6.725219857775937e-09
8.036532616897736e-09
9.391741616585642e-09
1.095363788647126e-08
1.287789863014918e-08
1.529833840321626e-08
1.834994679710272e-08
2.227760735567065e-08
2.741292251088417e-08
3.407793374579759e-08
4.273479424567872e-08
5.404806014532104e-08
6.913178194884464e-08
8.889321147008243e-08
1.150740267853538e-07
1.497773273267511e-07
1.962342493556991e-07
2.580059074567577e-07
3.407747074482256e-07
4.512662358821836e-07
5.995713781341759e-07
7.983522240666749e-07
1.064876395497105e-06
1.422530851231037e-06
1.902322939943531e-06
2.546461355663346e-06
3.410836645905361e-06
4.571994291355160e-06
6.130939588833415e-06
8.226108774866778e-06
1.103882455167837e-05
1.481600948003513e-05
1.988840529824168e-05
2.669491774255403e-05
3.583792589668586e-05
4.810286729006903e-05
6.462001888717565e-05
8.664480602712683e-05
1.162474521850081e-04
1.558581308948143e-04
2.090951677888812e-04
2.797078681282424e-04
3.741304076847258e-04
5.001068318236819e-04
6.684001650002897e-04
8.922777831645519e-04
1.189367621545107e-03
1.584208477614163e-03
2.106045197248130e-03
2.796491576027800e-03
3.711338574849467e-03
4.899424354844908e-03
6.464569444017292e-03
8.502083883757405e-03
1.115557042520201e-02
1.458076300399018e-02
1.904437512318899e-02
2.475899526811643e-02
3.205567543472674e-02
4.130361257295645e-02
5.298066633484536e-02
6.759317043810249e-02
8.570929137240899e-02
1.079583964893467e-01
1.350421550784554e-01
1.676174828965703e-01
2.062341434767143e-01
2.514681045209701e-01
3.036362584373477e-01
3.626679017717195e-01
4.280438160474216e-01
4.984576331010529e-01
5.721607586166876e-01
6.467788200359880e-01
7.194025748778635e-01
7.870993515319780e-01
8.470064172485627e-01
8.970380479703389e-01
9.358256208372077e-01
9.634598416704452e-01
9.812981074819795e-01
9.915502291252624e-01
9.967003891071089e-01
9.989112832076504e-01
9.997029160422362e-01
9.999341123055751e-01
9.999946943311653e-01
###1.560000000000001e+01
2.239690258118887e-08
3.868866695290937e-10
7.558163245849082e-10
1.112679702038568e-09
1.522120509588730e-09
1.930300132285986e-09
2.293543117648865e-09
2.739435944059500e-09
2.379627823278334e-09
3.952434495921799e-09
4.594160623764227e-09
5.558376639292477e-09
6.294032134180117e-09
7.065731822481709e-09
8.439735564965232e-09
9.891888156439613e-09
1.158225184620487e-08
1.366816007123710e-08
1.629515620767679e-08
1.960669470441040e-08
2.387700122926918e-08
2.945195203552186e-08
3.669365119349068e-08
4.611250008587182e-08
5.845519053561629e-08
7.487382408353251e-08
9.643174824705014e-08
1.249971006119475e-07
1.629210391458653e-07
2.136249258886227e-07
2.811736032631841e-07
3.716872859042874e-07
4.926175759844262e-07
6.549781663818968e-07
8.727451033314314e-07
1.164793346341136e-06
1.556887077419499e-06
2.083322010613755e-06
2.790306405677014e-06
3.739667043789217e-06
5.015086144284983e-06
6.729066275971799e-06
9.032649202851773e-06
1.212711899095115e-05
1.628366555616228e-05
2.186808161749345e-05
2.936401332405871e-05
3.943493694741896e-05
5.294329055030614e-05
7.114402487683563e-05
9.541874081075038e-05
1.280411219060943e-04
1.716943974000732e-04
2.303598163222936e-04
3.081582494310935e-04
4.121406440760142e-04
5.508333416965716e-04
7.360304192436027e-04
9.823005489691232e-04
1.308906239257319e-03
1.742579578886817e-03
2.315233758460483e-03
3.072342600970144e-03
4.074356431744582e-03
5.374009793374937e-03
7.083399483898930e-03
9.306667193413854e-03
1.219659757046218e-02
1.592057176345461e-02
2.076358757955293e-02
2.695123963947576e-02
3.483314831920099e-02
4.479616116151401e-02
5.734414349242069e-02
7.299466693025466e-02
9.233265815356206e-02
1.159942617200167e-01
1.446835477281666e-01
1.790333196701098e-01
2.195511182581581e-01
2.667492333295337e-01
3.208572714242498e-01
3.816661577013202e-01
4.484991863869646e-01
5.198745357080401e-01
5.938779543443694e-01
6.680048174323078e-01
7.392829583336962e-01
8.048127068810506e-01
8.619046125771453e-01
9.087351609368111e-01
9.443054558545827e-01
9.690551942576854e-01
9.846056279007774e-01
9.932692495289721e-01
9.974685058437018e-01
9.991993425830109e-01
9.997912054278431e-01
9.999555252044072e-01
9.999946943311653e-01
