# NLO BK equation solver 0.0-dev build  (build Feb 16 2026 17:52:53)
# Initial condition: MV model, Q_s0^2 = 0.00691567 GeV^2, \gamma = 1, coefficient of E inside Log is 1, x0=0.01, \Lambda_QCD = 0.241 GeV
# # LO Kernel RC:  Balitsky. NLO Kernel RC:  smallest dipole
# Nc=3, Nf=4
# Using RungeKutta method in K1
# Resumming double log
# Resumming single log, K_sub=0.65 resum rc: smallest
# BK K1 integration relative accuracy: 0.02# NLO BK as^2 terms: MC integration method: Vegas, points=1000000
# Kinematical constraint: none
# Target kinematical constraint: disabled

###1.000000000000000e-05
###1.160836920850890e+00
###100
###1.000000000000000e+00
###0.000000000000000e+00
2.236509530515154e-12
2.979044788957324e-12
3.967566661733204e-12
5.283369080867558e-12
7.034540501897377e-12
9.364769233478381e-12
1.246503282738833e-11
1.658911264045535e-11
2.207418048066938e-11
2.936810893604131e-11
3.906569235470512e-11
5.195667345504227e-11
6.908940653122836e-11
9.185522513000543e-11
1.221002160256775e-10
1.622732588933339e-10
2.156220388867334e-10
2.864524965464036e-10
3.804721342595213e-10
5.052441294957400e-10
6.707878094289203e-10
8.903723717238942e-10
1.181565647700870e-09
1.567619317730886e-09
2.079297772195060e-09
2.757291684619763e-09
3.655401836200846e-09
4.844737079967348e-09
6.419246833666101e-09
8.503008715056404e-09
1.125982313570156e-08
1.490583828256168e-08
1.972615319251885e-08
2.609663945592186e-08
3.451260405857126e-08
4.562641361793675e-08
6.029684818476342e-08
7.965379522000510e-08
1.051829884186184e-07
1.388369151116584e-07
1.831798541505795e-07
2.415773839398862e-07
3.184437715447317e-07
4.195646147567444e-07
5.525172092142563e-07
7.272176688708675e-07
9.566322413690030e-07
1.257701036991592e-06
1.652536169872885e-06
2.169973897354956e-06
2.847582748564698e-06
3.734258125439661e-06
4.893570031191441e-06
6.408076432696848e-06
8.384872811159843e-06
1.096266178646221e-05
1.432109770360679e-05
1.869224160788718e-05
2.437570488422747e-05
3.175776547570397e-05
4.133581186060997e-05
5.374951487890911e-05
6.982055517701369e-05
9.060324168186362e-05
1.174490181814480e-04
1.520887248372960e-04
1.967376345022309e-04
2.542298246075436e-04
3.281905186526268e-04
4.232578352625360e-04
5.453691863928078e-04
7.021327300401614e-04
9.033112828874534e-04
1.161455554289148e-03
1.492736268995043e-03
1.918041703929396e-03
2.464429616923725e-03
3.167052001340820e-03
4.071709333832274e-03
5.238239963409219e-03
6.745011965270775e-03
8.694860543137395e-03
1.122290360768285e-02
1.450676724212940e-02
1.877984897093421e-02
2.434831184074238e-02
3.161247896637021e-02
4.109307775301552e-02
5.346217042611368e-02
6.957727017554693e-02
9.051454638215839e-02
1.175923822882163e-01
1.523688698226618e-01
1.965852496680927e-01
2.520121834828049e-01
3.201411983377832e-01
4.016623685779066e-01
4.957090011973021e-01
5.989750786147410e-01
7.050591240476531e-01
###4.000000000000000e-01
1.680809660001316e-11
1.334647649211748e-11
5.280650300445225e-11
-7.301544738249842e-11
5.439366590844433e-11
-4.134173171299397e-09
1.348381665994316e-11
2.582306508515989e-11
-3.929682410614717e-11
-2.534637943329382e-08
3.902958575682712e-11
5.487908774594667e-11
7.990983480811024e-11
-4.774898968282724e-09
1.380892233834682e-10
1.913506914386571e-10
2.437585794852734e-10
3.136067154471544e-10
4.123225104055231e-10
5.521534195542778e-10
7.298652508007468e-10
9.649974956266350e-10
1.278558443016173e-09
1.693755269953596e-09
2.252340517247827e-09
2.979538802850498e-09
3.946364909279544e-09
5.228606679927589e-09
6.931493430161642e-09
9.181271671348207e-09
1.215922336985049e-08
1.610177825061896e-08
2.131094119146298e-08
2.819964382756777e-08
3.730318451675642e-08
4.932850014049218e-08
6.520613898080681e-08
8.616385263723823e-08
1.138095889234351e-07
1.502697509592732e-07
1.983202417894029e-07
2.616183607860613e-07
3.449760056311724e-07
4.546674108629127e-07
5.989216986239030e-07
7.885321123207291e-07
1.037597660503347e-06
1.364608266183450e-06
1.793354638299938e-06
2.356235031755069e-06
3.093027869047153e-06
4.057971114805194e-06
5.319772307883343e-06
6.970982840572772e-06
9.123367287465982e-06
1.193234118410648e-05
1.559381319668515e-05
2.036563281963466e-05
2.657348010175800e-05
3.463548475899663e-05
4.512046645058536e-05
5.870924902284320e-05
7.632847572861516e-05
9.913158080495851e-05
1.286304295751737e-04
1.667608208327958e-04
2.159362790459159e-04
2.793691233114266e-04
3.610625248801286e-04
4.665703567997729e-04
6.022345470369119e-04
7.769164358244024e-04
1.001560080916551e-03
1.290865989522680e-03
1.663195906836948e-03
2.142697349046687e-03
2.760331456539012e-03
3.558163629438596e-03
4.588331699318416e-03
5.921484947545017e-03
7.651612473998506e-03
9.893660141526294e-03
1.282037099073098e-02
1.663234442686427e-02
2.160549679918566e-02
2.810692993547389e-02
3.659753481001012e-02
4.766600345244454e-02
6.212130409969434e-02
8.095254061020678e-02
1.054383569520299e-01
1.370236526266555e-01
1.774265933605480e-01
2.284014173599033e-01
2.917518806310606e-01
3.687501869067966e-01
4.604748740608526e-01
5.675306697108253e-01
6.981341430850334e-01
9.537882213657926e-01
###8.000000000000000e-01
9.257596976128944e-12
1.154471287051697e-10
5.404269591604384e-11
-1.483183857725370e-10
7.489293537256320e-11
-4.194781106383664e-09
-1.874628581099594e-11
3.167892417002564e-11
-2.160194569636491e-11
-2.533352282609004e-08
4.893681847889275e-11
7.882436788686556e-11
9.729776834427346e-11
-4.749121022620473e-09
1.641011096013355e-10
2.286387195553480e-10
2.760276405499095e-10
3.544491525953539e-10
4.509639513066596e-10
6.101386837483418e-10
7.979897933574584e-10
1.051935252673300e-09
1.389224044579168e-09
1.842319860280992e-09
2.437282867866101e-09
3.220986609225690e-09
4.268140254394267e-09
5.650926183229005e-09
7.491944923571981e-09
9.921597386601274e-09
1.314047849090070e-08
1.740607438875679e-08
2.303585672591526e-08
3.048948997973854e-08
4.033961883188200e-08
5.335515091391279e-08
7.054580952977965e-08
9.324436566721185e-08
1.231929087055286e-07
1.627062549947634e-07
2.147950784644096e-07
2.834354107550135e-07
3.738585006616769e-07
4.929019041786624e-07
6.494875814222620e-07
8.553710927192644e-07
1.125902007784403e-06
1.481276686614040e-06
1.946988559731391e-06
2.559634864754588e-06
3.361322959035516e-06
4.411851248054450e-06
5.786349191907184e-06
7.587151592031207e-06
9.932717048265696e-06
1.299641512623184e-05
1.699236573787586e-05
2.220537654769471e-05
2.899284551626198e-05
3.781321700716086e-05
4.929802899198954e-05
6.419307259036732e-05
8.353148142843116e-05
1.085895948935259e-04
1.410525815655359e-04
1.830867594350002e-04
2.373449780083890e-04
3.074744847028727e-04
3.979151105448299e-04
5.151949625939277e-04
6.662502992548901e-04
8.612845547276307e-04
1.112700146796061e-03
1.437528744913396e-03
1.856891240552415e-03
2.398626122542533e-03
3.098202598317195e-03
4.005486706556518e-03
5.180221371903312e-03
6.704991891747691e-03
8.690839336820235e-03
1.127266099990954e-02
1.465546707091539e-02
1.907086701317366e-02
2.484077892926256e-02
3.239650566901410e-02
4.226342681104386e-02
5.510263987661521e-02
7.185512339125205e-02
9.362769599837893e-02
1.218404649215437e-01
1.580209777885181e-01
2.039001917249256e-01
2.610981055616882e-01
3.310978880352241e-01
4.145415243154774e-01
5.114879536483268e-01
6.206469189915069e-01
7.450577925215380e-01
9.613638218469440e-01
###1.200000000000000e+00
2.229197289493676e-11
1.135026144562576e-10
1.957912316836535e-11
-1.321977317590098e-10
1.788452405639080e-10
-4.207147847507609e-09
2.402257247310042e-11
3.897510423658594e-11
-9.665273991577876e-12
-2.530156699289907e-08
6.630775898240078e-11
9.385440238569469e-11
1.142644002386372e-10
-4.710212108031705e-09
2.292781401281138e-10
2.590337230417593e-10
2.986253716195017e-10
3.901072897745504e-10
4.952625764237333e-10
6.677929298448340e-10
8.774827924713461e-10
1.141060985978302e-09
1.510012955935591e-09
1.999575707147100e-09
2.641474179312785e-09
3.487048087947093e-09
4.616793658548649e-09
6.111289459934285e-09
8.100107728678346e-09
1.072559079911483e-08
1.420531004482761e-08
1.882093444645450e-08
2.490371964238548e-08
3.297733559710417e-08
4.363443118448074e-08
5.772766522974181e-08
7.634490020873288e-08
1.009358161178460e-07
1.333932143276749e-07
1.762280721611154e-07
2.327143502187740e-07
3.071668319910867e-07
4.053069337762772e-07
5.345343004289425e-07
7.045776925380584e-07
9.282185613990679e-07
1.222215804736755e-06
1.608565940216979e-06
2.114788467206859e-06
2.781829834054359e-06
3.654603759970534e-06
4.798930799562852e-06
6.297109314779392e-06
8.262315596113292e-06
1.082022429237628e-05
1.416427326561755e-05
1.852889805593487e-05
2.422938517522220e-05
3.165588626591629e-05
4.131759122447852e-05
5.390863659567218e-05
7.025505245615168e-05
9.150840122303565e-05
1.190796370317935e-04
1.548528868002871e-04
2.012412331597618e-04
2.612272926524361e-04
3.388893022419029e-04
4.392226793517424e-04
5.697881898143338e-04
7.384344340631096e-04
9.563581779119683e-04
1.238234300970573e-03
1.603541192804922e-03
2.076420326140020e-03
2.688292084600049e-03
3.482482545739476e-03
4.514752097315222e-03
5.854813852766737e-03
7.599008221729704e-03
9.875705268658708e-03
1.284461445794748e-02
1.673970367147006e-02
2.183934398928002e-02
2.850272596626675e-02
3.723091025633153e-02
4.861270149000424e-02
6.338573583975610e-02
8.260302755976504e-02
1.074688712391154e-01
1.394842811790714e-01
1.801924120156524e-01
2.311841301000798e-01
2.938764184853405e-01
3.691110875151893e-01
4.567033034972607e-01
5.553599200166485e-01
6.620346657315316e-01
7.774322293094217e-01
9.667672015809483e-01
###1.600000000000000e+00
7.686858209020894e-11
1.254118146812530e-10
2.203868889865060e-11
-1.549221781999374e-10
1.563945190912689e-10
-4.234125789158883e-09
1.078555693470949e-10
6.073525747215469e-11
6.379004961681124e-12
-2.526246765118578e-08
9.542567767688107e-11
1.061688801230306e-10
1.449257688265566e-10
-4.660860234066975e-09
2.689079588998932e-10
3.071090881154274e-10
3.511583000422958e-10
4.225062190764456e-10
5.539863344815150e-10
7.416674276488930e-10
9.625120333631186e-10
1.250601201776183e-09
1.647600303731374e-09
2.174546567500551e-09
2.866344290868170e-09
3.782765579749426e-09
5.000822278217027e-09
6.615839777729742e-09
8.769980589152554e-09
1.160248348380202e-08
1.536614141058648e-08
2.036058119317209e-08
2.693938091711790e-08
3.568065351882203e-08
4.721640624788308e-08
6.247854047612954e-08
8.265273691527586e-08
1.093005575943332e-07
1.444817409409950e-07
1.909391893452461e-07
2.522181770385662e-07
3.330049360773759e-07
4.395549142026347e-07
5.798955232272264e-07
7.646183633373417e-07
1.007662600596031e-06
1.327339046017285e-06
1.747464178459075e-06
2.298094247246826e-06
3.024681069507069e-06
3.975291510890521e-06
5.222707234795021e-06
6.856447536904994e-06
9.002059410973043e-06
1.179415399527178e-05
1.544681150684316e-05
2.021800750586778e-05
2.645621281504154e-05
3.459034268480520e-05
4.517685635585493e-05
5.900213555848423e-05
7.696258470598510e-05
1.003518899970172e-04
1.307379196592438e-04
1.701968027060062e-04
2.214761445453345e-04
2.878749238530622e-04
3.740135875867269e-04
4.855101276898631e-04
6.310449851930390e-04
8.195087369283359e-04
1.063457691117094e-03
1.379882271555678e-03
1.791101443167022e-03
2.324845763402866e-03
3.015926863815493e-03
3.918244264809468e-03
5.092711727418459e-03
6.620707620497935e-03
8.612961300210414e-03
1.122156664401689e-02
1.462476903289311e-02
1.910012252442081e-02
2.495645790947904e-02
3.261008067717763e-02
4.262423891901940e-02
5.564468982213666e-02
7.250428626227390e-02
9.431746410576990e-02
1.223786802826054e-01
1.582108066596250e-01
2.032978673214932e-01
2.590214963542912e-01
3.264259252911964e-01
4.056919695888276e-01
4.957429705559458e-01
5.941952832874278e-01
6.969830019680701e-01
8.038308455065153e-01
9.711778818565556e-01
###2.000000000000000e+00
7.308005113674777e-11
1.140783435228651e-10
4.214087086566970e-11
-1.613350638139454e-10
1.457906752994280e-10
-4.231704584579412e-09
1.079477121117701e-10
5.792454602424675e-11
1.590620890502267e-11
-2.525062692190402e-08
1.210789529939383e-10
1.032881074395512e-10
1.546856138157438e-10
-4.598496844275849e-09
2.969198421586236e-10
3.513898244186527e-10
4.005401434664439e-10
4.810250675871059e-10
6.161452588781035e-10
8.170627670220422e-10
1.065120899512195e-09
1.366067803039991e-09
1.794660871698333e-09
2.362629807813731e-09
3.112453453028538e-09
4.100722015583843e-09
5.415676977634461e-09
7.181657086115201e-09
9.488447265701873e-09
1.255400267788095e-08
1.662537731483804e-08
2.202747715383756e-08
2.915029615912313e-08
3.861340397381822e-08
5.110671613300597e-08
6.764173200407726e-08
8.950357611250869e-08
1.183919020858676e-07
1.565422774748427e-07
2.069392382612661e-07
2.734383164474321e-07
3.611351525636417e-07
4.768486598024441e-07
6.293207075387494e-07
8.300736462756994e-07
1.094306548526645e-06
1.441989049827789e-06
1.899154188605161e-06
2.498363397469462e-06
3.290113568748252e-06
4.326273384110996e-06
5.686585875368998e-06
7.469272887632895e-06
9.812875517147633e-06
1.286283443423507e-05
1.685571148024427e-05
2.207582375955328e-05
2.890874566486640e-05
3.782680922853250e-05
4.943808877175129e-05
6.463281063493361e-05
8.439208186142030e-05
1.101611690120415e-04
1.437323933254521e-04
1.872683526989091e-04
2.440271500651976e-04
3.176252174555377e-04
4.132884785311326e-04
5.373717653100644e-04
6.997800179691214e-04
9.104440877025227e-04
1.184031623169473e-03
1.539538643605651e-03
2.002789432895913e-03
2.605366790266142e-03
3.386695578251874e-03
4.411049360513977e-03
5.746237926112910e-03
7.486586211292773e-03
9.759139559836342e-03
1.273693627465653e-02
1.663002211552618e-02
2.175062881969783e-02
2.844463629686401e-02
3.718325124811629e-02
4.859491204605223e-02
6.337490384538351e-02
8.244498044449035e-02
1.069684013369909e-01
1.382795543977111e-01
1.778997023006281e-01
2.271727560155807e-01
2.872190649613333e-01
3.586418151847653e-01
4.409547732990253e-01
5.322949970550578e-01
6.294786522284130e-01
7.278867593556253e-01
8.267358414518394e-01
9.749754794309076e-01
###2.400000000000000e+00
4.458654854762006e-11
1.280422287356238e-10
5.409441864243426e-11
-1.528811867173742e-10
1.490530116256824e-10
-4.235257085664960e-09
1.157279423194032e-10
5.120074486267626e-11
2.132976329755198e-11
-2.522271092686534e-08
1.382164251342763e-10
1.325125784892597e-10
1.877675738541658e-10
-4.538052193356089e-09
3.415008792801752e-10
4.113246952054521e-10
4.637049607474353e-10
5.369219360606174e-10
6.879043680407805e-10
9.003199110770977e-10
1.167639527048323e-09
1.504133196255932e-09
1.957942445685774e-09
2.572266407289095e-09
3.378679355173292e-09
4.446046408683490e-09
5.869762837507772e-09
7.773313398784736e-09
1.027045341263468e-08
1.358680097723295e-08
1.799389204984330e-08
2.384192135839268e-08
3.155402131621061e-08
4.180111284023986e-08
5.533708455106258e-08
7.325347955169891e-08
9.694707178946963e-08
1.282802992067381e-07
1.696658401445531e-07
2.243539040405952e-07
2.965367974808530e-07
3.917716504407136e-07
5.174847427783026e-07
6.831681020261149e-07
9.014603352438792e-07
1.188837660098653e-06
1.567159477784644e-06
2.064904517298417e-06
2.717322043020019e-06
3.580532860430035e-06
4.710433736144686e-06
6.194682494584465e-06
8.141070203772660e-06
1.070247951011434e-05
1.403701824588739e-05
1.840543375187390e-05
2.412128120646931e-05
3.161164609671171e-05
4.139747869357618e-05
5.414642730602176e-05
7.086303852461994e-05
9.262138842284950e-05
1.210382199778671e-04
1.581621676699630e-04
2.062747383760987e-04
2.691615291341271e-04
3.508500696607532e-04
4.572180245128079e-04
5.954660385000465e-04
7.768995094507532e-04
1.012607194664730e-03
1.319613388443576e-03
1.719269099720875e-03
2.241330916200578e-03
2.921718676507223e-03
3.805068344871210e-03
4.966836332341439e-03
6.483142515431480e-03
8.462138080511114e-03
1.104996997883541e-02
1.443924548545279e-02
1.887551020743480e-02
2.470378507134358e-02
3.232183376318478e-02
4.224081291962553e-02
5.515614331379064e-02
7.181399143201171e-02
9.319918558093426e-02
1.205192034574084e-01
1.551181068941342e-01
1.984515200029502e-01
2.517072315148431e-01
3.156780724504151e-01
3.904935766271345e-01
4.750589434684739e-01
5.668392641235537e-01
6.620649606715436e-01
7.558695501274370e-01
8.471369797995213e-01
9.783047097749413e-01
###2.800000000000000e+00
5.063188775332720e-11
1.436965599955427e-10
8.300623317147865e-11
-1.476758119007725e-10
1.409847796014172e-10
-4.209012631008119e-09
1.128928485108672e-10
6.288355125813331e-11
4.195542473589872e-11
-2.519304823550037e-08
1.638976818038998e-10
1.509813923340259e-10
2.081427353689915e-10
-4.464807692053831e-09
3.990205417861504e-10
4.796619445238260e-10
5.322353878138454e-10
6.103451656189105e-10
7.726280305457201e-10
9.895505437930891e-10
1.279227518528599e-09
1.646874595189225e-09
2.135789944778870e-09
2.800636796378498e-09
3.670963976249504e-09
4.832075514390684e-09
6.363888665879749e-09
8.422913130350847e-09
1.112409770082446e-08
1.471478030065591e-08
1.948457319108386e-08
2.581587887710078e-08
3.416614571361138e-08
4.526744290179284e-08
5.993822352109640e-08
7.935884265481919e-08
1.050469767422909e-07
1.390392231057058e-07
1.839457939545374e-07
2.433142028402413e-07
3.216958236632658e-07
4.251468038575832e-07
5.617753005862609e-07
7.418931784733699e-07
9.793188632197972e-07
1.292021668342936e-06
1.703896954392978e-06
2.246024727824931e-06
2.956812473947393e-06
3.898264488731959e-06
5.131045388588482e-06
6.751656793250836e-06
8.878270953687176e-06
1.167932985269612e-05
1.532749213146346e-05
2.011014182486735e-05
2.637409815459256e-05
3.459293491682720e-05
4.533953355285044e-05
5.935390886131906e-05
7.776082157007177e-05
1.017429739669900e-04
1.331168838862725e-04
1.741955974188103e-04
2.274384674096908e-04
2.971930107010212e-04
3.879546432144814e-04
5.063569875838195e-04
6.605287988034126e-04
8.633486608309302e-04
1.127282585053939e-03
1.471919623009940e-03
1.921389457411978e-03
2.509617799219985e-03
3.277617159378006e-03
4.276012986687757e-03
5.592012956078012e-03
7.311451028913970e-03
9.557315266197427e-03
1.249608318956740e-02
1.634296693008129e-02
2.137890784747089e-02
2.798125878283598e-02
3.660501010658405e-02
4.780152582570896e-02
6.232531667198363e-02
8.096752534272650e-02
1.047668632625351e-01
1.349502137255544e-01
1.728404997308243e-01
2.198010425031263e-01
2.768145094288529e-01
3.443193920310909e-01
4.219817942366973e-01
5.081175057241150e-01
5.996714984110681e-01
6.924585746360422e-01
7.815109392602098e-01
8.655256370787028e-01
9.812617490565130e-01
###3.200000000000000e+00
3.884243242075244e-11
1.489362977809943e-10
1.029515897358919e-10
-1.443535059832854e-10
1.325398678332579e-10
-4.192469355013439e-09
1.384496895682462e-10
4.366647036644027e-11
6.412080711416040e-11
-2.516162812176449e-08
1.885647701397022e-10
1.895438247391851e-10
2.461474219362236e-10
-4.374609463147846e-09
4.575443155701865e-10
5.630809509523994e-10
6.116684152136596e-10
6.910574492486832e-10
8.646759155241111e-10
1.100462901031543e-09
1.408910840018825e-09
1.806450552772079e-09
2.338621484072663e-09
3.050752013419640e-09
3.989699450107991e-09
5.248737436039292e-09
6.904726267869381e-09
9.130246163243332e-09
1.205684118668278e-08
1.594578347409653e-08
2.110886168571104e-08
2.796287719886868e-08
3.701070525308605e-08
4.904021610227136e-08
6.494065363344348e-08
8.600022381239807e-08
1.138583705230824e-07
1.507478212756194e-07
1.994879630378949e-07
2.639600773472885e-07
3.490987014453075e-07
4.615278919142100e-07
6.100479953992313e-07
8.059543741168369e-07
1.064315258790169e-06
1.404708592268047e-06
1.853329818762691e-06
2.444070473115494e-06
3.218905110751553e-06
4.246303083698620e-06
5.592165512218260e-06
7.363175955108364e-06
9.687546521101644e-06
1.275262406059857e-05
1.674522317044823e-05
2.198762657517938e-05
2.886057538339868e-05
3.788331019132789e-05
4.969478508159454e-05
6.511817594572424e-05
8.540107429867908e-05
1.118660566789533e-04
1.465365798847947e-04
1.920245237614038e-04
2.510124855483848e-04
3.284547173768562e-04
4.293862861874376e-04
5.612833014094406e-04
7.333684238787099e-04
9.602079685856182e-04
1.255924058566811e-03
1.642827382954088e-03
2.148333459691743e-03
2.810977890825346e-03
3.677354627243566e-03
4.804815124148209e-03
6.293152942235041e-03
8.239398030957161e-03
1.078232296962051e-02
1.411028979270402e-02
1.846283097005722e-02
2.415613653215246e-02
3.160488140368144e-02
4.131685133511559e-02
5.388335915924691e-02
7.011635346733175e-02
9.084282251579205e-02
1.171358953577094e-01
1.502316295898509e-01
1.914053287629990e-01
2.418852784285193e-01
3.024181346107163e-01
3.730824161131398e-01
4.530794523601966e-01
5.402118491367399e-01
6.309902495805441e-01
7.209372892503562e-01
8.051235906528494e-01
8.821720717821915e-01
9.838862085059753e-01
###3.600000000000000e+00
3.060794512601335e-11
1.433293215531452e-10
9.933221790335493e-11
-1.986182991482371e-10
1.403932233595930e-10
-4.177693285033640e-09
1.632920811133924e-10
5.778257952959084e-11
6.632866332889598e-11
-2.511753264859035e-08
2.110733393561538e-10
2.219763433025823e-10
2.948797251875976e-10
-4.280532919195026e-09
5.275401198422835e-10
6.577572562797211e-10
7.052862682684972e-10
7.862519926751069e-10
9.679294089976675e-10
1.220005503859656e-09
1.546293651401125e-09
1.983200626764307e-09
2.557081713298586e-09
3.326575044395047e-09
4.343657908053119e-09
5.703234548803759e-09
7.496604071871745e-09
9.902279401801070e-09
1.307377389050125e-08
1.728526216694224e-08
2.287601717421727e-08
3.030080742659529e-08
4.010266738206671e-08
5.314320975079234e-08
7.038508065790233e-08
9.322771548920740e-08
1.234535666582496e-07
1.634954020456529e-07
2.164126539269976e-07
2.864493114188654e-07
3.789672813769998e-07
5.011878118402737e-07
6.627078664337990e-07
8.758810377933083e-07
1.157111863582960e-06
1.527859924653232e-06
2.016630221664278e-06
2.660731795056290e-06
3.505919661154544e-06
4.627593446196117e-06
6.097754509452958e-06
8.034615130061689e-06
1.057639163530662e-05
1.393246990821871e-05
1.830593420729024e-05
2.405567766562226e-05
3.160313646019461e-05
4.151675855496158e-05
5.451200148308617e-05
7.149776092611137e-05
9.387033272897884e-05
1.230987771120117e-04
1.614487498615564e-04
2.118603802282454e-04
2.772751777615361e-04
3.633302014104278e-04
4.756544725048987e-04
6.226957238950655e-04
8.148848528126953e-04
1.068682103863403e-03
1.400056873023199e-03
1.834429746983931e-03
2.402781271334697e-03
3.148739905127849e-03
4.125147105648430e-03
5.397243788790189e-03
7.077574360721945e-03
9.275860547366758e-03
1.214798122759377e-02
1.590530327403472e-02
2.081359194861622e-02
2.722476205457217e-02
3.559562737285727e-02
4.647522710388333e-02
6.050363878717196e-02
7.854256653882166e-02
1.014428864305653e-01
1.303062322227767e-01
1.663474469167338e-01
2.107730868968473e-01
2.646450348725576e-01
3.284556722891194e-01
4.019166452434307e-01
4.837768231431299e-01
5.713807301785012e-01
6.608871899383870e-01
7.476571518427250e-01
8.268918586466240e-01
8.972519629025406e-01
9.862241304363475e-01
###4.000000000000000e+00
1.749506356181146e-11
1.552118139068139e-10
9.654634020291513e-11
-1.940533161024460e-10
1.452899395926699e-10
-4.173861793203397e-09
1.779575953538417e-10
7.702071957071004e-11
9.452765008506662e-11
-2.508273820254337e-08
2.440420669568947e-10
2.687322306661926e-10
3.430032893531136e-10
-4.162480746681709e-09
6.169814568893945e-10
7.697350558367773e-10
8.149460166817079e-10
8.972980989525161e-10
1.087746040875898e-09
1.357781337658673e-09
1.707127348187771e-09
2.180175832700627e-09
2.799004547078880e-09
3.628588222068079e-09
4.732273540116136e-09
6.202497470134611e-09
8.143817657062934e-09
1.074731198366392e-08
1.418292382683976e-08
1.874362008688983e-08
2.480302009193598e-08
3.284745970838147e-08
4.345587013535454e-08
5.761063626144606e-08
7.631156869813493e-08
1.010962873191169e-07
1.339018488976575e-07
1.773776135180649e-07
2.348595871623193e-07
3.109475948118500e-07
4.115281890592385e-07
5.444395624800801e-07
7.201879470212287e-07
9.522242284497594e-07
1.258474318652278e-06
1.662434268791442e-06
2.195292045187804e-06
2.897939478050081e-06
3.820397909624538e-06
5.045505862975920e-06
6.652448659545452e-06
8.771758408025947e-06
1.155344630090107e-05
1.523042923027571e-05
2.002449391731910e-05
2.633579682099853e-05
3.463005471181820e-05
4.553004943733204e-05
5.984118386689910e-05
7.856512951205390e-05
1.032622791073183e-04
1.355715065578832e-04
1.780241019709811e-04
2.339279776106149e-04
3.065357091065323e-04
4.022176869798480e-04
5.273123923995123e-04
6.913342978454187e-04
9.060363685765900e-04
1.190054762621585e-03
1.561415919275629e-03
2.048895009026126e-03
2.687472947055659e-03
3.526674916010139e-03
4.626025567148415e-03
6.062276723381529e-03
7.953093847765694e-03
1.043037026919410e-02
1.366582084735641e-02
1.789497818783213e-02
2.341134248936766e-02
3.060333392897906e-02
3.997078710738555e-02
5.210216749531540e-02
6.768153677768377e-02
8.761778732952971e-02
1.127765133257884e-01
1.442665900383022e-01
1.832747344027207e-01
2.309005475427468e-01
2.880284713559271e-01
3.548634698140604e-01
4.307634373711340e-01
5.140334804896344e-01
6.016260846441618e-01
6.894252127446492e-01
7.727220873243136e-01
8.469439268678502e-01
9.108858662565273e-01
9.882885651006834e-01
###4.399999999999999e+00
-1.058385026101070e-12
1.514510647600462e-10
8.913795652775211e-11
-1.912317189157679e-10
1.592513871365301e-10
-4.149889368228871e-09
1.866106945684719e-10
9.935242553350498e-11
1.143542415923199e-10
-2.503202019597159e-08
3.075908693638103e-10
3.182537707124647e-10
4.013318396310688e-10
-4.026177381308963e-09
7.177379276250476e-10
8.875827474942798e-10
9.420245608247430e-10
1.019116709565773e-09
1.223343707597783e-09
1.515579925716792e-09
1.891169946434989e-09
2.404305822730545e-09
3.070153800706903e-09
3.972485064453504e-09
5.161276326417974e-09
6.752210884545385e-09
8.859190471372693e-09
1.167314669766350e-08
1.539637066734979e-08
2.033865469158752e-08
2.690250280378847e-08
3.562201766963160e-08
4.712032012885325e-08
6.247718256299240e-08
8.276552171403012e-08
1.096668153699630e-07
1.452871773097392e-07
1.925040661969653e-07
2.549787518311988e-07
3.376640596426752e-07
4.470444029024910e-07
5.916496389229480e-07
7.829229953625025e-07
1.035612372208002e-06
1.369265669461625e-06
1.809613177171789e-06
2.390805882293631e-06
3.157636043520924e-06
4.164922701648431e-06
5.503937205160240e-06
7.261329285340563e-06
9.581861377131993e-06
1.262819293845024e-05
1.665888903091772e-05
2.191840585693754e-05
2.885157596603255e-05
3.797282506111272e-05
4.996860344873372e-05
6.573971545101240e-05
8.639621516929474e-05
1.136816418899337e-04
1.494246350310072e-04
1.964549010655960e-04
2.584788696857597e-04
3.391284983925159e-04
4.455835681908717e-04
5.849566460638384e-04
7.679723111587093e-04
1.007898935200888e-03
1.325681934420425e-03
1.741790597923358e-03
2.288739347648286e-03
3.005762514633976e-03
3.948790771709267e-03
5.185118443137185e-03
6.802761403138031e-03
8.927202448911051e-03
1.171256091704166e-02
1.534729636217440e-02
2.009315164901375e-02
2.627262063205672e-02
3.431045591355941e-02
4.474798788560056e-02
5.821704729282405e-02
7.543386130593756e-02
9.735257088430629e-02
1.248433290435259e-01
1.590093306379543e-01
2.009834926231208e-01
2.517389528208380e-01
3.119721376253625e-01
3.815842002114439e-01
4.595494194623400e-01
5.437886617404732e-01
6.309080749879341e-01
7.165968957163087e-01
7.961713240022016e-01
8.653556227716446e-01
9.231709273788619e-01
9.901154320119084e-01
###4.800000000000000e+00
7.767745511398877e-12
1.827315210194856e-10
9.493151271228564e-11
-1.728624651956520e-10
1.956462503434766e-10
-4.135666977821912e-09
2.138094655434853e-10
1.252950771311255e-10
1.419291747113322e-10
-2.497889835439812e-08
3.534818125137316e-10
3.822298108405569e-10
4.838351887770208e-10
-3.864860215447647e-09
8.367515340986733e-10
1.043189179646007e-09
1.086039038221986e-09
1.172155778926714e-09
1.385519808301100e-09
1.700529318573124e-09
2.103115082467801e-09
2.660758482747273e-09
3.380035667658014e-09
4.354513776105299e-09
5.640760100302204e-09
7.353567342001557e-09
9.643764030541892e-09
1.269233900266812e-08
1.672699176078855e-08
2.208620777688434e-08
2.920370349334383e-08
3.865629876208717e-08
5.113020483265088e-08
6.779060285002890e-08
8.980434055359834e-08
1.190076713418208e-07
1.577015642351357e-07
2.089978643770212e-07
2.769640131273525e-07
3.668132647984725e-07
4.857908385175065e-07
6.431768069330831e-07
8.514498206583752e-07
1.126717416316368e-06
1.490395287883372e-06
1.970665578591777e-06
2.604883621139183e-06
3.442223273565853e-06
4.542863466398502e-06
6.006986798552091e-06
7.930329852450682e-06
1.047210694962376e-05
1.381066247898618e-05
1.823316853840758e-05
2.400724475636917e-05
3.162675379826124e-05
4.166540793717469e-05
5.487935111815557e-05
7.227063789546404e-05
9.507668282847375e-05
1.252442142707920e-04
1.648112473542108e-04
2.169469266541471e-04
2.858079980878567e-04
3.754338377305463e-04
4.939351511890267e-04
6.492664886859919e-04
8.535376294919718e-04
1.121596415261780e-03
1.477147084459954e-03
1.943184161903411e-03
2.556352972959865e-03
3.360859864466239e-03
4.419452622497385e-03
5.807751274079200e-03
7.625477376061776e-03
1.000862510793767e-02
1.313258715220745e-02
1.720495507311549e-02
2.251383008299599e-02
2.941266693409849e-02
3.836180112865836e-02
4.994521869701102e-02
6.483434934140944e-02
8.377488043048714e-02
1.077570407736802e-01
1.376509144664826e-01
1.745322802135015e-01
2.194487834466904e-01
2.732333085955220e-01
3.364162561731749e-01
4.085269377445238e-01
4.881935079985699e-01
5.729831449178956e-01
6.591976967794719e-01
7.424037197351065e-01
8.180376288298377e-01
8.821886865849884e-01
9.341770963693649e-01
9.917150172367966e-01
###5.200000000000000e+00
2.575041697961663e-11
1.829077004884055e-10
9.074229809688894e-11
-1.801746434209529e-10
2.088620539574462e-10
-4.116308647002919e-09
2.196725380968042e-10
1.324886052095323e-10
1.467038949842286e-10
-2.492565617455016e-08
4.002773985676704e-10
4.427423032201591e-10
5.658698711796461e-10
-3.688336670995980e-09
9.709287593630121e-10
1.222219606719265e-09
1.258385957913629e-09
1.336329804005734e-09
1.561849436866900e-09
1.896014643818629e-09
2.335290337129821e-09
2.920848528913446e-09
3.713513720225926e-09
4.769209311416327e-09
6.165583296823393e-09
8.019854832793400e-09
1.050276347493778e-08
1.380415024739227e-08
1.818090464468942e-08
2.398851085394824e-08
3.170370487338892e-08
4.195593593691852e-08
5.549160245598289e-08
7.356892266260693e-08
9.746677845227540e-08
1.291866848175386e-07
1.712283647046207e-07
2.269727410271849e-07
3.009129589011220e-07
3.986233465007287e-07
5.280908947785576e-07
6.994487999486753e-07
9.263348375525131e-07
1.226087660325586e-06
1.622919123793568e-06
2.146919445304175e-06
2.839336978888882e-06
3.754176210716377e-06
4.957482536194877e-06
6.559431878069591e-06
8.665387824340755e-06
1.145147169706705e-05
1.511270148972164e-05
1.996779733069247e-05
2.631138908918711e-05
3.469154477836629e-05
4.573864362800399e-05
6.031221783231113e-05
7.950279133760081e-05
1.047002348638127e-04
1.380785570110615e-04
1.819005095187383e-04
2.397270608928900e-04
3.162155634942319e-04
4.158704869773094e-04
5.477963754311205e-04
7.209426402783386e-04
9.489596154032011e-04
1.248420180170165e-03
1.646063193264658e-03
2.167707852450607e-03
2.854577680308354e-03
3.756334572916542e-03
4.942923785325828e-03
6.499561873802020e-03
8.537816324057644e-03
1.120588618082640e-02
1.470122967069802e-02
1.925121702508069e-02
2.517171235293024e-02
3.284711591904230e-02
4.277588671505834e-02
5.558006368273646e-02
7.196977052810814e-02
9.271865213758922e-02
1.188408408880404e-01
1.511928643603964e-01
1.908100484621656e-01
2.386464008056890e-01
2.953625736246245e-01
3.612938485345239e-01
4.356238610897235e-01
5.166184836203666e-01
6.015426350938472e-01
6.864371996680049e-01
7.668384019506224e-01
8.383410811231579e-01
8.975068882757893e-01
9.439840085272329e-01
9.931091264742251e-01
###5.600000000000001e+00
2.634898722760059e-11
1.826545726071062e-10
9.425643128455939e-11
-1.564491519010740e-10
2.311626736672710e-10
-4.093864177504833e-09
2.360044129511004e-10
1.684980044900097e-10
1.829502936604499e-10
-2.485562215206751e-08
4.574446050458474e-10
5.170529044216040e-10
6.630133448495421e-10
-3.477965909775469e-09
1.126505204285509e-09
1.428636585653016e-09
1.450044736559929e-09
1.529129412886083e-09
1.765379460302678e-09
2.120835399655302e-09
2.595739731879191e-09
3.229647148880018e-09
4.088813475722024e-09
5.230565190205292e-09
6.748225485190790e-09
8.756284106511523e-09
1.145310210547073e-08
1.502322214134623e-08
1.976966996868533e-08
2.606917126478519e-08
3.443075205769120e-08
4.555127970311353e-08
6.024674426155412e-08
7.986858504053090e-08
1.058204883765241e-07
1.402841861603779e-07
1.859743467336849e-07
2.465759342743136e-07
3.270439086269195e-07
4.333301042334196e-07
5.742799475391624e-07
7.609154117339687e-07
1.008189601599137e-06
1.335082459613792e-06
1.767944726177692e-06
2.339977687235341e-06
3.096353502720481e-06
4.096333133488401e-06
5.412872509949624e-06
7.166919076816302e-06
9.473862742996038e-06
1.252943959514143e-05
1.654703988786126e-05
2.188035672964084e-05
2.885468433673898e-05
3.807756738180419e-05
5.023936050207598e-05
6.632562289734720e-05
8.751892224510953e-05
1.153765678035463e-04
1.523215088130648e-04
2.008850958646792e-04
2.650539035447626e-04
3.500428449000635e-04
4.608830899317125e-04
6.077743495242076e-04
8.007905897671254e-04
1.055299100434030e-03
1.389704674749527e-03
1.834202136958133e-03
2.417704149905408e-03
3.186411434976791e-03
4.195853782273040e-03
5.524268618024034e-03
7.266335439769085e-03
9.547262020815505e-03
1.252798054878682e-02
1.642892246342678e-02
2.149863197757149e-02
2.808229434844389e-02
3.659352942555893e-02
4.757007009784679e-02
6.167121132685120e-02
7.964256581036122e-02
1.022763995245450e-01
1.306094424245427e-01
1.654628596724289e-01
2.078307906462393e-01
2.585385717594659e-01
3.180730387219040e-01
3.865402278412705e-01
4.627927981951323e-01
5.447495458935118e-01
6.293921941017021e-01
7.125774639205997e-01
7.898658221825521e-01
8.571092811681168e-01
9.113640862577681e-01
9.526601234692323e-01
9.943133745443156e-01
###6.000000000000001e+00
8.952801386984320e-12
1.971270691954676e-10
1.292414295889282e-10
-1.276946197231918e-10
2.479974565945983e-10
-4.073844917498914e-09
2.609891434071128e-10
2.096585256940272e-10
2.245794619632305e-10
-2.477695418803871e-08
5.266759600725283e-10
6.001108808058265e-10
7.740068136213294e-10
-3.228870838628058e-09
1.313051984893101e-09
1.662524059764077e-09
1.680040337679266e-09
1.751296185626155e-09
2.001085664106714e-09
2.374679366963565e-09
2.888585583068115e-09
3.581823122100537e-09
4.512057936854866e-09
5.743512793184963e-09
7.391185817113770e-09
9.561636867355802e-09
1.251569287059182e-08
1.636502723818739e-08
2.151230061009765e-08
2.834539350079185e-08
3.741090771657272e-08
4.948298514743313e-08
6.543512873382161e-08
8.674332682173192e-08
1.149367292182951e-07
1.523925114484762e-07
2.020616478706195e-07
2.679697363091689e-07
3.555310557403800e-07
4.712348996506617e-07
6.247304672987827e-07
8.281190310469476e-07
1.097715326050281e-06
1.454384285444198e-06
1.926792056781189e-06
2.551596904008181e-06
3.378300878351245e-06
4.471840182488126e-06
5.913440738638417e-06
7.834963572332967e-06
1.036333969769256e-05
1.371595896634730e-05
1.812762456595723e-05
2.398982753536052e-05
3.166238258574764e-05
4.181898093551873e-05
5.521181317586595e-05
7.298201905431237e-05
9.640026632347311e-05
1.272137487610130e-04
1.681290209331238e-04
2.219789163654793e-04
2.931980380446115e-04
3.876426318346393e-04
5.109499998804292e-04
6.745211726789382e-04
8.896432224966591e-04
1.173606926884818e-03
1.546921594672392e-03
2.043478872810043e-03
2.695594059935515e-03
3.554947508199923e-03
4.683349570739167e-03
6.168521296813150e-03
8.114789882861673e-03
1.066154052999200e-02
1.398453177169418e-02
1.832731398220148e-02
2.396091412038925e-02
3.125971953830420e-02
4.066932847579412e-02
5.276165338884282e-02
6.823594733582429e-02
8.786738297129938e-02
1.124607256008344e-01
1.430663051537905e-01
1.804569102801850e-01
2.255688552635265e-01
2.790866102057977e-01
3.413054556400517e-01
4.120817942750341e-01
4.899451094217059e-01
5.725042134299126e-01
6.564592974323626e-01
7.375670209384966e-01
8.114736857563433e-01
8.743661467283602e-01
9.238257002544779e-01
9.602855049250819e-01
9.953469675101391e-01
###6.400000000000001e+00
2.419629174465382e-11
1.930393793760035e-10
1.354102688224861e-10
-1.088642259103941e-10
2.663327457772167e-10
-4.050931986277042e-09
2.929166681354207e-10
2.488997526513503e-10
2.807781920714153e-10
-2.467779678773604e-08
6.097174130148334e-10
6.977035183693943e-10
9.055078266085492e-10
-2.936164555802934e-09
1.532962028546545e-09
1.944003557945839e-09
1.941611426732238e-09
2.009217837682294e-09
2.272300746574126e-09
2.670133367515743e-09
3.228910328940673e-09
3.979825862731691e-09
4.987318602665111e-09
6.318983511958355e-09
8.106122841390026e-09
1.046397347195280e-08
1.366122347856315e-08
1.783967753977829e-08
2.342408556281030e-08
3.084007156630666e-08
4.067148527815613e-08
5.377958671364976e-08
7.110346908187917e-08
9.424765633888107e-08
1.248886022285098e-07
1.656080992544583e-07
2.196094641901317e-07
2.913370740125747e-07
3.865974233397319e-07
5.126515575756078e-07
6.798876779066790e-07
9.015957547438845e-07
1.195666034118573e-06
1.584955920148930e-06
2.100772217978563e-06
2.783557029904045e-06
3.687444603128112e-06
4.884210282033821e-06
6.464141266785062e-06
8.569609444311176e-06
1.134248755944899e-05
1.502309916642325e-05
1.987057819845158e-05
2.631780888709179e-05
3.476321895875941e-05
4.595454798730152e-05
6.071755003346998e-05
8.035253979291269e-05
1.062445007793200e-04
1.403443564147249e-04
1.856736049530679e-04
2.453986172257759e-04
3.244759828800557e-04
4.294395562962170e-04
5.666097158428337e-04
7.487533951393162e-04
9.884803551503834e-04
1.305180371899707e-03
1.721664285165294e-03
2.275995632020029e-03
3.004093321518118e-03
3.963661637758903e-03
5.223435839578968e-03
6.880873786126751e-03
9.051445380242256e-03
1.188893220971615e-02
1.558497581109435e-02
2.040827521548537e-02
2.665158827999770e-02
3.471968271845468e-02
4.508985520988883e-02
5.836817517012313e-02
7.529126259816239e-02
9.665794540176625e-02
1.232817826839764e-01
1.562129404385776e-01
1.961684330554310e-01
2.439984146651771e-01
3.002482734692544e-01
3.649945846710688e-01
4.378445261815018e-01
5.169982841474048e-01
5.997854626818140e-01
6.826684167499693e-01
7.613557029118797e-01
8.316573002419131e-01
8.901497833083662e-01
9.349589482171561e-01
9.669336857354291e-01
9.962213782925853e-01
###6.800000000000002e+00
2.617783787270971e-11
2.266718193285243e-10
1.397971864014397e-10
-8.961904404446830e-11
3.007589759272911e-10
-4.024261427238991e-09
3.238712307104098e-10
2.931427597404524e-10
3.443475793738550e-10
-2.457326310272502e-08
6.916697065844267e-10
8.048336502065395e-10
1.059073610776993e-09
-2.592786887761357e-09
1.794585568343563e-09
2.277319140286047e-09
2.253001528654230e-09
2.311550151961079e-09
2.586150805853340e-09
3.011817115725615e-09
3.612966347472451e-09
4.428888548338028e-09
5.521390193297819e-09
6.963232946322429e-09
8.902119020351853e-09
1.146348061107262e-08
1.492763859335464e-08
1.946415861797683e-08
2.552435595806017e-08
3.357570500618434e-08
4.425707944002629e-08
5.848989333121656e-08
7.730343817366726e-08
1.024409441012713e-07
1.357482832928432e-07
1.800389857330447e-07
2.387760197015255e-07
3.168749591169912e-07
4.205448279854091e-07
5.579233239419511e-07
7.402099798524576e-07
9.819960777307564e-07
1.302902456962075e-06
1.728017937419903e-06
2.291545585858688e-06
3.038017963334797e-06
4.026937140106389e-06
5.337336936045879e-06
7.069720193447443e-06
9.378221790500398e-06
1.242055049343920e-05
1.646367600483408e-05
2.179262754061621e-05
2.888767151340446e-05
3.818967749474736e-05
5.052709115630693e-05
6.681605445709303e-05
8.851540610145666e-05
1.171505313847333e-04
1.549057757852172e-04
2.051425687126854e-04
2.713975273925863e-04
3.592106774453921e-04
4.758734851949501e-04
6.284533638621087e-04
8.312227297690091e-04
1.098282548756113e-03
1.451245975673740e-03
1.915666794086808e-03
2.533864437627352e-03
3.346060992744899e-03
4.416217266119743e-03
5.820515702100178e-03
7.667184869559338e-03
1.008337687143026e-02
1.323819597399856e-02
1.734031406761070e-02
2.268373812909776e-02
2.958478430050661e-02
3.847765099673954e-02
4.987168658327747e-02
6.440697392578006e-02
8.285270029754700e-02
1.060271349649420e-01
1.347445819135956e-01
1.700478714239478e-01
2.125795912103297e-01
2.630947062874497e-01
3.219768236409326e-01
3.890796526662003e-01
4.637464456539880e-01
5.438655938511836e-01
6.265005002136665e-01
7.079402435136342e-01
7.839007348205275e-01
8.504146606938001e-01
9.044945518933022e-01
9.448346043577465e-01
9.726843873277031e-01
9.969583010543838e-01
###7.200000000000002e+00
1.311696742705065e-11
2.279269172614459e-10
1.523622078878932e-10
-7.087548571210600e-11
3.214647839966049e-10
-3.987308546902870e-09
3.477052627264098e-10
3.412222404004933e-10
4.512620124665993e-10
-2.444408112508693e-08
8.105446699119493e-10
9.390991815929650e-10
1.242085177610107e-09
-2.185962749941318e-09
2.102574612229106e-09
2.676712620821416e-09
2.622069523381553e-09
2.663782149434806e-09
2.950616513289746e-09
3.407923438291513e-09
4.057949742987630e-09
4.941725737566778e-09
6.128688455348296e-09
7.695108501218303e-09
9.790976921928675e-09
1.257576403727618e-08
1.632939606781121e-08
2.125825555677937e-08
2.783724082071613e-08
3.658326208764384e-08
4.819183319958149e-08
6.365684323953387e-08
8.408768984358853e-08
1.114014165232240e-07
1.476198546320185e-07
1.957969232089879e-07
2.597223174853795e-07
3.447623075296719e-07
4.576718607648261e-07
6.074283107912884e-07
8.061955985704847e-07
1.070010986880359e-06
1.420334207604433e-06
1.884789112116195e-06
2.500742445473447e-06
3.317232047824751e-06
4.399719338272707e-06
5.835292675181028e-06
7.735565969447191e-06
1.026785489118477e-05
1.360837030186886e-05
1.805208367785587e-05
2.391365078889688e-05
3.172461184869054e-05
4.197652734472500e-05
5.558538922966723e-05
7.355998665549551e-05
9.755490833925171e-05
1.292370627812737e-04
1.710498725356044e-04
2.267373011323428e-04
3.002556896992670e-04
3.977615679945245e-04
5.274137466446092e-04
6.971055643141620e-04
9.227710476222202e-04
1.220111711965136e-03
1.613325431127126e-03
2.130732742035910e-03
2.819564523438024e-03
3.724580646685276e-03
4.916375067804175e-03
6.479519699000502e-03
8.533380160157290e-03
1.121791204777367e-02
1.471831556688278e-02
1.926182651787585e-02
2.516633745632834e-02
3.277365418358039e-02
4.254925244866244e-02
5.503180875381480e-02
7.089358805652567e-02
9.093273223318848e-02
1.159863311384991e-01
1.468566864507490e-01
1.845641104086545e-01
2.296771320799889e-01
2.828219073807183e-01
3.442202293968785e-01
4.134925333407143e-01
4.896987028871913e-01
5.704507234462347e-01
6.525643977617008e-01
7.322064351007250e-01
8.051659367806721e-01
8.677562059523121e-01
9.174554157376039e-01
9.535342048478869e-01
9.776160572393638e-01
9.975776543351426e-01
###7.600000000000002e+00
8.885544082689154e-12
2.440224638818420e-10
2.322589744418669e-10
-4.221974938448934e-11
3.638076750502618e-10
-3.936542425107634e-09
3.941191284735735e-10
4.205363591554408e-10
5.206376090706302e-10
-2.430615560604471e-08
9.507599946446844e-10
1.093699579090841e-09
1.464353922220774e-09
-1.707686902706114e-09
2.467644790334576e-09
3.144734317408736e-09
3.054558302970597e-09
3.076867930599369e-09
3.373981760314564e-09
3.860148650415845e-09
4.565417070466266e-09
5.525677423765172e-09
6.810783924201461e-09
8.515609779154701e-09
1.079020139562597e-08
1.381358822143388e-08
1.788438072911953e-08
2.324070161347881e-08
3.038338797829536e-08
3.988768622494091e-08
5.250626768236331e-08
6.931980311943380e-08
9.150675212766317e-08
1.212003149397604e-07
1.605966471536826e-07
2.130006212634165e-07
2.826187818909226e-07
3.752493543885610e-07
4.982729566429013e-07
6.615947648224859e-07
8.784262797609911e-07
1.166396369104599e-06
1.549027160118662e-06
2.056674722797131e-06
2.730275555402779e-06
3.623739731351497e-06
4.809372306734078e-06
6.382833099881203e-06
8.468203552664911e-06
1.124747373244058e-05
1.491760953907083e-05
1.980613682713527e-05
2.625498947371771e-05
3.485914817211799e-05
4.616319641510767e-05
6.117934599824705e-05
8.102583826139666e-05
1.075672019260507e-04
1.426319506013480e-04
1.889487109840920e-04
2.506854948116118e-04
3.322629739076599e-04
4.405431117073856e-04
5.846122463235531e-04
7.732885113568381e-04
1.024268547502703e-03
1.355172593011996e-03
1.792879618010799e-03
2.368863702519589e-03
3.135588227935766e-03
4.142836037559673e-03
5.468244695543692e-03
7.205660971828290e-03
9.485746592381956e-03
1.246275315650945e-02
1.633823598659022e-02
2.136113282300318e-02
2.786865212014914e-02
3.623368139922652e-02
4.695004592829747e-02
6.058597044471621e-02
7.784472481469813e-02
9.954788359133014e-02
1.265450057567304e-01
1.596174625283169e-01
1.997559443025647e-01
2.474326710039995e-01
3.031505225766450e-01
3.669274985618885e-01
4.381501588079907e-01
5.156166720575700e-01
5.966608575856287e-01
6.778895894209882e-01
7.554092443465762e-01
8.251262779981503e-01
8.836922266752036e-01
9.290933573452467e-01
9.611397050103486e-01
9.818100315388791e-01
9.980886748953688e-01
###8.000000000000002e+00
1.797095853319324e-11
2.280852820069171e-10
2.441696811242453e-10
-1.223898831767796e-11
3.993843521848220e-10
-3.869248523404562e-09
4.490220194236075e-10
4.950086294699976e-10
6.145126418267440e-10
-2.412951838530030e-08
1.110975250179100e-09
1.289777576359600e-09
1.726329733894074e-09
-1.138394377450801e-09
2.908580738434884e-09
3.689203839687226e-09
3.564047421057201e-09
3.562206949919310e-09
3.867348240969612e-09
4.386211802540167e-09
5.151351809832193e-09
6.192040269109347e-09
7.586803526029341e-09
9.441866279147968e-09
1.191511079637814e-08
1.520709403447530e-08
1.961244363130458e-08
2.543387494577848e-08
3.319500717721308e-08
4.352061382166069e-08
5.724597756202153e-08
7.552449365175612e-08
9.964936899997345e-08
1.319253498371518e-07
1.747892260491860e-07
2.318182934095241e-07
3.076686897440093e-07
4.086030674017500e-07
5.427132082096763e-07
7.208955212983251e-07
9.575279170101920e-07
1.271973292197918e-06
1.690121129348605e-06
2.245231211506181e-06
2.982202329514573e-06
3.960471486201408e-06
5.259762872423838e-06
6.985059715606993e-06
9.274522053855603e-06
1.232654251219759e-05
1.636082312091205e-05
2.174171225399989e-05
2.883942712458594e-05
3.832151762974459e-05
5.079002532938364e-05
6.736685827547880e-05
8.929082379182876e-05
1.186520447277583e-04
1.574661878169276e-04
2.087767171360458e-04
2.772314198001487e-04
3.677423863789981e-04
4.879657585110862e-04
6.480094584082568e-04
8.576980316299654e-04
1.136743997472610e-03
1.504761398521576e-03
1.991611495379267e-03
2.632130140061771e-03
3.484665365272924e-03
4.604279473872306e-03
6.076123044667992e-03
8.003983851137307e-03
1.053131841646375e-02
1.382612945710394e-02
1.810831570303667e-02
2.364760079286517e-02
3.080364587781166e-02
3.997834555591835e-02
5.169532245941895e-02
6.655145602182960e-02
8.527472024329270e-02
1.087102267556896e-01
1.377105291123580e-01
1.730303066746739e-01
2.156225322408374e-01
2.658244807673490e-01
3.240235917790024e-01
3.900316302409372e-01
4.629845655215056e-01
5.414171184898556e-01
6.224047133454165e-01
7.024094233279345e-01
7.774956462906841e-01
8.437664152424293e-01
8.982555435164716e-01
9.394676277033787e-01
9.677356744176716e-01
9.853434546549746e-01
9.985037909966072e-01
###8.400000000000002e+00
3.484071523218914e-11
2.406974693344523e-10
2.614284887276660e-10
1.479952266905221e-11
4.355295723331893e-10
-3.808055830158460e-09
4.920639725195066e-10
5.680178264082064e-10
7.213942949079460e-10
-2.393071888875920e-08
1.297718354426475e-09
1.513532235206425e-09
2.033246291893489e-09
-4.634562026997808e-10
3.425560073006687e-09
4.349379641720043e-09
4.163660441278179e-09
4.129981559965652e-09
4.434946392761080e-09
4.995680196385746e-09
5.818332794772143e-09
6.948052023755848e-09
8.464788413858316e-09
1.048275617336785e-08
1.317184868570313e-08
1.675057767291694e-08
2.153347602811473e-08
2.786522201695813e-08
3.630220766302968e-08
4.752411037087221e-08
6.245132722901512e-08
8.233216229684526e-08
1.085931323872437e-07
1.436675808240389e-07
1.903349624527320e-07
2.524306798319034e-07
3.350725401957220e-07
4.451068194226932e-07
5.913462493196665e-07
7.858214589325082e-07
1.044174749458608e-06
1.387671426045869e-06
1.844876839287291e-06
2.452137881158590e-06
3.258828260321634e-06
4.330506219937168e-06
5.755159557603447e-06
7.647674313284248e-06
1.016224623128315e-05
1.351565398687640e-05
1.795274474560056e-05
2.387720288028099e-05
3.169437071682295e-05
4.214793462567907e-05
5.590541444365285e-05
7.421222700084904e-05
9.843849786467286e-05
1.309237201223991e-04
1.738997650921886e-04
2.307477634257112e-04
3.066492073970989e-04
4.070464447848479e-04
5.405074534837416e-04
7.182440392229469e-04
9.511845523206008e-04
1.261283809401009e-03
1.670252922791644e-03
2.211239532389218e-03
2.922898455137993e-03
3.869662016408941e-03
5.112355596730901e-03
6.744580047736142e-03
8.880427939355206e-03
1.167648909793245e-02
1.531632361292950e-02
2.003793221646703e-02
2.613323910001769e-02
3.398461457657149e-02
4.402372815496348e-02
5.680114300151499e-02
7.294163207983004e-02
9.319779291012781e-02
1.184311191836642e-01
1.494876311398000e-01
1.870890536955289e-01
2.321156652027141e-01
2.848252763231890e-01
3.454031171403157e-01
4.134744392712727e-01
4.879197226341255e-01
5.670100537545186e-01
6.476120161635912e-01
7.260454588799717e-01
7.984226758955469e-01
8.610843725765965e-01
9.114867360501411e-01
9.486535078344366e-01
9.734112895352965e-01
9.882932644334668e-01
9.988414783909275e-01
###8.800000000000002e+00
4.244357669147747e-11
2.351021409629577e-10
2.726810680916614e-10
4.178166099253287e-11
4.689884342506534e-10
-3.757386739266156e-09
5.525383509849293e-10
6.674508411650305e-10
8.292836067938411e-10
-2.372105421989086e-08
1.480902799588649e-09
1.726695071539178e-09
2.321596464315342e-09
1.645262860566946e-10
3.841496876107227e-09
4.860614703556883e-09
4.676399286120158e-09
4.648199426325125e-09
4.978700699457981e-09
5.590961440661537e-09
6.488631945622968e-09
7.718900074560923e-09
9.373185172847416e-09
1.157176469306358e-08
1.449853413591337e-08
1.838698998419192e-08
2.358567345124067e-08
3.046998993319947e-08
3.964994167262839e-08
5.184896639789022e-08
6.807568004226981e-08
8.969677280912321e-08
1.182986236954902e-07
1.564529417628487e-07
2.072766363573131e-07
2.749219344133190e-07
3.649894414234538e-07
4.849869243746141e-07
6.445422835984094e-07
8.568711998589395e-07
1.139057505711154e-06
1.514553670691317e-06
2.014579375145518e-06
2.679191967409750e-06
3.562649395065371e-06
4.737242862446743e-06
6.299748215082593e-06
8.376841212544205e-06
1.113979252953361e-05
1.482680991714647e-05
1.970800918123530e-05
2.623316875178439e-05
3.484658663841452e-05
4.637499191621725e-05
6.156059401846103e-05
8.178202933933729e-05
1.085819045511954e-04
1.445062641736855e-04
1.920926978805785e-04
2.550703320353519e-04
3.392216754398198e-04
4.505745133992510e-04
5.986791010276415e-04
7.959882167358722e-04
1.054626419667499e-03
1.398979414407748e-03
1.853092000857230e-03
2.453654584401409e-03
3.243473379580644e-03
4.293638728683872e-03
5.671039870457951e-03
7.478732202167926e-03
9.840920278346939e-03
1.292874260483111e-02
1.694237992026442e-02
2.214061735584075e-02
2.883017483297258e-02
3.742514620864363e-02
4.838405958321550e-02
6.228269238006154e-02
7.976875658693547e-02
1.016267855430315e-01
1.287174198371501e-01
1.618804905612142e-01
2.017860043660598e-01
2.492355649130631e-01
3.043972573788123e-01
3.672379873032305e-01
4.371795590271270e-01
5.128696157811261e-01
5.923102389441487e-01
6.721888967552812e-01
7.487359403699075e-01
8.181568320154456e-01
8.770895931210518e-01
9.234305749130536e-01
9.567313046107514e-01
9.782562583683970e-01
9.907323973354152e-01
9.991119264520582e-01
###9.200000000000003e+00
4.500784355849408e-11
2.660121488534478e-10
2.915074033153204e-10
8.207311922591302e-11
5.055588223982119e-10
-3.696478405572013e-09
6.138744245176857e-10
7.365980265549697e-10
9.264656989169474e-10
-2.350756728898377e-08
1.628619584834087e-09
1.891799122033531e-09
2.528181481117115e-09
5.595119079525495e-10
3.976694969752360e-09
4.994777694479367e-09
4.912406535608256e-09
4.971761782408111e-09
5.375075866009282e-09
6.062138501956271e-09
7.055280263098959e-09
8.355675705497502e-09
1.021313911498566e-08
1.261242324828566e-08
1.580033823789183e-08
2.002824971128368e-08
2.568222830155779e-08
3.317368482207592e-08
4.316843484231068e-08
5.642084463582274e-08
7.404419415171542e-08
9.757253903928154e-08
1.287210604286100e-07
1.702823251221009e-07
2.256357546399103e-07
2.993837197319833e-07
3.975694242042766e-07
5.284804155452284e-07
7.026283493439714e-07
9.344976439927152e-07
1.242923526025134e-06
1.653524074839691e-06
2.200653735419755e-06
2.928341581863759e-06
3.896283076918092e-06
5.184257184643915e-06
6.898653453837623e-06
9.179689712457829e-06
1.221639043917964e-05
1.627095360604277e-05
2.164325202810497e-05
2.883208608887373e-05
3.832541071527162e-05
5.104476286417615e-05
6.781028224324474e-05
9.015461050309539e-05
1.198276047557293e-04
1.595374363271788e-04
2.122202127163102e-04
2.819933108355087e-04
3.752650700993205e-04
4.987481941766112e-04
6.630170981384553e-04
8.819590370413793e-04
1.168958772590045e-03
1.551078502884301e-03
2.054894862134332e-03
2.720966578178986e-03
3.596529107562543e-03
4.759957088686759e-03
6.284563728309453e-03
8.283237909959437e-03
1.089175895610558e-02
1.429584756278800e-02
1.871333116962335e-02
2.442368250995390e-02
3.175018299739027e-02
4.113909696423872e-02
5.307211255684199e-02
6.815376000841603e-02
8.705009512744383e-02
1.105736505740724e-01
1.395790550510261e-01
1.748893747283960e-01
2.171124268210316e-01
2.669698264673956e-01
3.245047207687739e-01
3.894740429094164e-01
4.610863016250823e-01
5.377469371090817e-01
6.172292390982860e-01
6.960563137708248e-01
7.704253470387017e-01
8.366811078439520e-01
8.918000225348087e-01
9.341520461941194e-01
9.637852970757164e-01
9.823583020639226e-01
9.927301543844883e-01
9.993256259861175e-01
###9.600000000000003e+00
8.490056283107517e-11
2.806596060797009e-10
3.025199801178807e-10
1.101968125409050e-10
5.416051919146397e-10
-3.630519831326008e-09
6.782987282235997e-10
8.243999240580474e-10
1.048467505810665e-09
-2.326663963097825e-08
1.795054729023710e-09
2.079130054732025e-09
2.772606943093486e-09
9.641775178069806e-10
4.148987290623437e-09
5.163091662932936e-09
5.181373531671905e-09
5.331738017701768e-09
5.808266840420574e-09
6.572736608138534e-09
7.674956316808558e-09
9.110253570048156e-09
1.112569752714045e-08
1.374903498224071e-08
1.720921964350480e-08
2.181761203953882e-08
2.796787779010418e-08
3.612083964958668e-08
4.699819654133013e-08
6.140814010794292e-08
8.055794432264276e-08
1.061653600647907e-07
1.400933456656466e-07
1.853807833228587e-07
2.457020344465380e-07
3.261137461509893e-07
4.332301755464503e-07
5.760658236755220e-07
7.662230391263043e-07
1.019548025489123e-06
1.356777468287121e-06
1.805932551130270e-06
2.404843385893675e-06
3.201948597423161e-06
4.262994910767536e-06
5.675942530888752e-06
7.557778564101960e-06
1.006388760309114e-05
1.340095961942024e-05
1.786325688379590e-05
2.377741207816863e-05
3.169761339796350e-05
4.216818320826455e-05
5.620401266237725e-05
7.471785227435162e-05
9.941361800885007e-05
1.322592676314890e-04
1.761637493822334e-04
2.344881389396749e-04
3.117787981927716e-04
4.151290828569315e-04
5.520181583709798e-04
7.341288948562800e-04
9.769415124890359e-04
1.295182684554806e-03
1.718890608365858e-03
2.277342464042735e-03
3.015325840268430e-03
3.984839711072568e-03
5.271986470819360e-03
6.957347782731978e-03
9.163769897033106e-03
1.203945782343509e-02
1.578550978393643e-02
2.063831592970792e-02
2.689804788732328e-02
3.490575613892204e-02
4.513988849488323e-02
5.810342454010449e-02
7.442575062123090e-02
9.480350131629528e-02
1.200493763595422e-01
1.510208332305625e-01
1.885094042216800e-01
2.330602598311119e-01
2.852874344744601e-01
3.450930082634897e-01
4.120458803360287e-01
4.851162139616312e-01
5.624739104100219e-01
6.416813387227435e-01
7.191411891890364e-01
7.910563434678022e-01
8.539782617048587e-01
9.052478332646798e-01
9.437136427097030e-01
9.698985567251776e-01
9.858010858978467e-01
9.943508167737100e-01
9.994957871823046e-01
###1.000000000000000e+01
9.547980997300669e-11
3.009052120079047e-10
3.199038527668553e-10
1.302773981335347e-10
5.801900574606476e-10
-3.560472005845539e-09
7.489635641725481e-10
9.199560302815881e-10
1.184444147783677e-09
-2.300187178916867e-08
1.983812800306021e-09
2.296432762219509e-09
3.051151158808180e-09
1.388496337112291e-09
4.365114608326033e-09
5.370701358009354e-09
5.484913248677161e-09
5.726917691241614e-09
6.282903225480766e-09
7.136762004853132e-09
8.352538012463905e-09
9.932993549182263e-09
1.212672349372577e-08
1.499007326175078e-08
1.875197087927972e-08
2.377027566847146e-08
3.045869739588833e-08
3.933707198041162e-08
5.117078983120475e-08
6.684899350855901e-08
8.766808093116677e-08
1.155467057582526e-07
1.525175080798510e-07
2.018795719574797e-07
2.676311100937999e-07
3.553492723976031e-07
4.722552081897009e-07
6.281726163890123e-07
8.359774055393928e-07
1.112793997093840e-06
1.481633933349125e-06
1.973168372255821e-06
2.629058854745082e-06
3.502597863462073e-06
4.666033632682222e-06
6.216654037300863e-06
8.283179878512195e-06
1.103759971527777e-05
1.470637862286511e-05
1.961924003997184e-05
2.613208136458398e-05
3.485884124240108e-05
4.641261179935243e-05
6.190371834559063e-05
8.235388467913777e-05
1.096534191090228e-04
1.459970239813038e-04
1.945443917581558e-04
2.591033652063688e-04
3.446943641331882e-04
4.592010446996966e-04
6.108834014220170e-04
8.126705553918183e-04
1.081783901852198e-03
1.434450184199854e-03
1.903830884070631e-03
2.522210574890794e-03
3.339030145328105e-03
4.411292629881630e-03
5.833660904949509e-03
7.693862097653006e-03
1.012597328365176e-02
1.329081201527311e-02
1.740622649565470e-02
2.272703645378541e-02
2.957537002908919e-02
3.831060976325990e-02
4.944093895442472e-02
6.349321554024571e-02
8.111955407349512e-02
1.030382259183351e-01
1.300636873290886e-01
1.630447465993204e-01
2.027408020695994e-01
2.496230068141754e-01
3.041566082917953e-01
3.661335000963287e-01
4.348980069129835e-01
5.091945900986869e-01
5.869700827533944e-01
6.655986014086455e-01
7.413800743024720e-01
8.106039340682211e-01
8.700528462781859e-01
9.174654668504790e-01
9.521804283446337e-01
9.751567596358329e-01
9.886655638802844e-01
9.956518865469507e-01
9.996251420032306e-01
###1.040000000000000e+01
1.173201531671937e-10
3.254906052793275e-10
3.413994699170708e-10
1.650222147946201e-10
6.322242499975367e-10
-3.473986882192281e-09
8.293589755523698e-10
1.029064642175031e-09
1.332144959532100e-09
-2.269913278836252e-08
2.187665118301529e-09
2.540466516551801e-09
3.360552577610886e-09
1.837749952017810e-09
4.613274144400906e-09
5.622568386579858e-09
5.829031757398565e-09
6.163537809527012e-09
6.795834463312424e-09
7.758413757383687e-09
9.093856277649781e-09
1.083334668098226e-08
1.322064972186169e-08
1.634464435026862e-08
2.045133631635437e-08
2.590143722424591e-08
3.317936994531588e-08
4.284818666593862e-08
5.572238055546922e-08
7.279363780926151e-08
9.543056894966513e-08
1.257976936161755e-07
1.660904708241351e-07
2.199103573749833e-07
2.916098831343657e-07
3.873328809258087e-07
5.149704192764029e-07
6.852371929381941e-07
9.124766544932396e-07
1.215020923896048e-06
1.618655298448543e-06
2.156836263841787e-06
2.875335405149240e-06
3.832973081512508e-06
5.109330665244163e-06
6.811713910706032e-06
9.081905634038133e-06
1.211024466972912e-05
1.614553911837076e-05
2.155542380062736e-05
2.873045415095507e-05
3.834889011330984e-05
5.109828123956412e-05
6.819930168561509e-05
9.078879289463383e-05
1.209688972990998e-04
1.611621541239147e-04
2.148620328009441e-04
2.863125912747244e-04
3.810697706273651e-04
5.078662253091935e-04
6.758520943465697e-04
8.993478410100438e-04
1.197395832795380e-03
1.587882945556269e-03
2.107412499664012e-03
2.791496339798566e-03
3.694573661325747e-03
4.878981400152156e-03
6.448678528093578e-03
8.499079619497182e-03
1.117581477451530e-02
1.465318991162288e-02
1.916668629109736e-02
2.498947413850038e-02
3.246701875632078e-02
4.197616271841713e-02
5.405592191085985e-02
6.925977720832967e-02
8.824602145691178e-02
1.117625701810491e-01
1.406234381898049e-01
1.756554265452621e-01
2.175734127855435e-01
2.667736131124459e-01
3.235498788068386e-01
3.875712895638062e-01
4.579662585910347e-01
5.332522910156809e-01
6.111547369232557e-01
6.888931357335247e-01
7.627194631578422e-01
8.290323043586560e-01
8.849044600063509e-01
9.285022028836387e-01
9.596310939179886e-01
9.796451628423347e-01
9.910283502892282e-01
9.966855979350149e-01
9.997229282328467e-01
###1.080000000000000e+01
1.296646911588063e-10
3.323662769918251e-10
3.602764850240604e-10
2.218650774290498e-10
6.873653861073805e-10
-3.378930737807050e-09
9.161867770085171e-10
1.154239375646746e-09
1.502924005176300e-09
-2.236070048018265e-08
2.429042100031739e-09
2.820434685030145e-09
3.714713336676126e-09
2.309309260324220e-09
4.911375096525077e-09
5.922281813198034e-09
6.217539882244071e-09
6.646591223010947e-09
7.371778941202131e-09
8.441853687191878e-09
9.907320305446875e-09
1.182807102238467e-08
1.441964899009254e-08
1.782526857981125e-08
2.230481148470236e-08
2.822900237693352e-08
3.615311606703289e-08
4.668003126249960e-08
6.068930593298842e-08
7.928580179292534e-08
1.039216468761100e-07
1.369976652055111e-07
1.809285642513707e-07
2.396226746534039e-07
3.178423819419890e-07
4.223415502320107e-07
5.617452584561978e-07
7.477315589952033e-07
9.963108046551644e-07
1.327114549511785e-06
1.768952573778064e-06
2.358387734273520e-06
3.145883681887880e-06
4.196195603629591e-06
5.596989163262846e-06
7.466464731293538e-06
9.961379361833923e-06
1.329172252628708e-05
1.773183338222994e-05
2.368970033955450e-05
3.159659213528937e-05
4.220104756971858e-05
5.627148842555296e-05
7.514908112655144e-05
1.001073918026153e-04
1.334667286504247e-04
1.779064145419657e-04
2.373036283786511e-04
3.163596885267434e-04
4.212407371425436e-04
5.615746861836627e-04
7.475267340655480e-04
9.949044142830406e-04
1.324736538962904e-03
1.756746457311124e-03
2.331183834455089e-03
3.087227230146158e-03
4.084480416755794e-03
5.391033771981975e-03
7.121076313385791e-03
9.377674121168257e-03
1.231936957122593e-02
1.613425322020475e-02
2.107563599884405e-02
2.743662607220725e-02
3.558467271138639e-02
4.591603582771817e-02
5.899996484053711e-02
7.541231404746787e-02
9.581987482304147e-02
1.209892693970392e-01
1.517357787228489e-01
1.888529528614186e-01
2.329997659316431e-01
2.844794715058609e-01
3.434257029943624e-01
4.093572263037086e-01
4.811842429052935e-01
5.572072636556905e-01
6.349483952428577e-01
7.114914365770073e-01
7.831023464213277e-01
8.463288172981619e-01
8.985620969557467e-01
9.384151586871028e-01
9.661448130641863e-01
9.834495102613562e-01
9.929610048251508e-01
9.974997898048936e-01
9.997940202352833e-01
###1.120000000000000e+01
1.534601517821737e-10
3.618526330399831e-10
3.986561771944217e-10
2.732527357639265e-10
7.489196700959007e-10
-3.271289641337739e-09
1.029491233954915e-09
1.289414736448025e-09
1.697962952723844e-09
-2.198310232309194e-08
2.700801032886699e-09
3.132879017335160e-09
4.109436790801851e-09
2.818835898922733e-09
5.256298079930139e-09
6.276691332159712e-09
6.659590400574307e-09
7.183489215888920e-09
8.008801192262323e-09
9.193837222596102e-09
1.080181069604998e-08
1.290845790481959e-08
1.573478195233310e-08
1.944861726878189e-08
2.433460559117698e-08
3.077710316731118e-08
3.939987871479274e-08
5.086836462440318e-08
6.612208919744134e-08
8.637567969635506e-08
1.131926353208333e-07
1.492427349150540e-07
1.971529476443690e-07
2.611702332355834e-07
3.465467695114003e-07
4.606566640063180e-07
6.129692889318111e-07
8.162539784106224e-07
1.088243461541860e-06
1.450112657182651e-06
1.933926957807007e-06
2.579794471985983e-06
3.443221042841280e-06
4.595528816825680e-06
6.133429930041804e-06
8.187243588563274e-06
1.092982040577758e-05
1.459350672724216e-05
1.948038068593229e-05
2.604362054346862e-05
3.475940111020233e-05
4.645209328450252e-05
6.197879786386396e-05
8.282255006391865e-05
1.104034189109231e-04
1.472669015679959e-04
1.963970225513460e-04
2.620797977109297e-04
3.495178908262672e-04
4.655578989089328e-04
6.208132368104438e-04
8.265421420588878e-04
1.100127924083927e-03
1.464882617151466e-03
1.942416627930075e-03
2.577052292981782e-03
3.411693597723099e-03
4.511727796198463e-03
5.951421931632082e-03
7.855450426578470e-03
1.033548770420421e-02
1.356329569228031e-02
1.774123819882009e-02
2.314162348251534e-02
3.007798547593464e-02
3.894051510228581e-02
5.014350047112218e-02
6.428566000186592e-02
8.196375896150762e-02
1.038513420972828e-01
1.307381933536621e-01
1.634023519892835e-01
2.026305813827673e-01
2.490008916657764e-01
3.027165121112894e-01
3.637467298047439e-01
4.314348765453614e-01
5.044821618676574e-01
5.809810154709458e-01
6.582711877666882e-01
7.333420421428265e-01
8.024902174890253e-01
8.624806371047914e-01
9.110520234230670e-01
9.472597455305228e-01
9.717939040373978e-01
9.866449970708121e-01
9.945242123909015e-01
9.981317842473176e-01
9.998535984901050e-01
###1.160000000000000e+01
1.663510405286688e-10
3.922361310579552e-10
4.311839439585368e-10
3.367585380037790e-10
8.190533034053550e-10
-3.154643666299117e-09
1.148144266459007e-09
1.453950563369072e-09
1.914853733617374e-09
-2.155410279826456e-08
3.012732427840217e-09
3.485324126644074e-09
4.565616569285917e-09
3.335802056945393e-09
5.655578295952744e-09
6.660437577587757e-09
7.158898747299418e-09
7.781647964011316e-09
8.713293408578421e-09
1.002359942028316e-08
1.178606377577065e-08
1.409433261907946e-08
1.716850913538704e-08
2.122496278678535e-08
2.655693685678591e-08
3.358525501863424e-08
4.295285463371289e-08
5.544857619900805e-08
7.206205412609395e-08
9.412561603401319e-08
1.233307247717728e-07
1.626286247080986e-07
2.149048303164941e-07
2.847713945373285e-07
3.779780519440250e-07
5.026272238895578e-07
6.691060437451374e-07
8.913482424804964e-07
1.188841535115441e-06
1.585091790694974e-06
2.115058200282442e-06
2.823025281097873e-06
3.770031466754310e-06
5.034703473545845e-06
6.723575123505493e-06
8.980677159651154e-06
1.199649481913306e-05
1.602836374929792e-05
2.140825845417369e-05
2.863944348872190e-05
3.824722349929592e-05
5.114312131664604e-05
6.827855502195392e-05
9.129212079831394e-05
1.217681838021887e-04
1.624965982638307e-04
2.167986644243173e-04
2.894126995930649e-04
3.860944815983276e-04
5.144294501500473e-04
6.860808765394380e-04
9.135347730284735e-04
1.215936120899873e-03
1.618975013890259e-03
2.146332936065325e-03
2.846743632086206e-03
3.767297883527058e-03
4.979186224009310e-03
6.563485756509894e-03
8.656233905757151e-03
1.137786527447720e-02
1.491398813680416e-02
1.948287276475431e-02
2.537535426754283e-02
3.292571190587609e-02
4.254656807554300e-02
5.467193872474946e-02
6.992615194514006e-02
8.892778451023994e-02
1.123532379623686e-01
1.410047060698874e-01
1.756282408337982e-01
2.169815670902132e-01
2.655619809973064e-01
3.214563800531121e-01
3.844600157668364e-01
4.537457606860976e-01
5.277931863030944e-01
6.045047443262687e-01
6.810597229454408e-01
7.543817627080566e-01
8.208545769990634e-01
8.774911524484749e-01
9.224061258656968e-01
9.551040253987936e-01
9.766618586122785e-01
9.893076165988639e-01
9.957785130755388e-01
9.986182059584447e-01
9.998967593627078e-01
###1.200000000000001e+01
1.927258787481482e-10
4.210395585674853e-10
4.794244465168441e-10
4.014217704804253e-10
8.898471252774306e-10
-3.033590199223096e-09
1.278147257821679e-09
1.651650247473028e-09
2.161357445285423e-09
-2.106741194137607e-08
3.367468064401922e-09
3.888655463014334e-09
5.083210283229882e-09
3.867236523224404e-09
6.115412566777382e-09
7.138508204088627e-09
7.721768545248419e-09
8.444674558207546e-09
9.493775554653319e-09
1.093875988575935e-08
1.287030621955662e-08
1.539708025315679e-08
1.874405502289112e-08
2.317362816587109e-08
2.899145433707299e-08
3.666216041195729e-08
4.684157517661514e-08
6.045734687912068e-08
7.856153738853379e-08
1.026020692756766e-07
1.344183258024453e-07
1.772734446494867e-07
2.343230743644013e-07
3.105970752281773e-07
4.123844840997239e-07
5.485846094752729e-07
7.306099934803032e-07
9.737307788061405e-07
1.299186398136989e-06
1.733255182440226e-06
2.314055985415766e-06
3.090288358495784e-06
4.129320167249812e-06
5.517798254869208e-06
7.373132771166043e-06
9.854376007593662e-06
1.317170554237279e-05
1.760924731542131e-05
2.353501136551876e-05
3.150117452238046e-05
4.209342141217838e-05
5.631664555010093e-05
7.522942008564888e-05
1.006379866061371e-04
1.343039952559376e-04
1.792975549026753e-04
2.392988779353481e-04
3.195498216219084e-04
4.264144318998446e-04
5.683477914136918e-04
7.579677954456925e-04
1.009268554203789e-03
1.343239454605153e-03
1.788214659876565e-03
2.370083244221910e-03
3.142333542730598e-03
4.156343994348324e-03
5.489995747965915e-03
7.231337984959754e-03
9.528214193612652e-03
1.251056256020000e-02
1.637903726227370e-02
2.136687715607385e-02
2.778549188071140e-02
3.598970104606498e-02
4.641205570908495e-02
5.951295610016636e-02
7.593492470606870e-02
9.631467123805547e-02
1.213332551875585e-01
1.517954981831817e-01
1.884120094810859e-01
2.318988650830069e-01
2.826636109323781e-01
3.406650982519808e-01
4.055210471705405e-01
4.762242750393408e-01
5.510440405600594e-01
6.276982054986210e-01
7.032347356589487e-01
7.745576225084347e-01
8.381674787862351e-01
8.913696302013873e-01
9.326721755470891e-01
9.620177657772726e-01
9.808258426258628e-01
9.915084750519425e-01
9.967757037395908e-01
9.989888920338932e-01
9.999286886222144e-01
###1.240000000000001e+01
2.400238524201981e-10
4.537752390072663e-10
5.253556361946215e-10
4.928242393548200e-10
9.847616050808052e-10
-2.884034711557787e-09
1.431453215558211e-09
1.859069862067730e-09
2.439395672512662e-09
-2.051784231916889e-08
3.774289067894400e-09
4.349445892834960e-09
5.675338849814612e-09
4.525634138454413e-09
6.645791636156702e-09
7.688359708505704e-09
8.360665630889419e-09
9.189243164057044e-09
1.036353767546136e-08
1.195201937483735e-08
1.406909871551383e-08
1.683332573748661e-08
2.048759931573750e-08
2.531648269495152e-08
3.166378902721664e-08
4.003448092199540e-08
5.110899877429744e-08
6.594134346440652e-08
8.566892773412323e-08
1.118742933943676e-07
1.465429771067566e-07
1.933053733823839e-07
2.555720244559170e-07
3.388729210307932e-07
4.500613975371934e-07
5.989543939488917e-07
7.980482472409165e-07
1.064052391698252e-06
1.420318866739678e-06
1.895923896798728e-06
2.532624279821660e-06
3.384109982126573e-06
4.524436393295100e-06
6.049323076676231e-06
8.088060916440892e-06
1.081639366400237e-05
1.446591980763983e-05
1.935087622803664e-05
2.587980314558758e-05
3.465728335855222e-05
4.633535443101551e-05
6.202344367079459e-05
8.289413914173748e-05
1.109465675408683e-04
1.481271021821499e-04
1.978177349661580e-04
2.641080142795919e-04
3.527567575459238e-04
4.708165547785608e-04
6.276762368904544e-04
8.370391819763443e-04
1.114475625907386e-03
1.483068445709607e-03
1.973902065166977e-03
2.615258289304524e-03
3.465799016954835e-03
4.581628283103454e-03
6.047473398209090e-03
7.958761663982983e-03
1.047641159682253e-02
1.373998051131058e-02
1.796536369432848e-02
2.340211179629826e-02
3.038219213527963e-02
3.928086342234201e-02
5.054867021613806e-02
6.467952482887283e-02
8.232427503169644e-02
1.041370021184688e-01
1.308004060550620e-01
1.631162187052636e-01
2.017538533114839e-01
2.473706032628562e-01
3.002816538078431e-01
3.603026308110117e-01
4.268800401043423e-01
4.988065809890078e-01
5.741634685333095e-01
6.504926725813271e-01
7.247410836493674e-01
7.938234458446999e-01
8.544146993171046e-01
9.041360876606914e-01
9.419036597548762e-01
9.680670187496836e-01
9.843604293815843e-01
9.933115961583692e-01
9.975598522853737e-01
9.992674523306674e-01
9.999520979120903e-01
###1.280000000000001e+01
2.819757234319205e-10
4.974357346526922e-10
5.817076575928086e-10
5.819281463580348e-10
1.105394823180051e-09
-2.715419401268538e-09
1.612448403425612e-09
2.098106081714075e-09
2.755433745426759e-09
-1.989343049620652e-08
4.229266132136697e-09
4.869284659385838e-09
6.344356468578677e-09
5.243751297464877e-09
7.253513643736722e-09
8.319957519001671e-09
9.083117868631796e-09
1.002417676212861e-08
1.132953543102737e-08
1.307645156324180e-08
1.539208876448131e-08
1.841793402141134e-08
2.240863384004875e-08
2.767449027395984e-08
3.459831377631603e-08
4.373391331765047e-08
5.578561003182228e-08
7.194852906280784e-08
9.345415305740268e-08
1.220246656861911e-07
1.598234705159546e-07
2.108548446447538e-07
2.788449544246254e-07
3.698491853611351e-07
4.913585507758805e-07
6.541449250428555e-07
8.719888210780329e-07
1.163148269920742e-06
1.553281426196302e-06
2.074540644370176e-06
2.772794429578778e-06
3.707086753909850e-06
4.958929155694595e-06
6.633927376170780e-06
8.874980353006562e-06
1.187553206825700e-05
1.589113834528014e-05
2.126998922209004e-05
2.846409050889858e-05
3.813606075820590e-05
5.101026185098983e-05
6.830326564049300e-05
9.134554910011858e-05
1.223075553031695e-04
1.633591813812982e-04
2.182234561391477e-04
2.914324149650691e-04
3.893273792919804e-04
5.196957777570796e-04
6.929252366901247e-04
9.239217140903698e-04
1.230038925296457e-03
1.636495279956789e-03
2.177431086311750e-03
2.883729780909857e-03
3.819498357344373e-03
5.045803452823891e-03
6.654997885632116e-03
8.750342557923878e-03
1.150615792318556e-02
1.507247003205233e-02
1.968028680060165e-02
2.559701398623682e-02
3.317520600114530e-02
4.281099980444427e-02
5.497255550450948e-02
7.018334867658056e-02
8.910603442290828e-02
1.124064093343296e-01
1.407632481762944e-01
1.749663552719733e-01
2.156441888617883e-01
2.633780171015925e-01
3.183908773990416e-01
3.803345843263457e-01
4.484801092534177e-01
5.214358995765037e-01
5.970801065743020e-01
6.728104811323427e-01
7.455120657466131e-01
8.121430054494635e-01
8.695904507893851e-01
9.158180110720476e-01
9.501491567032294e-01
9.733257325731636e-01
9.873363957583654e-01
9.947737337782449e-01
9.981653444424210e-01
9.994694951576985e-01
9.999701638789144e-01
###1.320000000000001e+01
3.170485684507083e-10
5.532992866336687e-10
6.474835130314024e-10
6.753334014590908e-10
1.218332816569909e-09
-2.517770309879204e-09
1.815846248646343e-09
2.367873954578937e-09
3.118430824561819e-09
-1.918875102611473e-08
4.749719793542670e-09
5.465683857725684e-09
7.104119183421520e-09
6.045369381226059e-09
7.948774804548990e-09
9.042270471947062e-09
9.898517416361007e-09
1.096295693820823e-08
1.240534108880524e-08
1.432477293686497e-08
1.686023324862823e-08
2.016934895051706e-08
2.452677079609188e-08
3.027109518450469e-08
3.782475871382588e-08
4.779582837358841e-08
6.091237622194465e-08
7.853614524967783e-08
1.019827394144884e-07
1.331404781249213e-07
1.743714940024244e-07
2.300758648104982e-07
3.043439035232327e-07
4.037621124552764e-07
5.366222900497181e-07
7.146775375234695e-07
9.530362195500145e-07
1.271932312504365e-06
1.699300265025623e-06
2.270819956839700e-06
3.036665214392634e-06
4.062173983298932e-06
5.436963228677764e-06
7.277227248597877e-06
9.741134442867889e-06
1.304179678426481e-05
1.746148502789921e-05
2.338457615205229e-05
3.131140263562097e-05
4.196925663206552e-05
5.616335892592237e-05
7.522677063190710e-05
1.006571003614894e-04
1.348272279005573e-04
1.801368812071535e-04
2.406952333789164e-04
3.215110908401444e-04
4.295606206814277e-04
5.734443031348120e-04
7.646331882890659e-04
1.019349680566990e-03
1.356841111744147e-03
1.804689732487854e-03
2.400243938472961e-03
3.177346020930173e-03
4.205694383591770e-03
5.551967907146536e-03
7.316371054688335e-03
9.610498813749596e-03
1.262295226803778e-02
1.651439155002526e-02
2.153237640224652e-02
2.796139735270129e-02
3.617569539525341e-02
4.659124874546864e-02
5.969587291741885e-02
7.603838535979417e-02
9.629224868546196e-02
1.211325016374335e-01
1.512268691237422e-01
1.873421713105587e-01
2.300743751305928e-01
2.799116385863875e-01
3.369576961681981e-01
4.007157637651968e-01
4.702718109091889e-01
5.440375585876145e-01
6.197193831514559e-01
6.945921959387689e-01
7.654986987970921e-01
8.294907519514306e-01
8.836982632764672e-01
9.264495455930989e-01
9.574726533165313e-01
9.778678966861830e-01
9.898251520485950e-01
9.959546839115470e-01
9.986409320170350e-01
9.996268246182723e-01
9.999767794474476e-01
###1.360000000000001e+01
3.640856041244471e-10
6.090082116253103e-10
7.371317762661510e-10
7.958979765228742e-10
1.355973084423697e-09
-2.296265867899406e-09
2.045718939323518e-09
2.675206461204935e-09
3.529512181220383e-09
-1.838120028916592e-08
5.343977644509420e-09
6.141137389221982e-09
7.971004836450935e-09
6.931434166591209e-09
8.745601411799772e-09
9.869066817829379e-09
1.082413617104536e-08
1.201341968017459e-08
1.360559923075331e-08
1.571506035109778e-08
1.849028638880012e-08
2.210727830939162e-08
2.686697546023648e-08
3.313489927931433e-08
4.137632671710978e-08
5.225779138744319e-08
6.657812024395375e-08
8.575944610007570e-08
1.113346036182428e-07
1.453252627564540e-07
1.904581179644904e-07
2.512204926427494e-07
3.322914226561772e-07
4.409592351477194e-07
5.862812411779292e-07
7.810892772690036e-07
1.041979747764018e-06
1.391359498207466e-06
1.859663580258047e-06
2.486343714782599e-06
3.326681194659491e-06
4.452510333199424e-06
5.962488935945781e-06
7.984840447617341e-06
1.069438137476384e-05
1.432585145550192e-05
1.919105822765672e-05
2.571350962821759e-05
3.444759265999267e-05
4.619230176320963e-05
6.183973561543882e-05
8.285747000470201e-05
1.109143809799379e-04
1.486171084828160e-04
1.986084243615906e-04
2.654294193736247e-04
3.545965297893545e-04
4.738034596144077e-04
6.325149969688295e-04
8.433511384830315e-04
1.124065307134510e-03
1.495814979155364e-03
1.988830053815667e-03
2.643952140395350e-03
3.497969187159839e-03
4.627111503155572e-03
6.103267062131885e-03
8.035560106722258e-03
1.054396272478260e-02
1.383258387621940e-02
1.807282595443138e-02
2.352935803373037e-02
3.050374662387708e-02
3.939374866674282e-02
5.063336747614532e-02
6.473091236295284e-02
8.225529247031650e-02
1.038919491216210e-01
1.303218082871059e-01
1.621947995447295e-01
2.002488951794571e-01
2.450361405382141e-01
2.969422400445610e-01
3.559541061129888e-01
4.213976820881368e-01
4.921897852926415e-01
5.665505218819543e-01
6.420133858704020e-01
7.157758330644372e-01
7.846574067046266e-01
8.458404911707680e-01
8.967468905551870e-01
9.360701518009629e-01
9.639350326026409e-01
9.817606505680708e-01
9.918881453907679e-01
9.968952454740714e-01
9.989986953958192e-01
9.997347886163621e-01
1.000011403410659e+00
###1.400000000000001e+01
4.480599181295403e-10
6.731637620683962e-10
8.211669106627971e-10
9.420410787357368e-10
1.513309824347772e-09
-2.039735399027694e-09
2.306679098472512e-09
3.032507399170756e-09
4.005584237292337e-09
-1.746475785238256e-08
6.026025538194601e-09
6.913339697776317e-09
8.961880574143399e-09
7.921340918256948e-09
9.657705472124687e-09
1.081446651138040e-08
1.187376656348937e-08
1.319548033080868e-08
1.495145192574265e-08
1.726474957568153e-08
2.030000884408984e-08
2.425700754641479e-08
2.945817019045752e-08
3.629629600995226e-08
4.529001849380606e-08
5.713836060234333e-08
7.281597220268220e-08
9.369580407454160e-08
1.216792373081443e-07
1.586950714228694e-07
2.080870868072773e-07
2.744875867818217e-07
3.629260551579851e-07
4.817595109399924e-07
6.407570030464379e-07
8.539201068677101e-07
1.139569144941677e-06
1.522410555905075e-06
2.035843262331950e-06
2.723243939301314e-06
3.645482702811052e-06
4.881536576593819e-06
6.540806087374945e-06
8.763585442483419e-06
1.174368868068758e-05
1.573919038519894e-05
2.109468782298715e-05
2.827724374379313e-05
3.790079206469722e-05
5.084347457351447e-05
6.809071768762586e-05
9.125817342262857e-05
1.222080301072579e-04
1.637908639476195e-04
2.189379487251161e-04
2.926300310673186e-04
3.909732578308176e-04
5.224116231318318e-04
6.973625949903418e-04
9.296908509839994e-04
1.238835199021114e-03
1.648013983557577e-03
2.190262510657499e-03
2.910310617584540e-03
3.847806428965575e-03
5.086190344359946e-03
6.703033750038320e-03
8.816421662530919e-03
1.155612379549256e-02
1.514110031510655e-02
1.975509334176660e-02
2.567892608235707e-02
3.323418846701902e-02
4.283963718227056e-02
5.494832715909136e-02
7.008880340891552e-02
8.884737312648232e-02
1.119186443502021e-01
1.399828560254347e-01
1.736723631555309e-01
2.136845711182971e-01
2.605190267784876e-01
3.144516665209461e-01
3.753426253715008e-01
4.423396469776640e-01
5.141763032863954e-01
5.889076864299458e-01
6.639070718417550e-01
7.362977266067845e-01
8.029461488931195e-01
8.611890099084611e-01
9.087575773881554e-01
9.447270123308158e-01
9.696024163386522e-01
9.850726354815653e-01
9.935815183545517e-01
9.976340875662170e-01
9.992619973229242e-01
9.998070027682362e-01
1.000011403410659e+00
###1.440000000000001e+01
5.237037222562692e-10
7.401171946713398e-10
9.756560737457395e-10
1.086336746183990e-09
1.695549616557053e-09
-1.747431728913149e-09
2.605525086032595e-09
3.432572138467288e-09
4.545743414755558e-09
-1.642146817540215e-08
6.805159326400861e-09
7.795229233468277e-09
1.009242875858447e-08
9.030962972638920e-09
1.070632843540787e-08
1.189566083508848e-08
1.306306155953751e-08
1.452761397019344e-08
1.645976154002202e-08
1.899682014751847e-08
2.231721065952845e-08
2.664633720656889e-08
3.232591545243283e-08
3.979009237886830e-08
4.960716493794844e-08
6.252192084081712e-08
7.967292956664755e-08
1.024317505040631e-07
1.329922890023716e-07
1.733748562455317e-07
2.274304078039061e-07
2.999776355774463e-07
3.965609532255978e-07
5.265219745273832e-07
7.005588639193872e-07
9.338905768852790e-07
1.246761606636202e-06
1.666346419954879e-06
2.229379806675748e-06
2.983569183453085e-06
3.995919726136613e-06
5.353602776284710e-06
7.176915141896064e-06
9.620312058914741e-06
1.289829124317730e-05
1.729451778201174e-05
2.319031947281705e-05
3.110070755944557e-05
4.170267094489424e-05
5.596445121445343e-05
7.497430885341878e-05
1.005070031672355e-04
1.346378074665527e-04
1.804910199279842e-04
2.412967396158954e-04
3.225334653662855e-04
4.309363700056162e-04
5.757887575730223e-04
7.685268838491951e-04
1.024336078728093e-03
1.364556302470319e-03
1.814523476838491e-03
2.410397368884631e-03
3.200931396283645e-03
4.229156495377915e-03
5.585662766001977e-03
7.354760001991639e-03
9.663473560298072e-03
1.265146700825648e-02
1.655482031781119e-02
2.156804697681203e-02
2.799099008109103e-02
3.616226485061958e-02
4.652292319859024e-02
5.954798559530552e-02
7.578055146388286e-02
9.582403918265461e-02
1.203794645637237e-01
1.501243233164265e-01
1.856591145552818e-01
2.276431320563726e-01
2.765077684991468e-01
3.324111577357644e-01
3.950767385510493e-01
4.634810391240609e-01
5.361786308257013e-01
6.110368713159580e-01
6.853293422501597e-01
7.561116266306861e-01
8.203313963502296e-01
8.755267733936606e-01
9.197543838617802e-01
9.524748088566763e-01
9.745393079105892e-01
9.878708143037628e-01
9.949637048322426e-01
9.982154625067029e-01
9.994666975019575e-01
9.998664764876426e-01
1.000011403410659e+00
###1.480000000000001e+01
6.089853589189512e-10
8.128607997219708e-10
1.092728620651395e-09
1.262694495176657e-09
1.905625033493773e-09
-1.407886309369814e-09
2.955170558129146e-09
3.893064215503255e-09
5.162372686272459e-09
-1.523000516561258e-08
7.700501527115792e-09
8.805875501095757e-09
1.138769152936320e-08
1.028830183630138e-08
1.191234317669408e-08
1.313135110383394e-08
1.441345237838890e-08
1.603326480911493e-08
1.815612233841666e-08
2.093665710518595e-08
2.457157773757126e-08
2.930327908222242e-08
3.550935388681164e-08
4.365413910671631e-08
5.437841364237044e-08
6.847743315175096e-08
8.722143250838419e-08
1.121030273313478e-07
1.453676710454311e-07
1.894938723985445e-07
2.486502845975839e-07
3.279635342968562e-07
4.334391121258466e-07
5.756488261618591e-07
7.661436693120539e-07
1.021669496892687e-06
1.364424400834048e-06
1.824350619590785e-06
2.442005495213596e-06
3.269752691416215e-06
4.381186286797244e-06
5.872602853949813e-06
7.876265044989535e-06
1.056290274933520e-05
1.416901570316170e-05
1.900719305075790e-05
2.549692023238546e-05
3.420908090205986e-05
4.588225130678358e-05
6.160259965702562e-05
8.254954386753266e-05
1.106877314994428e-04
1.483153018748502e-04
1.988523332760007e-04
2.658737801809240e-04
3.553994503713211e-04
4.748137744841504e-04
6.343483265164809e-04
8.465324243712686e-04
1.128025372827274e-03
1.502110287548673e-03
1.996530704826293e-03
2.650767308139685e-03
3.517851655528663e-03
4.644353471100744e-03
6.128334095136886e-03
8.061993833321037e-03
1.058087434473397e-02
1.383588329314547e-02
1.808002124607231e-02
2.351937484107480e-02
3.047343413932860e-02
3.929790518485448e-02
5.045801694965842e-02
6.444422671107632e-02
8.181877986689028e-02
1.031961542167445e-01
1.292844447450445e-01
1.607458783009386e-01
1.981514635452261e-01
2.421119618998867e-01
2.929786557349660e-01
3.507923490951922e-01
4.151233692563411e-01
4.847758267723273e-01
5.581236598986139e-01
6.328782824565425e-01
7.062139707326428e-01
7.751661492391388e-01
8.367937903289195e-01
8.888628194316069e-01
9.297719509422850e-01
9.593654014708423e-01
9.788119372304634e-01
9.902169065135736e-01
9.960814408048034e-01
9.986672620023098e-01
9.996195207136256e-01
9.999089807399643e-01
1.000011403410659e+00
###1.520000000000001e+01
6.883125047431860e-10
9.089851453698712e-10
1.221589335218431e-09
1.441996566685710e-09
2.139262624142808e-09
-1.025994101613255e-09
3.354007569903441e-09
4.432466235704080e-09
5.867582954005009e-09
-1.386746063447267e-08
8.729712260139234e-09
9.964686614446924e-09
1.286875061003629e-08
1.171174690263664e-08
1.327576056151032e-08
1.454450986207436e-08
1.593584780905058e-08
1.773247153375899e-08
2.006737905223582e-08
2.311235996100953e-08
2.709016737185257e-08
3.226351256263598e-08
3.904544316732660e-08
4.793928700420877e-08
5.965178708403969e-08
7.503344385460141e-08
9.553676755870799e-08
1.227381685873634e-07
1.589843400219613e-07
2.071939581753551e-07
2.719482705035843e-07
3.586789855124971e-07
4.739262769134206e-07
6.295736396632588e-07
8.381576916671018e-07
1.117984031571540e-06
1.493676123881999e-06
1.997994377002628e-06
2.675652791512587e-06
3.584088701428754e-06
4.804809555293439e-06
6.443213719562682e-06
8.645689783865095e-06
1.159998855115665e-05
1.556707881449355e-05
2.089136179154607e-05
2.803591826817542e-05
3.762914221908889e-05
5.048186453474074e-05
6.779655143996467e-05
9.088301407384541e-05
1.218780502738185e-04
1.633429320503106e-04
2.190274570385154e-04
2.928627156961856e-04
3.914576134280379e-04
5.229509294605606e-04
6.985377714919136e-04
9.319610465105821e-04
1.241475202592716e-03
1.652498714241840e-03
2.195269350065700e-03
2.912871104781915e-03
3.863002936710014e-03
5.095924209216261e-03
6.717750765231211e-03
8.828742096976341e-03
1.157381510309653e-02
1.511480682082166e-02
1.972317771691212e-02
2.561711754691334e-02
3.313506570501893e-02
4.265143357408845e-02
5.465283052109925e-02
6.964819985744504e-02
8.821274937107715e-02
1.109742552155988e-01
1.386398833957690e-01
1.718552397944006e-01
2.111509939958103e-01
2.570845168888755e-01
3.099202383873165e-01
3.695595716626630e-01
4.354384370814097e-01
5.061649052974985e-01
5.799535695481018e-01
6.543654416353398e-01
7.265028495838187e-01
7.934183379968084e-01
8.523149823396792e-01
9.012043220559205e-01
9.388482189533179e-01
9.654569727221182e-01
9.824828842261496e-01
9.921687128019738e-01
9.969771090073770e-01
9.990141909757793e-01
9.997313071041121e-01
9.999385513845723e-01
1.000011403410659e+00
###1.560000000000001e+01
7.784288666650767e-10
1.019190596881287e-09
1.377215231377498e-09
1.659666828127043e-09
2.414819730658617e-09
-5.923630970545284e-10
3.804885174351869e-09
5.044556523440202e-09
6.683043292976495e-09
-1.230400243370795e-08
9.909082994373034e-09
1.129822991112859e-08
1.457766483094294e-08
1.332993568612739e-08
1.483935005659717e-08
1.617258380551708e-08
1.768403384153552e-08
1.965671763870308e-08
2.222864235006013e-08
2.555699706246478e-08
2.990895020122962e-08
3.556782068856286e-08
4.298072183908816e-08
5.269839569417731e-08
6.548797603339241e-08
8.229188516919909e-08
1.047107804476199e-07
1.344105940215340e-07
1.739601240402919e-07
2.266648076843834e-07
2.975428981241916e-07
3.924197775439151e-07
5.183928450126463e-07
6.887676765070891e-07
9.172021712534084e-07
1.223847864372116e-06
1.635611109909085e-06
2.188899263312995e-06
2.932428471343248e-06
3.929731502904801e-06
5.270813038123377e-06
7.070815050981854e-06
9.492043703577908e-06
1.274086583446075e-05
1.710527229673084e-05
2.296478408883556e-05
3.083005047633095e-05
4.139086856145311e-05
5.554285068867362e-05
7.460647500006356e-05
1.000424753620522e-04
1.341806934077564e-04
1.798565669012840e-04
2.411849938642579e-04
3.224927671608283e-04
4.310263766182323e-04
5.757309997542074e-04
7.688806869915057e-04
1.025476456422224e-03
1.365518997174956e-03
1.816747114895473e-03
2.412058091085501e-03
3.198457650959260e-03
4.237631898813947e-03
5.586342592715287e-03
7.357037488182348e-03
9.658695562887438e-03
1.264682449302437e-02
1.649772070284577e-02
2.149190515761406e-02
2.787009813725666e-02
3.598655021960238e-02
4.623328534682383e-02
5.911878091489483e-02
7.517127701517202e-02
9.497586498461276e-02
1.191687170816632e-01
1.484524734299507e-01
1.834516012903240e-01
2.246524496471520e-01
2.725438608437983e-01
3.272997928989499e-01
3.886878368237195e-01
4.559693344628638e-01
5.275903607329917e-01
6.016065880815566e-01
6.754458453886892e-01
7.461545919309467e-01
8.108397149678063e-01
8.668802198067143e-01
9.125668059717913e-01
9.470241368452579e-01
9.708062300013234e-01
9.856148323120797e-01
9.937787226695559e-01
9.976879001411910e-01
9.992774439145879e-01
9.998119470450514e-01
9.999587552630300e-01
1.000011403410659e+00
