# NLO BK equation solver 0.0-dev build  (build Feb 16 2026 17:52:53)
# Initial condition: MV model, Q_s0^2 = 0.00697978 GeV^2, \gamma = 1, coefficient of E inside Log is 1, x0=0.01, \Lambda_QCD = 0.241 GeV
# # LO Kernel RC:  Balitsky. NLO Kernel RC:  smallest dipole
# Nc=3, Nf=4
# Using RungeKutta method in K1
# Resumming double log
# Resumming single log, K_sub=0.65 resum rc: smallest
# BK K1 integration relative accuracy: 0.02# NLO BK as^2 terms: MC integration method: Vegas, points=1000000
# Kinematical constraint: none
# Target kinematical constraint: disabled

###1.000000000000000e-05
###1.160836920850890e+00
###100
###1.000000000000000e+00
###0.000000000000000e+00
2.257241173951075e-12
3.006659468663193e-12
4.004344585644109e-12
5.332344022592793e-12
7.099748176370058e-12
9.451577294861171e-12
1.258057922344367e-11
1.674288778135584e-11
2.227880023865448e-11
2.964034080205488e-11
3.942781735056354e-11
5.243829323510125e-11
6.972984061919528e-11
9.270669021394041e-11
1.232320413577654e-10
1.637774739644794e-10
2.176207780676464e-10
2.891078087365383e-10
3.839989748641107e-10
5.099275618701083e-10
6.770057725077717e-10
8.986258051584135e-10
1.192518338655254e-09
1.582150588130155e-09
2.098572118859849e-09
2.782850792360833e-09
3.689286103828210e-09
4.889646059925743e-09
6.478750955900748e-09
8.581828564651441e-09
1.136419766897133e-08
1.504401007220587e-08
1.990900757734030e-08
2.633854596993136e-08
3.483252355438606e-08
4.604935415339203e-08
6.085577840161272e-08
8.039215741264847e-08
1.061579971014194e-07
1.401238836582110e-07
1.848778658822885e-07
2.438167198862305e-07
3.213956314120735e-07
4.234538286736924e-07
5.576388461298841e-07
7.339587165639929e-07
9.654998800965695e-07
1.269359475774051e-06
1.667854589120074e-06
2.190088779268675e-06
2.873978822174956e-06
3.768873362664459e-06
4.938931675142048e-06
6.467477009309726e-06
8.462597583178352e-06
1.106428117814140e-05
1.445384819787066e-05
1.886551036767159e-05
2.460165617090837e-05
3.205214388524169e-05
4.171897205951236e-05
5.424774014339828e-05
7.046774394714461e-05
9.144306292618865e-05
1.185376640439051e-04
1.534984247131277e-04
1.985611409400789e-04
2.565861417898052e-04
3.312322234854115e-04
4.271804458836348e-04
5.504231721409347e-04
7.086389426846917e-04
9.116808373239582e-04
1.172215519215536e-03
1.506562971846148e-03
1.935804044579603e-03
2.487245564774754e-03
3.196362472314362e-03
4.109374966443591e-03
5.286667997273953e-03
6.807322521447001e-03
8.775104127385580e-03
1.132634453055636e-02
1.464025061309759e-02
1.895227135186484e-02
2.457121623108238e-02
3.190079101553445e-02
4.146598734368634e-02
5.394413301981626e-02
7.019904231626450e-02
9.131405914285839e-02
1.186150671724924e-01
1.536667529176543e-01
1.982137080885773e-01
2.540227701156968e-01
3.225686266040839e-01
4.045042174407270e-01
4.988991059152468e-01
6.023574018036415e-01
7.083784603607175e-01
###4.000000000000000e-01
-1.727514803371576e-10
-5.134495620257657e-09
9.173640594973515e-11
5.681476371054063e-09
4.586213914354662e-08
2.128439215642568e-10
2.442308214630759e-10
4.513462114311104e-10
4.068822175304292e-10
3.825213959652739e-10
3.734395961313283e-10
3.664743156037388e-10
4.081210427606355e-10
4.461599026800687e-10
6.073438246726685e-09
5.403229179808012e-10
5.506988159417770e-10
6.095570828140203e-10
6.989423291540876e-10
8.286239402224931e-10
1.000823151015431e-09
1.234976492224694e-09
1.549750722534383e-09
1.967972718584803e-09
2.522133347612730e-09
3.261163447286411e-09
4.238934351825146e-09
5.534239092128838e-09
7.254602109133680e-09
9.527538972611077e-09
1.253381593861334e-08
1.651528390434654e-08
2.177904086495586e-08
2.874163837894466e-08
3.778205530629561e-08
5.008564354474371e-08
6.595681732363887e-08
8.714014954614690e-08
1.150222923145625e-07
1.518255935975226e-07
2.003214112471461e-07
2.643171407747889e-07
3.487042692054226e-07
4.591863280363500e-07
6.048303228242701e-07
7.960223932572883e-07
1.047804723086554e-06
1.377760517674687e-06
1.810951383296829e-06
2.378491612119307e-06
3.122824579414009e-06
4.096864839305525e-06
5.370710513591456e-06
7.039434960512273e-06
9.210502921286567e-06
1.204615510281695e-05
1.574217787608197e-05
2.055909810027233e-05
2.682593541495174e-05
3.496454365507473e-05
4.554937756060886e-05
5.926801765578015e-05
7.705414244204661e-05
1.000735413192207e-04
1.298556620182937e-04
1.683491007317109e-04
2.179955384977581e-04
2.820373030978959e-04
3.645170646701028e-04
4.710384726929828e-04
6.080162869939246e-04
7.843848201984498e-04
1.011212811054615e-03
1.303329113222327e-03
1.679299306859781e-03
2.163650970616434e-03
2.787234666646635e-03
3.592882482917297e-03
4.633237527321671e-03
5.978969599267268e-03
7.724469548997490e-03
9.993614444448923e-03
1.295046334965849e-02
1.680243054209475e-02
2.182787156241193e-02
2.839949848794000e-02
3.698708923539532e-02
4.817131082892519e-02
6.278923839254344e-02
8.185240725104664e-02
1.066314773392981e-01
1.386011527882455e-01
1.794978055685534e-01
2.311002616089980e-01
2.952217966582749e-01
3.731324796365647e-01
4.658417419303999e-01
5.737710803054242e-01
7.043906437393961e-01
9.546772942337494e-01
###8.000000000000000e-01
-1.051691687155113e-10
-5.075736694058945e-09
2.201982159239976e-10
5.681617489871577e-09
4.517649426616645e-08
4.028017969128886e-10
5.041697725284599e-10
8.369755188854991e-10
7.709167016994144e-10
7.293175257308507e-10
6.979443165498452e-10
6.760241302009232e-10
7.043579408854553e-10
7.678225502078019e-10
5.927419882116405e-09
9.026432757687249e-10
8.793591969667917e-10
9.287824407647988e-10
1.017292146772707e-09
1.149412261172363e-09
1.335467323501908e-09
1.583032535240829e-09
1.922021600123941e-09
2.371561051031077e-09
2.952841230719368e-09
3.768548484872809e-09
4.825380629663546e-09
6.225537521379638e-09
8.085537826667696e-09
1.054878949569253e-08
1.379802555105658e-08
1.810835433219449e-08
2.380273840042469e-08
3.134365937550904e-08
4.102305712795452e-08
5.445809332545685e-08
7.153797624503802e-08
9.449921466639654e-08
1.246991155469342e-07
1.645846277054377e-07
2.171876132097796e-07
2.866728165300281e-07
3.785878854992317e-07
4.982233234175016e-07
6.563064690198352e-07
8.637511688943837e-07
1.137663621785668e-06
1.496138507373713e-06
1.967210098943683e-06
2.584401268060481e-06
3.394485142810105e-06
4.455810594212999e-06
5.843523599752920e-06
7.664681616713743e-06
1.003064242682250e-05
1.312384957120000e-05
1.715940298039189e-05
2.242190765124948e-05
2.927518176027990e-05
3.818197803535247e-05
4.977827581897392e-05
6.482003159002372e-05
8.434806455376220e-05
1.096459290649787e-04
1.424359560350420e-04
1.848858756619583e-04
2.396859620953191e-04
3.105115584463737e-04
4.018646795276643e-04
5.203189591624378e-04
6.729149860421604e-04
8.699196167848224e-04
1.123935213853344e-03
1.452116606598316e-03
1.875830541292994e-03
2.423501398404707e-03
3.130082203287308e-03
4.047025379799831e-03
5.234318759325034e-03
6.775432921707432e-03
8.778667862963939e-03
1.139704600047839e-02
1.481737300036004e-02
1.928762317856038e-02
2.512797211650633e-02
3.277877914180966e-02
4.277297714436998e-02
5.577726709673192e-02
7.275531239992465e-02
9.485186401089193e-02
1.234878308354507e-01
1.602103043863997e-01
2.067674822670805e-01
2.648388658727763e-01
3.358392362729753e-01
4.203773238920695e-01
5.182891273265661e-01
6.278629461446771e-01
7.513070463109612e-01
9.622899265367849e-01
###1.200000000000000e+00
-5.633080066380128e-11
-5.000074543188536e-09
2.528001009660146e-10
5.714521277140275e-09
4.452723748525969e-08
5.936089725333266e-10
7.560981953313842e-10
1.198653393697063e-09
1.124026696123820e-09
1.058926157860350e-09
9.978482279424674e-10
9.186899681077536e-10
1.016092878511766e-09
1.116359882498677e-09
5.831854834320698e-09
1.286031726908398e-09
1.226898985299333e-09
1.268052799380578e-09
1.356666148647686e-09
1.494536750597315e-09
1.699818846708950e-09
1.958605923003130e-09
2.359291267240368e-09
2.815849799194238e-09
3.449459805924898e-09
4.327541186655611e-09
5.473552079799407e-09
6.992504728387654e-09
8.998312799352760e-09
1.166629861445587e-08
1.519074600181721e-08
1.985077141897702e-08
2.602040519126290e-08
3.418007723396446e-08
4.454704173391468e-08
5.922453414612048e-08
7.766302111405206e-08
1.025250674532747e-07
1.352582964410941e-07
1.785110354689752e-07
2.355638696515769e-07
3.110683549738979e-07
4.110791747923955e-07
5.408031658418227e-07
7.124380456142655e-07
9.376804809269456e-07
1.235271084695070e-06
1.625384842498923e-06
2.137904802641512e-06
2.809585858569312e-06
3.691829189207528e-06
4.848667546731203e-06
6.361389515879320e-06
8.349602966203970e-06
1.093019166426636e-05
1.430730849192740e-05
1.871577554057280e-05
2.447133661337455e-05
3.197342290922756e-05
4.173201002935908e-05
5.444980526426817e-05
7.096155684479212e-05
9.243145644209691e-05
1.202792229214358e-04
1.564236829870600e-04
2.033007973061261e-04
2.638942974346209e-04
3.423539612173235e-04
4.437494984635266e-04
5.756825702267377e-04
7.460421894757675e-04
9.664354768628645e-04
1.251372198085261e-03
1.620666106095358e-03
2.098853806308535e-03
2.718286424744067e-03
3.520663108982418e-03
4.564749447128718e-03
5.920572695901881e-03
7.684842040116074e-03
9.985520559960270e-03
1.299915231006405e-02
1.694769833538104e-02
2.211300436768459e-02
2.886828037620057e-02
3.771985302984512e-02
4.926580397716777e-02
6.425866919226209e-02
8.377089071142343e-02
1.090516378695821e-01
1.416183261773899e-01
1.830112606285444e-01
2.348441508549496e-01
2.985525542068226e-01
3.748859043211279e-01
4.635382883814117e-01
5.629346190071066e-01
6.695901226674469e-01
7.836125654670849e-01
9.676896023442276e-01
###1.600000000000000e+00
5.960099502963383e-12
-4.951248435946913e-09
3.115410988160527e-10
5.749326293395649e-09
4.386916824429046e-08
7.703240047623090e-10
1.015914525501814e-09
1.575194185215366e-09
1.468369192919549e-09
1.382523127054160e-09
1.335937983257673e-09
1.243325394597972e-09
1.345227190933616e-09
1.471331838797817e-09
5.785322086827157e-09
1.669361869482723e-09
1.598966408744877e-09
1.629632741196726e-09
1.722752022301428e-09
1.874176090089600e-09
2.094616755709340e-09
2.380995734108211e-09
2.803901007298209e-09
3.306467891774298e-09
3.997619642438043e-09
4.945977802483810e-09
6.189141102531932e-09
7.835078462296600e-09
1.000856236679563e-08
1.290202294074946e-08
1.671871181029463e-08
2.176110576070930e-08
2.845416023860761e-08
3.727925057830995e-08
4.841889426219222e-08
6.443005269140488e-08
8.436308646261183e-08
1.113103113551041e-07
1.468123131365145e-07
1.937450937069167e-07
2.556322936186762e-07
3.376753235654239e-07
4.464270002376019e-07
5.872551583617232e-07
7.737038160783519e-07
1.018426678928452e-06
1.342159345520019e-06
1.766616240468760e-06
2.324444974277359e-06
3.055887850833266e-06
4.017551059896804e-06
5.278477995915332e-06
6.928658062406323e-06
9.100926722040978e-06
1.191772879368201e-05
1.560745245202605e-05
2.042748639719170e-05
2.672855178443047e-05
3.494796202063364e-05
4.564428065175052e-05
5.961204476640708e-05
7.776140575751387e-05
1.013935265379292e-04
1.320871152597545e-04
1.719834510286615e-04
2.238280842100541e-04
2.909356480493203e-04
3.779944745773097e-04
4.907300370658435e-04
6.378720775029249e-04
8.285493636805332e-04
1.075240218449805e-03
1.395294489246364e-03
1.811317183821390e-03
2.351335516659687e-03
3.051356313470316e-03
3.964046174254732e-03
5.152881979454970e-03
6.700424806982796e-03
8.717752675436006e-03
1.135507206475746e-02
1.481591918024520e-02
1.935465634874994e-02
2.529918654111281e-02
3.306864669000271e-02
4.323867887398839e-02
5.646443883662875e-02
7.359646746085766e-02
9.578287580877895e-02
1.243476923611387e-01
1.608453871437215e-01
2.067415675720543e-01
2.634207606535815e-01
3.319168055034816e-01
4.122840224116670e-01
5.032908987550209e-01
6.022239725843603e-01
7.046725679608195e-01
8.099348008507016e-01
9.720924755640991e-01
###2.000000000000000e+00
5.132902235338904e-11
-4.912064278894966e-09
4.283872146898412e-10
5.787455852369257e-09
4.327192079033187e-08
9.593994295612408e-10
1.286242648491228e-09
1.923640261121275e-09
1.816618390227095e-09
1.717881939862745e-09
1.668298730857517e-09
1.590535705986681e-09
1.687775563564597e-09
1.823346944894404e-09
5.789750845330087e-09
2.077978638325719e-09
1.985139679541533e-09
2.017708046358560e-09
2.121875836781329e-09
2.283876784794579e-09
2.507524241014916e-09
2.839913553533886e-09
3.295093426345547e-09
3.847179998956019e-09
4.600493761727337e-09
5.631408028219288e-09
6.980871840472431e-09
8.766318554040930e-09
1.112497305831820e-08
1.426343920813291e-08
1.842125297121963e-08
2.386468430528130e-08
3.111861833962789e-08
4.069227636955186e-08
5.270198237772921e-08
7.008634475063521e-08
9.166366123301958e-08
1.209022714183924e-07
1.594262010547729e-07
2.103633815221563e-07
2.775307890416818e-07
3.667033855462482e-07
4.848778046698794e-07
6.377540057765093e-07
8.405226719438617e-07
1.106625103196985e-06
1.459097409493657e-06
1.920937337235495e-06
2.528260301674413e-06
3.325366372073690e-06
4.373969761665343e-06
5.749261590442608e-06
7.550638435567806e-06
9.924743029353445e-06
1.300233922132476e-05
1.703681164811959e-05
2.231147821494764e-05
2.921565827288125e-05
3.822839489365380e-05
4.996508874933309e-05
6.532168448967513e-05
8.529354925225404e-05
1.113346570123156e-04
1.452072128966481e-04
1.893040487679526e-04
2.467115978960114e-04
3.211387810949927e-04
4.178753261388465e-04
5.434000426936370e-04
7.077071569630643e-04
9.209184313400319e-04
1.197776469248469e-03
1.557673591669048e-03
2.026621674750244e-03
2.636792314701084e-03
3.428606822247342e-03
4.467004920067155e-03
5.818811259099811e-03
7.582836248021814e-03
9.886337344819239e-03
1.289966937896202e-02
1.686302404116586e-02
2.205763418083736e-02
2.886406664785965e-02
3.774762054404020e-02
4.935036717100810e-02
6.438416250166831e-02
8.378556437050515e-02
1.087519551370045e-01
1.406661969913948e-01
1.810404318573267e-01
2.312204152438901e-01
2.922979542590848e-01
3.648315891008281e-01
4.481965551488959e-01
5.403423251120003e-01
6.377663152902652e-01
7.355995308058657e-01
8.327116804154869e-01
9.758582126259030e-01
###2.400000000000000e+00
9.191466906668996e-11
-4.834987585935307e-09
5.035458086541124e-10
5.856547821207405e-09
4.268123752387590e-08
1.141398566556789e-09
1.545507621175180e-09
2.282854036467198e-09
2.161128134435642e-09
2.054021808692994e-09
2.010811244277046e-09
1.947856595532031e-09
2.052140594308294e-09
2.199206908202051e-09
5.847536481600590e-09
2.489634480843570e-09
2.397634693251037e-09
2.434136964117203e-09
2.550223805639372e-09
2.728705406510368e-09
2.978133656518827e-09
3.340450873170099e-09
3.834364667068727e-09
4.442583895585728e-09
5.265654765957488e-09
6.386416301071666e-09
7.851494592180565e-09
9.795823194818058e-09
1.235225137256935e-08
1.575730862846528e-08
2.025935624454325e-08
2.617565468121503e-08
3.403608864432349e-08
4.440708760101947e-08
5.738736594651264e-08
7.627102373440908e-08
9.966240710326935e-08
1.313795331778392e-07
1.732008169481955e-07
2.284869226009696e-07
3.014477506817538e-07
3.983445572422410e-07
5.267561036156802e-07
6.928187055873239e-07
9.134541796566296e-07
1.203009645902598e-06
1.586809787854312e-06
2.089619798471107e-06
2.751236343848431e-06
3.620332007718633e-06
4.764195406559725e-06
6.265267030855781e-06
8.232760376013135e-06
1.082882635304986e-05
1.419402116284037e-05
1.860866163656818e-05
2.438617154963379e-05
3.195668933703255e-05
4.185045198384429e-05
5.474288074226920e-05
7.164246384475673e-05
9.364313724665943e-05
1.223730870046796e-04
1.597968973367872e-04
2.085971741485468e-04
2.722343602717921e-04
3.548739143503842e-04
4.625062274296105e-04
6.024494328044768e-04
7.860912685843440e-04
1.024797762947861e-03
1.335715176341646e-03
1.740616019127932e-03
2.269477203338817e-03
2.958955252110725e-03
3.854718491468063e-03
5.033212912093956e-03
6.570337576204927e-03
8.577766830568337e-03
1.120342481249620e-02
1.463691108242348e-02
1.915777082895313e-02
2.508043452287936e-02
3.283151057367933e-02
4.292483425845076e-02
5.607111936410068e-02
7.303094188453307e-02
9.480937339681673e-02
1.226415322633368e-01
1.579380829313113e-01
2.021039719285501e-01
2.563348083935035e-01
3.213823731894734e-01
3.972873629080873e-01
4.828168213423242e-01
5.752264329774293e-01
6.704858188063471e-01
7.635147781275109e-01
8.529318856598850e-01
9.791594935492340e-01
###2.800000000000000e+00
1.554134200045812e-10
-4.766828333434951e-09
5.976277819222351e-10
5.920949742950350e-09
4.210962697470545e-08
1.331593950140715e-09
1.816667219284850e-09
2.644464124521650e-09
2.530624831274258e-09
2.409020737216095e-09
2.370669750953246e-09
2.310934026311103e-09
2.426087912134132e-09
2.594483298317511e-09
5.950879890228235e-09
2.918024318138856e-09
2.826469173455406e-09
2.879126280461638e-09
3.010294493278686e-09
3.211759709471505e-09
3.489706124782266e-09
3.888049447201976e-09
4.427218345138365e-09
5.097543092838645e-09
5.997970964277842e-09
7.216712482962395e-09
8.813540207307409e-09
1.092409695544287e-08
1.370311980124769e-08
1.739485037885710e-08
2.228234252118855e-08
2.869964564861434e-08
3.722578439099514e-08
4.847343364923278e-08
6.260942496158027e-08
8.300612357410558e-08
1.084412153527320e-07
1.428527555230538e-07
1.882357031687507e-07
2.482737104407212e-07
3.275528177272638e-07
4.328746021307340e-07
5.724553371322740e-07
7.529643646430699e-07
9.931159906787439e-07
1.308357242128257e-06
1.726346684265663e-06
2.274215347014298e-06
2.995235376228052e-06
3.943307453035281e-06
5.191715962726405e-06
6.830859787888688e-06
8.981374697648132e-06
1.182166445535768e-05
1.550403867357851e-05
2.033927216165885e-05
2.667239344067973e-05
3.498153869669957e-05
4.585076159578668e-05
6.002650700989590e-05
7.864338450705857e-05
1.029049059743982e-04
1.346329387053206e-04
1.760584615644767e-04
2.300896017116571e-04
3.007108406625501e-04
3.925798353050921e-04
5.124938882328160e-04
6.686274851976577e-04
8.740481580054469e-04
1.141528152157636e-03
1.490759400489735e-03
1.946437641674551e-03
2.542847674789801e-03
3.321613877077292e-03
4.334826751210545e-03
5.670562260536373e-03
7.415489536638360e-03
9.695634477942663e-03
1.268021891229387e-02
1.658094009906616e-02
2.171717523708203e-02
2.843804539083015e-02
3.721934666501187e-02
4.861913464922821e-02
6.341524240554032e-02
8.240883175974403e-02
1.066599910755062e-01
1.374269792861573e-01
1.760966264720667e-01
2.239593436198575e-01
2.819930597934077e-01
3.505930769603314e-01
4.292955503032285e-01
5.162837841374927e-01
6.082920940223971e-01
7.009111179296514e-01
7.890083376141371e-01
8.710869801713093e-01
9.820697979385952e-01
###3.200000000000000e+00
2.068589227353729e-10
-4.690582033160787e-09
7.055254174665070e-10
5.972850553750236e-09
4.155408908365274e-08
1.536175639019452e-09
2.094698478808077e-09
3.024482274508099e-09
2.904604060142644e-09
2.786810570551745e-09
2.735426965963852e-09
2.683075112170428e-09
2.812638223828790e-09
3.006151718188789e-09
6.108451383379439e-09
3.365847119523157e-09
3.285136972393066e-09
3.353018265049685e-09
3.504972343532639e-09
3.732094841332155e-09
4.044669731654011e-09
4.484579098006888e-09
5.073148856513063e-09
5.813853594900439e-09
6.800079429876728e-09
8.130516150748506e-09
9.867762598313041e-09
1.216610703334855e-08
1.518798030597694e-08
1.918512838593061e-08
2.449985277196550e-08
3.147097678645178e-08
4.071639969829677e-08
5.290641387694247e-08
6.834806958989377e-08
9.039196854553264e-08
1.180324468679065e-07
1.553481046620143e-07
2.046685057090574e-07
2.698851250058214e-07
3.560309070544184e-07
4.705713612698029e-07
6.223155211301678e-07
8.186220361038075e-07
1.080120474163986e-06
1.423438447781809e-06
1.878916090185091e-06
2.476153232553017e-06
3.262463231195042e-06
4.297371398441187e-06
5.660499764884386e-06
7.451627665576064e-06
9.803910927795487e-06
1.291273714833466e-05
1.694433945998181e-05
2.224557807086624e-05
2.919569065948151e-05
3.832144866643202e-05
5.027388657914540e-05
6.587650803344642e-05
8.640304676885363e-05
1.131862130322461e-04
1.482608715228460e-04
1.942016884700513e-04
2.540431133906433e-04
3.324930020478508e-04
4.347255291049587e-04
5.684276543332175e-04
7.427914770671525e-04
9.726871347591339e-04
1.272533121891817e-03
1.664894561772190e-03
2.177691076864341e-03
2.849985203932977e-03
3.729239788717845e-03
4.874161926589941e-03
6.386066723086070e-03
8.362809494359301e-03
1.094671664710222e-02
1.432955943831084e-02
1.874676571665414e-02
2.455892107172485e-02
3.215143643654411e-02
4.204607155696601e-02
5.484914376208305e-02
7.139571822897557e-02
9.252560030086483e-02
1.193307906634925e-01
1.530759428468074e-01
1.950961846107729e-01
2.465359856875320e-01
3.081195940187670e-01
3.798677763026994e-01
4.608378402506600e-01
5.486919116019836e-01
6.397435991396255e-01
7.293294312191282e-01
8.124030926352879e-01
8.874633754461082e-01
9.846459033067739e-01
###3.600000000000000e+00
3.714263605190256e-10
-4.607879583066048e-09
7.789608850493922e-10
6.040672212328047e-09
4.102452876275183e-08
1.763778882534754e-09
2.377328550670471e-09
3.416139061837063e-09
3.269648457814166e-09
3.149414039060025e-09
3.110312960592491e-09
3.079317303339475e-09
3.214624014730027e-09
3.440409994294222e-09
6.298104834837749e-09
3.836168358679826e-09
3.770822027016626e-09
3.859061638540960e-09
4.034612395507876e-09
4.292094195670552e-09
4.645652696829202e-09
5.133022123950571e-09
5.778778933781046e-09
6.595716477218941e-09
7.676882322826304e-09
9.129629310299890e-09
1.102170875250658e-08
1.352648185756482e-08
1.681272885861719e-08
2.115894586653578e-08
2.692829402607214e-08
3.449703693545542e-08
4.454655887798313e-08
5.776222474601622e-08
7.459225487519938e-08
9.838839593424366e-08
1.284861097454176e-07
1.689947787259511e-07
2.226174609410856e-07
2.934851327575170e-07
3.871258639177696e-07
5.117273500701355e-07
6.767444431020509e-07
8.906608779303865e-07
1.175249903571680e-06
1.549315525460650e-06
2.045785713505023e-06
2.697212926241954e-06
3.555161223909478e-06
4.685434902191035e-06
6.174915427953292e-06
8.133549890132731e-06
1.070746133817114e-05
1.411282718047717e-05
1.852930492198175e-05
2.434701561524055e-05
3.198209140452382e-05
4.201266479006259e-05
5.516598506003817e-05
7.235812764227682e-05
9.500932651405689e-05
1.245990692508846e-04
1.634161205828739e-04
2.143901364866244e-04
2.807518019839117e-04
3.679686962277059e-04
4.818189069198080e-04
6.309879846795658e-04
8.257973584625106e-04
1.083199031586038e-03
1.419437826520562e-03
1.860213712173596e-03
2.437130607873119e-03
3.194570167190344e-03
4.186301478593014e-03
5.478718139337251e-03
7.187027796020626e-03
9.421669145940229e-03
1.234217243360736e-02
1.616462454902712e-02
2.114978357107875e-02
2.770096438046496e-02
3.623847752838489e-02
4.733244137974332e-02
6.163197462340192e-02
8.002778629023058e-02
1.033816818518494e-01
1.328136327964500e-01
1.695664309563906e-01
2.148978535362130e-01
2.697687061262681e-01
3.346455956218989e-01
4.091540138024350e-01
4.918998883996442e-01
5.800880301178056e-01
6.696895543466941e-01
7.559169060248347e-01
8.339006121385576e-01
9.022368194811059e-01
9.869245526778245e-01
###4.000000000000000e+00
4.861481381227903e-10
-4.494292716504335e-09
9.200482482315238e-10
6.115258093990104e-09
4.047998533725795e-08
1.975648479413781e-09
2.664628290748696e-09
3.793627624794789e-09
3.642622920168399e-09
3.522122080293320e-09
3.498518837543403e-09
3.492330968888036e-09
3.634407693102434e-09
3.883762712309767e-09
6.533412892968924e-09
4.331075916014640e-09
4.290354249870605e-09
4.397679382910331e-09
4.602917511292654e-09
4.898666772926959e-09
5.295407500276012e-09
5.835272613020835e-09
6.546905072531790e-09
7.455314162938709e-09
8.638598906548079e-09
1.021979047967878e-08
1.228966417627991e-08
1.501793573571608e-08
1.859694245930347e-08
2.332326241501299e-08
2.958812352469420e-08
3.780865695443140e-08
4.871146228316859e-08
6.307172471138345e-08
8.131031871696232e-08
1.070802921106224e-07
1.399240662639935e-07
1.839190296859849e-07
2.422490604079258e-07
3.192488554736344e-07
4.210930891818024e-07
5.566207627123362e-07
7.361658589955719e-07
9.693673359565284e-07
1.279238269157703e-06
1.686982514222899e-06
2.228500220371487e-06
2.939279694204736e-06
3.875867519063398e-06
5.111082882579541e-06
6.739559892574794e-06
8.884012649460528e-06
1.170065354396090e-05
1.543354711815569e-05
2.027663961778017e-05
2.666638083513815e-05
3.505851445116362e-05
4.609217686750504e-05
6.058086490664333e-05
7.954007223666912e-05
1.045590294818286e-04
1.372815623837874e-04
1.802768869583091e-04
2.368688652069970e-04
3.105260060066525e-04
4.075666142745891e-04
5.344230916315497e-04
7.009216567827559e-04
9.186926350541555e-04
1.206880782942635e-03
1.583932530836111e-03
2.079036252470644e-03
2.727749664822726e-03
3.580452177859248e-03
4.697936612984835e-03
6.158080060282485e-03
8.081507616337821e-03
1.060160855132167e-02
1.389418580198241e-02
1.819929303538327e-02
2.380652051342568e-02
3.116024187944402e-02
4.071818566782667e-02
5.309682062201178e-02
6.898526347154404e-02
8.932022681070151e-02
1.149864156492466e-01
1.470989659645501e-01
1.868677396834527e-01
2.354499208431421e-01
2.936053590836612e-01
3.615034278215034e-01
4.383946745713380e-01
5.224513783239978e-01
6.104723291001523e-01
6.981843222999587e-01
7.807693429608524e-01
8.536252294235811e-01
9.155409148935679e-01
9.889417906462716e-01
###4.399999999999999e+00
5.982221609172630e-10
-4.385033835247524e-09
1.036773059093484e-09
6.199447472931678e-09
3.995570803456840e-08
2.204573721867932e-09
2.991537324097297e-09
4.171984297793141e-09
4.023163868322596e-09
3.909223090102298e-09
3.909811728301091e-09
3.914318943370195e-09
4.075231573117956e-09
4.352653408838424e-09
6.809145644583159e-09
4.850428285903983e-09
4.834890500608096e-09
4.972133436242913e-09
5.212305635480430e-09
5.549479404257844e-09
5.995389075589707e-09
6.593891040609030e-09
7.382877970021281e-09
8.381576225407121e-09
9.684135105555247e-09
1.141206282296401e-08
1.367122847702873e-08
1.663270061195149e-08
2.054151725131010e-08
2.568915921634256e-08
3.249847262030914e-08
4.143434709408620e-08
5.330392728333934e-08
6.886894451369780e-08
8.866712099806115e-08
1.165794488618866e-07
1.524137270534304e-07
2.002434154799246e-07
2.636064960454363e-07
3.473893466159598e-07
4.581809405191235e-07
6.057117932478258e-07
8.010799940914449e-07
1.055315672525845e-06
1.393007629427762e-06
1.837736216957682e-06
2.428508287892955e-06
3.204480739356770e-06
4.227600075403451e-06
5.578255796495911e-06
7.359649071681036e-06
9.708798207538960e-06
1.279435638330900e-05
1.688730612248056e-05
2.220229289600465e-05
2.922486335978139e-05
3.845750503398896e-05
5.060611872320895e-05
6.657735660505284e-05
8.750651143962329e-05
1.151586302431805e-04
1.513723082328305e-04
1.990308109275864e-04
2.618777142207571e-04
3.437185582461444e-04
4.517332367489507e-04
5.931770710684485e-04
7.790584670388140e-04
1.022551818527236e-03
1.345241736063358e-03
1.767943663443033e-03
2.323754604164678e-03
3.052629580703421e-03
4.011621064475239e-03
5.269127503191310e-03
6.914905063676738e-03
9.077428744455883e-03
1.191277245852698e-02
1.561422842143874e-02
2.044805882118148e-02
2.673247372310527e-02
3.495447716782961e-02
4.560992484804052e-02
5.935661601875060e-02
7.692267359195834e-02
9.927873123438616e-02
1.273335754245285e-01
1.621756050391057e-01
2.049577016492818e-01
2.567115474890301e-01
3.179818588306519e-01
3.886279921053020e-01
4.675027575461020e-01
5.524312432059384e-01
6.398186754045883e-01
7.252469372269893e-01
8.039439179300377e-01
8.716645928518728e-01
9.274673897521510e-01
9.907064050422809e-01
###4.800000000000000e+00
7.043161948036791e-10
-4.288654199214252e-09
1.188608963468479e-09
6.268971441651881e-09
3.945308494026159e-08
2.432813804753287e-09
3.296697094146960e-09
4.566905969020029e-09
4.416117941548211e-09
4.336354839796508e-09
4.326365881548548e-09
4.352271579626369e-09
4.548553012989733e-09
4.841145918816087e-09
7.128702180997046e-09
5.398345229529492e-09
5.413933781614387e-09
5.586611604171000e-09
5.864295223486599e-09
6.249122145378755e-09
6.749765199590330e-09
7.417616266829283e-09
8.287503233948402e-09
9.389377871701121e-09
1.082496359914465e-08
1.271455072330695e-08
1.517975742397767e-08
1.841501267873838e-08
2.267020898633010e-08
2.827319668849604e-08
3.567547576707411e-08
4.540149203524309e-08
5.829313106124177e-08
7.520845561355991e-08
9.672869698672646e-08
1.269751424581947e-07
1.660669475763398e-07
2.180698166967747e-07
2.869257358781817e-07
3.781217120813448e-07
4.987445774629494e-07
6.593900125321582e-07
8.720455912947457e-07
1.148797387711492e-06
1.517541163650267e-06
2.002732755175962e-06
2.647646669603221e-06
3.495336194182001e-06
4.613373488796945e-06
6.091197914708483e-06
8.041161767876916e-06
1.061580350448653e-05
1.399825334707001e-05
1.848939049432528e-05
2.432707051536175e-05
3.204858922839749e-05
4.221419774112494e-05
5.559964990910535e-05
7.322185799873701e-05
9.634043683143428e-05
1.269249966569622e-04
1.670357856948720e-04
2.198982525298939e-04
2.897241096526261e-04
3.807118483033196e-04
5.010042907783102e-04
6.587325598862956e-04
8.663221819221290e-04
1.138568494452893e-03
1.499795579016448e-03
1.973539097629185e-03
2.596990414136529e-03
3.415308857363366e-03
4.492462809504560e-03
5.905412849582790e-03
7.756118821292085e-03
1.018330304953314e-02
1.336536795631270e-02
1.751498107529021e-02
2.292512922761561e-02
2.994379460251991e-02
3.910112766812666e-02
5.093035740637427e-02
6.612973012854556e-02
8.545983105455655e-02
1.099200031660931e-01
1.404290365432133e-01
1.780309303775864e-01
2.238012716717697e-01
2.786158026152342e-01
3.428318802825185e-01
4.159406815050724e-01
4.964305503324771e-01
5.817775587832720e-01
6.681008155862058e-01
7.508772332695800e-01
8.254851757968815e-01
8.880995676824688e-01
9.381102985593703e-01
9.922396996061730e-01
###5.200000000000000e+00
7.925992030000952e-10
-4.202450482909152e-09
1.317532969775219e-09
6.422850691724431e-09
3.898024530672302e-08
2.672925380956045e-09
3.597211040110422e-09
4.954138978821469e-09
4.809903626783569e-09
4.753490839292935e-09
4.761786317758911e-09
4.813021607548034e-09
5.045861656377719e-09
5.350870119702223e-09
7.491052062349760e-09
5.971151896408119e-09
6.027618757137437e-09
6.238486792067541e-09
6.561958144589431e-09
6.998006594782919e-09
7.561309329917454e-09
8.306251651633622e-09
9.266530674139879e-09
1.048456028430329e-08
1.206195939853201e-08
1.413366651222635e-08
1.682748114989661e-08
2.035615561933707e-08
2.499449319274815e-08
3.108388564154976e-08
3.914567918282485e-08
4.973121217142210e-08
6.373797518031962e-08
8.212238111232336e-08
1.056477824663447e-07
1.383992727011696e-07
1.809655940821165e-07
2.375280453673726e-07
3.123874095923265e-07
4.116633557903481e-07
5.430686450011664e-07
7.180300724633704e-07
9.496324701137930e-07
1.251164892343912e-06
1.653762876728637e-06
2.183516140315266e-06
2.887755438483943e-06
3.814368151871825e-06
5.036788015892112e-06
6.654541113914142e-06
8.790299261668205e-06
1.161355462547436e-05
1.532445466148416e-05
2.025644319198476e-05
2.667299940449305e-05
3.516955938087752e-05
4.636876754428068e-05
6.112930808082690e-05
8.058491765977172e-05
1.061406496012275e-04
1.399895280856701e-04
1.844444029349936e-04
2.431117726227038e-04
3.207168860710417e-04
4.219257535159551e-04
5.559076616928566e-04
7.318438696212296e-04
9.636701005653368e-04
1.268004140253845e-03
1.672231597294871e-03
2.202857409073403e-03
2.901652590127259e-03
3.819376288295950e-03
5.027670554758738e-03
6.612631496223520e-03
8.689251078153061e-03
1.140817842065278e-02
1.497017063395074e-02
1.960893067613691e-02
2.564503209541491e-02
3.345780736337476e-02
4.362034296661171e-02
5.669994992535138e-02
7.343597175548770e-02
9.460998778942276e-02
1.212504941114910e-01
1.542661145880678e-01
1.946499413570344e-01
2.433729123594587e-01
3.011317016886860e-01
3.680870135348021e-01
4.433593251274958e-01
5.251027327138901e-01
6.104286259037409e-01
6.952668350883661e-01
7.750608117240577e-01
8.454208301791051e-01
9.029938138585770e-01
9.475509117276498e-01
9.935753588032790e-01
###5.600000000000001e+00
8.758276289791044e-10
-4.078055413295072e-09
1.434997917899529e-09
6.503481009781961e-09
3.852807685958613e-08
2.926086289690301e-09
3.929606162469126e-09
5.350389677034004e-09
5.208629093243266e-09
5.194924573780991e-09
5.209491524636699e-09
5.296853274693691e-09
5.550035658994584e-09
5.899370071224481e-09
7.905494084254586e-09
6.579166799990822e-09
6.678744458566832e-09
6.932664436552221e-09
7.314839483623086e-09
7.801690922228667e-09
8.436340340444564e-09
9.263764092912824e-09
1.032458652341839e-08
1.167006246640699e-08
1.340803546451612e-08
1.567367189313677e-08
1.861991131229972e-08
2.247289635848347e-08
2.752916045536259e-08
3.413616606446062e-08
4.293236938594607e-08
5.444400824609334e-08
6.968602065845948e-08
8.968269603191101e-08
1.152718237905655e-07
1.508681878308042e-07
1.971933433880518e-07
2.587713482016015e-07
3.402896087421920e-07
4.483450072479809e-07
5.915296317987091e-07
7.821464962426604e-07
1.034499750066990e-06
1.363203135786844e-06
1.802997789436269e-06
2.381667418860745e-06
3.151124180937428e-06
4.164352057699152e-06
5.501827255390680e-06
7.274732609956813e-06
9.614677534463541e-06
1.271228059285218e-05
1.678643005870785e-05
2.220480783200370e-05
2.926296347517286e-05
3.861908355472498e-05
5.096218869674436e-05
6.725358052031918e-05
8.874861652933046e-05
1.170164936824341e-04
1.545057365530240e-04
2.037930120194885e-04
2.689270252025861e-04
3.552022707264497e-04
4.678258000329981e-04
6.170868884445082e-04
8.133284152514946e-04
1.072191294018181e-03
1.412235031701637e-03
1.864430055127879e-03
2.458321010903470e-03
3.240796410471195e-03
4.268658014302809e-03
5.622078700377372e-03
7.397141953717461e-03
9.721695441195152e-03
1.276098144706245e-02
1.673843860441706e-02
2.190966048761457e-02
2.862358431838180e-02
3.729077628305291e-02
4.852876689058565e-02
6.293442831510554e-02
8.128753595862163e-02
1.043887666285455e-01
1.332783070305782e-01
1.688412769183019e-01
2.120114183778566e-01
2.636293723704575e-01
3.242130301312265e-01
3.936720572155020e-01
4.708065741043314e-01
5.534157696106934e-01
6.383090073416728e-01
7.212685564168847e-01
7.977916270767740e-01
8.637819089078261e-01
9.164103311773130e-01
9.558648801528223e-01
9.947286017354530e-01
###6.000000000000001e+00
9.122944544615082e-10
-3.958173386581176e-09
1.592449595304235e-09
6.586793923278701e-09
3.808235503160604e-08
3.183191035872172e-09
4.260062671427564e-09
5.758964822477558e-09
5.623476907749812e-09
5.635111694330627e-09
5.672845288606217e-09
5.792386558634353e-09
6.079535578539709e-09
6.457807727835344e-09
8.352606020123826e-09
7.217191738972565e-09
7.365112558566953e-09
7.673127194153227e-09
8.108762161809715e-09
8.665527290215828e-09
9.377041576961449e-09
1.029680294210855e-08
1.146846754308680e-08
1.295178645778951e-08
1.486400772575318e-08
1.735061025360990e-08
2.056859642832725e-08
2.477779810646134e-08
3.028444461693766e-08
3.747198009939886e-08
4.707195022232701e-08
5.958751196657330e-08
7.617538164396761e-08
9.793841606906012e-08
1.257893967372605e-07
1.645012142943586e-07
2.149083661024781e-07
2.820027924190937e-07
3.708149389473776e-07
4.884502002450160e-07
6.444970829869790e-07
8.523145326681687e-07
1.127346470090747e-06
1.486030212278160e-06
1.966561230650612e-06
2.598997365057626e-06
3.440115527101171e-06
4.548573470037730e-06
6.013187286539937e-06
7.956799110913600e-06
1.052199561643493e-05
1.392208131972183e-05
1.839754175815471e-05
2.435479111798366e-05
3.212364553827938e-05
4.243203298899292e-05
5.603211720321479e-05
7.403795291077165e-05
9.780017969715927e-05
1.290801973310513e-04
1.706183484420708e-04
2.252960136529704e-04
2.976369361460340e-04
3.935712894097518e-04
5.189126668496315e-04
6.852200654529145e-04
9.040694414627560e-04
1.193021535176506e-03
1.572855160072620e-03
2.078284208366970e-03
2.742405289499815e-03
3.617685314749404e-03
4.767356110753904e-03
6.280973964449330e-03
8.265312940396228e-03
1.086196078028776e-02
1.425161970420985e-02
1.868142188879010e-02
2.442993198047705e-02
3.187594423982434e-02
4.145996593916162e-02
5.384234022279491e-02
6.965384786834923e-02
8.970271816161990e-02
1.148030312025999e-01
1.460006319593924e-01
1.841453755708250e-01
2.300879608154589e-01
2.845345587692689e-01
3.477901873971944e-01
4.195304927093930e-01
4.981930677965350e-01
5.812829590958294e-01
6.653365550629485e-01
7.460576583613604e-01
8.190607460519442e-01
8.806100996590412e-01
9.284308203512771e-01
9.631368869570771e-01
9.956978624611480e-01
###6.400000000000001e+00
1.024094040400394e-09
-3.838615607435632e-09
1.729684688996839e-09
6.709549750543481e-09
3.767063736882331e-08
3.453225784131024e-09
4.595148902195676e-09
6.178309027468005e-09
6.063274081827504e-09
6.098145803420368e-09
6.145735762784345e-09
6.311170932251079e-09
6.627566978522046e-09
7.039722785919215e-09
8.850543149940865e-09
7.886137951934323e-09
8.090392123977159e-09
8.453479254912666e-09
8.954563626319280e-09
9.585650754032051e-09
1.038454385691430e-08
1.140603113442833e-08
1.270254161152218e-08
1.433774593494647e-08
1.644198504427442e-08
1.916621738645657e-08
2.268667361574424e-08
2.727731845839074e-08
3.329071801160894e-08
4.110739336309106e-08
5.157623985807923e-08
6.519000550361241e-08
8.325581176599816e-08
1.069361123236801e-07
1.372708494633169e-07
1.793636349623166e-07
2.342875766191603e-07
3.074039904660959e-07
4.040875813594008e-07
5.322713615673683e-07
7.024378427312421e-07
9.290891879958314e-07
1.229010872482720e-06
1.620783138288795e-06
2.145827371346652e-06
2.837366903235122e-06
3.757310632756761e-06
4.970852415320785e-06
6.575809989145004e-06
8.707218014672848e-06
1.152104898503378e-05
1.525589543370899e-05
2.017463694574117e-05
2.672910598142646e-05
3.528533298439324e-05
4.664931654350412e-05
6.164696726219753e-05
8.155119645871471e-05
1.078362914757789e-04
1.424691297530771e-04
1.885113890628705e-04
2.491848017706397e-04
3.295484882945213e-04
4.362367976525042e-04
5.757242759040490e-04
7.610145761817689e-04
1.004984840729855e-03
1.327397144744669e-03
1.751480815530618e-03
2.315916220705804e-03
3.057822523178128e-03
4.035746559081835e-03
5.319983573466351e-03
7.009786428928197e-03
9.223804080412845e-03
1.211822714301532e-02
1.589041345850091e-02
2.081176779173867e-02
2.718442028390257e-02
3.541752924009738e-02
4.598277605620333e-02
5.958001938191738e-02
7.687231741827674e-02
9.869329625695406e-02
1.258621294834301e-01
1.594199638355780e-01
2.001639688561745e-01
2.488541315204693e-01
3.060385995981411e-01
3.718124716408026e-01
4.455715887425618e-01
5.254273326649045e-01
6.086132188698262e-01
6.914497631497384e-01
7.695996059057096e-01
8.388634485560467e-01
8.959361100417630e-01
9.391219180666321e-01
9.694452275449126e-01
9.965253645674305e-01
###6.800000000000002e+00
1.133426307118009e-09
-3.702718421054896e-09
1.883442096476791e-09
6.819853776999807e-09
3.723525278031007e-08
3.715651964672688e-09
4.937064488565076e-09
6.610294786110978e-09
6.507446497745728e-09
6.564054143229575e-09
6.647790002952472e-09
6.854644068678485e-09
7.208443366247615e-09
7.660369506369756e-09
9.385605832136791e-09
8.599602433017601e-09
8.857668466379657e-09
9.286966866283753e-09
9.855077269947294e-09
1.056773556693970e-08
1.146292866384307e-08
1.259854394544242e-08
1.403072784612818e-08
1.583702235879843e-08
1.814734114938564e-08
2.113103561448192e-08
2.498579247330960e-08
3.000327892398481e-08
3.656320864878537e-08
4.509517504295241e-08
5.647646934478749e-08
7.130134538603768e-08
9.097981928431699e-08
1.167664684540488e-07
1.498177674041565e-07
1.955894044511500e-07
2.554912305675468e-07
3.351477001823460e-07
4.404710874017445e-07
5.802465464996693e-07
7.658521062821137e-07
1.013125866161389e-06
1.340356960919991e-06
1.769040595740610e-06
2.342378087092773e-06
3.098819784772845e-06
4.105646879300419e-06
5.434906537161579e-06
7.194619998573154e-06
9.533078541626724e-06
1.262171565167520e-05
1.672595923818869e-05
2.213570543771894e-05
2.935121492744418e-05
3.878022846155636e-05
5.131418545423573e-05
6.786403577571200e-05
8.987473630652180e-05
1.189605378671642e-04
1.573224163152673e-04
2.083746357763725e-04
2.757165137341005e-04
3.650155446565791e-04
4.836439867272638e-04
6.388802244385371e-04
8.452663322660921e-04
1.117171913128571e-03
1.476693632227534e-03
1.949775254226738e-03
2.579687101368352e-03
3.407562543380034e-03
4.498683037638489e-03
5.931036275252564e-03
7.814596007650634e-03
1.027998562718790e-02
1.349969667596404e-02
1.768742417351750e-02
2.314137900148001e-02
3.018672377885536e-02
3.926353717800946e-02
5.087375303411091e-02
6.575916234669898e-02
8.460626262418655e-02
1.082712044693744e-01
1.375720257893355e-01
1.735340100067078e-01
2.168902728171887e-01
2.682836368605058e-01
3.280948682551446e-01
3.961969407819870e-01
4.717042430474167e-01
5.524321435839091e-01
6.353290585017979e-01
7.165682925937086e-01
7.918421379402245e-01
8.572095935141462e-01
9.098196466569994e-01
9.485649142683055e-01
9.748746094221801e-01
9.972195440820902e-01
###7.200000000000002e+00
1.226856082785321e-09
-3.579722258257258e-09
2.001697518507980e-09
6.931871283203499e-09
3.684947565757747e-08
3.991875171215991e-09
5.277596717697726e-09
7.044659442796458e-09
6.958673592888499e-09
7.045200274741636e-09
7.167446689305755e-09
7.411749704048816e-09
7.805401469520591e-09
8.300768656560817e-09
9.960250862078610e-09
9.341771359890173e-09
9.666474540606264e-09
1.016743844764741e-08
1.081392826059608e-08
1.161804702330197e-08
1.261586184013068e-08
1.387732400435770e-08
1.545810613437290e-08
1.744951478973774e-08
1.998448018412343e-08
2.325882008959731e-08
2.747662425936637e-08
3.295955590438344e-08
4.012105318724224e-08
4.943091296048009e-08
6.181778627323353e-08
7.796653254575668e-08
9.940247344205402e-08
1.274461617460006e-07
1.635442721263081e-07
2.133205547514998e-07
2.786730393955354e-07
3.654816839304953e-07
4.802894976891205e-07
6.327887764723288e-07
8.352444072449816e-07
1.105113927474417e-06
1.462349314263747e-06
1.931545575432681e-06
2.558024414034834e-06
3.386057812046383e-06
4.488320097492483e-06
5.945364523211776e-06
7.875259518408619e-06
1.044276176295194e-05
1.383451465839904e-05
1.834776064030297e-05
2.430069345682202e-05
3.224667455012024e-05
4.264320064332030e-05
5.647532561147489e-05
7.475019684314550e-05
9.909914883143274e-05
1.312956342483709e-04
1.737973580218812e-04
2.304213632774775e-04
3.051793270009553e-04
4.043876520363104e-04
5.363066752111182e-04
7.090453102951576e-04
9.388313678429528e-04
1.241727489066745e-03
1.642356903660114e-03
2.169675116045054e-03
2.871829621240985e-03
3.794736383627420e-03
5.010493065606758e-03
6.605605179151691e-03
8.701392417195510e-03
1.144139662729602e-02
1.501462194061205e-02
1.965373437203821e-02
2.568270418915025e-02
3.345140069404071e-02
4.342991273300661e-02
5.615153190006306e-02
7.239604298738010e-02
9.286976066929292e-02
1.184481325712891e-01
1.499359608813942e-01
1.883344311607094e-01
2.342934940188464e-01
2.883341297685117e-01
3.506523110980974e-01
4.208780959168201e-01
4.978574392671730e-01
5.791049975886881e-01
6.613431137309133e-01
7.406326817077173e-01
8.127657149223947e-01
8.741143717441187e-01
9.223174602157228e-01
9.568460599238974e-01
9.795052071448974e-01
9.977923231596533e-01
###7.600000000000002e+00
1.324362646948700e-09
-3.437243838149869e-09
2.118286487057646e-09
7.055976182269435e-09
3.647973247280273e-08
4.283213992478741e-09
5.650397643707769e-09
7.481954422149342e-09
7.428010477098834e-09
7.544402672282548e-09
7.705990366118401e-09
7.991761861019368e-09
8.427669238147919e-09
8.976594513307632e-09
1.057995350706219e-08
1.012093163348781e-08
1.052089226846833e-08
1.110021531523305e-08
1.183500249313186e-08
1.273536009758890e-08
1.384807767434981e-08
1.524475397269439e-08
1.699114859355880e-08
1.918440260778379e-08
2.197071191436207e-08
2.555845384846855e-08
3.017253618710832e-08
3.616839947003012e-08
4.398282000203503e-08
5.414869359322720e-08
6.763570099013944e-08
8.523376250389384e-08
1.085725270190492e-07
1.391379230717102e-07
1.785202427801522e-07
2.327157579947782e-07
3.040230031820262e-07
3.986313996924978e-07
5.238251944575350e-07
6.903017098523688e-07
9.112486920921553e-07
1.205921263846711e-06
1.596115143549791e-06
2.109704079245620e-06
2.794780347186902e-06
3.701450443627667e-06
4.908986883484167e-06
6.506834097912506e-06
8.624566527048681e-06
1.144486163309238e-05
1.517227241458588e-05
2.013694598153253e-05
2.669173987132202e-05
3.544717293994839e-05
4.691539195821679e-05
6.218679639470039e-05
8.237540885599912e-05
1.093194721856300e-04
1.449685794700099e-04
1.920691556674541e-04
2.548724790341107e-04
3.378638701871038e-04
4.480790742111372e-04
5.947513304479941e-04
7.868981634087793e-04
1.042612290302511e-03
1.379846363804722e-03
1.825998089490496e-03
2.413293092685631e-03
3.195232897868316e-03
4.222607847190321e-03
5.575344234651361e-03
7.348712381774581e-03
9.676604373128752e-03
1.271605301090550e-02
1.667350546858613e-02
2.180061748055259e-02
2.844879686053396e-02
3.699302150094665e-02
4.793345974706353e-02
6.183157885968454e-02
7.950535557787275e-02
1.016759814196604e-01
1.292327456064586e-01
1.629560629641383e-01
2.038121752482394e-01
2.523555462430077e-01
3.089656279937928e-01
3.736488402057357e-01
4.457832986477265e-01
5.239325826621273e-01
6.053526570307199e-01
6.865701826916499e-01
7.635843341771660e-01
8.323525038849352e-01
8.895991039885192e-01
9.334912766860731e-01
9.640518148381603e-01
9.834236378792252e-01
9.982674566408398e-01
###8.000000000000002e+00
1.407042727984978e-09
-3.302955871496367e-09
2.276484798844941e-09
7.180646397639768e-09
3.612388834171949e-08
4.569785720769444e-09
6.035888758077297e-09
7.931517739715705e-09
7.901997139169528e-09
8.067470586988694e-09
8.292727005684626e-09
8.607495292936056e-09
9.078876849914839e-09
9.676130332376907e-09
1.124693071275172e-08
1.094287176169560e-08
1.142386233320184e-08
1.208549961718745e-08
1.291589466769049e-08
1.393190376311698e-08
1.516443978719855e-08
1.671105380284374e-08
1.863786477131871e-08
2.105329036587499e-08
2.411528860381853e-08
2.804935789690245e-08
3.310212208434873e-08
3.964799836500694e-08
4.817402093595896e-08
5.927405860350089e-08
7.396650773660154e-08
9.315599687565545e-08
1.185921407770133e-07
1.519207800301382e-07
1.948875650104078e-07
2.539156755197093e-07
3.317061617359294e-07
4.348732254671205e-07
5.714593415120899e-07
7.532487703718263e-07
9.945327234608672e-07
1.316337980437038e-06
1.742875810280811e-06
2.305182460706909e-06
3.054889662695833e-06
4.048140739937710e-06
5.371567327020525e-06
7.124515249662571e-06
9.449965165553606e-06
1.254884564972554e-05
1.664700866713893e-05
2.211090257824709e-05
2.933026383674083e-05
3.898387535347995e-05
5.163896298557181e-05
6.850623481764800e-05
9.082219566253323e-05
1.206423726406422e-04
1.601184548126253e-04
2.123258765581109e-04
2.819928990680039e-04
3.741130215865392e-04
4.965490243663956e-04
6.595779608760646e-04
8.732278998065327e-04
1.157673406125105e-03
1.532856650615927e-03
2.029270852388923e-03
2.682692912250358e-03
3.552497281861371e-03
4.694617919248948e-03
6.197754384687912e-03
8.166307249999746e-03
1.074695584194529e-02
1.411223355859845e-02
1.848760818588826e-02
2.413940368066662e-02
3.145350693261153e-02
4.082580522033142e-02
5.278907780920636e-02
6.792982326178511e-02
8.710085924608099e-02
1.110379369406219e-01
1.406297100196902e-01
1.766283604254551e-01
2.199551335854707e-01
2.710506833397747e-01
3.301379293787883e-01
3.970257993465619e-01
4.708289641623614e-01
5.498519305967112e-01
6.310945568322498e-01
7.109403598059330e-01
7.853833230817368e-01
8.505946866659115e-01
9.037032435533670e-01
9.434165903353264e-01
9.702761865151528e-01
9.867089469977942e-01
9.986627931562208e-01
###8.400000000000002e+00
1.512192181151733e-09
-3.114976385441089e-09
2.418635406402721e-09
7.319691386642331e-09
3.578537194540282e-08
4.865999422079151e-09
6.424270364054680e-09
8.420407109108059e-09
8.392744695089915e-09
8.590381718187798e-09
8.867294329306386e-09
9.239701931850758e-09
9.759762471412529e-09
1.041808112736325e-08
1.196033824953005e-08
1.181108103692426e-08
1.237642597620460e-08
1.312999755351416e-08
1.406441778673687e-08
1.520054912636085e-08
1.657099249671175e-08
1.828037953658042e-08
2.040412870592883e-08
2.306278166694947e-08
2.642355209672297e-08
3.073116848895314e-08
3.626006314364290e-08
4.341603027514779e-08
5.272116804485249e-08
6.484734597385879e-08
8.086439251233752e-08
1.017820548931931e-07
1.294997062833582e-07
1.658528054801642e-07
2.127618388285068e-07
2.771003807406855e-07
3.619601967374626e-07
4.745314829506255e-07
6.235701228674377e-07
8.221785452945987e-07
1.085774515236150e-06
1.437446486125615e-06
1.903824269367627e-06
2.519661845750922e-06
3.340425712674252e-06
4.429159538329698e-06
5.880278457088256e-06
7.804286808621215e-06
1.035892859348891e-05
1.376586478905470e-05
1.827389044232445e-05
2.429078576202222e-05
3.224669209911952e-05
4.289230213645088e-05
5.686407601679758e-05
7.549850841431775e-05
1.001939608470316e-04
1.331806510076769e-04
1.769015675968572e-04
2.347720675780720e-04
3.120577761276972e-04
4.142979548753752e-04
5.502571411600468e-04
7.314016130353774e-04
9.688534576230731e-04
1.285073222063346e-03
1.702194932793049e-03
2.254033774361264e-03
2.980208011615302e-03
3.946628796307802e-03
5.214744922620616e-03
6.882244115973710e-03
9.063886496027598e-03
1.191970965571723e-02
1.563847170137783e-02
2.046571143068644e-02
2.668211096103828e-02
3.470898442057242e-02
4.496467058561101e-02
5.801078368760858e-02
7.446212526139419e-02
9.519872950760269e-02
1.209646673858042e-01
1.526471548004808e-01
1.909545918116642e-01
2.367487458086540e-01
2.903449180616693e-01
3.518012943092246e-01
4.207110500034907e-01
4.959378656927840e-01
5.755232111649674e-01
6.562447172354456e-01
7.343780130993867e-01
8.059858971179606e-01
8.674915718178808e-01
9.164786383667368e-01
9.521734091622462e-01
9.756072060911585e-01
9.894358451525929e-01
9.989607766855150e-01
###8.800000000000002e+00
1.617488900356741e-09
-3.019115934111230e-09
2.583523133238987e-09
7.455524775616937e-09
3.546437757470279e-08
5.181676687541471e-09
6.830274777038606e-09
8.892311169199641e-09
8.909357020444833e-09
9.140069984795077e-09
9.470042304017171e-09
9.893898856934051e-09
1.046823538648228e-08
1.119007201589042e-08
1.272115185771321e-08
1.272201383263604e-08
1.338196571676537e-08
1.423589408128670e-08
1.528010807050172e-08
1.654627152652539e-08
1.806998911070542e-08
1.995685435024693e-08
2.229773273404498e-08
2.522175017745270e-08
2.891211140548842e-08
3.362591245119035e-08
3.967739507491978e-08
4.749757965875441e-08
5.765606640666088e-08
7.089878383724514e-08
8.836575822225221e-08
1.111714923670463e-07
1.413506192831502e-07
1.810594543643584e-07
2.322781221595677e-07
3.024486874362231e-07
3.949795345293382e-07
5.178904163575149e-07
6.806663108882476e-07
8.975279912804092e-07
1.185694938084634e-06
1.570307207157741e-06
2.080354487593448e-06
2.755131089790720e-06
3.654177059479527e-06
4.848129324022026e-06
6.440132377607533e-06
8.552726591674311e-06
1.136066124267243e-05
1.510731586306347e-05
2.006920764556033e-05
2.670116447856053e-05
3.546789189189329e-05
4.721243251333124e-05
6.264334551278500e-05
8.323692492252541e-05
1.105771533256955e-04
1.470660386748033e-04
1.954950296787885e-04
2.596426274566996e-04
3.453585781094829e-04
4.588248169113017e-04
6.097481256294946e-04
8.109376167870077e-04
1.074709828123608e-03
1.425938480014602e-03
1.889352216358567e-03
2.502188729949386e-03
3.308431716526291e-03
4.380721358779911e-03
5.786974103276784e-03
7.633959477258026e-03
1.004756216791154e-02
1.320213480067668e-02
1.730340920906449e-02
2.261734028580440e-02
2.944210699161150e-02
3.823077026596888e-02
4.942448377319264e-02
6.361588521090580e-02
8.143663427028709e-02
1.038111031791806e-01
1.314670468644163e-01
1.652844308466853e-01
2.059208686894910e-01
2.541670434498201e-01
3.102033374288918e-01
3.739035664940396e-01
4.446390187635996e-01
5.210250849533873e-01
6.008550397809983e-01
6.807241269009093e-01
7.568327536240024e-01
8.253710726248770e-01
8.830646135642116e-01
9.279715641562700e-01
9.598437761597532e-01
9.801375609878683e-01
9.916796328484294e-01
9.992065846548542e-01
###9.200000000000003e+00
1.734889882260650e-09
-2.839880589997386e-09
2.760021410966748e-09
7.621140243352896e-09
3.517198534172351e-08
5.503672030429890e-09
7.251947483024460e-09
9.385151814664795e-09
9.426355003008370e-09
9.705533020167879e-09
1.009096178291500e-08
1.057175487965050e-08
1.121088054882962e-08
1.199407426206265e-08
1.352850962083938e-08
1.368160494790457e-08
1.444430062903522e-08
1.540952872153499e-08
1.657244616559413e-08
1.798366427360329e-08
1.966951047399264e-08
2.175288825584126e-08
2.433073276852553e-08
2.754376455700609e-08
3.158995466206056e-08
3.674999336309459e-08
4.337291003075087e-08
5.191977725472882e-08
6.301755557761801e-08
7.747474887767175e-08
9.651999832817986e-08
1.213940700435554e-07
1.542927552742429e-07
1.976508107987976e-07
2.535992897407075e-07
3.301269207173937e-07
4.311116622226039e-07
5.653363872380440e-07
7.432003982095580e-07
9.801313048042302e-07
1.295315036017835e-06
1.715973040650488e-06
2.274197422683809e-06
3.013744231502495e-06
3.999125434157365e-06
5.308984140811376e-06
7.056356673381248e-06
9.377218750720419e-06
1.246419812724019e-05
1.658716997562274e-05
2.204986446568892e-05
2.935999084664178e-05
3.902721727764661e-05
5.198732944278075e-05
6.903303774338458e-05
9.179814686334725e-05
1.220618622177745e-04
1.624365071390295e-04
2.160782561853082e-04
2.871784069152441e-04
3.822315648733684e-04
5.081018473429210e-04
6.755935694549472e-04
8.988996406663181e-04
1.191721151991001e-03
1.581649121860211e-03
2.095926797380767e-03
2.775875994137864e-03
3.669951504690899e-03
4.858236892288148e-03
6.415530157125769e-03
8.458048908982574e-03
1.112347444787784e-02
1.460217958173361e-02
1.911679898671286e-02
2.495398762463886e-02
3.243003446784279e-02
4.203026444145438e-02
5.421968965390468e-02
6.961962952398933e-02
8.887232972352248e-02
1.129463581018848e-01
1.425485841157662e-01
1.785410729460232e-01
2.215202842282699e-01
2.721910481677054e-01
3.305806948059223e-01
3.963839112553555e-01
4.687381242023084e-01
5.460131095395639e-01
6.257653391346062e-01
7.044439128825314e-01
7.782448118258528e-01
8.435133577161342e-01
8.973353632002141e-01
9.382512272398195e-01
9.665134789537939e-01
9.839549529193957e-01
9.935070943301103e-01
9.993983166616547e-01
###9.600000000000003e+00
1.783285200273392e-09
-2.696954448999143e-09
2.931175681872990e-09
7.805821633729176e-09
3.489463661729474e-08
5.827844680329719e-09
7.680725161746164e-09
9.879687022144064e-09
9.965583956831318e-09
1.029096679626818e-08
1.074093389273928e-08
1.128046520055058e-08
1.198469583375628e-08
1.284267756522604e-08
1.438637218648557e-08
1.469055896511243e-08
1.556380689415731e-08
1.664611407181532e-08
1.794277348270125e-08
1.950712446910702e-08
2.137030685487587e-08
2.367169222438540e-08
2.650572739638704e-08
3.003573076265920e-08
3.447344208641339e-08
4.011796849904482e-08
4.736774767432869e-08
5.670660550159071e-08
6.883030062413275e-08
8.461517733842025e-08
1.053800478040138e-07
1.325268312987901e-07
1.683990142912933e-07
2.157331405324659e-07
2.768717501435642e-07
3.604068539432774e-07
4.706394129229274e-07
6.172627368277698e-07
8.116432856166608e-07
1.070705700987604e-06
1.415551411189422e-06
1.875839969375525e-06
2.487118278973404e-06
3.297910800834393e-06
4.378408372183858e-06
5.816125080519445e-06
7.734811229533080e-06
1.028553745406918e-05
1.368076016133843e-05
1.821881014057316e-05
2.423688198176996e-05
3.229256731427149e-05
4.295889417825370e-05
5.726485657494474e-05
7.609801492393977e-05
1.012708484448010e-04
1.347657402005451e-04
1.794405141951875e-04
2.388547062741287e-04
3.176404350633465e-04
4.230135748044386e-04
5.626054982122810e-04
7.483528823661339e-04
9.961035689648142e-04
1.320920517078434e-03
1.753452214561580e-03
2.323690992511427e-03
3.077348561135991e-03
4.067619261490536e-03
5.382807805430311e-03
7.104807304172201e-03
9.359943720107729e-03
1.229903181880846e-02
1.612803373174129e-02
2.108796508011763e-02
2.748630654239401e-02
3.565840982358644e-02
4.612308538350028e-02
5.936601971709668e-02
7.603190710037463e-02
9.679269080026967e-02
1.226180562217215e-01
1.542162206281440e-01
1.924154866191935e-01
2.377379375720511e-01
2.907925210156465e-01
3.514452819423864e-01
4.191869867088507e-01
4.929339841091157e-01
5.708137562275043e-01
6.501706187166141e-01
7.273501931185393e-01
7.985760355345292e-01
8.604149368991448e-01
9.103382405403330e-01
9.473855513552514e-01
9.722713976462751e-01
9.871428181026213e-01
9.949807097309775e-01
9.995472679853893e-01
###1.000000000000000e+01
1.920021178862728e-09
-2.540060483201120e-09
3.080422267903639e-09
7.982586173450449e-09
3.464345658968274e-08
6.165283227557880e-09
8.126120243500490e-09
1.038886150062324e-08
1.051485434258689e-08
1.090216621582565e-08
1.140888906166518e-08
1.202043058159532e-08
1.278941629195968e-08
1.372434111352716e-08
1.529534301116453e-08
1.575417456925471e-08
1.674424004112498e-08
1.795598215518694e-08
1.939665222695359e-08
2.112643881760869e-08
2.318492481849942e-08
2.572144241520842e-08
2.883659878380668e-08
3.272291203339975e-08
3.757502759094442e-08
4.375147025206817e-08
5.168132417183676e-08
6.188760740266171e-08
7.513024220878282e-08
9.235881183697459e-08
1.150196455126874e-07
1.446469364261680e-07
1.837621684713365e-07
2.353691327636099e-07
3.022881857526561e-07
3.934984035741118e-07
5.138796170817550e-07
6.741075736327631e-07
8.866377467489518e-07
1.169973468953050e-06
1.547343701091009e-06
2.051278926895291e-06
2.720852294079654e-06
3.610165647202989e-06
4.795529974249293e-06
6.374060393312143e-06
8.481786828024143e-06
1.128637644648159e-05
1.502138072939849e-05
2.001889933656867e-05
2.664962251512576e-05
3.553099644368199e-05
4.730146709487053e-05
6.309769502832207e-05
8.391048057233022e-05
1.117474010084885e-04
1.488049578321083e-04
1.982464830034216e-04
2.640499512925818e-04
3.513255855191088e-04
4.681002978142930e-04
6.228397128974214e-04
8.287624645299573e-04
1.103431728517542e-03
1.463501911832908e-03
1.942848064773639e-03
2.574549876305769e-03
3.408962879575051e-03
4.504487306790589e-03
5.958178554535614e-03
7.859341108971617e-03
1.034562236165095e-02
1.358103652745795e-02
1.778805036149523e-02
2.322681426821813e-02
3.022680660647622e-02
3.914058124290763e-02
5.052232768673329e-02
6.487729930352654e-02
8.287005908031900e-02
1.051968395575798e-01
1.328358424168426e-01
1.664737270744517e-01
2.069007364102657e-01
2.545608345314171e-01
3.099373407213042e-01
3.727389065378062e-01
4.422452826290328e-01
5.171494668275354e-01
5.953446983838105e-01
6.739958905591538e-01
7.493765403954027e-01
8.177926303136548e-01
8.760752031091522e-01
9.221214943345015e-01
9.554498089266947e-01
9.772051178281896e-01
9.897836481792440e-01
9.961574036325680e-01
9.996688236133140e-01
###1.040000000000000e+01
2.052316382149224e-09
-2.386736646210899e-09
3.269700897025503e-09
8.180485002412537e-09
3.439805455109354e-08
6.515113538140637e-09
8.581829546315817e-09
1.090879273307797e-08
1.108578339980854e-08
1.153760154496483e-08
1.210326901702610e-08
1.278592290235601e-08
1.363683432410423e-08
1.464777276672976e-08
1.623721534942709e-08
1.688254300880988e-08
1.798884458726380e-08
1.933873564166782e-08
2.093627588458236e-08
2.284705150330407e-08
2.511913582396846e-08
2.790990923187956e-08
3.133177824263005e-08
3.559769605986783e-08
4.091552192906893e-08
4.766575775637384e-08
5.634120624207377e-08
6.749076236540094e-08
8.195465674165570e-08
1.007665374516813e-07
1.255130923119207e-07
1.578404131727619e-07
2.004933045343794e-07
2.568926839431026e-07
3.300664145639655e-07
4.296506839597479e-07
5.612120362066425e-07
7.363454530679999e-07
9.688729409038975e-07
1.278880417378779e-06
1.691994090804735e-06
2.243926374256846e-06
2.977753098757845e-06
3.953485569477157e-06
5.254417088982495e-06
6.987881165849653e-06
9.304524419391058e-06
1.238905301737196e-05
1.649979787815892e-05
2.200488426584574e-05
2.931221143030925e-05
3.910700863743170e-05
5.209933971262710e-05
6.954320344955567e-05
9.254505781649807e-05
1.233262151336964e-04
1.643137111431404e-04
2.190386032164821e-04
2.918957053530394e-04
3.885594978464880e-04
5.179264303774629e-04
6.893656290081902e-04
9.175060607874174e-04
1.221814108884036e-03
1.620650095885934e-03
2.151342983066347e-03
2.850417664604358e-03
3.773256984019246e-03
4.983612739377122e-03
6.588310805813151e-03
8.684271535366111e-03
1.142125580722673e-02
1.497646769179558e-02
1.959074823497018e-02
2.554324959714438e-02
3.318468294251203e-02
4.289011516295647e-02
5.524208669011616e-02
7.076767616288859e-02
9.014863281523432e-02
1.140989287928829e-01
1.436068162524114e-01
1.793203499438668e-01
2.219902481293910e-01
2.719870683394766e-01
3.295952926404031e-01
3.944144467608305e-01
4.654985287667398e-01
5.413082641121060e-01
6.195224197672672e-01
6.971649298052608e-01
7.704668732696773e-01
8.358710546658442e-01
8.905147919189873e-01
9.327349673093351e-01
9.625205957507115e-01
9.814001333057613e-01
9.919514560468811e-01
9.970874769687893e-01
9.997529056075320e-01
###1.080000000000000e+01
2.173657816524613e-09
-2.223751303512314e-09
3.446328241650589e-09
8.370490732630307e-09
3.419098717046243e-08
6.875305812199429e-09
9.054830609020533e-09
1.144647141186946e-08
1.167389787205222e-08
1.218812388297464e-08
1.282896668890664e-08
1.359903424515793e-08
1.451537248167341e-08
1.561786652440653e-08
1.721686778934307e-08
1.806077758725865e-08
1.930113388810204e-08
2.079723793118517e-08
2.256881660259709e-08
2.467346567134263e-08
2.718221357666732e-08
3.024466163195199e-08
3.399831500740463e-08
3.867097515132666e-08
4.450053552494235e-08
5.187670341683744e-08
6.136648043836553e-08
7.355410351511713e-08
8.934903874969563e-08
1.098956654785906e-07
1.369119424264039e-07
1.722011396654504e-07
2.187927863899129e-07
2.803870207118346e-07
3.604070639679175e-07
4.691527260445763e-07
6.129966960638840e-07
8.045254954645778e-07
1.058952644904738e-06
1.398183861767495e-06
1.850747927661913e-06
2.455421046936302e-06
3.259931208084110e-06
4.330887213477530e-06
5.759207672220309e-06
7.663892562034354e-06
1.021052510594378e-05
1.360473683986048e-05
1.813003819220769e-05
2.419601033339155e-05
3.225141792339599e-05
4.305501774450686e-05
5.739730716448589e-05
7.666379318015762e-05
1.020890399762560e-04
1.361172761402523e-04
1.814526479633614e-04
2.420140008903064e-04
3.226573782384769e-04
4.296867408920265e-04
5.729235617902710e-04
7.627757708115503e-04
1.015376495058639e-03
1.352274656365171e-03
1.793646190466589e-03
2.380693180470750e-03
3.153473264450895e-03
4.172850494802523e-03
5.508481739338424e-03
7.277344391598225e-03
9.584592064561527e-03
1.259279885010101e-02
1.649347822011001e-02
2.154586490470080e-02
2.804812446564547e-02
3.637045332628400e-02
4.691929578463865e-02
6.029679427663792e-02
7.705456587283045e-02
9.788030038169990e-02
1.235091731982869e-01
1.549339565720146e-01
1.927556864767085e-01
2.376705576750538e-01
2.899571826337066e-01
3.497223212018523e-01
4.164207350866371e-01
4.888773328624438e-01
5.653376817070449e-01
6.432805906619063e-01
7.196104991800065e-01
7.905766255983500e-01
8.527971435544857e-01
9.037526399443188e-01
9.422322383443335e-01
9.686763080986760e-01
9.849374042487298e-01
9.937142640211519e-01
9.978140725559936e-01
9.998258320470668e-01
###1.120000000000000e+01
2.299186023969591e-09
-2.057689997769378e-09
3.617190896152589e-09
8.561847207948925e-09
3.399561096946452e-08
7.241509206797201e-09
9.544444363265750e-09
1.199980535963763e-08
1.227786255780587e-08
1.286493671545596e-08
1.358084730900640e-08
1.443023605503982e-08
1.543896593353042e-08
1.662828057662055e-08
1.828746129799969e-08
1.930015678711774e-08
2.068490027046521e-08
2.234221733750288e-08
2.429738352284202e-08
2.661336456400119e-08
2.937404098740172e-08
3.273523890822738e-08
3.685142408762435e-08
4.196578847559034e-08
4.834994201674582e-08
5.641783747105648e-08
6.679403064730853e-08
8.011135307287910e-08
9.736249781723725e-08
1.198074305325254e-07
1.492987033864799e-07
1.878332382607933e-07
2.387177299997008e-07
3.060312821543928e-07
3.935590213409357e-07
5.123560057893510e-07
6.696648438901060e-07
8.791657561534251e-07
1.157647128520875e-06
1.529088216874194e-06
2.025049529524972e-06
2.687592589912465e-06
3.570062601605899e-06
4.745806478141581e-06
6.314657690442747e-06
8.408274113994298e-06
1.120872443005445e-05
1.494411270298836e-05
1.992729240083534e-05
2.661271110230636e-05
3.549432157349558e-05
4.741176966432246e-05
6.324687285343387e-05
8.452653159383048e-05
1.126369689016058e-04
1.502475547047970e-04
2.003807520336852e-04
2.673797761670122e-04
3.566176545645673e-04
4.750714288417211e-04
6.335853601123017e-04
8.436916543199851e-04
1.123163476213338e-03
1.495879304429497e-03
1.983883604081853e-03
2.632582063719853e-03
3.485885103355070e-03
4.610609689269587e-03
6.082641951652486e-03
8.029855274111411e-03
1.056595153258866e-02
1.386705235504185e-02
1.813951690993730e-02
2.366172218240104e-02
3.075206734332560e-02
3.979985493468179e-02
5.124126399343137e-02
6.569939297158686e-02
8.374802731596145e-02
1.060793157783188e-01
1.334407356449137e-01
1.668212808886781e-01
2.067736506246507e-01
2.539274644362142e-01
3.084518729223534e-01
3.702778136362109e-01
4.386950953016696e-01
5.123074123234675e-01
5.891501142472990e-01
6.665345796978439e-01
7.412672574867388e-01
8.096681037057339e-01
8.685672393742986e-01
9.158269661822392e-01
9.506843514262435e-01
9.739994334747709e-01
9.878969788494616e-01
9.951351594384857e-01
9.983765886888816e-01
9.998751194336755e-01
###1.160000000000000e+01
2.432843077574766e-09
-1.871687914027265e-09
3.813265181825202e-09
8.756469135741038e-09
3.381063111921209e-08
7.622331606856977e-09
1.004501964883950e-08
1.256622754703903e-08
1.290674170762516e-08
1.357244993422631e-08
1.436374641774864e-08
1.529683344071498e-08
1.639911842035562e-08
1.769024514727762e-08
1.942744373213899e-08
2.060153273591981e-08
2.214241464298168e-08
2.397234473683035e-08
2.612841687367951e-08
2.867198478154859e-08
3.170671402453385e-08
3.539263497017589e-08
3.990154308210871e-08
4.549806502157346e-08
5.248997475547924e-08
6.130725798323570e-08
7.264583263896400e-08
8.720133043544313e-08
1.060519115021349e-07
1.305569233726595e-07
1.627639863133914e-07
2.048524088809862e-07
2.604659991108595e-07
3.339991025914921e-07
4.297972208129948e-07
5.596312388086553e-07
7.316310650781294e-07
9.609722526468902e-07
1.265977791483569e-06
1.672810285923973e-06
2.216321377950332e-06
2.942847124465508e-06
3.911023461958741e-06
5.202148845173475e-06
6.926043829447314e-06
9.228010841116545e-06
1.230878857362062e-05
1.642051712426831e-05
2.190847506159457e-05
2.927697970064400e-05
3.907292400433721e-05
5.222150801123348e-05
6.970439638214692e-05
9.320668585550823e-05
1.242787465268819e-04
1.658425477110367e-04
2.212772984115317e-04
2.953645843968189e-04
3.940831060000990e-04
5.251920688820012e-04
7.004580510572994e-04
9.328302955141452e-04
1.241839531190854e-03
1.653797694823111e-03
2.192859820730234e-03
2.909009748302427e-03
3.850198736411640e-03
5.089728749944737e-03
6.709907295424666e-03
8.850260802242717e-03
1.163409654851055e-02
1.525108620900897e-02
1.992362689500693e-02
2.594829311626068e-02
3.366597059354386e-02
4.348557923041461e-02
5.586810978655767e-02
7.146274628495890e-02
9.085848769846143e-02
1.147525698804561e-01
1.439031144742973e-01
1.792704710639560e-01
2.213681522316160e-01
2.707422009529779e-01
3.274403459840120e-01
3.912188217668175e-01
4.611780823987015e-01
5.357215250711074e-01
6.126765206673710e-01
6.892114455947490e-01
7.620809207316606e-01
8.277083041545478e-01
8.831872478533374e-01
9.267724410278911e-01
9.581539428435598e-01
9.785684277076148e-01
9.903530584954634e-01
9.962688573331012e-01
9.988067182811332e-01
9.999139600371919e-01
###1.200000000000001e+01
2.570693815415704e-09
-1.688563972975519e-09
4.014308806671874e-09
8.968143128661701e-09
3.364949024174229e-08
8.015884868298472e-09
1.057378043191707e-08
1.315820383507554e-08
1.355582086572038e-08
1.429769779490802e-08
1.517466131858665e-08
1.619761541171042e-08
1.740153603751834e-08
1.879816271325607e-08
2.060320277364066e-08
2.198853791723660e-08
2.367992672644482e-08
2.569554408628189e-08
2.806589884280285e-08
3.085678928895258e-08
3.419041433214095e-08
3.822645136758412e-08
4.316097616134303e-08
4.928288300734706e-08
5.693067516167047e-08
6.656627913502644e-08
7.895819826719367e-08
9.486276928685496e-08
1.154507511055777e-07
1.422287578970295e-07
1.774080056280332e-07
2.233740276706684e-07
2.841743812391063e-07
3.645202132647897e-07
4.693549284904911e-07
6.113033787681287e-07
7.995025339596267e-07
1.050554095961492e-06
1.384589977961031e-06
1.830532912086136e-06
2.426293394636780e-06
3.223477096316561e-06
4.285965298069698e-06
5.704287768052555e-06
7.599212387726553e-06
1.013071300224374e-05
1.352023042385645e-05
1.804726792624191e-05
2.409503149114964e-05
3.221564984227568e-05
4.302032863787284e-05
5.753060748736931e-05
7.682905255396859e-05
1.027856334268005e-04
1.371237738751663e-04
1.830524331272253e-04
2.443319067311220e-04
3.262448475993864e-04
4.354006700807089e-04
5.804240910631530e-04
7.740935927566586e-04
1.030923599505725e-03
1.372287296318775e-03
1.827235222382566e-03
2.422199633922256e-03
3.211955359375034e-03
4.248979542839129e-03
5.613222939876586e-03
7.394370389145147e-03
9.744017002354216e-03
1.279494017518769e-02
1.675181180417671e-02
2.185286959056957e-02
2.841558908725016e-02
3.680120906558783e-02
4.743846175707175e-02
6.081978457363389e-02
7.760151676719854e-02
9.839903749857176e-02
1.239120156397136e-01
1.548952944150454e-01
1.922799925405393e-01
2.365286577303450e-01
2.880942530319705e-01
3.468848126077612e-01
4.124858996502571e-01
4.838130831291722e-01
5.590474628693187e-01
6.358459465403911e-01
7.112472967428279e-01
7.819976502625005e-01
8.446763689009176e-01
8.966693429484178e-01
9.366408934323015e-01
9.647125979614972e-01
9.824588227046814e-01
9.923731510552746e-01
9.971646125308327e-01
9.991315800746471e-01
9.999422623869533e-01
###1.240000000000001e+01
2.719606846023888e-09
-1.499486919838351e-09
4.231533763808991e-09
9.196068716490104e-09
3.350539511409461e-08
8.431900132556064e-09
1.111380183578988e-08
1.376318587834932e-08
1.422561813307048e-08
1.505237791824629e-08
1.602073180610354e-08
1.714054068466538e-08
1.843183798273228e-08
1.995884948611795e-08
2.186787013187361e-08
2.342610957052640e-08
2.529995470685273e-08
2.751544201893466e-08
3.011764840589281e-08
3.317575456255755e-08
3.682795878404405e-08
4.122986230389445e-08
4.664781407756385e-08
5.333604905664166e-08
6.169867796575315e-08
7.223057876443842e-08
8.576937949275881e-08
1.031389323626423e-07
1.256343612721963e-07
1.548894585845414e-07
1.932314743680521e-07
2.435428259321215e-07
3.100084394425855e-07
3.978563431089403e-07
5.126099058108005e-07
6.678581997325961e-07
8.738498273505503e-07
1.148766346524928e-06
1.514765173268679e-06
2.003648225014639e-06
2.656973929644066e-06
3.531678977574182e-06
4.697667327448641e-06
6.256698660698493e-06
8.339774126154846e-06
1.112475598886481e-05
1.485508375904069e-05
1.984067162311191e-05
2.650578261936601e-05
3.545786944878128e-05
4.737463035898164e-05
6.338578410197228e-05
8.469165925974833e-05
1.133527738369637e-04
1.512942898550591e-04
2.020335035958926e-04
2.697519997517076e-04
3.602733943757576e-04
4.809046054252000e-04
6.412196562653063e-04
8.551376644794497e-04
1.138775048237651e-03
1.515658485030975e-03
2.017603343716702e-03
2.673562399655686e-03
3.543626427797217e-03
4.684880756846635e-03
6.184640605541617e-03
8.140010708522875e-03
1.071575029066165e-02
1.405486648506963e-02
1.837666786654695e-02
2.393701985183114e-02
3.107347381923888e-02
4.016903320912676e-02
5.167230773844968e-02
6.610457569863719e-02
8.412865206826554e-02
1.063833088237635e-01
1.335642826507221e-01
1.664126181759109e-01
2.058481882743236e-01
2.522433738895534e-01
3.059553477154039e-01
3.667499059403891e-01
4.340339524790724e-01
5.065232728522399e-01
5.822110753535256e-01
6.585803000028563e-01
7.325756444345864e-01
8.009843594293464e-01
8.605635587632549e-01
9.090396494360214e-01
9.454854016667052e-01
9.704342814324767e-01
9.857480116732119e-01
9.940189120188860e-01
9.978625713910330e-01
9.993714666511886e-01
9.999611872965627e-01
###1.280000000000001e+01
2.886653141468256e-09
-1.304347101797134e-09
4.450761511685732e-09
9.426504898030521e-09
3.338623335547749e-08
8.854656217354663e-09
1.167490885296260e-08
1.438995695800837e-08
1.492711676759088e-08
1.583381304924787e-08
1.689771298921896e-08
1.812953708689946e-08
1.951665503984831e-08
2.117365871261188e-08
2.319716468792976e-08
2.494006937290305e-08
2.700575421058728e-08
2.943766592001129e-08
3.228761093639696e-08
3.563729609387630e-08
3.963416589666781e-08
4.445016899526869e-08
5.034963198808073e-08
5.768040721667417e-08
6.682034109137809e-08
7.833200473984771e-08
9.311992647774899e-08
1.120938691735870e-07
1.366661166514312e-07
1.686238583364938e-07
2.105340267379672e-07
2.654654390482376e-07
3.381723214739477e-07
4.342422231943520e-07
5.598885635373117e-07
7.297506056581935e-07
9.552529254478299e-07
1.256428744932686e-06
1.657594399955478e-06
2.193663108953762e-06
2.910409696595724e-06
3.870529584903152e-06
5.149634008783329e-06
6.864652407551282e-06
9.155099797823186e-06
1.221973935697778e-05
1.632604433874529e-05
2.181712268464333e-05
2.916339238961992e-05
3.903307416641946e-05
5.217547706263837e-05
6.984238343997659e-05
9.336030635971741e-05
1.250050148634635e-04
1.669133686977621e-04
2.229541539333100e-04
2.977577468061867e-04
3.977594194374546e-04
5.309961293944027e-04
7.081056905610789e-04
9.442323661753376e-04
1.257225568424560e-03
1.672958170892589e-03
2.226239257415106e-03
2.948781881847095e-03
3.906243117993529e-03
5.160852881041167e-03
6.807320472038341e-03
8.951344875251904e-03
1.177114229643593e-02
1.542016772155087e-02
2.013366106436039e-02
2.618450136012157e-02
3.393298578963095e-02
4.378061954563191e-02
5.619854257539244e-02
7.173252737850859e-02
9.105382969125987e-02
1.148196293469768e-01
1.437164314795384e-01
1.784659122028149e-01
2.199660478901082e-01
2.684918952622287e-01
3.242994527327832e-01
3.869949181716962e-01
4.558085708581356e-01
5.292519628371428e-01
6.051422697974653e-01
6.808090323161288e-01
7.531467150586546e-01
8.190056570295067e-01
8.753730500268060e-01
9.203296098329917e-01
9.533638816573494e-01
9.753906711762326e-01
9.885078999514375e-01
9.953504017241841e-01
9.984057667989722e-01
9.995514858148874e-01
9.999802314727099e-01
###1.320000000000001e+01
3.053053624398260e-09
-1.108995316385458e-09
4.687329107714211e-09
9.673522536986596e-09
3.328771441608518e-08
9.291088562931607e-09
1.225117344813561e-08
1.504192588996640e-08
1.564744707756568e-08
1.664540700861237e-08
1.780950543788752e-08
1.915106708838073e-08
2.065801361513180e-08
2.244514058239077e-08
2.459875284526273e-08
2.653365438407660e-08
2.880543381201420e-08
3.146783248951398e-08
3.458425929194746e-08
3.824849699176870e-08
4.261762079264510e-08
4.788118965234273e-08
5.432885778261454e-08
6.233414889134402e-08
7.231332414677841e-08
8.489769450838107e-08
1.010471581036609e-07
1.217748968453619e-07
1.486216866675324e-07
1.835306608366156e-07
2.293502128737834e-07
2.893861119510282e-07
3.688671304979889e-07
4.739441937837217e-07
6.115899674070723e-07
7.974663716844886e-07
1.044435776332874e-06
1.374402091924999e-06
1.814320704731166e-06
2.402354684451352e-06
3.188865366967985e-06
4.242885320412983e-06
5.647536127004449e-06
7.533144234316011e-06
1.005275902457988e-05
1.342563365245949e-05
1.794572635886653e-05
2.399527709790062e-05
3.209195145076534e-05
4.297321474290593e-05
5.746799575099678e-05
7.694694327166475e-05
1.029141112475558e-04
1.378495879186083e-04
1.841227423821602e-04
2.460036396277940e-04
3.286035428338988e-04
4.390225596378600e-04
5.861219471097412e-04
7.816371371997518e-04
1.042097002181945e-03
1.387256991160924e-03
1.845393242367017e-03
2.454707707441747e-03
3.249763281735475e-03
4.302266115906160e-03
5.679781510928663e-03
7.485349870575713e-03
9.832903963182553e-03
1.291570276552802e-02
1.689749326220651e-02
2.203077131628661e-02
2.860523377316320e-02
3.700396700461158e-02
4.764762356369959e-02
6.102927041792781e-02
7.771763814734189e-02
9.839046715632983e-02
1.237120061846452e-01
1.543748350682894e-01
1.910572246925278e-01
2.346293166126659e-01
2.852620759669163e-01
3.430965487667643e-01
4.075752254067050e-01
4.777486404423490e-01
5.519338933447426e-01
6.277688449569729e-01
7.024686292223199e-01
7.729067407251445e-01
8.360322394622042e-01
8.891042271984615e-01
9.305732927490380e-01
9.603375918348336e-01
9.796534423567286e-01
9.908049786675548e-01
9.964172639471996e-01
9.988238039924149e-01
9.996858273868127e-01
9.999952385172541e-01
###1.360000000000001e+01
3.228703967868258e-09
-8.889990060574670e-10
4.933202802621218e-09
9.927224488214368e-09
3.321135432039734e-08
9.739786317159028e-09
1.285437860112203e-08
1.571474959850690e-08
1.639914797243645e-08
1.749076491253754e-08
1.876102019435721e-08
2.021826525886523e-08
2.185388248347408e-08
2.378016690961584e-08
2.607392105655150e-08
2.821003707065445e-08
3.070199812459430e-08
3.361218265270306e-08
3.701607071025420e-08
4.101801574202315e-08
4.579067097492076e-08
5.154023955207860e-08
5.858545159477376e-08
6.732004120496718e-08
7.822165543447978e-08
9.196377377648347e-08
1.096028653537604e-07
1.322434763985872e-07
1.615695185547289e-07
1.997234674067692e-07
2.498322662179489e-07
3.154184463539629e-07
4.023521496689090e-07
5.173302315343110e-07
6.681127997168516e-07
8.715532465749472e-07
1.142147716347160e-06
1.503727995191805e-06
1.986395516773646e-06
2.631456502273869e-06
3.494801121856374e-06
4.652158070341108e-06
6.195272334004787e-06
8.268514512680709e-06
1.104099446507991e-05
1.475305814039089e-05
1.972971987681607e-05
2.639475328777204e-05
3.531995081523683e-05
4.731444260585681e-05
6.330045786077011e-05
8.477537794401616e-05
1.134413609129044e-04
1.519940811192537e-04
2.030763106696589e-04
2.713702158205531e-04
3.625395723146450e-04
4.843974052779518e-04
6.466860563837555e-04
8.623544895387951e-04
1.149473513777872e-03
1.529780671785843e-03
2.034249660221256e-03
2.704642857257434e-03
3.578611464322556e-03
4.734179003138149e-03
6.245098456963437e-03
8.222567023606693e-03
1.078988958842817e-02
1.415509417844294e-02
1.849416920895011e-02
2.407568411551177e-02
3.120837219982235e-02
4.029690013390208e-02
5.178259572572620e-02
6.617765822605656e-02
8.406900958376012e-02
1.061475631827893e-01
1.330748237720461e-01
1.655409908100449e-01
2.041815121177671e-01
2.498229641341887e-01
3.025248309554560e-01
3.623095827892551e-01
4.284458341337840e-01
4.997957621004660e-01
5.744934549296676e-01
6.500216532908909e-01
7.234959874552042e-01
7.918098271476027e-01
8.520553229786432e-01
9.017752061633962e-01
9.398202360372586e-01
9.664714548783666e-01
9.832946279064710e-01
9.927011552009453e-01
9.972645519033463e-01
9.991410679775804e-01
9.997813614170279e-01
9.999952385172541e-01
###1.400000000000001e+01
3.360816902738162e-09
-6.726096674253681e-10
5.180018361213959e-09
1.019213834854644e-08
3.315506812066982e-08
1.021517041399903e-08
1.348169959915425e-08
1.641406214422150e-08
1.716853006312547e-08
1.836719354999318e-08
1.976971046745553e-08
2.132794182866337e-08
2.310747827706252e-08
2.517833392664660e-08
2.762045794785832e-08
2.997435933364451e-08
3.269091490021947e-08
3.587766968151476e-08
3.959163697200043e-08
4.395664244037374e-08
4.916350606377493e-08
5.544338148571037e-08
6.313004928104761e-08
7.266401177869533e-08
8.456609328077477e-08
9.956603048758838e-08
1.188382679819799e-07
1.435470100014074e-07
1.755968432504745e-07
2.172529158832926e-07
2.720983005120002e-07
3.437627085880728e-07
4.388991230868506e-07
5.646842309920171e-07
7.298912984191799e-07
9.526685390772809e-07
1.249245643800212e-06
1.645658420727205e-06
2.175170324274328e-06
2.883094869535824e-06
3.830945838886693e-06
5.102111838948341e-06
6.799183506091919e-06
9.077735648508657e-06
1.212823440951393e-05
1.621449699453821e-05
2.169456020139659e-05
2.903770639731114e-05
3.887531596249797e-05
5.209791148992392e-05
6.972422151548984e-05
9.340676876686261e-05
1.250348005694009e-04
1.675731240653589e-04
2.239340799655996e-04
2.992837395495097e-04
3.998662285565121e-04
5.342777497557115e-04
7.132330319315612e-04
9.509023908356944e-04
1.267233707974354e-03
1.685889364035536e-03
2.240865003112852e-03
2.977828073463408e-03
3.937453865109629e-03
5.204806102877857e-03
6.859941594205469e-03
9.023016664424415e-03
1.182703367079367e-02
1.549592123118147e-02
2.021720055875402e-02
2.627807712643145e-02
3.400357587234759e-02
4.382205806837998e-02
5.619555138216355e-02
7.165381113771122e-02
9.080076747669472e-02
1.143362773095269e-01
1.429166114344399e-01
1.772210077381969e-01
2.178363431996849e-01
2.655346291012041e-01
3.202603604737091e-01
3.819057097990585e-01
4.495501641834473e-01
5.218907055441370e-01
5.968747341877082e-01
6.718386166178459e-01
7.438450680991149e-01
8.098244614942822e-01
8.670583842370172e-01
9.134107261543786e-01
9.481171157746515e-01
9.718346584316431e-01
9.863816069202922e-01
9.942532045083862e-01
9.979301417057470e-01
9.993783845245297e-01
9.998488881051115e-01
9.999952385172541e-01
###1.440000000000001e+01
3.540764269085217e-09
-4.404946035831420e-10
5.436367273464025e-09
1.047046569055065e-08
3.312017955485219e-08
1.070799747299426e-08
1.412851707281318e-08
1.713589908533783e-08
1.798851962752024e-08
1.928161241608018e-08
2.080053609957782e-08
2.248962840756275e-08
2.441480476403543e-08
2.664350992360253e-08
2.923091277220314e-08
3.183114862730964e-08
3.479998360601625e-08
3.827047544291558e-08
4.231916227359648e-08
4.706589249273303e-08
5.275190031623809e-08
5.960559550291997e-08
6.799035569592691e-08
7.838869005831700e-08
9.137854924870994e-08
1.077492565664267e-07
1.287915204556210e-07
1.557792497510528e-07
1.908000050250093e-07
2.362562918246414e-07
2.962995642662510e-07
3.746388716099230e-07
4.787236270062108e-07
6.164324967436611e-07
7.974919674947025e-07
1.041489008519209e-06
1.366609905031717e-06
1.801317559702557e-06
2.382402215163915e-06
3.159542617046808e-06
4.200410888666506e-06
5.596881765385700e-06
7.462971416329666e-06
9.967974574635192e-06
1.332495406597235e-05
1.782369408413172e-05
2.385781522340680e-05
3.194675544029683e-05
4.278716735601356e-05
5.736416219077100e-05
7.679692729697819e-05
1.029063358619257e-04
1.377966772467678e-04
1.847113354317266e-04
2.468826873048182e-04
3.299727078522582e-04
4.408675808462069e-04
5.890382613165442e-04
7.862314771216763e-04
1.048004752366431e-03
1.396176273072335e-03
1.856696730048095e-03
2.466715999227948e-03
3.275977399801347e-03
4.328512586989623e-03
5.717167696918232e-03
7.528073713663175e-03
9.891381735297121e-03
1.294984069695040e-02
1.694434378264642e-02
2.207450193340487e-02
2.864573453931537e-02
3.700122111018067e-02
4.759207810545461e-02
6.089909968872863e-02
7.746977244432549e-02
9.792435064586652e-02
1.229640487656065e-01
1.532410206511232e-01
1.894155264798826e-01
2.320159971750576e-01
2.817503095587752e-01
3.384403355595971e-01
4.018344835734980e-01
4.708420860651312e-01
5.439876283953785e-01
6.190069053254025e-01
6.931543616771924e-01
7.634526712453125e-01
8.269189945711707e-01
8.810431474307512e-01
9.240378538618768e-01
9.555189272542319e-01
9.764892237402929e-01
9.889788798596265e-01
9.955116738851459e-01
9.984478534433590e-01
9.995543910836273e-01
9.998964495428847e-01
9.999952385172541e-01
###1.480000000000001e+01
3.728173529107495e-09
-1.943243236985047e-10
5.714238352402340e-09
1.075315426411001e-08
3.311494454333393e-08
1.122865376455341e-08
1.480348539206850e-08
1.788622615203868e-08
1.883176369467921e-08
2.023835161705083e-08
2.188077547982697e-08
2.370227565726927e-08
2.578217330295271e-08
2.817890850945849e-08
3.090064597582290e-08
3.378527129004967e-08
3.702276725284823e-08
4.079761810225540e-08
4.520328051137629e-08
5.035758032931681e-08
5.657056418898636e-08
6.403882307037382e-08
7.318203384585218e-08
8.451867766492519e-08
9.869265867770100e-08
1.165573422658689e-07
1.395335860338498e-07
1.690097105107390e-07
2.072706260918197e-07
2.568891419910916e-07
3.226240127677461e-07
4.082946062843346e-07
5.222156883972618e-07
6.729520386296359e-07
8.714271111175897e-07
1.138818573255428e-06
1.495198307340689e-06
1.972085357153373e-06
2.609875603859258e-06
3.463084109218775e-06
4.606253847391058e-06
6.140884357394508e-06
8.192795284345406e-06
1.094730082355136e-05
1.464162744537179e-05
1.959409792863784e-05
2.623940821721211e-05
3.515031969869639e-05
4.708972777278307e-05
6.316206708162319e-05
8.458197567848853e-05
1.133615005211633e-04
1.518373306337061e-04
2.035582442705004e-04
2.721042649903767e-04
3.636897834723306e-04
4.858812127229170e-04
6.491209711770811e-04
8.662793501218605e-04
1.154384257501015e-03
1.537284875797741e-03
2.043394171226022e-03
2.713272817654155e-03
3.600988103015043e-03
4.754300941826930e-03
6.274222992892202e-03
8.253221240339767e-03
1.083218350486753e-02
1.416358514842223e-02
1.850701634543787e-02
2.407357738147241e-02
3.118712495340381e-02
4.021006890317891e-02
5.161583282957252e-02
6.590442713760199e-02
8.363782108001627e-02
1.054497785003444e-01
1.320425654706772e-01
1.640546724364470e-01
2.021204908706025e-01
2.467083037578124e-01
2.984498092583029e-01
3.570354038646716e-01
4.220587400818927e-01
4.922694527841681e-01
5.660029662617108e-01
6.408138376977655e-01
7.139055895219016e-01
7.822786018914998e-01
8.430693278396675e-01
8.940190916604094e-01
9.336918299312190e-01
9.620822285102100e-01
9.805027714937741e-01
9.911467104096339e-01
9.965243024363535e-01
9.988468685667879e-01
9.996836555167187e-01
9.999296408882712e-01
9.999952385172541e-01
###1.520000000000001e+01
3.907061938668492e-09
3.861756047623164e-11
5.966350611438538e-09
1.102454053322166e-08
3.308606472099434e-08
1.169932029702137e-08
1.540511598891183e-08
1.856781586399091e-08
1.962155671238378e-08
2.114592481956332e-08
2.292102755304940e-08
2.489079549593424e-08
2.713389061914473e-08
2.971234471743376e-08
3.260182157139239e-08
3.576501009687188e-08
3.928921414990396e-08
4.339034357211357e-08
4.818738308319133e-08
5.379163073149679e-08
6.054894244306099e-08
6.869100800259117e-08
7.864742584793947e-08
9.101106432180615e-08
1.064654403319939e-07
1.259773178145856e-07
1.510404696436878e-07
1.832357313399112e-07
2.250266949669953e-07
2.792631330392750e-07
3.511556557590244e-07
4.448832818109879e-07
5.695845303983026e-07
7.346158347371934e-07
9.522217964674530e-07
1.245281931973253e-06
1.636134054913590e-06
2.159411196334045e-06
2.859324439645799e-06
3.796355716139814e-06
5.052082725811537e-06
6.738748639054639e-06
8.995858822190629e-06
1.202525614272858e-05
1.609065845869816e-05
2.154272033198404e-05
2.886057292415560e-05
3.867463985041528e-05
5.182601768885348e-05
6.953271231055162e-05
9.314676230840755e-05
1.248655129678969e-04
1.672738791721860e-04
2.242749083737285e-04
2.998193650975019e-04
4.007086735181756e-04
5.352852944660585e-04
7.149908434732212e-04
9.539761914625714e-04
1.270814014694535e-03
1.691558326376600e-03
2.247331224800276e-03
2.982139361130098e-03
3.955025757996075e-03
5.217444443290678e-03
6.878599609610029e-03
9.039246617241811e-03
1.184997647451912e-02
1.547458143200408e-02
2.019061196252800e-02
2.622263785002324e-02
3.391238023121913e-02
4.364177810189356e-02
5.590541903558945e-02
7.122334033130669e-02
9.016885979735662e-02
1.133850970031798e-01
1.415741534104336e-01
1.753582122150006e-01
2.153314503185974e-01
2.619028039668942e-01
3.156030145368263e-01
3.760062206883357e-01
4.425335361519394e-01
5.137717567208016e-01
5.878762853763759e-01
6.622479850602893e-01
7.340375567975851e-01
8.002859737159422e-01
8.582675219669278e-01
9.059982447879409e-01
9.424139085731591e-01
9.678667282945098e-01
9.839387541334732e-01
9.929419098300623e-01
9.973310037211296e-01
9.991511171285882e-01
9.997774829847862e-01
9.999525010265390e-01
9.999952385172541e-01
###1.560000000000001e+01
4.047720523308622e-09
2.406275494226897e-10
6.168694293520101e-09
1.123913110432386e-08
3.299028042473592e-08
1.206576085922500e-08
1.581187797627153e-08
1.908285615944331e-08
2.025600380680320e-08
2.191438971306312e-08
2.383433369254169e-08
2.596394386644742e-08
2.838175272892825e-08
3.115288565040546e-08
3.426124828729634e-08
3.768196676697799e-08
4.151129530104913e-08
4.595765570688718e-08
5.116922394090923e-08
5.726546600445934e-08
6.461133602733640e-08
7.351474374271387e-08
8.431538373830442e-08
9.778705069180415e-08
1.146376771524401e-07
1.359375594846129e-07
1.632795805459407e-07
1.984540773843780e-07
2.440927949336168e-07
3.034426934855111e-07
3.819759735333753e-07
4.846290800993437e-07
6.210744937004353e-07
8.017924266460458e-07
1.040565033573178e-06
1.361867063748445e-06
1.790499334424668e-06
2.364697460111656e-06
3.133024152329955e-06
4.162157229724862e-06
5.541784446969823e-06
7.395350426749631e-06
9.878222215143085e-06
1.321018961617881e-05
1.768484400948352e-05
2.368650679291330e-05
3.174346474674041e-05
4.255167933253132e-05
5.703713163302946e-05
7.653914684087658e-05
1.025647473377087e-04
1.375073428962087e-04
1.842376760543840e-04
2.470285343161251e-04
3.302373021062335e-04
4.413342281182527e-04
5.894476168488444e-04
7.871532231855486e-04
1.049944183733327e-03
1.398101634987833e-03
1.860063618892450e-03
2.469783880555149e-03
3.275132451158669e-03
4.338341568177080e-03
5.720485591160947e-03
7.534065567927988e-03
9.890350457195937e-03
1.295005713970297e-02
1.689349940524854e-02
2.200263714808714e-02
2.852945550040430e-02
3.682971603119500e-02
4.730456375238572e-02
6.047222875563569e-02
7.686581964050516e-02
9.707307705086711e-02
1.217408327305449e-01
1.515718120574886e-01
1.871551638033963e-01
2.290466055809876e-01
2.775847400248766e-01
3.331998983903753e-01
3.953196616358503e-01
4.632117485872260e-01
5.352923433336427e-01
6.095441450294924e-01
6.832376391231388e-01
7.535090315459601e-01
8.174401518112063e-01
8.725011985072623e-01
9.170062873498962e-01
9.502496871995095e-01
9.729308386358150e-01
9.868600685487466e-01
9.944170997736248e-01
9.979685588920145e-01
9.993810446612726e-01
9.998449297904016e-01
9.999681290311143e-01
9.999952385172541e-01
