# NLO BK equation solver 0.0-dev build  (build Feb 16 2026 17:52:53)
# Initial condition: MV model, Q_s0^2 = 0.00711132 GeV^2, \gamma = 1, coefficient of E inside Log is 1, x0=0.01, \Lambda_QCD = 0.241 GeV
# # LO Kernel RC:  Balitsky. NLO Kernel RC:  smallest dipole
# Nc=3, Nf=4
# Using RungeKutta method in K1
# Resumming double log
# Resumming single log, K_sub=0.65 resum rc: smallest
# BK K1 integration relative accuracy: 0.02# NLO BK as^2 terms: MC integration method: Vegas, points=1000000
# Kinematical constraint: none
# Target kinematical constraint: disabled

###1.000000000000000e-05
###1.160836920850890e+00
###100
###1.000000000000000e+00
###0.000000000000000e+00
2.299780505204066e-12
3.063322125971773e-12
4.079809335598883e-12
5.432835875811531e-12
7.233548030356760e-12
9.629699057856296e-12
1.281766927528063e-11
1.705841952766722e-11
2.269866023155566e-11
3.019893431451643e-11
4.017086288872472e-11
5.342653053646363e-11
7.104394955117354e-11
9.445381438032988e-11
1.255544376921918e-10
1.668639780993292e-10
2.217219979428576e-10
2.945562530523678e-10
3.912357113639862e-10
5.195375130440244e-10
6.897644325699948e-10
9.155610539210467e-10
1.214992203308594e-09
1.611967352389676e-09
2.138121217800928e-09
2.835295614407329e-09
3.758813350393139e-09
4.981794952057184e-09
6.600847671218182e-09
8.743559288103150e-09
1.157836413671241e-08
1.532752524781943e-08
2.028420712536570e-08
2.683491478717026e-08
3.548896748025332e-08
4.691718730871613e-08
6.200264925704438e-08
8.190720536312211e-08
1.081586208079003e-07
1.427646188938520e-07
1.883620220588067e-07
2.484116211010189e-07
3.274525629379020e-07
4.314341202332189e-07
5.681479507257093e-07
7.477906957650832e-07
9.836954188356839e-07
1.293281466849803e-06
1.699286506837671e-06
2.231362575409693e-06
2.928141017398687e-06
3.839900488288047e-06
5.032009390093082e-06
6.589361259005808e-06
8.622081313143037e-06
1.127279432888706e-05
1.472623934339889e-05
1.922104104434830e-05
2.506528624168780e-05
3.265617969616663e-05
4.250517934434317e-05
5.527004951855208e-05
7.179571152338138e-05
9.316629284905620e-05
1.207714565633067e-04
1.563909865669455e-04
2.023027897268825e-04
2.614210598205213e-04
3.374734792299661e-04
4.352292160580973e-04
5.607933830501510e-04
7.219889303979876e-04
9.288541356444746e-04
1.194293565732418e-03
1.534933432013941e-03
1.972249663363623e-03
2.534060053538845e-03
3.256502031158570e-03
4.186656748766393e-03
5.386030266507413e-03
6.935165529193932e-03
8.939735879370359e-03
1.153856143794696e-02
1.491408899813096e-02
1.930597057294092e-02
2.502843508171981e-02
3.249211077389691e-02
4.223070781553728e-02
5.493230548053707e-02
7.147355803074240e-02
9.295238217579305e-02
1.207098081695387e-01
1.563236646358107e-01
2.015448199100863e-01
2.581313938804719e-01
3.275223714538424e-01
4.102932250589277e-01
5.053818462168356e-01
6.092085450238607e-01
7.150729120663515e-01
###4.000000000000000e-01
-1.164068396217643e-12
3.130441524279224e-09
3.229975334493441e-12
2.221118254282001e-11
-1.741777167191046e-09
5.827664861731736e-11
3.593725139090405e-11
4.488603110013162e-11
5.198090730957698e-11
4.346683934923702e-11
3.681170972282984e-11
8.140896943365280e-11
9.646089024230248e-11
1.150841776078092e-10
1.492580044118919e-10
1.919238862301190e-10
2.528462109069606e-10
3.317705529139537e-10
4.330264413208479e-10
5.707599608159748e-10
7.530480529511118e-10
9.948072913653490e-10
1.319692801547980e-09
1.745361086538240e-09
2.312383194285297e-09
3.063854514377029e-09
4.059758904441224e-09
5.382516974502243e-09
7.127943445651414e-09
9.443323856989827e-09
1.250623208964069e-08
1.656510662639349e-08
2.191704419882182e-08
2.900008350221002e-08
3.836056927705591e-08
5.072834674138023e-08
6.705493201759101e-08
8.860706707450266e-08
1.170378502921328e-07
1.545284744973657e-07
2.039447425614345e-07
2.690342053825504e-07
3.547419305818760e-07
4.675581470069016e-07
6.158996584771184e-07
8.108700496677768e-07
1.067026861277011e-06
1.403270514384532e-06
1.844186598858510e-06
2.422960952553592e-06
3.180655342006919e-06
4.173396025900196e-06
5.470537547082877e-06
7.168723167379059e-06
9.381447769732778e-06
1.227054035716337e-05
1.603675897998382e-05
2.094289973124465e-05
2.732672473198706e-05
3.561692692915657e-05
4.639937169784297e-05
6.037416016871843e-05
7.849334225488707e-05
1.019424283488108e-04
1.322776291835833e-04
1.714876765529220e-04
2.220592131646731e-04
2.872929458906739e-04
3.713037687167772e-04
4.798005185992833e-04
6.193169608457100e-04
7.989403045379946e-04
1.029963814695103e-03
1.327466637582796e-03
1.710322645425892e-03
2.203616114118353e-03
2.838540095177592e-03
3.658908211539891e-03
4.718111087644600e-03
6.088085357654840e-03
7.866373974700724e-03
1.017316481478938e-02
1.317898309372120e-02
1.709871127082890e-02
2.221070096873873e-02
2.889068424047046e-02
3.761132298770694e-02
4.897575395860806e-02
6.381143065324914e-02
8.312729753167776e-02
1.082226530915454e-01
1.405539977553622e-01
1.818510019280809e-01
2.338545160952726e-01
2.983086808821367e-01
3.763843181371726e-01
4.689347084291092e-01
5.762125098731450e-01
7.056859861847268e-01
9.550139341308986e-01
###8.000000000000000e-01
-8.003091009053602e-11
3.122207063283748e-09
1.074193992528931e-10
4.037456127235085e-11
-1.765526912132791e-09
8.016599935066089e-11
6.688133711162441e-11
1.309587176756864e-10
6.783926803010450e-11
6.163062148559108e-11
5.619803885933028e-11
1.153247796239640e-10
1.092639929662545e-10
1.455330199244303e-10
1.815497099809034e-10
2.184023892699382e-10
2.835198088604968e-10
3.713916273760124e-10
4.833043523653957e-10
6.292669959837416e-10
8.227459854488640e-10
1.089263448631549e-09
1.436948954198834e-09
1.894054167758996e-09
2.506163430497163e-09
3.319419089874438e-09
4.390855935594614e-09
5.821286558428464e-09
7.707816535305964e-09
1.021077766991967e-08
1.351991951436040e-08
1.791651564552279e-08
2.370513160787438e-08
3.137144113249391e-08
4.149935109656585e-08
5.488755346542802e-08
7.256425853075882e-08
9.591015387335204e-08
1.267172820835093e-07
1.673463146966281e-07
2.209203685132708e-07
2.915149399071647e-07
3.844799974957162e-07
5.069392474220725e-07
6.679497335617011e-07
8.796540021477220e-07
1.157955916483734e-06
1.523320194344431e-06
2.002249900621429e-06
2.632254968881719e-06
3.456734650201215e-06
4.537468901704930e-06
5.950568386415710e-06
7.802798757049411e-06
1.021434159968787e-05
1.336527400472447e-05
1.747573720784093e-05
2.283564574248465e-05
2.981603313760013e-05
3.888627464812380e-05
5.069732603251279e-05
6.601532227791491e-05
8.590466221823447e-05
1.116708830478010e-04
1.450603210371419e-04
1.882857064675273e-04
2.440917154011201e-04
3.162132225544647e-04
4.092309758872420e-04
5.298435959756776e-04
6.851953360118460e-04
8.857728417607046e-04
1.144337595914692e-03
1.478427445048080e-03
1.909662869506321e-03
2.466892121240733e-03
3.186087091220320e-03
4.118979873572140e-03
5.326825949642392e-03
6.893964880230879e-03
8.934749865486237e-03
1.159068172983216e-02
1.506379203572180e-02
1.960288492432026e-02
2.553260084329645e-02
3.329322241048906e-02
4.342236152715385e-02
5.659681997705050e-02
7.377530778876197e-02
9.609166101640432e-02
1.249670593156508e-01
1.619442280565052e-01
2.087420576652868e-01
2.669578252888472e-01
3.379589336226833e-01
4.222650508803330e-01
5.196650543534685e-01
6.285412513403348e-01
7.514073449837513e-01
9.624044632102775e-01
###1.200000000000000e+00
-1.272123106813731e-10
3.106497647391498e-09
1.025260947646759e-10
4.422069019050277e-11
-1.782597822717756e-09
1.314646040088770e-10
1.106355221392610e-10
1.452772121943458e-10
7.362237208638164e-11
9.577818889992530e-11
6.469034591168404e-11
1.272062722921740e-10
1.422269795027926e-10
1.701586973434011e-10
2.114527922030562e-10
2.599976666453529e-10
3.213532921273309e-10
4.144192518072958e-10
5.382716026401940e-10
6.950974300195456e-10
9.035087792897371e-10
1.191034125014588e-09
1.565729095523770e-09
2.058959336572056e-09
2.717645009493050e-09
3.596271899601823e-09
4.753025858411045e-09
6.298816299783346e-09
8.338302514819474e-09
1.104529817699780e-08
1.462207991054885e-08
1.938640176616750e-08
2.565583950518846e-08
3.394885255199165e-08
4.491505075479713e-08
5.940899682564409e-08
7.855509883192318e-08
1.038481307404738e-07
1.372382044905734e-07
1.812944228954327e-07
2.393890991012500e-07
3.159873500467282e-07
4.168568198902604e-07
5.498245182517578e-07
7.246673598114190e-07
9.546456779857576e-07
1.257116020914788e-06
1.654294180401031e-06
2.174906969201576e-06
2.860923965597243e-06
3.758510127839395e-06
4.935688329044409e-06
6.476008645470187e-06
8.497208861725803e-06
1.112733548758110e-05
1.456702588616105e-05
1.905654051099565e-05
2.491750205065924e-05
3.255751839162519e-05
4.249268534287829e-05
5.544209165401917e-05
7.225310876781907e-05
9.411426494535275e-05
1.224658313920620e-04
1.592632741414926e-04
2.069713947829630e-04
2.686676845917767e-04
3.485389200695179e-04
4.517343257685178e-04
5.860045115671867e-04
7.594178218912875e-04
9.836253035292145e-04
1.273492103869818e-03
1.649194335691118e-03
2.135513903395779e-03
2.764899951897922e-03
3.581320418284781e-03
4.642808022708404e-03
6.020559492386534e-03
7.813086229585528e-03
1.015296809535685e-02
1.320597264895551e-02
1.720949793051486e-02
2.244577891868287e-02
2.929010092810121e-02
3.825069548356597e-02
4.992628565524469e-02
6.507374923579176e-02
8.476329758665642e-02
1.102241487006720e-01
1.429493030805412e-01
1.844899040337021e-01
2.364077575411964e-01
3.000813383536052e-01
3.762057639556764e-01
4.644523586587649e-01
5.632878773997361e-01
6.694057336913743e-01
7.831773548005171e-01
9.677003700938254e-01
###1.600000000000000e+00
-1.261244384306572e-10
3.120712906715545e-09
1.039726504121481e-10
3.895746367210095e-11
-1.789738805533113e-09
1.394215921244042e-10
7.269537780022468e-11
1.775512327201348e-10
1.025152368972339e-10
1.251645184585131e-10
9.440636595377182e-11
1.517098374205381e-10
1.693965415555692e-10
1.878593875272286e-10
2.085868630688233e-10
3.084043043497873e-10
3.690431487862296e-10
4.669642546299965e-10
5.962355394676703e-10
7.652548953261060e-10
9.887840264875950e-10
1.302935598725257e-09
1.705869753941523e-09
2.237700210883582e-09
2.944822012948739e-09
3.900384261284054e-09
5.148205619594430e-09
6.818744468279157e-09
9.024773840780772e-09
1.195172311516141e-08
1.582041709021194e-08
2.098278118408975e-08
2.777045260536930e-08
3.674986946049085e-08
4.862242672326737e-08
6.432125815419502e-08
8.506544891617918e-08
1.124762848672303e-07
1.486784785523138e-07
1.964692965785089e-07
2.594797947789157e-07
3.426207411457335e-07
4.521203649158726e-07
5.965415170749895e-07
7.864956470516615e-07
1.036406485504057e-06
1.365284038722720e-06
1.797296755127892e-06
2.363537680791051e-06
3.110820688508580e-06
4.088519138478978e-06
5.371585877932301e-06
7.051517017314724e-06
9.258218752249965e-06
1.212940363498386e-05
1.588637669896598e-05
2.079425275509720e-05
2.720936449411033e-05
3.557836646339414e-05
4.646436105222437e-05
6.068437013039691e-05
7.915415000741893e-05
1.032073936741427e-04
1.344552014678640e-04
1.750484701646135e-04
2.277949125951030e-04
2.960878375247777e-04
3.846746614841940e-04
4.993543795072515e-04
6.490487458614786e-04
8.428900266339258e-04
1.093839182724686e-03
1.419245843168916e-03
1.842198917657772e-03
2.391040756990812e-03
3.101885688891590e-03
4.029518285562182e-03
5.237017339053493e-03
6.807800038201444e-03
8.855157566710688e-03
1.153446648062879e-02
1.503465928887814e-02
1.963289973420941e-02
2.564570416386071e-02
3.350212688024407e-02
4.377751954969508e-02
5.712479563889242e-02
7.439898847738746e-02
9.672679887728554e-02
1.254258824501776e-01
1.620077887061804e-01
2.079485142840080e-01
2.645880304094529e-01
3.329114643923431e-01
4.129557642872059e-01
5.034887253946521e-01
6.019108320637500e-01
7.039753604876484e-01
8.091708782784020e-01
9.720390694685769e-01
###2.000000000000000e+00
-1.219071496267097e-10
3.141393891313792e-09
1.308313527141894e-10
3.946810803068297e-11
-1.778505381123932e-09
1.029016007521596e-10
9.583220301402750e-11
2.074758185899352e-10
1.236483993172584e-10
1.414735455642165e-10
1.260275620488267e-10
1.794067190219715e-10
1.971324784419546e-10
2.232248551495041e-10
2.282700827261368e-10
3.331994908368119e-10
4.052513684097051e-10
5.177096181654729e-10
6.629836682112427e-10
8.404750717918448e-10
1.082258326253017e-09
1.429231913232600e-09
1.855597024811081e-09
2.432933277651139e-09
3.198237143199768e-09
4.225896051713290e-09
5.576484646607207e-09
7.381564485958145e-09
9.768108887878725e-09
1.293451919538774e-08
1.713079014686527e-08
2.271319408375798e-08
3.006446490841660e-08
3.978749111860951e-08
5.265052038216958e-08
6.965658898352953e-08
9.213722022165431e-08
1.218547818017410e-07
1.611114800545313e-07
2.129614400684128e-07
2.813495200006633e-07
3.716085147415286e-07
4.905196631161145e-07
6.474095520273119e-07
8.538822400839843e-07
1.125580471646386e-06
1.483316581917958e-06
1.953412527476020e-06
2.569648259469572e-06
3.383995878041617e-06
4.449540109362370e-06
5.848934073957220e-06
7.682204990277732e-06
1.009280427542341e-05
1.322921147499505e-05
1.733619205277354e-05
2.270636322538982e-05
2.973363814398259e-05
3.890773932623750e-05
5.084981363377221e-05
6.647936387866956e-05
8.679838793551564e-05
1.132981605099608e-04
1.478297942665795e-04
1.926170816220559e-04
2.509968464603779e-04
3.267084365428369e-04
4.250970671441571e-04
5.527234856611866e-04
7.197794595979584e-04
9.364632052132555e-04
1.217858930576466e-03
1.583488692852230e-03
2.059916795116421e-03
2.679583104766717e-03
3.483021900837342e-03
4.536111519151753e-03
5.908825188770962e-03
7.697549879428636e-03
1.003285717432028e-02
1.309080347992976e-02
1.709283621666728e-02
2.234727211277450e-02
2.922244459657302e-02
3.818882496971140e-02
4.989022590805454e-02
6.503289310848923e-02
8.455376012703451e-02
1.096288687160542e-01
1.416255773700355e-01
1.820152518695850e-01
2.321568051590079e-01
2.931058963335339e-01
3.653754250777268e-01
4.483461928448162e-01
5.400170432830255e-01
6.369982028049163e-01
7.345650405898607e-01
8.317428780434472e-01
9.757697715964821e-01
###2.400000000000000e+00
-1.092030904476732e-10
3.151775577367301e-09
1.411457827735874e-10
3.402111696300961e-11
-1.760667295698093e-09
1.127578114740586e-10
5.645270143313245e-11
2.360278365673378e-10
1.588257259172951e-10
1.697347497623734e-10
1.541880522173584e-10
2.098775299405793e-10
2.260920266672889e-10
2.538746086747984e-10
2.791793770126792e-10
3.184643805364991e-10
4.517233707413072e-10
5.716716961738741e-10
7.279921767054930e-10
9.299134057556717e-10
1.185466738313687e-09
1.556558521253219e-09
2.018277066324463e-09
2.645154598371728e-09
3.474201956312932e-09
4.579216224813571e-09
6.041390519802161e-09
7.993270602122034e-09
1.057484446607855e-08
1.400098740017805e-08
1.854144118759698e-08
2.459219045121322e-08
3.254798447591322e-08
4.308599978839890e-08
5.702538005754874e-08
7.545636579117669e-08
9.983031438966033e-08
1.320565893496442e-07
1.746427803501825e-07
2.309190113957397e-07
3.051579145236632e-07
4.031720622331229e-07
5.323582903175227e-07
7.028515102877684e-07
9.273577084585397e-07
1.222890228603115e-06
1.612147216497944e-06
2.123940160112047e-06
2.794988979951746e-06
3.682765781345777e-06
4.844773697621512e-06
6.371726582722167e-06
8.373563810005484e-06
1.100845764015991e-05
1.443745733311233e-05
1.893080377982448e-05
2.481082206154204e-05
3.251465822760601e-05
4.258116633927930e-05
5.569568491064948e-05
7.289012892984568e-05
9.526644246900158e-05
1.244933273293708e-04
1.626783370289407e-04
2.121738628085576e-04
2.768601939622927e-04
3.608879422367802e-04
4.702998502236473e-04
6.125067244170498e-04
7.991016338627968e-04
1.041550183938535e-03
1.357320274753763e-03
1.768385393680639e-03
2.305174543377618e-03
3.004781778259118e-03
3.913098955592493e-03
5.107399310891722e-03
6.665906378370863e-03
8.699396311529762e-03
1.135809156378282e-02
1.483837004358449e-02
1.939694924551973e-02
2.537423537944368e-02
3.319271769794998e-02
4.336753325216010e-02
5.660255858917645e-02
7.365564541680272e-02
9.552974925176919e-02
1.234387973031601e-01
1.587563994167634e-01
2.028888002946245e-01
2.570120168680338e-01
3.219009892682991e-01
3.974430876927343e-01
4.825445319317915e-01
5.745091359557767e-01
6.694035436035056e-01
7.622577083728023e-01
8.518419134967109e-01
9.790403644521826e-01
###2.800000000000000e+00
-1.284247663710355e-10
3.114395348279792e-09
1.525056687605452e-10
3.978278268662615e-11
-1.729648084063319e-09
1.197741684491240e-10
5.955134997532811e-11
2.509494732110702e-10
1.828538625793296e-10
1.944694291489706e-10
1.934324133319435e-10
2.358183436073952e-10
2.453853119751382e-10
3.021400561445533e-10
3.198119904971860e-10
3.642872154085832e-10
5.027594762269374e-10
6.296900424191614e-10
7.989345342808674e-10
1.022639260059258e-09
1.300902891269076e-09
1.695752625638541e-09
2.194068165448558e-09
2.874848661178429e-09
3.770962997781510e-09
4.966727377480723e-09
6.544544571960634e-09
8.657317630718983e-09
1.144781087747774e-08
1.516081255125476e-08
2.008287141840496e-08
2.663208800935788e-08
3.525642160947659e-08
4.667073400391016e-08
6.177878727933821e-08
8.175688238531979e-08
1.081894025879500e-07
1.431506092846871e-07
1.893679644456160e-07
2.504526448586671e-07
3.310765420498469e-07
4.375639937558736e-07
5.779555937289319e-07
7.632992342260670e-07
1.007512241778269e-06
1.329130208159993e-06
1.752899924137723e-06
2.310368424441647e-06
3.041479956502211e-06
4.009874395538436e-06
5.277707620990079e-06
6.945182712651639e-06
9.132340662581730e-06
1.201394562636625e-05
1.576523853071728e-05
2.068523604714848e-05
2.713042688150997e-05
3.558211921419717e-05
4.663888008424892e-05
6.105449689290302e-05
7.998815743148340e-05
1.046557878214045e-04
1.369223309541678e-04
1.791820160741962e-04
2.339537610060604e-04
3.057099252084327e-04
3.990726457157263e-04
5.208601035501938e-04
6.794640948354900e-04
8.880387250061603e-04
1.159528011385062e-03
1.513982804777904e-03
1.976204757037614e-03
2.581036175574024e-03
3.370674707571740e-03
4.397117392515111e-03
5.749742481815983e-03
7.516723164260252e-03
9.823648334352683e-03
1.284222687600633e-02
1.679176738011990e-02
2.196356083918483e-02
2.873788503468703e-02
3.758121875050959e-02
4.905647424879626e-02
6.393025812455962e-02
8.300197681580262e-02
1.073242573029028e-01
1.381317587962921e-01
1.767694416327159e-01
2.245485979307167e-01
2.824180594084090e-01
3.508275811739432e-01
4.291126226604492e-01
5.156730019159899e-01
6.072733552969337e-01
6.995924372725930e-01
7.876070827186409e-01
8.699282119851385e-01
9.819386111348802e-01
###3.200000000000000e+00
-1.309109385457626e-10
3.124464003743877e-09
1.968432152985643e-10
3.460029143038744e-11
-1.701275060740179e-09
1.421069753625900e-10
7.807942086270583e-11
2.711062025023772e-10
2.135712890459394e-10
2.027192557712813e-10
2.266810389949904e-10
2.624989341381788e-10
2.737711910228402e-10
3.375763178990114e-10
3.638038257639161e-10
4.177208714091245e-10
5.600397151751438e-10
6.979806111435254e-10
8.807165593051349e-10
1.121896637808406e-09
1.425122134486041e-09
1.851870932724558e-09
2.389058492848236e-09
3.124314375533163e-09
4.094518271474717e-09
5.386140890119650e-09
7.091961399940306e-09
9.379106572565695e-09
1.240572844053351e-08
1.642357613930259e-08
2.175641964935842e-08
2.884858738721130e-08
3.820305081969142e-08
5.056909095623472e-08
6.694577253349222e-08
8.861162368215570e-08
1.172815036157680e-07
1.552247891495804e-07
2.053920513075287e-07
2.717133453354807e-07
3.593117084208522e-07
4.750290785578546e-07
6.276599068914351e-07
8.292570013325062e-07
1.094993231125345e-06
1.445123299531594e-06
1.906655482797654e-06
2.514141680741830e-06
3.311232919914967e-06
4.367994083819824e-06
5.752091082752690e-06
7.574536531417009e-06
9.965019470016020e-06
1.311829562540379e-05
1.722470553104008e-05
2.261736693561692e-05
2.968867653143339e-05
3.896848266410799e-05
5.112260436783893e-05
6.698481483035135e-05
8.785279427286731e-05
1.150728309040429e-04
1.507313740094001e-04
1.975318383018924e-04
2.582160866302448e-04
3.378850958498692e-04
4.417074009663128e-04
5.773867417917731e-04
7.544161254067548e-04
9.876915426593619e-04
1.291827070120869e-03
1.689793199449109e-03
2.209505181058828e-03
2.890821907583220e-03
3.781523898036649e-03
4.940461852429215e-03
6.470036042983759e-03
8.469607553957582e-03
1.108108375943827e-02
1.449827013965981e-02
1.896606682848756e-02
2.481105928954648e-02
3.245386871806191e-02
4.240730455394239e-02
5.527688229329640e-02
7.188819610433261e-02
9.307813128864065e-02
1.199282884993216e-01
1.536804107618327e-01
1.956235774900983e-01
2.469302984694333e-01
3.083065318938395e-01
3.797823424295384e-01
4.603585256529322e-01
5.478041585793343e-01
6.384874745179758e-01
7.278492976772392e-01
8.109251479557110e-01
8.862892378124952e-01
9.845068767784724e-01
###3.600000000000000e+00
-1.251060406175376e-10
3.102704169200731e-09
1.604917503447481e-10
4.781707581806926e-11
-1.656839086720904e-09
1.661083044530565e-10
1.165592053792362e-10
3.046853432052190e-10
2.488652618627497e-10
2.394821998532097e-10
2.711175946802692e-10
3.026959328266074e-10
3.129998050762737e-10
3.517777770586551e-10
4.033208259322665e-10
4.668116113860246e-10
6.209642932851030e-10
7.718383995440282e-10
9.717576146210104e-10
1.227487917026224e-09
1.557384964696706e-09
2.017429919581560e-09
2.599381425651813e-09
3.397121299842250e-09
4.444491451157424e-09
5.842297953548711e-09
7.690818735175766e-09
1.016630777472963e-08
1.344339111159766e-08
1.779773011568116e-08
2.357756277405716e-08
3.126867504467667e-08
4.140003591352440e-08
5.480254631525789e-08
7.256363873734579e-08
9.606360056441205e-08
1.271737884039252e-07
1.683611742917936e-07
2.228344331644027e-07
2.948741142902713e-07
3.900689028122600e-07
5.158706881133040e-07
6.818782172075490e-07
9.012593285222705e-07
1.190535223209423e-06
1.571868892635432e-06
2.074793987886798e-06
2.737091180861998e-06
3.606597775246564e-06
4.760295608452584e-06
6.271519327450454e-06
8.265653166858509e-06
1.087991313033295e-05
1.433255475754039e-05
1.883053396821690e-05
2.474616446133621e-05
3.251020688093262e-05
4.270670060394287e-05
5.607898043270344e-05
7.355220753360917e-05
9.657041575605514e-05
1.266341718124668e-04
1.660790106654956e-04
2.179394431259300e-04
2.852451413161780e-04
3.737631704915422e-04
4.893070893532208e-04
6.405775892810682e-04
8.382718988174848e-04
1.099274068339572e-03
1.440079338824226e-03
1.886835787721315e-03
2.471074058172497e-03
3.237987085007336e-03
4.241680714250576e-03
5.548834294484641e-03
7.275594127293989e-03
9.533561370751212e-03
1.248261361101951e-02
1.633966535449459e-02
2.137630650689281e-02
2.795645719817842e-02
3.654100945012025e-02
4.768758155623393e-02
6.204521576184543e-02
8.049089846684912e-02
1.038871593810540e-01
1.333378765526584e-01
1.700609443328246e-01
2.152736245672453e-01
2.699759795882336e-01
3.346070796781096e-01
4.087994954593364e-01
4.911630280077595e-01
5.789602267838572e-01
6.682506947614499e-01
7.543245368611172e-01
8.323821678642976e-01
9.010757463946185e-01
9.867922783384104e-01
###4.000000000000000e+00
-1.335864855422857e-10
3.100053010432363e-09
1.702065261952514e-10
6.814203005779543e-11
-1.629523597155541e-09
1.804876436225498e-10
1.647479260010091e-10
3.254098839862368e-10
2.755760980975771e-10
2.653374432043868e-10
3.045684008037840e-10
3.358537980017501e-10
3.466462159485612e-10
3.987964047940583e-10
4.533261260380722e-10
5.228899781217967e-10
6.866922683253864e-10
8.546779689927630e-10
1.069234872072848e-09
1.342956085845450e-09
1.701506871900189e-09
2.204847256032411e-09
2.828441220638885e-09
3.691102716512833e-09
4.825926029736012e-09
6.341286578600501e-09
8.338002828299861e-09
1.101924045961972e-08
1.457641578151961e-08
1.929315986364651e-08
2.555625368593069e-08
3.389016045266463e-08
4.486501195497466e-08
5.940097842055495e-08
7.867039299821510e-08
1.041693997154110e-07
1.379360006523115e-07
1.826599122111451e-07
2.418326652000818e-07
3.201067532288267e-07
4.235869386984770e-07
5.604128078429406e-07
7.410458021165035e-07
9.798546006031516e-07
1.294899139364287e-06
1.710389690585988e-06
2.258681956187668e-06
2.981170484092691e-06
3.930129791945908e-06
5.190333253679803e-06
6.841578901394151e-06
9.025085589820066e-06
1.188532619135616e-05
1.566830505528785e-05
2.059897767897008e-05
2.709151635261494e-05
3.561186175518541e-05
4.683822291793920e-05
6.156233039524696e-05
8.082377974365754e-05
1.062355732477911e-04
1.394743839054841e-04
1.831386739966891e-04
2.406518537236647e-04
3.153552962790877e-04
4.137872373791867e-04
5.424547172361691e-04
7.112024170031724e-04
9.320472818986416e-04
1.224085171381436e-03
1.606012137558644e-03
2.107353897108053e-03
2.763820682068812e-03
3.626366247402457e-03
4.756250644758269e-03
6.231316362440277e-03
8.174259614303323e-03
1.071844338101574e-02
1.403923856702885e-02
1.837959217503455e-02
2.403846592265740e-02
3.141628118501211e-02
4.101781719643782e-02
5.344212199712320e-02
6.937725473668575e-02
8.974962168690787e-02
1.154360401693473e-01
1.475433314356034e-01
1.872565848948962e-01
2.356784580046239e-01
2.936222096794214e-01
3.612534854866996e-01
4.377992395073362e-01
5.214851479037632e-01
6.091537550065791e-01
6.966103331318044e-01
7.791113210229241e-01
8.521035027883093e-01
9.144113147829533e-01
9.888017864481767e-01
###4.399999999999999e+00
-1.265680778833848e-10
3.075370828348958e-09
5.755678529657945e-11
7.794109813466635e-11
-1.616017493265880e-09
2.070713997546299e-10
1.825378177713076e-10
3.533055422742645e-10
2.989939938442730e-10
2.920735275448008e-10
3.200541020185626e-10
3.687308152281134e-10
3.821931180871516e-10
4.376900428439447e-10
5.018510835207841e-10
5.804104377412913e-10
7.524244513040955e-10
9.325468909561106e-10
1.164012209891348e-09
1.462587044766691e-09
1.854618021111552e-09
2.394353125519378e-09
3.075138718110793e-09
3.988591969478146e-09
5.234493989425081e-09
6.875634424635690e-09
9.038005183929495e-09
1.194301510860786e-08
1.580129832103502e-08
2.091179310791652e-08
2.769840819583413e-08
3.672603815269168e-08
4.862172222625628e-08
6.438724583740546e-08
8.529486015457799e-08
1.129716686463698e-07
1.496480959551917e-07
1.982166375299521e-07
2.625519001642589e-07
3.475691875111877e-07
4.601237793677054e-07
6.089765028182339e-07
8.056098057100350e-07
1.065710133405511e-06
1.408945974553423e-06
1.861865435869177e-06
2.459866396643449e-06
3.248416651614695e-06
4.284740742796437e-06
5.662061752240136e-06
7.468083222338892e-06
9.859521687234795e-06
1.299126813132661e-05
1.713852608318514e-05
2.254821540551434e-05
2.967815466641835e-05
3.903676567445885e-05
5.140533542949620e-05
6.763138851275824e-05
8.888290209117542e-05
1.169581185357485e-04
1.537276935546480e-04
2.021038327651373e-04
2.659159182073793e-04
3.488949015166007e-04
4.584078849964114e-04
6.017673373970359e-04
7.901041910029858e-04
1.036802774908413e-03
1.363599054189798e-03
1.791473616832115e-03
2.353792066118025e-03
3.090914654809193e-03
4.060033413944194e-03
5.330418832022405e-03
6.991848046657844e-03
9.174130678666273e-03
1.203393637609890e-02
1.576372624578465e-02
2.063224400677268e-02
2.696834492795843e-02
3.520965555482614e-02
4.590196659413383e-02
5.968885574434915e-02
7.729032447701459e-02
9.967661078992658e-02
1.277229586928728e-01
1.625307759434948e-01
2.052302744229444e-01
2.567870470176644e-01
3.178196146796615e-01
3.881721085348938e-01
4.667113524480013e-01
5.512683275019465e-01
6.383510728592463e-01
7.235763569326604e-01
8.022588016721760e-01
8.701704699744320e-01
9.263911609882403e-01
9.905664969918145e-01
###4.800000000000000e+00
-6.141627993879209e-11
3.092360093750812e-09
9.303798925161290e-11
9.429318943510613e-11
-1.587620844673227e-09
2.322138882368725e-10
2.013564671565489e-10
3.724524094577232e-10
3.313163547231722e-10
3.269993017015807e-10
3.583301800175078e-10
4.003224173752043e-10
4.217492549093699e-10
4.830640689036272e-10
5.520381022504797e-10
6.387158081911075e-10
8.259065100790343e-10
1.018960593033985e-09
1.271431675716454e-09
1.592354333223926e-09
2.020406188970835e-09
2.602351820897329e-09
3.341436560165977e-09
4.332002756648797e-09
5.681394412377867e-09
7.455665006615208e-09
9.801739756052689e-09
1.294775518345871e-08
1.713463867545433e-08
2.267444647138902e-08
3.002278455172042e-08
3.980868129749139e-08
5.270591641069873e-08
6.981110034359068e-08
9.250705956718888e-08
1.225512570091430e-07
1.623931280814052e-07
2.151611694791976e-07
2.851543309293746e-07
3.774971440116072e-07
4.999849813903325e-07
6.619938044876806e-07
8.761373925657113e-07
1.159351151750989e-06
1.533622984781828e-06
2.027598404852910e-06
2.680188566768269e-06
3.541314178818209e-06
4.673653114746826e-06
6.179679478493682e-06
8.156622793565479e-06
1.077669750929166e-05
1.420831480809632e-05
1.875812513697827e-05
2.469721041009980e-05
3.253361058023655e-05
4.282296209045798e-05
5.645650302880113e-05
7.435166134960469e-05
9.781418438852104e-05
1.288577730162211e-04
1.695620504317811e-04
2.231893057948724e-04
2.940361697897876e-04
3.862522012978802e-04
5.081397925475625e-04
6.679187379114462e-04
8.781314904040017e-04
1.153730601186619e-03
1.519358126442872e-03
1.998525385731684e-03
2.628876279295468e-03
3.455705549484618e-03
4.543359799061692e-03
5.969739577480961e-03
7.836472461300703e-03
1.028371661208154e-02
1.349027359180565e-02
1.766821984691611e-02
2.311192388503445e-02
3.018260878649733e-02
3.935493048739503e-02
5.121417355641752e-02
6.644479399146984e-02
8.579928499841484e-02
1.102798574529320e-01
1.407520903489304e-01
1.783009902565792e-01
2.239566603031848e-01
2.785394199023246e-01
3.424978327119625e-01
4.152929895829842e-01
4.954591546990219e-01
5.804582191219518e-01
6.665129839251137e-01
7.491485646036318e-01
8.238008450922850e-01
8.866558801066570e-01
9.370960449619263e-01
9.921208899524665e-01
###5.200000000000000e+00
-7.177825485337035e-11
3.075269535974405e-09
8.985852129636901e-11
1.164539100289279e-10
-1.578395790052726e-09
2.266731854522824e-10
2.225004974279735e-10
3.822094634347957e-10
3.685412358957987e-10
3.591693286673815e-10
3.938302926768463e-10
4.422430653002380e-10
4.700423625310601e-10
5.327456864825803e-10
6.094954202698114e-10
7.114440168562492e-10
9.012840717893881e-10
1.110466725216901e-09
1.384032345697833e-09
1.735309131643808e-09
2.192290971923132e-09
2.827829721516635e-09
3.631204896258377e-09
4.704670117888505e-09
6.165086434730433e-09
8.086884743052687e-09
1.063145986355273e-08
1.404065739066362e-08
1.858432304327164e-08
2.458945376884078e-08
3.255174495239124e-08
4.316100241855590e-08
5.715069015997377e-08
7.571124140699861e-08
1.003515691642789e-07
1.329776380651203e-07
1.762816545492122e-07
2.336226251118866e-07
3.097879867907341e-07
4.101634061768279e-07
5.434685826933872e-07
7.198603940920450e-07
9.531555816768065e-07
1.261868320080039e-06
1.669965801564337e-06
2.208963326348503e-06
2.921469143811009e-06
3.862327441045795e-06
5.100393120087742e-06
6.748009520275365e-06
8.913207199079519e-06
1.178503983115341e-05
1.554831150716302e-05
2.054326299572029e-05
2.706824072040882e-05
3.568631244668774e-05
4.700836935441724e-05
6.204484013257903e-05
8.179597947148127e-05
1.077193076721927e-04
1.420654085967570e-04
1.871499697719798e-04
2.466360074189226e-04
3.253190755523218e-04
4.278477299985463e-04
5.635528661294265e-04
7.416586395799730e-04
9.762786652936069e-04
1.284132515239336e-03
1.693021051648794e-03
2.229334786490381e-03
2.935307103510086e-03
3.861858720451679e-03
5.081052284495471e-03
6.679939814125081e-03
8.772611182377956e-03
1.151172598411875e-02
1.509831373253459e-02
1.976459498366276e-02
2.583399076662667e-02
3.369777328985494e-02
4.386826120879554e-02
5.697087405433861e-02
7.372944480089531e-02
9.491716687222559e-02
1.215661863135142e-01
1.545236180823778e-01
1.948291641001067e-01
2.434096522371639e-01
3.009149501454152e-01
3.675887711200274e-01
4.425452341078420e-01
5.239636679184210e-01
6.089732201098439e-01
6.935920920769950e-01
7.733067598091958e-01
8.437676267442125e-01
9.016160754622988e-01
9.466142733512778e-01
9.934629229687544e-01
###5.600000000000001e+00
-6.642756364204653e-11
3.061607859880349e-09
1.074731669814596e-10
1.221626703838057e-10
-1.564543388141058e-09
2.529967142847519e-10
2.559659038509295e-10
4.121343125053789e-10
4.059088123560725e-10
3.921581355519965e-10
4.327801255874772e-10
4.861285066909339e-10
5.206822920105053e-10
5.826073309224083e-10
6.721217022305139e-10
7.869875814916208e-10
9.896594417101389e-10
1.213266633828429e-09
1.504129151769828e-09
1.890139658469259e-09
2.387125448777059e-09
3.070878321016793e-09
3.943411618038084e-09
5.110278143461702e-09
6.688900952467648e-09
8.770872921292802e-09
1.153278064217612e-08
1.523157464365259e-08
2.015757633354128e-08
2.667119144061920e-08
3.529970065845631e-08
4.680444269768784e-08
6.198336336082502e-08
8.213193977960337e-08
1.088943082400875e-07
1.443394290080208e-07
1.914108408994016e-07
2.537488987537586e-07
3.365918425594087e-07
4.458363487600973e-07
5.909577904462727e-07
7.830681960195098e-07
1.037329098324352e-06
1.373994465052130e-06
1.819222725163657e-06
2.407646037290572e-06
3.185952618285852e-06
4.214501209854397e-06
5.569309575373445e-06
7.373338062323689e-06
9.744944519119509e-06
1.289498978356190e-05
1.702379968206862e-05
2.251117874003057e-05
2.968464050253455e-05
3.916965636590164e-05
5.163817478093360e-05
6.823102283849609e-05
9.004122941086980e-05
1.187003267985313e-04
1.567221094546866e-04
2.066873758838573e-04
2.726954462698147e-04
3.601164776349468e-04
4.741461898378191e-04
6.252504376389858e-04
8.237730882425553e-04
1.085581356534153e-03
1.429397548317256e-03
1.886379965617641e-03
2.486228776656797e-03
3.276204769738019e-03
4.313212840230754e-03
5.677892675461900e-03
7.466971438925065e-03
9.808145695091940e-03
1.286751141627700e-02
1.686895919362976e-02
2.206667695360149e-02
2.881329037285097e-02
3.753060053478784e-02
4.876830597912406e-02
6.319162142746451e-02
8.155732078650620e-02
1.046580635192796e-01
1.335437068447512e-01
1.690260954404429e-01
2.120945998521429e-01
2.635466579402149e-01
3.238582366301972e-01
3.930264660930871e-01
4.698355806486377e-01
5.521170764230140e-01
6.367486165452249e-01
7.195398141512275e-01
7.960412972621749e-01
8.621762706335602e-01
9.151186583797748e-01
9.550096203381121e-01
9.946232008812008e-01
###6.000000000000001e+00
-6.567540730701396e-11
3.046318612174540e-09
9.845107998331326e-11
1.376951151453553e-10
-1.531160042772053e-09
2.706232703440314e-10
2.917298694422956e-10
4.431238382329998e-10
4.412730835516369e-10
4.300514155151005e-10
4.754431766903181e-10
5.299304091990028e-10
4.687392062223833e-10
6.418420057465648e-10
7.406906050230075e-10
8.637131275076283e-10
1.080475373548507e-09
1.320853392681541e-09
1.639043964594101e-09
2.059267518029965e-09
2.599378507095250e-09
3.335219329303361e-09
4.284645702923996e-09
5.551271472701640e-09
7.258906018976128e-09
9.516850347209794e-09
1.251352015523554e-08
1.652113232631439e-08
2.186751184097250e-08
2.893348085308556e-08
3.828805808750197e-08
5.076801948871632e-08
6.724194435194179e-08
8.912161235802578e-08
1.181939699407305e-07
1.567153406951196e-07
2.078954471941071e-07
2.756977932539983e-07
3.657857641479125e-07
4.847723592394109e-07
6.428187226351563e-07
8.521470576510021e-07
1.129383591491589e-06
1.496667627465390e-06
1.982575627228019e-06
2.625297273550088e-06
3.475970797695610e-06
4.600901676399796e-06
6.084318065810269e-06
8.060749735172765e-06
1.066039007385996e-05
1.411717494707926e-05
1.865055763973549e-05
2.468170090369645e-05
3.257376445921006e-05
4.301862934982328e-05
5.676072580789234e-05
7.507928393809275e-05
9.917929621684888e-05
1.308796321640107e-04
1.729825331951434e-04
2.283915018246519e-04
3.016579369136516e-04
3.988024143056927e-04
5.256512254213195e-04
6.939153344879410e-04
9.151740508647835e-04
1.207223103534688e-03
1.591015877004360e-03
2.101447800718008e-03
2.771741906434763e-03
3.654775559243374e-03
4.813950344347587e-03
6.339000546443689e-03
8.337474236846571e-03
1.095102531485329e-02
1.436025603379159e-02
1.881382789800896e-02
2.458762711339079e-02
3.206458911451072e-02
4.169721683577085e-02
5.407241199373288e-02
6.989237180132064e-02
8.994228618742744e-02
1.150309287971027e-01
1.462128960246865e-01
1.842560025097451e-01
2.300742909354546e-01
2.843295313760172e-01
3.473042122378920e-01
4.187393035377207e-01
4.970821705174769e-01
5.798552891023456e-01
6.636964941971627e-01
7.442988294023148e-01
8.173356617233463e-01
8.790705559567884e-01
9.272306826530885e-01
9.623650015328219e-01
9.956120015952513e-01
###6.400000000000001e+00
-6.358782529178569e-11
3.023091591145083e-09
1.147241618698195e-10
1.572162836051557e-10
-1.518174728722661e-09
2.976766317829567e-10
3.272563809282975e-10
4.714103046024922e-10
4.846832190511229e-10
4.812103226875650e-10
5.172854132815891e-10
5.714169561968557e-10
5.298713150637634e-10
6.987740224826803e-10
8.086695025206480e-10
9.453048207406273e-10
1.180993480863763e-09
1.439468440166765e-09
1.783156585790310e-09
2.231469255611678e-09
2.830397648776769e-09
3.585706444594233e-09
4.656350965760963e-09
6.028576742746081e-09
7.878215996250191e-09
1.032499147311569e-08
1.357864620674130e-08
1.792732569801489e-08
2.372426259866498e-08
3.138890255808484e-08
4.153614120082463e-08
5.507736891081651e-08
7.296338770554939e-08
9.673087424815463e-08
1.283243841485819e-07
1.702058870460105e-07
2.258660339112373e-07
2.996399828468444e-07
3.976499921279042e-07
5.272807193221204e-07
6.994527590201285e-07
9.276594288776391e-07
1.230072873012582e-06
1.630922681391830e-06
2.161547265881531e-06
2.863927532884798e-06
3.794189361320754e-06
5.025292871665225e-06
6.651246194538162e-06
8.816657468641844e-06
1.166794454968944e-05
1.546320497111647e-05
2.044398857157124e-05
2.707691368823725e-05
3.576498379898513e-05
4.727455052457027e-05
6.243084998938410e-05
8.266509600845820e-05
1.093063576226126e-04
1.443912449635193e-04
1.910374676426571e-04
2.524851772048893e-04
3.338321842258623e-04
4.417988260861680e-04
5.829072188970535e-04
7.702406005636895e-04
1.016790966226112e-03
1.342446409625522e-03
1.770616325806965e-03
2.340323827328685e-03
3.088600201856261e-03
4.074503693847291e-03
5.368409644870467e-03
7.069953678410447e-03
9.298189340569789e-03
1.220939270779897e-02
1.600039166210229e-02
2.094455857049723e-02
2.734149767235244e-02
3.560280195813928e-02
4.621476763034423e-02
5.979839833619759e-02
7.709050696861457e-02
9.890049034121606e-02
1.260446234852597e-01
1.595746516561347e-01
2.001970298319819e-01
2.487416542695376e-01
3.057220681641034e-01
3.711933764617550e-01
4.446404777743487e-01
5.241970164191867e-01
6.070874789239447e-01
6.897440061761562e-01
7.678282419294463e-01
8.371830203391702e-01
8.944849625399984e-01
9.380208743246561e-01
9.687566342628137e-01
9.964520121690104e-01
###6.800000000000002e+00
-7.509759342173058e-11
3.026837822401319e-09
1.344002368650304e-10
1.718477898701290e-10
-1.493200529609345e-09
3.189783395952006e-10
3.721208983632100e-10
5.073289109447047e-10
5.257305516709785e-10
5.263691217389124e-10
5.640455511590768e-10
6.195857906332040e-10
5.963013968908118e-10
7.693237431841038e-10
8.888029570880061e-10
1.040236908715060e-09
1.288388876682506e-09
1.570071132989803e-09
1.947406012250490e-09
2.427473651674523e-09
3.076715579189646e-09
3.901375853292643e-09
5.058005373076305e-09
6.549826170032435e-09
8.549385712108420e-09
1.120582450759426e-08
1.473676148015218e-08
1.945276848687362e-08
2.574238028283568e-08
3.406001875004006e-08
4.506994233954432e-08
5.977054069140513e-08
7.919195181396039e-08
1.050180761782243e-07
1.393593417248991e-07
1.849082905341897e-07
2.454620623038835e-07
3.257597258923815e-07
4.324466772719539e-07
5.737151609041568e-07
7.613821521151301e-07
1.010266669408897e-06
1.340269568942410e-06
1.777913303533228e-06
2.357754866987538e-06
3.125710283709023e-06
4.143423416385439e-06
5.491487654529667e-06
7.274190174197014e-06
9.648382972074285e-06
1.277734980645708e-05
1.694657964317261e-05
2.242251790090544e-05
2.972159192401663e-05
3.929182566706686e-05
5.198002318929226e-05
6.870574306740215e-05
9.106252698865281e-05
1.205303551591269e-04
1.593735564395523e-04
2.110686819713209e-04
2.792299167556017e-04
3.695577202445292e-04
4.895544504963704e-04
6.465105865241748e-04
8.550316780086437e-04
1.129652926946983e-03
1.492575283948494e-03
1.969956540716236e-03
2.605259534227212e-03
3.439778886323586e-03
4.539020373386652e-03
5.981296991034533e-03
7.876450131605053e-03
1.035616634997849e-02
1.359221034097774e-02
1.779857002485239e-02
2.327416246549057e-02
3.034198444094324e-02
3.944468168054464e-02
5.109926868405462e-02
6.596202889031923e-02
8.479930516410623e-02
1.084446428617084e-01
1.377047899151033e-01
1.736283784549407e-01
2.168368031841328e-01
2.680714273059626e-01
3.276674056549313e-01
3.954577979232929e-01
4.706488139026651e-01
5.510828988469590e-01
6.337169657093266e-01
7.148274874121983e-01
7.900859857595158e-01
8.555885299424995e-01
9.084691856532512e-01
9.475674236507967e-01
9.742667609798539e-01
9.971571051307161e-01
###7.200000000000002e+00
-6.796636917726222e-11
3.017774686048884e-09
1.611461871757826e-10
1.813167571244487e-10
-1.468658840223161e-09
3.536818773416081e-10
3.985482176895232e-10
5.383771729811101e-10
5.714026104958534e-10
5.647927552279261e-10
6.172483266286628e-10
6.770458930878527e-10
6.669090022862788e-10
8.418846339627234e-10
9.747604041780719e-10
1.140629640459755e-09
1.410369355157110e-09
1.713052935402528e-09
2.119156682965785e-09
2.644320525188404e-09
3.346829799934696e-09
4.255790019655602e-09
5.497268202766121e-09
7.115859065608778e-09
9.284767275249317e-09
1.216408417481431e-08
1.599638336354407e-08
2.111285307818223e-08
2.793766892541742e-08
3.696428600218661e-08
4.891715615358440e-08
6.487769239245641e-08
8.597564685438735e-08
1.140513405328523e-07
1.513895268207868e-07
2.009367405052638e-07
2.668396173347144e-07
3.542617802607132e-07
4.704528990181240e-07
6.244576786095463e-07
8.291025732621834e-07
1.100659206477266e-06
1.460952633315555e-06
1.938988343813505e-06
2.572856363466071e-06
3.412917716570825e-06
4.526944796788096e-06
6.003809174006534e-06
7.959214507347987e-06
1.056384467443805e-05
1.399951555066665e-05
1.858205351592316e-05
2.460516631968619e-05
3.264182902764215e-05
4.318888892037881e-05
5.718506738347317e-05
7.565271639835939e-05
1.003641116825593e-04
1.329656513961901e-04
1.759857423635872e-04
2.332862146892736e-04
3.089028143036520e-04
4.092093858018486e-04
5.425780385172078e-04
7.171088516067139e-04
9.491229487289146e-04
1.254895064428537e-03
1.659107988746946e-03
2.190880963855572e-03
2.898661412579028e-03
3.828210427465905e-03
5.052331418033833e-03
6.657355885381394e-03
8.764966270175633e-03
1.151914726150851e-02
1.510853345943153e-02
1.976518964255794e-02
2.581462055016806e-02
3.360348272781720e-02
4.360529736214061e-02
5.636783058191086e-02
7.257971562742545e-02
9.303523022510621e-02
1.185834024888254e-01
1.500175990411842e-01
1.883641467890750e-01
2.341615600753080e-01
2.880235097686604e-01
3.501145932153079e-01
4.200229924030933e-01
4.966951166531969e-01
5.776607378658760e-01
6.596673926503855e-01
7.388777962799543e-01
8.110438604562180e-01
8.725655549745491e-01
9.210651681482447e-01
9.559498772671365e-01
9.789785233857876e-01
9.977420259158296e-01
###7.600000000000002e+00
-5.702675168138011e-11
3.002683612574811e-09
1.824961018052902e-10
2.138041372166581e-10
-1.445217004841031e-09
3.774195303164748e-10
4.321735938002652e-10
5.733973376757896e-10
6.144720396013031e-10
6.225802761846632e-10
6.660575876552282e-10
7.400826586610441e-10
7.420129910061464e-10
9.220879460195508e-10
1.064686911300086e-09
1.252438919704434e-09
1.537090674600743e-09
1.865225864725168e-09
2.308345330719652e-09
2.877789416150472e-09
3.641210653348664e-09
4.631154295580145e-09
5.973631902304569e-09
7.731270996329264e-09
1.008413743003849e-08
1.320619014288423e-08
1.736533194719879e-08
2.291914698251947e-08
3.032671000656545e-08
4.012436701726151e-08
5.310375501853968e-08
7.043812098722464e-08
9.337081746369706e-08
1.238969856376716e-07
1.645068652912244e-07
2.184260331663786e-07
2.901754005819837e-07
3.853914191763081e-07
5.119876578212256e-07
6.799184729592439e-07
9.031674100499912e-07
1.199564253180706e-06
1.593085421512133e-06
2.115516265353526e-06
2.808736711619494e-06
3.728079531938959e-06
4.948195692982450e-06
6.567052584531460e-06
8.712767059621050e-06
1.157184757345546e-05
1.534634380020508e-05
2.038556577108535e-05
2.701377684281496e-05
3.586648022155488e-05
4.749470258060641e-05
6.294062528197232e-05
8.333952058955642e-05
1.106625396458906e-04
1.467471315521405e-04
1.943948184677465e-04
2.579228219232451e-04
3.418216808113393e-04
4.531962599813024e-04
6.013758631034425e-04
7.954230250182693e-04
1.053502530242517e-03
1.393693133244636e-03
1.843570556653035e-03
2.435459239213414e-03
3.223177481776945e-03
4.257402699826981e-03
5.618583315104151e-03
7.401949429613649e-03
9.741470737066622e-03
1.279471236303356e-02
1.676771367693110e-02
2.191333714276187e-02
2.857896396934700e-02
3.714045029690841e-02
4.810025985664054e-02
6.203809857263981e-02
7.966737441142413e-02
1.018118214809324e-01
1.293244001819992e-01
1.629847437022836e-01
2.037751359260468e-01
2.521394470483033e-01
3.085607588826850e-01
3.730066164873300e-01
4.448196776662606e-01
5.226761885958040e-01
6.038369942027872e-01
6.848553768274507e-01
7.618361246772898e-01
8.306794804741596e-01
8.881399991219443e-01
9.323448150171303e-01
9.632570726111194e-01
9.829706226800884e-01
9.982219649471324e-01
###8.000000000000002e+00
-5.307906139556318e-11
2.996134076645942e-09
2.164494746676937e-10
2.272926083204983e-10
-1.405878365068478e-09
4.045878568807988e-10
4.714379511109879e-10
6.163053133545332e-10
6.573688575640003e-10
6.783165900714984e-10
7.279849335440396e-10
8.087514340906093e-10
8.222399350283023e-10
1.008694339652708e-09
1.166322724056999e-09
1.375634389459688e-09
1.674464974464272e-09
2.033652622008092e-09
2.512067067658538e-09
3.135466360240102e-09
3.961951397044594e-09
5.035600763102818e-09
6.492246359733344e-09
8.402376989820830e-09
1.095264506929817e-08
1.433922856638741e-08
1.885667750801804e-08
2.488103467291147e-08
3.292038360733216e-08
4.356379665933429e-08
5.766067779964967e-08
7.649478040341902e-08
1.014257670919369e-07
1.346278089594754e-07
1.788141333432473e-07
2.375085630298916e-07
3.156491010445776e-07
4.193960949304075e-07
5.573883954659073e-07
7.405995072102224e-07
9.842396503971965e-07
1.307913480331501e-06
1.737910066313647e-06
2.309105922537189e-06
3.067579422050241e-06
4.074328878356456e-06
5.411327058320305e-06
7.186531142978554e-06
9.542053808135784e-06
1.268228764224350e-05
1.683114931026029e-05
2.237517241628011e-05
2.967320400328742e-05
3.942854962309002e-05
5.225611221754162e-05
6.930744041919351e-05
9.184504199772584e-05
1.220689813507250e-04
1.620139019859154e-04
2.147995695923307e-04
2.852239890984287e-04
3.783080725123354e-04
5.019545794615507e-04
6.665719573016822e-04
8.822057055052887e-04
1.169144881807165e-03
1.547428376215707e-03
2.047664764696399e-03
2.705799252928945e-03
3.581459672365939e-03
4.730917056006307e-03
6.242230132225480e-03
8.220669622225655e-03
1.081326867999214e-02
1.419138857578645e-02
1.858037063972723e-02
2.425325662984286e-02
3.158032204517977e-02
4.096698677194487e-02
5.294559698797350e-02
6.812319554409742e-02
8.724017912744308e-02
1.111398256719196e-01
1.406784998938819e-01
1.766011698432575e-01
2.198482604123089e-01
2.707510079362049e-01
3.296359533676871e-01
3.962813892838774e-01
4.697676343338695e-01
5.485063967870686e-01
6.295251076379957e-01
7.092028693110185e-01
7.836554713355266e-01
8.489861992951282e-01
9.023399567737553e-01
9.423755158632507e-01
9.695778209370151e-01
9.863230883199444e-01
9.986145529487298e-01
###8.400000000000002e+00
-3.476020124839777e-11
2.976390904429198e-09
2.315359782590582e-10
2.436436192860441e-10
-1.370352709555517e-09
4.380424509856091e-10
5.134465240539219e-10
6.582525643041519e-10
7.131018260260199e-10
7.364016043524108e-10
7.894493842135897e-10
8.854179319894710e-10
9.030819809868939e-10
1.101947028243185e-09
1.272548974304159e-09
1.501944900201757e-09
1.821204610201280e-09
2.198141545146774e-09
2.734209729194080e-09
3.408880910564782e-09
4.304335592806990e-09
5.474733390710815e-09
7.057672529746333e-09
9.129412335026373e-09
1.189614888667172e-08
1.556923617049022e-08
2.047896610282343e-08
2.701928153788711e-08
3.574301863046607e-08
4.730779737006347e-08
6.262239473926049e-08
8.309304207824841e-08
1.102067650176463e-07
1.463275168430686e-07
1.944276869888736e-07
2.583436715521565e-07
3.434843443995314e-07
4.565592399842016e-07
6.070278202117599e-07
8.069835161108783e-07
1.072999534052443e-06
1.426594834698209e-06
1.896687984780665e-06
2.521512554150070e-06
3.351812487004206e-06
4.454712899364928e-06
5.920328983885227e-06
7.868147806652537e-06
1.045497808890580e-05
1.390536960807708e-05
1.846801598421427e-05
2.457022535614478e-05
3.260951697277051e-05
4.336424584271494e-05
5.751796605706010e-05
7.634958048291735e-05
1.012575719148626e-04
1.346924270404565e-04
1.789156266478708e-04
2.373980446391071e-04
3.154761502345093e-04
4.187412808865470e-04
5.559841462841859e-04
7.387702561767592e-04
9.783010971245142e-04
1.297069504243223e-03
1.717449221757312e-03
2.273268613053451e-03
3.004319226431190e-03
3.976680023377159e-03
5.252375633336802e-03
6.927851428476897e-03
9.119194712937250e-03
1.198695866309024e-02
1.571777510068116e-02
2.055673768169738e-02
2.679633853363663e-02
3.483247114158722e-02
4.509873027651431e-02
5.815693754615569e-02
7.463973868293146e-02
9.531383579768429e-02
1.210322404119784e-01
1.526465961526029e-01
1.908659294779253e-01
2.365703082099252e-01
2.899611834011474e-01
3.512067978781873e-01
4.198722885333263e-01
4.947878772101905e-01
5.741064091222786e-01
6.546291806431958e-01
7.326500795778649e-01
8.042979046340517e-01
8.659631697597626e-01
9.152139841319054e-01
9.512371601417335e-01
9.750002496156228e-01
9.891115090227469e-01
9.989300445159832e-01
###8.800000000000002e+00
-2.252883804420950e-11
2.979324673618588e-09
2.193969117483056e-10
3.003892385831411e-10
-1.336859742354163e-09
4.697200925424258e-10
5.505547572008971e-10
7.034499474456565e-10
7.729954193333853e-10
7.988069256349635e-10
8.569524273941351e-10
9.615454110677263e-10
9.954435920455956e-10
1.199476189957760e-09
1.386893686331532e-09
1.637216224254947e-09
1.981818260097031e-09
2.398424732217779e-09
2.972901446709310e-09
3.706042258788522e-09
4.678285329539918e-09
5.952437875750080e-09
7.667432129029854e-09
9.919592594267909e-09
1.292266172848464e-08
1.691386037067622e-08
2.224436677876338e-08
2.934568792834643e-08
3.881456881864265e-08
5.137664430926657e-08
6.802779165581242e-08
9.028202474107731e-08
1.197848022272619e-07
1.590944681931128e-07
2.114618154482195e-07
2.810946850345078e-07
3.738900405680123e-07
4.971839352703766e-07
6.613305005903585e-07
8.796542567434213e-07
1.170235090351914e-06
1.556671729191150e-06
2.070812213804923e-06
2.754688749808516e-06
3.664003637001951e-06
4.872831571540287e-06
6.480255596074488e-06
8.618139929692104e-06
1.146011604508608e-05
1.525346726254176e-05
2.027293752788913e-05
2.699220315214516e-05
3.585140879136079e-05
4.771167320544787e-05
6.333566668286359e-05
8.413781792919636e-05
1.117109048437768e-04
1.486671398494759e-04
1.976201957936990e-04
2.624178777971587e-04
3.489657776968974e-04
4.635053162316985e-04
6.158046911324316e-04
8.186802424337454e-04
1.084600899401637e-03
1.438523322514713e-03
1.905278749515635e-03
2.522264346166657e-03
3.333479765306138e-03
4.411755699826284e-03
5.825568280041085e-03
7.680492152317792e-03
1.010354103658753e-02
1.326962127775721e-02
1.738257271007412e-02
2.270817129114765e-02
2.955436054745247e-02
3.834848039594693e-02
4.955068234255048e-02
6.374927688884476e-02
8.159769374384548e-02
1.038985196666372e-01
1.314936909283358e-01
1.652306439785701e-01
2.057683581664671e-01
2.538990921125277e-01
3.097322063967439e-01
3.732149712278675e-01
4.437065923672197e-01
5.197896722400775e-01
5.993750934276355e-01
6.790764852280736e-01
7.551227760700450e-01
8.237353348950206e-01
8.816209777416378e-01
9.268128971144295e-01
9.590109392050133e-01
9.796151006384649e-01
9.914105144854979e-01
9.991879342052089e-01
###9.200000000000003e+00
-3.062001126996739e-11
2.957207386259015e-09
2.399647279501343e-10
3.257607986951700e-10
-1.296673596723971e-09
5.063879253026770e-10
5.968481293667254e-10
7.523244213232122e-10
8.432319247104172e-10
8.695063212622283e-10
9.350273540783915e-10
1.036723384905980e-09
1.087463494895567e-09
1.302624550324937e-09
1.510402057482667e-09
1.783159870371768e-09
2.156202968228191e-09
2.611742854211540e-09
3.229893598444902e-09
4.027981956617528e-09
5.084899740007561e-09
6.470245917511627e-09
8.329919579084351e-09
1.077774683954995e-08
1.403760146777823e-08
1.836861934004550e-08
2.416289588826268e-08
3.187685190328195e-08
4.215594820392624e-08
5.580464972275335e-08
7.391529765495024e-08
9.811588189814634e-08
1.302196239492055e-07
1.730227667660654e-07
2.300570153785949e-07
3.059384041969958e-07
4.071187793327101e-07
5.416037131716564e-07
7.207574664474210e-07
9.591976860799033e-07
1.276748908869662e-06
1.699289807773571e-06
2.261838265425227e-06
3.010693140034273e-06
4.006929990965353e-06
5.332373615214643e-06
7.096244653160826e-06
9.443804868738567e-06
1.256732580876096e-05
1.673945161536877e-05
2.226417087950721e-05
2.966493622251342e-05
3.943156504349788e-05
5.251667386980041e-05
6.976695492778989e-05
9.275339793975147e-05
1.232827540961386e-04
1.641276457816097e-04
2.183253346727198e-04
2.901068004847090e-04
3.860258170783906e-04
5.130325624149659e-04
6.819350876753786e-04
9.070288351310281e-04
1.202075422029410e-03
1.594768963062951e-03
2.112497896164659e-03
2.796736376775196e-03
3.695835628294651e-03
4.890180991335611e-03
6.454787250770088e-03
8.505284244990433e-03
1.118019965638363e-02
1.466961285554834e-02
1.919514054879515e-02
2.504297678659283e-02
3.253974356178472e-02
4.214182657341142e-02
5.433679717718389e-02
6.973442209134810e-02
8.901502120529670e-02
1.130037857137115e-01
1.425343814040414e-01
1.784361053934470e-01
2.213039906023034e-01
2.718374331180731e-01
3.300270186116316e-01
3.956057927601224e-01
4.677169976097598e-01
5.447029320278119e-01
6.242366804610184e-01
7.027881396205212e-01
7.765643264986328e-01
8.419418659594974e-01
8.959832457640878e-01
9.371958881222785e-01
9.657789016721071e-01
9.835093740208367e-01
9.932849839011707e-01
9.993814613949934e-01
###9.600000000000003e+00
-1.455038457359097e-11
2.957416324997170e-09
2.613984358912600e-10
3.315944883016170e-10
-1.258737422087990e-09
5.494079735699939e-10
6.468492317668871e-10
7.925551180376814e-10
9.102424914401090e-10
9.369602472401860e-10
1.015909167917766e-09
1.124754525807549e-09
1.188857334219706e-09
1.417229174703973e-09
1.644158354160600e-09
1.941456337252593e-09
2.346624086936559e-09
2.840195047250902e-09
3.508174801698190e-09
4.377708956290412e-09
5.526778746799681e-09
7.032913626237082e-09
9.049037093637033e-09
1.170880958156701e-08
1.525196725416105e-08
1.994961626132203e-08
2.624502235910917e-08
3.462976444889667e-08
4.579208377465407e-08
6.062836731191622e-08
8.033108618244071e-08
1.066596235510298e-07
1.416022738264962e-07
1.882210477366514e-07
2.503648215827789e-07
3.330839444328458e-07
4.434519891687906e-07
5.901990228191920e-07
7.858240543459254e-07
1.046357551433099e-06
1.393473967051548e-06
1.855741863362879e-06
2.471574715527195e-06
3.291920519260061e-06
4.383882574287431e-06
5.837882382769212e-06
7.774073247030991e-06
1.035283642053268e-05
1.378562749949783e-05
1.837713628910128e-05
2.446020383170022e-05
3.261224787054161e-05
4.338506750805161e-05
5.782353256167306e-05
7.687508932201479e-05
1.022796556446168e-04
1.360730991442847e-04
1.812287793308867e-04
2.412283830781953e-04
3.207270915488394e-04
4.270140012935881e-04
5.677849227809063e-04
7.550241368811593e-04
1.004607185082401e-03
1.331767774714386e-03
1.767056023560624e-03
2.340829954580556e-03
3.098829284105307e-03
4.094206301100434e-03
5.415398201170922e-03
7.144496215783734e-03
9.407642574032437e-03
1.235567708058562e-02
1.619481614749287e-02
2.116453663623531e-02
2.757287347173364e-02
3.576501482718084e-02
4.622732721197821e-02
5.947087448080477e-02
7.613063297032034e-02
9.691303929690752e-02
1.226408308712111e-01
1.541571327013287e-01
1.922547960604483e-01
2.374529436240383e-01
2.903517152874541e-01
3.507976445672300e-01
4.183199531639799e-01
4.918292722968565e-01
5.694375850200026e-01
6.486072084391542e-01
7.256934427398228e-01
7.969319297687029e-01
8.589161618164350e-01
9.090832415000293e-01
9.464349276192030e-01
9.716303537540907e-01
9.867682636604211e-01
9.948005941977635e-01
9.995375203119525e-01
###1.000000000000000e+01
2.519307327052348e-11
2.962383169698576e-09
2.865348955716771e-10
3.569213089003086e-10
-1.209942754198675e-09
5.920775390047306e-10
7.071416476715813e-10
8.461703469885909e-10
9.856021562138743e-10
1.012227888993622e-09
1.102355063478443e-09
1.217137758210403e-09
1.300211767805872e-09
1.538468232971593e-09
1.787395614342461e-09
2.109054819169625e-09
2.546612637601362e-09
3.089129012222647e-09
3.808645062493339e-09
4.755769973773359e-09
6.004190285242389e-09
7.642747373392448e-09
9.829665910632881e-09
1.271524549687786e-08
1.656036017782791e-08
2.166270192232998e-08
2.850197355273515e-08
3.761354225427665e-08
4.973846771762565e-08
6.587162742259284e-08
8.731233935456212e-08
1.159674628992273e-07
1.540137371989230e-07
2.048028594915611e-07
2.725305404595715e-07
3.627389135045024e-07
4.831573858701761e-07
6.433895625772420e-07
8.572052974004653e-07
1.141807469245937e-06
1.521438888733037e-06
2.027356646454880e-06
2.701764150946962e-06
3.600711639856819e-06
4.798289060235186e-06
6.393765553697386e-06
8.520372673040935e-06
1.135399213449061e-05
1.512864203748700e-05
2.018279960208697e-05
2.688303731118532e-05
3.586438530025585e-05
4.775034685445023e-05
6.368627613929337e-05
8.472715542528728e-05
1.128080696018778e-04
1.502027795165099e-04
2.001364729264097e-04
2.665421584335828e-04
3.545791998867204e-04
4.723125362440242e-04
6.282895269247588e-04
8.357448242197902e-04
1.112312993505219e-03
1.474791975430905e-03
1.956959616127673e-03
2.592333675193226e-03
3.431033071021181e-03
4.531689705261297e-03
5.991396946258855e-03
7.899447822062474e-03
1.039343073818388e-02
1.363751287603676e-02
1.785368185866169e-02
2.330120365757886e-02
3.030998403680635e-02
3.924328043524609e-02
5.061739112875518e-02
6.496807349274750e-02
8.295175205523089e-02
1.052926711202589e-01
1.328229375840020e-01
1.663686599884442e-01
2.066810187682531e-01
2.542245123081633e-01
3.094152267144242e-01
3.720082167113811e-01
4.412959441060194e-01
5.159694583068098e-01
5.939119955881139e-01
6.724080402403566e-01
7.477263283093449e-01
8.161926889221908e-01
8.746576345027136e-01
9.209634710394559e-01
9.545980661349296e-01
9.766488104319635e-01
9.894710907883851e-01
9.960132038355251e-01
9.996555337647499e-01
###1.040000000000000e+01
4.752826169532934e-11
2.959093322561274e-09
3.045503196685215e-10
3.842945934940530e-10
-1.166425098388580e-09
6.373921167124104e-10
7.618302135564169e-10
9.050285978434655e-10
1.063668161837686e-09
1.090535736298574e-09
1.191125071399960e-09
1.320490611124626e-09
1.418518809055730e-09
1.671128794471705e-09
1.941385491690248e-09
2.288303024247110e-09
2.764581791688259e-09
3.358893426434894e-09
4.138550534914144e-09
5.166808830981388e-09
6.521740412349709e-09
8.303114155123175e-09
1.067873133248420e-08
1.381616013035924e-08
1.796734314755652e-08
2.352126943706281e-08
3.095315074121655e-08
4.085137391067544e-08
5.403270997259480e-08
7.158084486278560e-08
9.491544465202094e-08
1.261149389530575e-07
1.675134999691527e-07
2.229011325033849e-07
2.967591540091814e-07
3.951544498918416e-07
5.266033554594338e-07
7.015963378015833e-07
9.354317735486017e-07
1.246456044062129e-06
1.661821097892437e-06
2.215688239818142e-06
2.954569863068063e-06
3.940201217652963e-06
5.253869230750205e-06
7.005404491505703e-06
9.341766096985435e-06
1.245713701101551e-05
1.660873963839561e-05
2.217412633359950e-05
2.955551539908890e-05
3.945359379106447e-05
5.256918914409865e-05
7.016238538953582e-05
9.340110505175330e-05
1.244470556746239e-04
1.658134618758386e-04
2.210371845236729e-04
2.945202730242335e-04
3.919744399890991e-04
5.223394873066421e-04
6.950621446149734e-04
9.247965268385649e-04
1.231048635096791e-03
1.632354619112517e-03
2.165978840991620e-03
2.868788211576006e-03
3.795907224290556e-03
5.011394966741771e-03
6.621913112232059e-03
8.724530826799878e-03
1.146888038254747e-02
1.503247136583418e-02
1.965516745551562e-02
2.561515810487337e-02
3.326532178718734e-02
4.298703521331698e-02
5.532682907658486e-02
7.084708480289843e-02
9.021056384295487e-02
1.141680910424673e-01
1.435538767688736e-01
1.791657370609447e-01
2.217090648814713e-01
2.715696245950215e-01
3.289909761747770e-01
3.936050286171589e-01
4.644717704664787e-01
5.400650517554220e-01
6.180501922755428e-01
6.955595303975829e-01
7.688387453982657e-01
8.343281389141868e-01
8.891777219287146e-01
9.316706419257422e-01
9.617618464843424e-01
9.809196692619178e-01
9.916917821520650e-01
9.969719309790238e-01
9.997482698895569e-01
###1.080000000000000e+01
5.945859818281572e-11
2.963313693994826e-09
3.235149393101173e-10
4.195803357264323e-10
-1.126070927574764e-09
6.860810708396145e-10
8.185312162863737e-10
9.700756052140367e-10
1.156948838528716e-09
1.174731667113164e-09
1.286634702210330e-09
1.428545473915201e-09
1.549212675513640e-09
1.810115951005224e-09
2.109525674281498e-09
2.485154627232039e-09
3.001553518741602e-09
3.646223245539284e-09
4.492998857345733e-09
5.612535541657201e-09
7.083709171848281e-09
9.020361567332780e-09
1.160048732381993e-08
1.501098469944448e-08
1.951105357414958e-08
2.554220237127726e-08
3.362249883807153e-08
4.437962380396675e-08
5.871193426146470e-08
7.780625058507603e-08
1.032077090795131e-07
1.371849657160795e-07
1.822930211312716e-07
2.426692213477043e-07
3.232431493232150e-07
4.306264335718596e-07
5.741683278742103e-07
7.653543530775150e-07
1.021109176084581e-06
1.361187340101482e-06
1.815840417044368e-06
2.422460644263771e-06
3.232285004366516e-06
4.313255442264388e-06
5.754905650235844e-06
7.678709856808202e-06
1.024631343384430e-05
1.367259804280352e-05
1.824012313982212e-05
2.437040807252121e-05
3.250455929108680e-05
4.341659430357392e-05
5.788874930612297e-05
7.731231760412552e-05
1.029838241483903e-04
1.372991166178295e-04
1.830467132090628e-04
2.441116263954663e-04
3.254171590926347e-04
4.332603819295245e-04
5.775505012091034e-04
7.687255822115431e-04
1.022963554862516e-03
1.361865343602589e-03
1.805728929325698e-03
2.395747040653759e-03
3.172258440108407e-03
4.195953471799544e-03
5.536576957501219e-03
7.311236432408478e-03
9.624967086109186e-03
1.263995688677845e-02
1.654818301532120e-02
2.160777690927739e-02
2.811670550201047e-02
3.645030366616353e-02
4.700952694435383e-02
6.037057711967594e-02
7.711598724489266e-02
9.791967749612643e-02
1.235523674567237e-01
1.548394998908344e-01
1.925472784816955e-01
2.373277378432615e-01
2.894656802822698e-01
3.490383074760958e-01
4.155309915198790e-01
4.877726063739595e-01
5.640281320118037e-01
6.417697272924667e-01
7.179984395264861e-01
7.889835306868782e-01
8.513198403848529e-01
9.025034037847807e-01
9.412675785562055e-01
9.680067722021788e-01
9.845284251769016e-01
9.935012939104451e-01
9.977231927647062e-01
9.998179021050740e-01
###1.120000000000000e+01
7.358281700499900e-11
2.961496905515553e-09
3.701408223853476e-10
4.318101463219515e-10
-1.073717882908880e-09
7.367159828643851e-10
8.772230712235597e-10
1.037861420614331e-09
1.245743890466202e-09
1.270242849870171e-09
1.379693889800866e-09
1.545835042513060e-09
1.686312363842354e-09
1.963270113188843e-09
2.291964607772129e-09
2.709455448499990e-09
3.258770030961590e-09
3.963704945088184e-09
4.881901981835984e-09
6.098100096763192e-09
7.695017162208898e-09
9.803600625785873e-09
1.260349848425439e-08
1.630545288180543e-08
2.119544887701315e-08
2.774426591639357e-08
3.652725881960827e-08
4.822470148828237e-08
6.381250620704112e-08
8.459466209724085e-08
1.122568850492353e-07
1.492760282608943e-07
1.984571196763383e-07
2.642894366124753e-07
3.521996316732157e-07
4.694528704627352e-07
6.262437388591117e-07
8.352107022229629e-07
1.115029332302466e-06
1.487035515651428e-06
1.984848753474767e-06
2.649491584110362e-06
3.537452648501796e-06
4.723424923705147e-06
6.306143770954453e-06
8.419682722199582e-06
1.124217185089773e-05
1.501139587426847e-05
2.003871875969943e-05
2.679232037121345e-05
3.575600460893862e-05
4.778851430418902e-05
6.376078669473617e-05
8.520487039958587e-05
1.135604801299549e-04
1.514862345685404e-04
2.020541780820554e-04
2.695794073995373e-04
3.594969367177699e-04
4.787942676059477e-04
6.384212919251626e-04
8.498818508503437e-04
1.131066131277907e-03
1.505826135799902e-03
1.996368113531565e-03
2.648049441534576e-03
3.505115494110880e-03
4.634138140692506e-03
6.111013060194229e-03
8.063672595388273e-03
1.060598108677185e-02
1.391312090362445e-02
1.819257182441843e-02
2.372086116683017e-02
3.081619591584690e-02
3.987722395129033e-02
5.132307064181225e-02
6.575971724398298e-02
8.378964347305164e-02
1.060918506885934e-01
1.334537035356278e-01
1.666814659370695e-01
2.065095744661151e-01
2.535211183048847e-01
3.078851771429397e-01
3.695194567997652e-01
4.377255730782870e-01
5.111400133623262e-01
5.877929274868942e-01
6.649955395974343e-01
7.396616451420140e-01
8.081100390585726e-01
8.671601592223118e-01
9.146675752940111e-01
9.498113388416735e-01
9.734138145123740e-01
9.875509997212890e-01
9.949618381661588e-01
9.983056926134777e-01
9.998673828968349e-01
###1.160000000000000e+01
1.058486680573091e-10
2.963441477977573e-09
3.989755961798996e-10
4.757121435694113e-10
-1.020450762808047e-09
7.915811660492310e-10
9.447410151485094e-10
1.123224755288905e-09
1.339135916262762e-09
1.372621484457433e-09
1.499749967032964e-09
1.674869424625707e-09
1.833526217333567e-09
2.131457064872767e-09
2.489244434733359e-09
2.943041305514205e-09
3.538960754190641e-09
4.304343792689747e-09
5.303927731867263e-09
6.623701097359328e-09
8.359080982650676e-09
1.065139915864697e-08
1.369335169582427e-08
1.771224756356572e-08
2.302721591391966e-08
3.014055116648129e-08
3.969415235065090e-08
5.241405042750925e-08
6.937282063005689e-08
9.200078278508310e-08
1.221384364219685e-07
1.624771405296825e-07
2.161187629167267e-07
2.879263473975304e-07
3.838781506657897e-07
5.119378811023739e-07
6.832598007220748e-07
9.117543786255446e-07
1.217990944443437e-06
1.625116055574447e-06
2.170394408373095e-06
2.898935480906194e-06
3.872837822587956e-06
5.174505998655599e-06
6.912579892357747e-06
9.235137830203202e-06
1.233855182675022e-05
1.648644285201351e-05
2.202077579863193e-05
2.946259570201009e-05
3.934344796418190e-05
5.261236860383501e-05
7.024025141809583e-05
9.391602017163715e-05
1.252357713511028e-04
1.671476493664199e-04
2.230274660194380e-04
2.976790364930049e-04
3.970926222490671e-04
5.289963807131451e-04
7.054976266485875e-04
9.392586484766826e-04
1.250010434106241e-03
1.664048820089064e-03
2.205698355206516e-03
2.924804605370709e-03
3.869770888763154e-03
5.113444728989719e-03
6.738395895592855e-03
8.883985906359597e-03
1.167338276001723e-02
1.529569823467704e-02
1.997396903528972e-02
2.600444721575776e-02
3.372577226656207e-02
4.355518008534406e-02
5.594210991524959e-02
7.150855962078008e-02
9.087916646981221e-02
1.147384726592055e-01
1.438830745174289e-01
1.790858273656941e-01
2.210494009027007e-01
2.702729201686430e-01
3.268007845970551e-01
3.903817814998142e-01
4.601421348995910e-01
5.344965787960646e-01
6.112809588890474e-01
6.876576607493524e-01
7.604910876501249e-01
8.262005941306050e-01
8.818565880805884e-01
9.257031050338799e-01
9.573718062145390e-01
9.780588957228284e-01
9.900634326958485e-01
9.961295332450437e-01
9.987519253145456e-01
9.999073426753435e-01
###1.200000000000001e+01
1.488426144153122e-10
2.959668546679490e-09
4.291667940955346e-10
5.122096460721429e-10
-9.622644512763280e-10
8.531761787321780e-10
1.018323121745269e-09
1.205552954644359e-09
1.436055128164750e-09
1.486105318670187e-09
1.620685427670856e-09
1.810768439619730e-09
1.995939117895803e-09
2.317071054370124e-09
2.703200463645316e-09
3.195201403167324e-09
3.838931219008737e-09
4.677444871726315e-09
5.762317288830856e-09
7.194808840690567e-09
9.081449392040782e-09
1.157357996923879e-08
1.487936887740110e-08
1.925079017473229e-08
2.502094916928205e-08
3.275108971960934e-08
4.314488061073724e-08
5.698135689101382e-08
7.544113179222657e-08
1.000866420772497e-07
1.329275433417646e-07
1.769048231827091e-07
2.354176593675355e-07
3.137737581996073e-07
4.185478266506191e-07
5.584548180920225e-07
7.457651475220909e-07
9.956811463541879e-07
1.330733576153829e-06
1.776702553554496e-06
2.374157796993152e-06
3.172959004090071e-06
4.241531942084341e-06
5.670689905011059e-06
7.579842267047054e-06
1.013305700730768e-05
1.354638548304452e-05
1.811127760786672e-05
2.420624392119236e-05
3.240587912501613e-05
4.329915437639540e-05
5.793381289824242e-05
7.738615841815378e-05
1.035271946780599e-04
1.381134904503774e-04
1.844183359008975e-04
2.461562265707496e-04
3.286521469791701e-04
4.385278596134486e-04
5.843136402236935e-04
7.792985309030291e-04
1.037569673478373e-03
1.380715502465801e-03
1.837792284877573e-03
2.435307115247421e-03
3.228052694630918e-03
4.268715931902195e-03
5.637075809442475e-03
7.422655057778436e-03
9.777143812644728e-03
1.283332130763547e-02
1.679453727790169e-02
2.190059352886557e-02
2.846707097384834e-02
3.685465004975570e-02
4.749724431182940e-02
6.087781942396020e-02
7.763040789508109e-02
9.839763572503325e-02
1.238668008927492e-01
1.548335237100948e-01
1.920494903505257e-01
2.361503614508640e-01
2.875576450013106e-01
3.461756098597894e-01
4.115782428566957e-01
4.827052689952545e-01
5.577658004896526e-01
6.344158259444247e-01
7.096912705696072e-01
7.804401080310964e-01
8.432268500513397e-01
8.954199610922966e-01
9.356630253835101e-01
9.640183109710773e-01
9.820217357843815e-01
9.921329261331081e-01
9.970541190661650e-01
9.990902833774875e-01
9.999348627212324e-01
###1.240000000000001e+01
1.761577305318581e-10
2.974109382127943e-09
4.558918722918649e-10
5.487726319086452e-10
-8.944881142857118e-10
9.133348789373930e-10
1.090940340323124e-09
1.290940071360691e-09
1.554305958235609e-09
1.605471469537761e-09
1.757039863710763e-09
1.961445830021858e-09
2.167832765446072e-09
2.513883844663218e-09
2.932145086761445e-09
3.469499387299093e-09
4.168138096625913e-09
5.078723299952973e-09
6.258916674647609e-09
7.815852610071082e-09
9.867127527744309e-09
1.257788026476824e-08
1.617034771777310e-08
2.092063600041216e-08
2.719231292539708e-08
3.559405091249482e-08
4.690666847431418e-08
6.196467757930926e-08
8.205867193362739e-08
1.089120913067791e-07
1.447112522297638e-07
1.926688125313183e-07
2.565276762504755e-07
3.420616184202111e-07
4.564917067188794e-07
6.094118095683997e-07
8.142384267858153e-07
1.087682416117719e-06
1.454263310018520e-06
1.943052676261594e-06
2.597905616692181e-06
3.474039178997422e-06
4.646844699374047e-06
6.216388126268172e-06
8.314290931438451e-06
1.112162217270222e-05
1.487674410711615e-05
1.990190645519058e-05
2.661759127127735e-05
3.565028476384883e-05
4.766077536331612e-05
6.379710819384902e-05
8.526501325621269e-05
1.141245282452581e-04
1.523131758679108e-04
2.034587667111934e-04
2.716439516752590e-04
3.627825043461409e-04
4.841535769420774e-04
6.452880877768834e-04
8.605023900101970e-04
1.145618983571166e-03
1.524273076707478e-03
2.028378883009805e-03
2.686892050952111e-03
3.559780192660023e-03
4.704741220598844e-03
6.208391657183680e-03
8.167999737255596e-03
1.074796701907962e-02
1.409165029245362e-02
1.841743608263749e-02
2.398055909548354e-02
3.111919206910620e-02
4.021429969139689e-02
5.171857464837436e-02
6.614309774417658e-02
8.413626293180644e-02
1.063564716678897e-01
1.334896165684896e-01
1.663184888762391e-01
2.055660191350430e-01
2.518086951398962e-01
3.053530429460043e-01
3.659730025095895e-01
4.330552642458995e-01
5.053570485640382e-01
5.808765081357304e-01
6.571224492691697e-01
7.310251502104773e-01
7.994639175163433e-01
8.591781009281834e-01
9.078747450173562e-01
9.445957953731320e-01
9.698208328863105e-01
9.853755935693883e-01
9.938215808010867e-01
9.977735380237717e-01
9.993381371495258e-01
9.999669805780428e-01
###1.280000000000001e+01
2.212358319736972e-10
2.976758933998713e-09
4.910461953372602e-10
5.874322294956581e-10
-8.330464315769764e-10
9.856224412964657e-10
1.171653722054251e-09
1.388243167471889e-09
1.678200683094718e-09
1.740222816014774e-09
1.902183119334128e-09
2.118626695625332e-09
2.354483790758128e-09
2.726873065140111e-09
3.180347111318960e-09
3.765517613739700e-09
4.527354487238905e-09
5.513828512691888e-09
6.797428444694589e-09
8.489987628585878e-09
1.071789043865546e-08
1.366618011178027e-08
1.757307314089053e-08
2.271964640404676e-08
2.955696256117461e-08
3.869414604369637e-08
5.100762652065597e-08
6.740008492889236e-08
8.928035836160403e-08
1.185463713212875e-07
1.575869053189630e-07
2.099014942687601e-07
2.796183336652030e-07
3.730133539548113e-07
4.980454665765210e-07
6.652352420022545e-07
8.892877250926971e-07
1.188638012945336e-06
1.589882348103177e-06
2.125702640791399e-06
2.843695088082364e-06
3.804953122181988e-06
5.092484871088152e-06
6.816491979821190e-06
9.122531976407512e-06
1.220976165180236e-05
1.634136827699759e-05
2.187460048125554e-05
2.927457060011212e-05
3.922578162864591e-05
5.246709499771636e-05
7.025335866436799e-05
9.395329202592371e-05
1.258036490516135e-04
1.679590847952949e-04
2.244310007467351e-04
2.997216131729604e-04
4.003600262774564e-04
5.343624495936723e-04
7.123125430283590e-04
9.497343409096616e-04
1.264243302865760e-03
1.681742235432129e-03
2.237193469850249e-03
2.962206873985444e-03
3.922433912905878e-03
5.180607175071994e-03
6.830866323197987e-03
8.978650556991758e-03
1.180222566042412e-02
1.545510041996190e-02
2.017134400890472e-02
2.622382395204439e-02
3.397184462106678e-02
4.381685729628455e-02
5.623172879170991e-02
7.175201954707272e-02
9.103991166594648e-02
1.147648002890641e-01
1.436067832776964e-01
1.783346547447075e-01
2.196336489733792e-01
2.679958882841657e-01
3.236314311398512e-01
3.861468307117948e-01
4.547620329958513e-01
5.280277540494189e-01
6.037674841580296e-01
6.793364010177069e-01
7.516053489572065e-01
8.175263483988899e-01
8.740561752929334e-01
9.192476424024376e-01
9.525582080593713e-01
9.748515655922942e-01
9.881914571486000e-01
9.951891586163830e-01
9.983364881351118e-01
9.995283116365877e-01
9.999907060587268e-01
###1.320000000000001e+01
2.466729732985783e-10
2.983171770815917e-09
5.267038402512987e-10
6.288280815858980e-10
-7.565775312033251e-10
1.055044331610980e-09
1.260431541931475e-09
1.491371295655875e-09
1.812230795025957e-09
1.883022052144991e-09
2.052596412749505e-09
2.291997210172461e-09
2.556639838851534e-09
2.956936008547382e-09
3.451035866064319e-09
4.079825765958244e-09
4.916152397875473e-09
5.985935036046943e-09
7.383974194892874e-09
9.225126105539788e-09
1.164463377400542e-08
1.485158862154655e-08
1.909905904126797e-08
2.467795960890440e-08
3.213127631501044e-08
4.207233528426067e-08
5.548667630206413e-08
7.332884882252347e-08
9.716049149797289e-08
1.290684124273710e-07
1.716485947230853e-07
2.287403725362216e-07
3.048642954711431e-07
4.068896650365991e-07
5.435426982536655e-07
7.264162897966039e-07
9.715477186236143e-07
1.299328302979627e-06
1.738771988091790e-06
2.326208935055114e-06
3.113785352683414e-06
4.168691780254399e-06
5.582669129684736e-06
7.476460340984564e-06
1.001158334602802e-05
1.340760282028275e-05
1.795465686622975e-05
2.404761070679925e-05
3.220177725919388e-05
4.316601160015011e-05
5.776246855831100e-05
7.737125627637877e-05
1.035240173396478e-04
1.386706097959655e-04
1.851940273048376e-04
2.475240930596814e-04
3.306204916547627e-04
4.416948107600332e-04
5.895739232476075e-04
7.859617480434098e-04
1.047734011195215e-03
1.394394320068736e-03
1.854286612977159e-03
2.465789686895009e-03
3.263262805963785e-03
4.318481151904502e-03
5.699456454963301e-03
7.508476799072971e-03
9.859351437467230e-03
1.294515574552373e-02
1.692991452930885e-02
2.206456302657081e-02
2.863911279034674e-02
3.703524445003966e-02
4.767348336152647e-02
6.104750356910112e-02
7.771545540155828e-02
9.835102647318887e-02
1.236355438107942e-01
1.542270439435454e-01
1.908832193465944e-01
2.342406217912472e-01
2.847042212877138e-01
3.423624657422357e-01
4.066613426772256e-01
4.766407980718362e-01
5.506519182563099e-01
6.263603001989101e-01
7.009849160915044e-01
7.713839800657629e-01
8.346020479964426e-01
8.878624025157836e-01
9.295767946670185e-01
9.596151168640819e-01
9.791859208939380e-01
9.905402911501553e-01
9.962885331360124e-01
9.987723096120261e-01
9.996693711719311e-01
9.999907060587268e-01
###1.360000000000001e+01
2.796613647359092e-10
3.002729097061191e-09
5.602735583263784e-10
6.893392644626726e-10
-6.828449117270101e-10
1.134270281043044e-09
1.360227982796382e-09
1.600020111485466e-09
1.957636067798509e-09
2.024758484833577e-09
2.221190437216918e-09
2.479122432213277e-09
2.772268120998680e-09
3.205867246866177e-09
3.745592883274785e-09
4.427869498702670e-09
5.331884694274140e-09
6.498456925458411e-09
8.017970206652772e-09
1.001606149508707e-08
1.265228025378436e-08
1.613808907599707e-08
2.075930719564268e-08
2.681201377567798e-08
3.493432054494786e-08
4.575658161790580e-08
6.038120196671863e-08
7.979900406962905e-08
1.057705246096533e-07
1.405672507529883e-07
1.870245994778848e-07
2.493456578380387e-07
3.325017805117948e-07
4.439546062823915e-07
5.933931514530691e-07
7.934488929844740e-07
1.061788067074946e-06
1.420767625123000e-06
1.902197282170585e-06
2.546477052638160e-06
3.410554994123598e-06
4.568516659467325e-06
6.121548920671886e-06
8.202539977840604e-06
1.099024363036623e-05
1.472613717472814e-05
1.973127719837084e-05
2.644061558471714e-05
3.542556709663650e-05
4.750686345092034e-05
6.359788571398971e-05
8.521325515659165e-05
1.140688637826697e-04
1.528386649250463e-04
2.041944683992868e-04
2.729395222646304e-04
3.646163588819614e-04
4.871495466169501e-04
6.502363333032388e-04
8.668138473737126e-04
1.155217463201688e-03
1.537054390204122e-03
2.043239189306790e-03
2.715794275637439e-03
3.591991381352281e-03
4.750433832147002e-03
6.264239684969647e-03
8.244937759507201e-03
1.081501915951672e-02
1.418282973976795e-02
1.852335384077982e-02
2.410603677362796e-02
3.123626786480628e-02
4.031914858543525e-02
5.179621987090992e-02
6.617852591034484e-02
8.404677081798632e-02
1.060824795034985e-01
1.329704154958457e-01
1.653559252160843e-01
2.039636374460940e-01
2.493828729116720e-01
3.019087021948972e-01
3.615126249540331e-01
4.274669790023232e-01
4.986323351526567e-01
5.731714625450792e-01
6.485857159123755e-01
7.220133950940026e-01
7.903186480078636e-01
8.506760978289277e-01
9.006085134212956e-01
9.389070401071112e-01
9.658291901648519e-01
9.828916560702771e-01
9.924809409638335e-01
9.971616644170185e-01
9.991013862231437e-01
9.997689526640856e-01
9.999907060587268e-01
###1.400000000000001e+01
3.046727887074601e-10
3.015690262972998e-09
6.001398371724027e-10
7.319707459069233e-10
-6.102772234210625e-10
1.213636786969506e-09
1.457176424723922e-09
1.723175601254388e-09
2.115525805939491e-09
2.192421824991657e-09
2.402888017518703e-09
2.689312709502264e-09
3.006745637290212e-09
3.481142370558928e-09
4.060028689174084e-09
4.804331224375947e-09
5.786554098658402e-09
7.054157067727086e-09
8.705863106728219e-09
1.088265962655062e-08
1.374598693307023e-08
1.753242695454659e-08
2.256535248191684e-08
2.913367803088922e-08
3.798946745019846e-08
4.977226010793465e-08
6.571865766016175e-08
8.686385524742462e-08
1.151814276095040e-07
1.531336586998518e-07
2.038391087900771e-07
2.718850437156455e-07
3.627596394190859e-07
4.845984880400702e-07
6.480337617430750e-07
8.669862691271805e-07
1.160817397537588e-06
1.554022074888822e-06
2.081703724752281e-06
2.788619054817254e-06
3.736785585927739e-06
5.008144977400358e-06
6.714153930157400e-06
9.001145177218595e-06
1.206751238870709e-05
1.617818180906636e-05
2.168705453440886e-05
2.907605985782881e-05
3.897590111479786e-05
5.228641453874671e-05
7.002472427589434e-05
9.385220280979251e-05
1.256789027766825e-04
1.684417315582458e-04
2.250973771583764e-04
3.008981468169510e-04
4.019937048923407e-04
5.370774019711032e-04
7.168390867696045e-04
9.554841816901864e-04
1.273040415183563e-03
1.693192085324960e-03
2.249856943849545e-03
2.988841035882690e-03
3.950663603901037e-03
5.220896439427756e-03
6.878625694049685e-03
9.044737027615778e-03
1.185046278834433e-02
1.552128626205303e-02
2.024276166308556e-02
2.630268777575202e-02
3.402508139611019e-02
4.383536656050527e-02
5.619634370334615e-02
7.163632549763324e-02
9.075497128612620e-02
1.142436938532686e-01
1.427828197113115e-01
1.769974015230213e-01
2.175739591516388e-01
2.650385551329065e-01
3.195834006759492e-01
3.810394333663946e-01
4.485074798526915e-01
5.206713966379899e-01
5.955119596337091e-01
6.703803698942616e-01
7.423675032573432e-01
8.083686028609082e-01
8.657372697247689e-01
9.123169750593360e-01
9.472842420507039e-01
9.712646681213850e-01
9.860366547989784e-01
9.940714120490696e-01
9.978488909003705e-01
9.993484864618942e-01
9.998399176299785e-01
9.999907060587268e-01
###1.440000000000001e+01
3.446516754242648e-10
3.033122354578743e-09
6.502480301771948e-10
7.800434153162518e-10
-5.242959196280025e-10
1.300844774820720e-09
1.565727118744544e-09
1.852514115545779e-09
2.292774337370998e-09
2.370329122262325e-09
2.604961174823974e-09
2.910227615053138e-09
3.255143730620545e-09
3.771010394224299e-09
4.401455018610026e-09
5.211371072942525e-09
6.280086513005632e-09
7.656640448361526e-09
9.453246035964539e-09
1.182049894094218e-08
1.493492301061199e-08
1.905414057133429e-08
2.453057433652190e-08
3.166692248310254e-08
4.132029816986083e-08
5.415004368468811e-08
7.154112583908603e-08
9.457603047876450e-08
1.254529417506859e-07
1.668620421046091e-07
2.222227924333203e-07
2.965447159912354e-07
3.958679381680179e-07
5.291037382703649e-07
7.079029626983268e-07
9.475888822038863e-07
1.269366339922237e-06
1.700296463952807e-06
2.278846128253633e-06
3.054408503079849e-06
4.095213078276713e-06
5.491580187820205e-06
7.366072395049602e-06
9.879995917574026e-06
1.325247814248086e-05
1.777586099138353e-05
2.384072580220391e-05
3.197692946161335e-05
4.288013667263599e-05
5.754915517850758e-05
7.709862608379905e-05
1.033575152172457e-04
1.384516865998536e-04
1.855991910695093e-04
2.480787905227619e-04
3.316280153430977e-04
4.430490710143994e-04
5.919062018787010e-04
7.899115847002005e-04
1.052655772294575e-03
1.402057426577229e-03
1.864052107296904e-03
2.475677706833010e-03
3.286815677138171e-03
4.341577479355777e-03
5.732741470400874e-03
7.546030555123438e-03
9.911661408004946e-03
1.297119243689615e-02
1.696695393055153e-02
2.209617008395554e-02
2.866412430894248e-02
3.701373478485701e-02
4.759329877305683e-02
6.088535555322665e-02
7.743287545557268e-02
9.785281521204202e-02
1.228427294554209e-01
1.530777430909563e-01
1.891512241019490e-01
2.317073052473616e-01
2.811954575306275e-01
3.377005407844341e-01
4.009064375984963e-01
4.697400656046035e-01
5.427022589237315e-01
6.176009264691297e-01
6.916855439474712e-01
7.619863661466880e-01
8.255024012548885e-01
8.797878653866126e-01
9.230181139454261e-01
9.547634268786447e-01
9.759885105764884e-01
9.886854754361186e-01
9.953634373535957e-01
9.983842317973668e-01
9.995320133911280e-01
9.998899979463262e-01
9.999907060587268e-01
###1.480000000000001e+01
3.786263088439184e-10
3.054661659757236e-09
7.028592232047967e-10
8.382017123172199e-10
-4.306411175030159e-10
1.396657354812890e-09
1.684665781586245e-09
1.990592050546522e-09
2.471026610506971e-09
2.559870874346978e-09
2.819194667825132e-09
3.159166515277196e-09
3.528530611280757e-09
4.085345184006722e-09
4.772020820615988e-09
5.652241500228258e-09
6.812026168716718e-09
8.307661103419876e-09
1.026377182637284e-08
1.283997767787288e-08
1.622748740981824e-08
2.069064269304444e-08
2.667181347830426e-08
3.442715125706808e-08
4.494841929593784e-08
5.892978664321602e-08
7.788055162416990e-08
1.030010802788214e-07
1.366851316923907e-07
1.818786988437279e-07
2.423456844885616e-07
3.235564123792876e-07
4.321430880931134e-07
5.778794440848476e-07
7.735603719455005e-07
1.035991278270711e-06
1.388538982174166e-06
1.860918544692840e-06
2.495365634575942e-06
3.346548573440433e-06
4.489139834510004e-06
6.023032080758736e-06
8.083011464354612e-06
1.084714276102816e-05
1.455622335911135e-05
1.953419450681785e-05
2.620997897588828e-05
3.516954741038007e-05
4.717496763852226e-05
6.334190319915155e-05
8.488239006707512e-05
1.138165674186931e-04
1.524964809378128e-04
2.044566815906895e-04
2.733310392143742e-04
3.653796981023159e-04
4.881229578746419e-04
6.520308313177358e-04
8.699736433900727e-04
1.159072625171432e-03
1.543207635018433e-03
2.050778036996483e-03
2.722167755782504e-03
3.611730477929445e-03
4.767087458805216e-03
6.289127216366278e-03
8.270217898844025e-03
1.085075598271328e-02
1.418291638525149e-02
1.852636322566557e-02
2.409029672437598e-02
3.119933063751731e-02
4.021408815763728e-02
5.160516014781710e-02
6.587472041705580e-02
8.358161333033801e-02
1.053525618427636e-01
1.318904052262322e-01
1.638560831464686e-01
2.018108943101060e-01
2.463486358923479e-01
2.978351544039677e-01
3.562289171965867e-01
4.210740145329354e-01
4.911071141787298e-01
5.646624953800958e-01
6.393840735047378e-01
7.124298562127270e-01
7.808323867721182e-01
8.417035020833566e-01
8.928336181645598e-01
9.327487706995055e-01
9.614018217661495e-01
9.800644419615531e-01
9.908992899452991e-01
9.964037675709082e-01
9.987974884500166e-01
9.996671156187260e-01
9.999250407686117e-01
9.999907060587268e-01
###1.520000000000001e+01
4.195554940794154e-10
3.073990512841213e-09
7.530770474883785e-10
8.979572779497014e-10
-3.296614665454278e-10
1.485300291287789e-09
1.811908493140218e-09
2.137395125347733e-09
2.668531567100415e-09
2.765678937617007e-09
3.043549781577459e-09
3.412167197221421e-09
3.822025147706595e-09
4.424805133717736e-09
5.171395009755574e-09
6.130540803899360e-09
7.390012952102435e-09
9.016488222482443e-09
1.114451580645361e-08
1.394702296848578e-08
1.763336354024468e-08
2.246470054656978e-08
2.900060173336037e-08
3.743716729703553e-08
4.890794001634059e-08
6.414273633058030e-08
8.479744822263653e-08
1.122078648847648e-07
1.489616753088972e-07
1.983030233888072e-07
2.643654834261539e-07
3.531085530106230e-07
4.718847615596443e-07
6.313580273975263e-07
8.455220951128666e-07
1.132979544625758e-06
1.519301200479019e-06
2.037180307206171e-06
2.733015030215647e-06
3.667437182356471e-06
4.921933418637907e-06
6.606987248623182e-06
8.870963770781639e-06
1.191051944158039e-05
1.599102469022562e-05
2.146841525961821e-05
2.881735797322987e-05
3.868127606206345e-05
5.189998015777950e-05
6.970318856151869e-05
9.344125593627458e-05
1.253131658366336e-04
1.679322484472931e-04
2.251844538963597e-04
3.010567414165637e-04
4.024133158278077e-04
5.375504015659263e-04
7.179357562121589e-04
9.576895185496804e-04
1.275517173288120e-03
1.697482550148948e-03
2.254641706534243e-03
2.990887770808552e-03
3.965458282555387e-03
5.229629278562982e-03
6.892625917002987e-03
9.055175350764598e-03
1.186653621436024e-02
1.549081673636164e-02
2.020570017125646e-02
2.623340134412417e-02
3.391647231490114e-02
4.363500922774380e-02
5.588111304551018e-02
7.117618341600419e-02
9.009028179945243e-02
1.132592443020639e-01
1.413906270711477e-01
1.751228052266391e-01
2.149764831077464e-01
2.614910348767873e-01
3.149356340864680e-01
3.751403499025290e-01
4.414877522588527e-01
5.125488355830963e-01
5.864819379053265e-01
6.607919379352873e-01
7.325670637322460e-01
7.988677479655052e-01
8.569525334860437e-01
9.048855827997174e-01
9.415457280789019e-01
9.672591376514265e-01
9.835599189685578e-01
9.927349530145942e-01
9.972342548938663e-01
9.991132891959397e-01
9.997654120022754e-01
9.999492628781153e-01
9.999907060587268e-01
###1.560000000000001e+01
4.522982266005016e-10
3.096176758182511e-09
8.097242692322703e-10
9.677745044682978e-10
-2.308478955286816e-10
1.591498096374576e-09
1.941409279222266e-09
2.293289619210539e-09
2.873752166575818e-09
2.983158111398775e-09
3.283340728256279e-09
3.692269777519344e-09
4.141754786085259e-09
4.787824546401966e-09
5.603731636564079e-09
6.647853854210158e-09
8.014031399371453e-09
9.787747484455855e-09
1.209912611616743e-08
1.514877133346756e-08
1.916098243156440e-08
2.442788659255028e-08
3.153726007601556e-08
4.071834036677612e-08
5.322703470827823e-08
6.983150447526970e-08
9.236503046346366e-08
1.222646641495169e-07
1.623821887185296e-07
2.162760067071266e-07
2.884629305166987e-07
3.854841840880162e-07
5.154046889394056e-07
6.899638949849360e-07
9.244580619337736e-07
1.239377533966046e-06
1.662924658044756e-06
2.230793768524243e-06
2.994275802997872e-06
4.019999260783332e-06
5.397817106242668e-06
7.249239287359039e-06
9.737885455834531e-06
1.308001255310255e-05
1.756881175366009e-05
2.359631861045210e-05
3.168500169008178e-05
4.254450610707656e-05
5.709808395825883e-05
7.669852083388328e-05
1.028513644633295e-04
1.379474140162204e-04
1.848943037924823e-04
2.479436042813123e-04
3.314839494878529e-04
4.430431289391227e-04
5.917304399390708e-04
7.901258969679947e-04
1.053623730502724e-03
1.402787936226079e-03
1.865936487808141e-03
2.476950481353996e-03
3.283551658489244e-03
4.349551506977314e-03
5.731981660773407e-03
7.546951999154988e-03
9.904438616320200e-03
1.296426492648686e-02
1.690383465664997e-02
2.201319116639844e-02
2.853391876180989e-02
3.682559994597102e-02
4.728675180130768e-02
6.043280140069040e-02
7.679931897629656e-02
9.697051121438779e-02
1.215862673385673e-01
1.513501026911391e-01
1.868790834891008e-01
2.286449955919345e-01
2.771185286121002e-01
3.324730219762944e-01
3.943944344564093e-01
4.621084500458452e-01
5.340127925035654e-01
6.081078531848320e-01
6.817713631876113e-01
7.520477531376034e-01
8.160570885599064e-01
8.712451007231392e-01
9.159624751578631e-01
9.494587749792157e-01
9.723907305406744e-01
9.865338607971540e-01
9.942451138443427e-01
9.978913544199579e-01
9.993522633477150e-01
9.998362008154837e-01
9.999658317315183e-01
9.999907060587268e-01
