# NLO BK equation solver 0.0-dev build  (build Feb 16 2026 17:52:53)
# Initial condition: MV model, Q_s0^2 = 0.00699258 GeV^2, \gamma = 1, coefficient of E inside Log is 1, x0=0.01, \Lambda_QCD = 0.241 GeV
# # LO Kernel RC:  Balitsky. NLO Kernel RC:  smallest dipole
# Nc=3, Nf=4
# Using RungeKutta method in K1
# Resumming double log
# Resumming single log, K_sub=0.65 resum rc: smallest
# BK K1 integration relative accuracy: 0.02# NLO BK as^2 terms: MC integration method: Vegas, points=1000000
# Kinematical constraint: none
# Target kinematical constraint: disabled

###1.000000000000000e-05
###1.160836920850890e+00
###100
###1.000000000000000e+00
###0.000000000000000e+00
2.261382813167652e-12
3.012176158199966e-12
4.011691851308045e-12
5.342127932870132e-12
7.112774961373986e-12
9.468919271267879e-12
1.260366236621121e-11
1.677360802580035e-11
2.231967790553010e-11
2.969472559676586e-11
3.950016043753519e-11
5.253450824934924e-11
6.985778257143630e-11
9.287679063044002e-11
1.234581504067745e-10
1.640779767272285e-10
2.180200737916427e-10
2.896382705464237e-10
3.847035452183006e-10
5.108631889587097e-10
6.782479586284330e-10
9.002746249294785e-10
1.194706399361775e-09
1.585053555255666e-09
2.102422628360821e-09
2.787956832472334e-09
3.696055292776701e-09
4.898617697564944e-09
6.490638320593120e-09
8.597574705623649e-09
1.138504896624248e-08
1.507161317585677e-08
1.994553709288210e-08
2.638687255379646e-08
3.489643508817785e-08
4.613384659188760e-08
6.096743801569919e-08
8.053966283461571e-08
1.063527782922918e-07
1.403809862569210e-07
1.852170841405994e-07
2.442640805406397e-07
3.219853356787039e-07
4.242307917219850e-07
5.586620150054438e-07
7.353054012864540e-07
9.672714019938106e-07
1.271688526406952e-06
1.670914807963131e-06
2.194107205691460e-06
2.879252066139711e-06
3.775788580188071e-06
4.947993743187687e-06
6.479343688299629e-06
8.478124956340365e-06
1.108458206899865e-05
1.448036826656729e-05
1.890012492289372e-05
2.464679531222203e-05
3.211095296873356e-05
4.179551741134713e-05
5.434727246855786e-05
7.059703525769123e-05
9.161083712405649e-05
1.187551468241343e-04
1.537800455778671e-04
1.989254293542908e-04
2.570568715648536e-04
3.318398753131557e-04
4.279640788736883e-04
5.514328230228349e-04
7.099387084402720e-04
9.133528466265251e-04
1.174365064419813e-03
1.509325161888841e-03
1.939352457008492e-03
2.491803530867198e-03
3.202217833234489e-03
4.116899402332841e-03
5.296342367143714e-03
6.819770069650399e-03
8.791133914791693e-03
1.134700802002997e-02
1.466691492670014e-02
1.898671319514311e-02
2.461574058499894e-02
3.195837792184697e-02
4.154046752880458e-02
5.404038710514669e-02
7.032320629598232e-02
9.147369659724591e-02
1.188192307316122e-01
1.539257976980219e-01
1.985386356351654e-01
2.544237845075242e-01
3.230525235048707e-01
4.050703247653547e-01
4.995339827218029e-01
6.030296748982965e-01
7.090370864057209e-01
###4.000000000000000e-01
4.694779445073598e-11
-1.404977073976799e-08
9.780663553195329e-13
-1.239819260202327e-10
1.352583075860307e-11
1.963960138060724e-11
2.902600174221000e-11
3.671722667955354e-11
-7.641261955727594e-10
8.115479965178848e-11
8.725293275395136e-11
1.357800262032412e-10
9.747314185864744e-09
2.283012946483163e-10
2.324532116411006e-10
2.502437827257740e-10
3.044403532538784e-10
3.642503786712343e-10
4.647715768069279e-10
5.982291665202184e-10
7.702159678697719e-10
1.012956115381776e-09
1.326841038528618e-09
1.747637225235176e-09
2.290279375613866e-09
3.030164770354566e-09
4.005420739960960e-09
5.293844263352118e-09
7.013535347019917e-09
9.286018210113627e-09
1.229832007834081e-08
1.628791064919623e-08
2.155143707159066e-08
2.851664328124614e-08
3.771993921661587e-08
4.987958495518952e-08
6.592692298666020e-08
8.712472250059200e-08
1.150797341318739e-07
1.519454364816382e-07
2.005450439244202e-07
2.645411207645838e-07
3.488318764162643e-07
4.597341818009985e-07
6.055942572578871e-07
7.973513245797241e-07
1.049178642789228e-06
1.379858772614666e-06
1.813382413185504e-06
2.382548552629157e-06
3.127612416224986e-06
4.103829167521569e-06
5.379310477689485e-06
7.049028227648613e-06
9.224670921661742e-06
1.206597511425122e-05
1.576977026618354e-05
2.059363482854415e-05
2.687094340748980e-05
3.502305846650705e-05
4.562572011020014e-05
5.936760721421990e-05
7.718459207775481e-05
1.002421200683062e-04
1.300725626764736e-04
1.686322629606340e-04
2.183575098859842e-04
2.825044288246442e-04
3.651202235951283e-04
4.718101688876014e-04
6.090046742096094e-04
7.856520543014148e-04
1.012834886959459e-03
1.305401621341799e-03
1.681912772544703e-03
2.166919086546301e-03
2.791468114747853e-03
3.598322000639154e-03
4.640088774310026e-03
5.987697676301799e-03
7.736821440994561e-03
1.000619167953718e-02
1.296613213999901e-02
1.682043886672236e-02
2.185077602973582e-02
2.842655799414351e-02
3.701213474383912e-02
4.820455086616651e-02
6.282123346424538e-02
8.186442934061305e-02
1.066202757849524e-01
1.385423981449843e-01
1.793585284104328e-01
2.308277196107114e-01
2.947385767474501e-01
3.723354837749442e-01
4.646062062746916e-01
5.719984571622128e-01
7.022832301149223e-01
9.544238711790045e-01
###8.000000000000000e-01
-3.448912397706468e-11
-1.405270956299943e-08
2.712834761083613e-11
-1.183356969911314e-10
3.277185635033990e-12
9.325300281904595e-12
1.332755186297042e-11
5.551969165783798e-11
-7.539049930722272e-10
9.996056023007527e-11
1.221185782453027e-10
2.379068456713341e-10
9.120629964023638e-09
3.533359490202638e-10
3.409064557958469e-10
3.445299168381716e-10
3.899033826840804e-10
4.533563027692603e-10
5.552182371008468e-10
6.926600620023408e-10
8.804514296497064e-10
1.138719100682821e-09
1.478685962803016e-09
1.931812840757731e-09
2.513596857660041e-09
3.309583665838186e-09
4.361809140766671e-09
5.734563607566130e-09
7.592455275576041e-09
1.004397697202085e-08
1.330041272089954e-08
1.761294962112725e-08
2.330192810471492e-08
3.083829543854784e-08
4.079651529657091e-08
5.395555967952855e-08
7.132581578511754e-08
9.428869696584487e-08
1.245744814511405e-07
1.645308103568170e-07
2.172285801814064e-07
2.866193812250411e-07
3.780704579615695e-07
4.984091998415087e-07
6.567446938240989e-07
8.650009316527329e-07
1.138530352744174e-06
1.497907154495226e-06
1.968808032456255e-06
2.588388696505729e-06
3.399157151598340e-06
4.462031430427027e-06
5.851371404521614e-06
7.672752473176803e-06
1.004419565376100e-05
1.314272121234890e-05
1.718492372905110e-05
2.245596647167019e-05
2.931941324127249e-05
3.823907962228441e-05
4.985290614021462e-05
6.491715900261992e-05
8.447680105284928e-05
1.098186674991174e-04
1.426482604095107e-04
1.851608120847901e-04
2.400386575462482e-04
3.109618582368746e-04
4.024396895336323e-04
5.210570002819276e-04
6.738344407352895e-04
8.710939670180401e-04
1.125395027312545e-03
1.453960073573382e-03
1.878083813041729e-03
2.426157935936815e-03
3.133697861651372e-03
4.051447614087403e-03
5.239748137235031e-03
6.782242534130764e-03
8.790188002872883e-03
1.140391755464162e-02
1.482404737625505e-02
1.929159496136486e-02
2.513109223393118e-02
3.277701854511124e-02
4.275850304883774e-02
5.574785366608950e-02
7.269393202571799e-02
9.473037416664065e-02
1.232644997352214e-01
1.598420725700536e-01
2.062126384096193e-01
2.639690389366550e-01
3.345653813551852e-01
4.185989364113245e-01
5.159728299116747e-01
6.251892604262784e-01
7.488570817321564e-01
9.619552966308487e-01
###1.200000000000000e+00
-1.156575514835571e-11
-1.402595106401678e-08
1.061852752193177e-11
-1.138840688709595e-10
-9.039165043451917e-12
2.132685237577799e-11
3.271706232249793e-11
6.635207406085213e-11
-7.265575404937885e-10
1.307401029862602e-10
1.830992318918838e-10
3.209134631961483e-10
8.548586936703048e-09
4.901479036884337e-10
4.649965563186622e-10
4.396665283071368e-10
4.796786945390148e-10
5.506146639133982e-10
6.539650695959394e-10
7.967153196110624e-10
9.993575617341451e-10
1.277924807051402e-09
1.639987226004397e-09
2.133426987664493e-09
2.755564714654838e-09
3.615308009613439e-09
4.748121581604223e-09
6.228355831104567e-09
8.241875500989226e-09
1.087602990764742e-08
1.439122270192045e-08
1.905667063498685e-08
2.521172054470874e-08
3.336343624595279e-08
4.414123422002763e-08
5.839009605490718e-08
7.720024188417595e-08
1.020835453153663e-07
1.349044816439712e-07
1.782263005969582e-07
2.353822908784875e-07
3.106484182099205e-07
4.099183165846599e-07
5.405420719425081e-07
7.124795236757095e-07
9.387407922207266e-07
1.236000392431094e-06
1.626726116462629e-06
2.138607331928294e-06
2.813254181880441e-06
3.695926716110347e-06
4.854060428547507e-06
6.368179802307846e-06
8.355947995124978e-06
1.094255897145836e-05
1.432452634764217e-05
1.873956329901637e-05
2.450425323937251e-05
3.201605361882855e-05
4.178389164252044e-05
5.452111370433711e-05
7.105567944448957e-05
9.255338212679304e-05
1.204387769531244e-04
1.566229975564363e-04
2.035465063069976e-04
2.642219915238234e-04
3.427723568161915e-04
4.442755190841656e-04
5.763390564438579e-04
7.468944327346755e-04
9.674193449894214e-04
1.252581645284411e-03
1.622126426909649e-03
2.100575843976995e-03
2.719689805874014e-03
3.523120738596784e-03
4.567575900821927e-03
5.923545080557333e-03
7.688333100020431e-03
9.991743445304100e-03
1.299779458017128e-02
1.694173132552618e-02
2.210004242697761e-02
2.884530092656601e-02
3.768007858809886e-02
4.919781464488725e-02
6.414809838441154e-02
8.359470572843887e-02
1.087702877951024e-01
1.411593407990431e-01
1.823210986975878e-01
2.338467083454878e-01
2.971381998811884e-01
3.729695220967676e-01
4.610820849890837e-01
5.600204339208593e-01
6.665376575123390e-01
7.810402148164240e-01
9.673273270939944e-01
###1.600000000000000e+00
-4.997099607592545e-11
-1.404478120411133e-08
9.790331251380498e-12
-1.202396134808257e-10
3.149361260947991e-11
1.326607824393552e-11
5.546258258697668e-11
5.850283623458654e-11
-6.817485953930114e-10
1.566972658025829e-10
2.494356811149793e-10
4.289198931273043e-10
8.049299157628081e-09
6.234669402948466e-10
5.733752964125889e-10
5.405477053365576e-10
5.766842486124401e-10
6.462158396297441e-10
7.575586414120197e-10
9.073128910155654e-10
1.129394606137623e-09
1.430441134652078e-09
1.823033340537649e-09
2.349222258646018e-09
3.027819745797994e-09
3.947072460332538e-09
5.166330877508521e-09
6.773104698151748e-09
8.943920774293402e-09
1.179271682405405e-08
1.558470404613123e-08
2.063334010588856e-08
2.729130618557606e-08
3.611675762229078e-08
4.779198530353354e-08
6.321543896673801e-08
8.359360691567731e-08
1.105646787414030e-07
1.461455798600615e-07
1.931313516320038e-07
2.551379982284788e-07
3.368170852705995e-07
4.445847302986277e-07
5.864538959141544e-07
7.732343127421414e-07
1.019154455915611e-06
1.342347663396287e-06
1.767383498760033e-06
2.324075348128230e-06
3.059069302469173e-06
4.020512204757773e-06
5.283588927112665e-06
6.934435575477091e-06
9.104602797073936e-06
1.192751321448220e-05
1.562284047604741e-05
2.044995277514993e-05
2.675865714453587e-05
3.498723080360319e-05
4.569183764923725e-05
5.968018076368134e-05
7.784843852154299e-05
1.015146495460313e-04
1.322795589957573e-04
1.721666620108909e-04
2.240379803712910e-04
2.912186787838066e-04
3.783518227882554e-04
4.911586184118584e-04
6.384069897784324e-04
8.290952955555433e-04
1.075957437041485e-03
1.396099290770237e-03
1.812238780576428e-03
2.352294715282744e-03
3.051813974352052e-03
3.964830664472633e-03
5.153450553177424e-03
6.699917157338009e-03
8.716348928692186e-03
1.135541229543061e-02
1.480365007345442e-02
1.933584827568245e-02
2.526345404327190e-02
3.301275509040216e-02
4.315118769215345e-02
5.632897821331476e-02
7.339608230398739e-02
9.547539805771141e-02
1.238848659984777e-01
1.601363041560518e-01
2.057197741755525e-01
2.620149869843908e-01
3.300246366977085e-01
4.098535601143121e-01
5.003447110363126e-01
5.989416923807117e-01
7.014156759517697e-01
8.072953480817319e-01
9.717119998351649e-01
###2.000000000000000e+00
-5.728377347787232e-11
-1.403617673981582e-08
-4.866197720412426e-11
-1.228810090785449e-10
3.873015787069264e-11
2.539517030267194e-11
7.067921013170033e-11
9.876137887737008e-11
-6.466923647557068e-10
2.042323361404300e-10
2.984722107746202e-10
5.188729440122944e-10
7.604546695341561e-09
7.479935869737772e-10
6.836444603136720e-10
6.510319820235851e-10
6.792283712736049e-10
7.507391414262037e-10
8.688568787623563e-10
1.037787025750758e-09
1.268229235889623e-09
1.592989471804899e-09
2.019832494595546e-09
2.584195800174748e-09
3.323829471099476e-09
4.320451024975177e-09
5.638441867010073e-09
7.378412702547829e-09
9.724022417356266e-09
1.280792569520408e-08
1.689133969240693e-08
2.234845491283292e-08
2.955824450730449e-08
3.911102487545932e-08
5.176392380351372e-08
6.846843829965399e-08
9.054617397605366e-08
1.197909645317630e-07
1.583767066024742e-07
2.093489053823542e-07
2.766424916456156e-07
3.653145672917346e-07
4.823565210451854e-07
6.364824738382142e-07
8.394973259639574e-07
1.106880835806420e-06
1.458421311267379e-06
1.920945255830565e-06
2.526874528595419e-06
3.327788745939775e-06
4.375736253387387e-06
5.753766593071733e-06
7.555029177519833e-06
9.925506849469259e-06
1.300856284860314e-05
1.704912727612505e-05
2.233208480701639e-05
2.924200101453877e-05
3.826398532161845e-05
5.000910278924841e-05
6.538291385577783e-05
8.536935059161122e-05
1.114628449094827e-04
1.454386496836120e-04
1.894626263116670e-04
2.468856285062524e-04
3.213643094630214e-04
4.181516862855820e-04
5.437042649613565e-04
7.080597566392185e-04
9.212499306202631e-04
1.198156628624241e-03
1.557930261897779e-03
2.026824919766921e-03
2.636652575924922e-03
3.427639227215625e-03
4.464460692004854e-03
5.816215102384370e-03
7.577963214798891e-03
9.878701865247919e-03
1.289277977214486e-02
1.683746803796731e-02
2.201927267661826e-02
2.880168845721233e-02
3.765213915682621e-02
4.920653964442428e-02
6.417082104562705e-02
8.347522442100037e-02
1.082987927719035e-01
1.400033292579625e-01
1.800744178047990e-01
2.298804229672909e-01
2.905547546329509e-01
3.625321808961188e-01
4.453627461512029e-01
5.370506386560491e-01
6.342534854578287e-01
7.322377670669444e-01
8.300651674976068e-01
9.754846884253459e-01
###2.400000000000000e+00
-5.990515598643851e-11
-1.400840195092875e-08
-3.914375517557370e-11
-1.261113261343550e-10
5.855139360792731e-11
2.760145686970000e-11
8.067173698333603e-11
1.164230281554601e-10
-6.147102698010502e-10
2.400486773324223e-10
3.708651798518123e-10
6.058441883797673e-10
7.175237556874870e-09
8.796659689974265e-10
8.069248584641663e-10
7.575652000766309e-10
7.863626431166698e-10
8.641687424212629e-10
9.914164391138784e-10
1.168270235494986e-09
1.433616352265320e-09
1.774723609513257e-09
2.232238164615075e-09
2.844918856716817e-09
3.644377810552221e-09
4.731628025886266e-09
6.154707396275723e-09
8.039242596103124e-09
1.057419572765627e-08
1.391321468027636e-08
1.833684485009523e-08
2.422410819784828e-08
3.202543847599035e-08
4.237193988207248e-08
5.607888217778929e-08
7.418521293778702e-08
9.811979625394767e-08
1.298326662381476e-07
1.716921731531159e-07
2.270070070684334e-07
3.000666532761664e-07
3.963458070173344e-07
5.235248614549661e-07
6.910195149622400e-07
9.117608087839603e-07
1.202595276170265e-06
1.585156741608602e-06
2.088753600801278e-06
2.748626067650742e-06
3.621766039163343e-06
4.764699684864675e-06
6.268844767895927e-06
8.235426000559986e-06
1.082634435423773e-05
1.419621293839399e-05
1.861715795309157e-05
2.439502015957181e-05
3.197889885979614e-05
4.188021021139193e-05
5.477905110017375e-05
7.170409334748850e-05
9.370780845617351e-05
1.224850695641563e-04
1.600549119152203e-04
2.087183213107776e-04
2.723620444638171e-04
3.550217641516299e-04
4.626779249354671e-04
6.025907605790688e-04
7.861899274043797e-04
1.024802521939735e-03
1.335590438599541e-03
1.740171823059835e-03
2.268616341908281e-03
2.957364935224804e-03
3.851796499421220e-03
5.028074894732037e-03
6.563651778555842e-03
8.567198320688037e-03
1.118784757331188e-02
1.461950166194039e-02
1.911577146254673e-02
2.501421571246716e-02
3.273228078973156e-02
4.278249652042016e-02
5.586218529021183e-02
7.272933160935177e-02
9.438148987724143e-02
1.220308374396710e-01
1.570592146548251e-01
2.008810634539315e-01
2.546966328309465e-01
3.193213196351151e-01
3.946466567941950e-01
4.796612146778417e-01
5.716948876433000e-01
6.668368707229584e-01
7.601235780368724e-01
8.503266819246638e-01
9.787913300123932e-01
###2.800000000000000e+00
-1.546742122911894e-11
-1.396759147052570e-08
-2.324756888101458e-11
-1.440644083335312e-10
6.441183881525903e-11
5.168423906367806e-11
1.005650031122369e-10
1.543010775769131e-10
-5.705313072210006e-10
2.695165763725210e-10
4.448450957982251e-10
6.940455944209728e-10
6.790444294011461e-09
1.000778008416795e-09
9.215270142891703e-10
8.726560528827208e-10
8.981303079264472e-10
9.908585098301469e-10
1.117172003381476e-09
1.314353776443399e-09
1.601243113187687e-09
1.966515148041956e-09
2.470054033531955e-09
3.121535999180846e-09
3.998203295197577e-09
5.173234255740683e-09
6.712161737615256e-09
8.758836756062484e-09
1.150102689460313e-08
1.511761961998143e-08
1.990205441465546e-08
2.628015643742676e-08
3.471572409073620e-08
4.592386753071579e-08
6.077490464594984e-08
8.040620150823704e-08
1.063666272616756e-07
1.407731319009205e-07
1.861885676099819e-07
2.462393563808672e-07
3.255788422229576e-07
4.301808373245158e-07
5.684017677081245e-07
7.505158724212134e-07
9.906325065013697e-07
1.307093534616262e-06
1.723600706361008e-06
2.272179474187574e-06
2.991174044753304e-06
3.943533816598424e-06
5.190674567768088e-06
6.833400350630452e-06
8.981753428150725e-06
1.181528032779427e-05
1.550168292287937e-05
2.034213911413455e-05
2.666943939166063e-05
3.499785610110008e-05
4.587332683826356e-05
6.005540256225876e-05
7.870188346311137e-05
1.029543627373596e-04
1.347203477923956e-04
1.763007013048119e-04
2.301669601035557e-04
3.007704626371005e-04
3.926299016988705e-04
5.124827747967066e-04
6.685511430596762e-04
8.738249031949023e-04
1.141096947770694e-03
1.490037396109368e-03
1.945106197636004e-03
2.540756250461999e-03
3.318326900679750e-03
4.329364517635094e-03
5.662229695101238e-03
7.403753034770011e-03
9.678037886877672e-03
1.265454073243972e-02
1.655090073809573e-02
2.165538502414689e-02
2.834459373660410e-02
3.708008348783529e-02
4.842259891343303e-02
6.313155052617396e-02
8.201006814251592e-02
1.061020049124602e-01
1.366488170579545e-01
1.750044532358460e-01
2.224838068251781e-01
2.800713048342942e-01
3.482190484537165e-01
4.263637175415158e-01
5.128774589120176e-01
6.045915647361328e-01
6.971923521613734e-01
7.856441153510478e-01
8.685576391974333e-01
9.817111101763185e-01
###3.200000000000000e+00
1.353832534200072e-10
-1.397669284166876e-08
-3.008469398215582e-11
-1.323073186629764e-10
6.584995021324800e-11
7.374260423890058e-11
1.162693981947390e-10
1.855354239167810e-10
-5.179662739200521e-10
3.322471072289938e-10
4.681579154474011e-10
7.839042343133486e-10
6.429150474595033e-09
1.120684290347792e-09
1.041122693496583e-09
9.899188169133914e-10
1.028181674457375e-09
1.124296373010471e-09
1.261588728564841e-09
1.473020080141698e-09
1.785968036643508e-09
2.183183109609937e-09
2.726161152889253e-09
3.436582703527702e-09
4.384807954003525e-09
5.653159369724062e-09
7.325508903500681e-09
9.541343057149337e-09
1.250799051368615e-08
1.642820899570719e-08
2.159282083728567e-08
2.850835400648367e-08
3.764660322504819e-08
4.979364483097357e-08
6.588695094493424e-08
8.718483983062267e-08
1.153433488807807e-07
1.526826738355274e-07
2.019782920479278e-07
2.671893132028183e-07
3.533791712935422e-07
4.670664010295300e-07
6.173502508420365e-07
8.154492094735849e-07
1.076722041624502e-06
1.421260446724147e-06
1.874925760766925e-06
2.472719729233088e-06
3.256617521211555e-06
4.295943964445757e-06
5.657561035236246e-06
7.452655081751293e-06
9.801458129507515e-06
1.290205171486279e-05
1.693789820869692e-05
2.224199883393823e-05
2.917769115668606e-05
3.833028439713814e-05
5.028719028124995e-05
6.589447580693263e-05
8.645506466859215e-05
1.132125355967927e-04
1.483166356974712e-04
1.943733252939726e-04
2.540620601347408e-04
3.324574699750428e-04
4.346330750731245e-04
5.681891296694165e-04
7.424187811789254e-04
9.720713742648499e-04
1.271553160634832e-03
1.663400252424982e-03
2.175256882756024e-03
2.846344333914510e-03
3.723691196591406e-03
4.865770034369241e-03
6.373506934314277e-03
8.345134155718524e-03
1.092058505563231e-02
1.429200790882047e-02
1.870142334127390e-02
2.447345306587580e-02
3.202460156682312e-02
4.186235669386053e-02
5.459060223644788e-02
7.103063805473590e-02
9.201931609655370e-02
1.186357360962723e-01
1.521233994055496e-01
1.937896349024235e-01
2.448120063941795e-01
3.059217891199920e-01
3.771863256891814e-01
4.576579809211716e-01
5.450893005579492e-01
6.359253627035618e-01
7.255906279902311e-01
8.091056540664859e-01
8.850395161593745e-01
9.843154213322451e-01
###3.600000000000000e+00
1.514922982274857e-10
-1.397713021559111e-08
4.050781503080253e-11
-9.493094271793039e-11
6.591835618931511e-11
9.626849605676018e-11
1.397991223638969e-10
2.195483423674939e-10
-4.615298787224054e-10
3.899105287878651e-10
5.479840215230928e-10
8.771936599338540e-10
6.119154057655655e-09
1.247365483375128e-09
1.166766764020075e-09
1.111795390314872e-09
1.158527747390780e-09
1.263430335400695e-09
1.417510824309672e-09
1.648328746493868e-09
1.997471497398810e-09
2.418385996813875e-09
3.004864091381547e-09
3.776684661967305e-09
4.802470050278711e-09
6.177943312370530e-09
7.991666450778213e-09
1.039564164719543e-08
1.360044209086458e-08
1.785049144885105e-08
2.343764374861431e-08
3.092955689416398e-08
4.083742714257151e-08
5.400680952715007e-08
7.145492763506933e-08
9.456493341459562e-08
1.251207070662964e-07
1.656538883492869e-07
2.191772439890618e-07
2.900264331921967e-07
3.836940424874511e-07
5.072783446766277e-07
6.707297589763836e-07
8.863097808900025e-07
1.170747980482768e-06
1.545971290835544e-06
2.040382721630037e-06
2.692094505818461e-06
3.547290344235114e-06
4.682113082462922e-06
6.169505314619535e-06
8.132227631534367e-06
1.070185325655066e-05
1.409689222973587e-05
1.851833060105975e-05
2.433525334649473e-05
3.194618007140819e-05
4.201013128034564e-05
5.516694852044667e-05
7.235990335897950e-05
9.504826388424870e-05
1.245984744417967e-04
1.634289432128667e-04
2.144720878205900e-04
2.806919381675013e-04
3.678152220721644e-04
4.815696622313966e-04
6.304835484226321e-04
8.250794522553036e-04
1.082052010440526e-03
1.417765670387774e-03
1.857715287815627e-03
2.433378148936214e-03
3.189002453091463e-03
4.178090135020027e-03
5.466400466513767e-03
7.169294389239388e-03
9.396382376095306e-03
1.230607365056707e-02
1.611341546946409e-02
2.108693294653955e-02
2.758815355636426e-02
3.607348431008431e-02
4.709795194655379e-02
6.130590031073193e-02
7.957284296312266e-02
1.027623373574598e-01
1.319733334064575e-01
1.684341845682249e-01
2.133750755135330e-01
2.678072556172491e-01
3.321929583285718e-01
4.062092622150230e-01
4.884930818967026e-01
5.763279929806602e-01
6.658015612484276e-01
7.522032179121312e-01
8.307043062414026e-01
8.999459425520050e-01
9.866075665686795e-01
###4.000000000000000e+00
1.587981464719237e-10
-1.397636742196660e-08
3.363437978598755e-11
-8.684647890369899e-11
9.033996173951379e-11
1.125037295590436e-10
1.833110549563959e-10
2.514680309813480e-10
-3.951047157295909e-10
4.391249470071168e-10
6.367545079462552e-10
9.825399289921970e-10
5.847340268995134e-09
1.373088961996485e-09
1.297439631970455e-09
1.237489854048303e-09
1.297848503277118e-09
1.414146883858592e-09
1.591493036634650e-09
1.831450787324946e-09
2.214344453039592e-09
2.671964525645294e-09
3.310383304783076e-09
4.145759731045959e-09
5.261926606302342e-09
6.749361885510239e-09
8.719701359671218e-09
1.131839733043953e-08
1.479845272490732e-08
1.940432976399639e-08
2.544854988625959e-08
3.357507523950298e-08
4.431429423269414e-08
5.860089117705326e-08
7.751950188243301e-08
1.025978179321502e-07
1.357738945292763e-07
1.797906057358157e-07
2.379676552920349e-07
3.149177987904888e-07
4.167375000671482e-07
5.511670809302111e-07
7.290087629960456e-07
9.635932462527919e-07
1.273493179352765e-06
1.682348897322687e-06
2.221354231260950e-06
2.932327310313832e-06
3.865712533920866e-06
5.105550946640548e-06
6.731299096030649e-06
8.878504763851577e-06
1.169166559213750e-05
1.541151870436656e-05
2.025947276713601e-05
2.664405576933773e-05
3.500272384297286e-05
4.607656536454272e-05
6.056678679654228e-05
7.952590096347958e-05
1.045765614575648e-04
1.372456435505720e-04
1.802306584976951e-04
2.368377884419262e-04
3.103670466028577e-04
4.072574377450520e-04
5.339479614413083e-04
7.001329251154725e-04
9.175200617381418e-04
1.205177204290601e-03
1.581448787300074e-03
2.075309085783934e-03
2.722274370934095e-03
3.572520781184283e-03
4.686243701220867e-03
6.140557155708436e-03
8.057301935928629e-03
1.056778836153571e-02
1.384609878803803e-02
1.813213488498732e-02
2.372250370804881e-02
3.101580718115984e-02
4.051101226058462e-02
5.280615146799505e-02
6.858433566023213e-02
8.877078652028483e-02
1.142403739763551e-01
1.461023603925482e-01
1.855560603887644e-01
2.337172501031330e-01
2.914094237053963e-01
3.588119578244763e-01
4.352142235745508e-01
5.188497184894177e-01
6.065980967409142e-01
6.942758668797461e-01
7.771224392929325e-01
8.505618590746558e-01
9.133889809440319e-01
9.886476569604095e-01
###4.399999999999999e+00
9.960686557784413e-11
-1.399611065099813e-08
4.152788811786884e-11
-6.825682136669384e-11
1.000197048844006e-10
1.292885491995557e-10
1.976227643129001e-10
2.868523160648436e-10
-3.277006530866051e-10
5.081459075490734e-10
7.195065871651210e-10
1.088621747516592e-09
5.604315252795882e-09
1.504573882759432e-09
1.431518277278999e-09
1.382255527383036e-09
1.446250701957524e-09
1.577063558326644e-09
1.771440953260246e-09
2.036554009541742e-09
2.448525419786169e-09
2.947112121526964e-09
3.646272733621922e-09
4.547636553684245e-09
5.762601247539936e-09
7.374628598764949e-09
9.512817738254257e-09
1.233302859948890e-08
1.610508640315532e-08
2.109557539796048e-08
2.764247278064699e-08
3.645676536721682e-08
4.810381420711591e-08
6.360055398388252e-08
8.412447017640086e-08
1.113495463783905e-07
1.473766753497255e-07
1.951891640635160e-07
2.584528904062512e-07
3.420670927814456e-07
4.527849720809813e-07
5.990424875162844e-07
7.926109873175197e-07
1.047933315564465e-06
1.385747369925979e-06
1.831520566458001e-06
2.419476679970731e-06
3.195415267329021e-06
4.214750715032916e-06
5.569911259488614e-06
7.348176048769640e-06
9.698438666526329e-06
1.278018256393368e-05
1.685876452612519e-05
2.217842111261286e-05
2.919194117984795e-05
3.837992369519324e-05
5.057356345409343e-05
6.654454420599001e-05
8.746480266839676e-05
1.151322356250891e-04
1.512909158080959e-04
1.989184574445858e-04
2.617444381158823e-04
3.434277213462532e-04
4.512495166156191e-04
5.924274499104452e-04
7.779220579699625e-04
1.020849510283402e-03
1.342793584377469e-03
1.764427847074600e-03
2.318551074975252e-03
3.045198415748093e-03
4.000865456869156e-03
5.253374551825523e-03
6.892023804435531e-03
9.045783684699915e-03
1.186852778720025e-02
1.555258531681030e-02
2.036224841441669e-02
2.662469575073757e-02
3.477565979535736e-02
4.535557491853540e-02
5.900383767969983e-02
7.644100828215292e-02
9.863498679172231e-02
1.264611947001388e-01
1.610204835226635e-01
2.034617748505019e-01
2.547738484407549e-01
3.155609066856748e-01
3.857131551659975e-01
4.641422143005076e-01
5.486864082126099e-01
6.358781860559518e-01
7.213558859204642e-01
8.003982471693343e-01
8.687530302013823e-01
9.254710836750267e-01
9.904335495842304e-01
###4.800000000000000e+00
1.263075255208179e-10
-1.400682259240140e-08
6.535989293997599e-11
-6.066536614629562e-11
1.313326700285520e-10
1.642760618866695e-10
2.363565124375919e-10
3.307083916855458e-10
-2.434251997127150e-10
6.026209773431464e-10
8.148306754407689e-10
1.204509085137771e-09
5.389304294868963e-09
1.633096413650663e-09
1.572034948112935e-09
1.530353857333325e-09
1.601031486594885e-09
1.751304027463927e-09
1.975126098108282e-09
2.275885916523580e-09
2.705240339019359e-09
3.251096452494846e-09
4.009261703066477e-09
4.996236896014955e-09
6.309969514903345e-09
8.058008558391951e-09
1.038063835625831e-08
1.344088199740561e-08
1.752926917852873e-08
2.293408825501004e-08
3.003508116096049e-08
3.959551084528649e-08
5.223179443626447e-08
6.905002871794229e-08
9.132171482932888e-08
1.208900616922510e-07
1.600229479816101e-07
2.119781804169203e-07
2.807835173659157e-07
3.716736830276253e-07
4.921167714069438e-07
6.513180990563876e-07
8.620899399525918e-07
1.140366089095320e-06
1.508505802977714e-06
1.994745927894294e-06
2.636412329982187e-06
3.483759162232227e-06
4.597587486805048e-06
6.079648530633940e-06
8.025605575514417e-06
1.060007585850091e-05
1.397833007509222e-05
1.845360979900348e-05
2.429471051209493e-05
3.200363387797439e-05
4.211156683042172e-05
5.554800501578047e-05
7.316338127869413e-05
9.626660672825557e-05
1.268492113778491e-04
1.668990828230804e-04
2.196994389620330e-04
2.894565263256929e-04
3.802543559562699e-04
5.002876944700336e-04
6.576539997676541e-04
8.647113001216793e-04
1.136225454902983e-03
1.496464012972663e-03
1.968748125522102e-03
2.590062783205882e-03
3.405354059719156e-03
4.478432260072410e-03
5.885251460420109e-03
7.727168200535631e-03
1.014323141130926e-02
1.330919186592294e-02
1.743722958248481e-02
2.281796276133093e-02
2.980935320781819e-02
3.888428337364200e-02
5.062538350731249e-02
6.571081575324472e-02
8.489413867411713e-02
1.091742931983138e-01
1.394213405715600e-01
1.767220566234903e-01
2.221259555461411e-01
2.764705699366725e-01
3.401991585730336e-01
4.128255569242877e-01
4.929061668811901e-01
5.779275669967973e-01
6.641280757886179e-01
7.470408720334417e-01
8.220702893652507e-01
8.853657441825692e-01
9.362792593340870e-01
9.919944691352086e-01
###5.200000000000000e+00
2.683085377098306e-10
-1.401337292348763e-08
5.311437302940594e-11
-7.298126506625816e-12
9.345520610924306e-11
1.958703858223793e-10
2.727695411240250e-10
3.939962046782829e-10
-1.774207716902996e-10
6.734547130464532e-10
9.115032543346484e-10
1.330552022772942e-09
5.214483418339094e-09
1.772980954070785e-09
1.718625782324455e-09
1.688687923010997e-09
1.772961826633756e-09
1.943596921726244e-09
2.184112136554403e-09
2.520043815871884e-09
2.984820547040018e-09
3.585402592931123e-09
4.407061977091422e-09
5.479414799084763e-09
6.905865869336382e-09
8.801981487026098e-09
1.132471670412765e-08
1.464685549139467e-08
1.907895895138228e-08
2.494326830273616e-08
3.264244898263814e-08
4.301745676705566e-08
5.673103357056929e-08
7.498743444271151e-08
9.916735394257415e-08
1.312833923383497e-07
1.738069801557536e-07
2.302824324215296e-07
3.050803931253795e-07
4.039767362593869e-07
5.350607414359348e-07
7.084065025463349e-07
9.380363002909382e-07
1.241413370757412e-06
1.642836622909623e-06
2.173450364629645e-06
2.874079947694633e-06
3.799861922685637e-06
5.018337496866281e-06
6.639906546286620e-06
8.770542183590429e-06
1.159193539199235e-05
1.529758827472139e-05
2.021114155224408e-05
2.662982004327964e-05
3.510853407722023e-05
4.623783283149102e-05
6.105380285725069e-05
8.049587365690173e-05
1.060249670600609e-04
1.398559118161142e-04
1.842315277559167e-04
2.428051316813474e-04
3.202976239111005e-04
4.212584638920212e-04
5.549168612044926e-04
7.303787043425085e-04
9.615209129374700e-04
1.264914592754201e-03
1.667863679568210e-03
2.196538440223164e-03
2.892639225472251e-03
3.806598891539833e-03
5.009745465375316e-03
6.587222863286954e-03
8.653237865947298e-03
1.135812430991094e-02
1.490067134591609e-02
1.951322114741059e-02
2.551451113394969e-02
3.329342881945253e-02
4.336017910671943e-02
5.633808205862182e-02
7.294366120211505e-02
9.395419388729757e-02
1.203981727542381e-01
1.531251337594038e-01
1.931836167893921e-01
2.415143570824276e-01
2.987909452183659e-01
3.652587299720223e-01
4.400682485504346e-01
5.214251356438236e-01
6.065071168757539e-01
6.913043838664611e-01
7.713153565301564e-01
8.421618585194934e-01
9.004443791822133e-01
9.458842468603867e-01
9.933636040679601e-01
###5.600000000000001e+00
2.792057600959964e-10
-1.399376302948058e-08
1.054062000513612e-10
2.351203338324438e-13
1.188115873394963e-10
2.033207341207291e-10
3.118481029713020e-10
4.461784863658447e-10
-7.591333020797825e-11
7.465182090810603e-10
1.009653080813817e-09
1.467710862692174e-09
5.072913776998636e-09
1.908938540765287e-09
1.871119387336399e-09
1.860125036297963e-09
1.956281967017588e-09
2.148732960294591e-09
2.411659069622365e-09
2.776138408370432e-09
3.282305729354667e-09
3.948469969755985e-09
4.838987567703275e-09
6.005362540740305e-09
7.556347917085333e-09
9.613589019079317e-09
1.235195465901850e-08
1.596033118663680e-08
2.077112514732492e-08
2.713134694831465e-08
3.548443149804914e-08
4.674713500023536e-08
6.163375645296579e-08
8.145842013153215e-08
1.077228310751156e-07
1.426120474154621e-07
1.888424084410206e-07
2.502515596585225e-07
3.315858207833519e-07
4.392437475185423e-07
5.819633547560329e-07
7.707849314756469e-07
1.021068337058902e-06
1.351926968396705e-06
1.789915968619546e-06
2.369182420269403e-06
3.134618893513472e-06
4.146762335816577e-06
5.480087674299310e-06
7.255903839118240e-06
9.589646503859851e-06
1.268358516246095e-05
1.675087480222257e-05
2.214914759229325e-05
2.920689438685744e-05
3.853959629109755e-05
5.080271606702896e-05
6.714761285533951e-05
8.862205771277571e-05
1.168507269657406e-04
1.542980118093480e-04
2.034927617133671e-04
2.685014601497896e-04
3.546078696315760e-04
4.669173985525285e-04
6.157814616048482e-04
8.113952395352106e-04
1.069398080492839e-03
1.408296052746719e-03
1.858787239693373e-03
2.450259547748006e-03
3.229413165171280e-03
4.252539629459965e-03
5.599656556626415e-03
7.365619267832497e-03
9.677536238637555e-03
1.269971115880351e-02
1.665386408188935e-02
2.179307425109562e-02
2.846626687406708e-02
3.709314082199531e-02
4.822177213906809e-02
6.251238757044386e-02
8.071842377229738e-02
1.036342056520396e-01
1.323109047133025e-01
1.675616598932044e-01
2.103816882438849e-01
2.615941389178412e-01
3.216860772426321e-01
3.906687905437329e-01
4.673581516115335e-01
5.496159166247531e-01
6.343393819250560e-01
7.173443102446710e-01
7.941651604060416e-01
8.606983898724142e-01
9.140610062468419e-01
9.543663293580454e-01
9.945345579749089e-01
###6.000000000000001e+00
2.797593858098365e-10
-1.399846348870815e-08
1.474075492245297e-10
1.682804580243285e-11
1.785941193315650e-10
2.431863534138769e-10
3.444118399017547e-10
4.994211264672512e-10
1.323848041513174e-11
8.242920688415240e-10
1.093023623897967e-09
1.581380541725476e-09
4.935055625434480e-09
2.040968498751711e-09
2.017519418875633e-09
2.023008146200751e-09
2.139439641611892e-09
2.352016734724254e-09
2.641923433240116e-09
3.045929180409296e-09
3.598139943302082e-09
4.328145545399076e-09
5.299912618217372e-09
6.559993109828295e-09
8.248233596074782e-09
1.048371923178446e-08
1.345557709633390e-08
1.737675708441612e-08
2.259528024629465e-08
2.950062085732347e-08
3.856991647480540e-08
5.079776038143280e-08
6.696800730708304e-08
8.849805749865884e-08
1.170358607544900e-07
1.549564616380995e-07
2.052293310520495e-07
2.720231811561054e-07
3.605010278244201e-07
4.777380575803931e-07
6.331842115638757e-07
8.389686037459677e-07
1.111849961369321e-06
1.472853913850034e-06
1.950950968421518e-06
2.583699943938616e-06
3.420263152478374e-06
4.527456996599623e-06
5.988148146250884e-06
7.932959298892301e-06
1.049114011652682e-05
1.388630582123051e-05
1.835298253219853e-05
2.428711852454160e-05
3.205354001691165e-05
4.233238687135926e-05
5.585312210263524e-05
7.389601642299023e-05
9.762661432721077e-05
1.288590053269668e-04
1.703305712685636e-04
2.248862714883588e-04
2.970554694445840e-04
3.927633099443150e-04
5.177232553659550e-04
6.835131686762543e-04
9.015782473108330e-04
1.189452973382183e-03
1.567798516254529e-03
2.071161699061397e-03
2.732298725320347e-03
3.603444643933658e-03
4.747422169210198e-03
6.253296591287466e-03
8.226674062045816e-03
1.080833021623861e-02
1.417773919301661e-02
1.858034426473598e-02
2.429111363653186e-02
3.168878312950522e-02
4.122500817126033e-02
5.348494386717158e-02
6.916562422565778e-02
8.904881720931924e-02
1.139472712680281e-01
1.449158842249045e-01
1.827224680829885e-01
2.282970679499198e-01
2.823219397985973e-01
3.450891202010222e-01
4.163589486475265e-01
4.946145825549839e-01
5.773970544469867e-01
6.613643427963011e-01
7.422091893903611e-01
8.155791041818958e-01
8.777139500429122e-01
9.262817800677793e-01
9.617993008533642e-01
9.955375370404346e-01
###6.400000000000001e+00
2.673076084896157e-10
-1.399135877988448e-08
1.365069739292270e-10
-1.123294131862338e-12
1.904044143845044e-10
2.430586317870545e-10
3.567577204738702e-10
5.187560654858769e-10
7.026151555227187e-11
8.634272434728178e-10
1.139322377019690e-09
1.633779861948533e-09
4.764077817357793e-09
2.127389622759671e-09
2.125428759216772e-09
2.165641480877376e-09
2.298430265733455e-09
2.549259519073768e-09
2.851219867051561e-09
3.296290334048931e-09
3.897468018354917e-09
4.695907281577204e-09
5.750754082798748e-09
7.129203474810195e-09
8.957029703332782e-09
1.138551234987145e-08
1.460827042935668e-08
1.887058120343589e-08
2.453317713613623e-08
3.203144930674897e-08
4.190767995454505e-08
5.517483725408425e-08
7.273574186505693e-08
9.613137323636431e-08
1.271583916026420e-07
1.683866440542064e-07
2.230636725693485e-07
2.957380828503591e-07
3.920400838256938e-07
5.197400180265291e-07
6.891296693096926e-07
9.134991132985409e-07
1.211168454627801e-06
1.605202676216923e-06
2.127349162797475e-06
2.818877601847673e-06
3.733686922949681e-06
4.945496892464894e-06
6.546550894935162e-06
8.677617234425514e-06
1.148332171899274e-05
1.521114760172130e-05
2.011952989212697e-05
2.664675473080676e-05
3.519873056832687e-05
4.652629463278093e-05
6.144349609355975e-05
8.137102447218028e-05
1.076093810572503e-04
1.421760060901303e-04
1.881261988628097e-04
2.486430953162510e-04
3.287861578548387e-04
4.351867542435478e-04
5.742099243426872e-04
7.588335257455685e-04
1.001869228379784e-03
1.322931656308031e-03
1.745136163698686e-03
2.307106516930316e-03
3.045418280464908e-03
4.018232194163982e-03
5.295687329031197e-03
6.976141850034387e-03
9.177004491703325e-03
1.205426700276508e-02
1.580201375610221e-02
2.069144231163144e-02
2.702066311234363e-02
3.519718037675859e-02
4.570660534025707e-02
5.916765121836594e-02
7.631386004337798e-02
9.795113373738068e-02
1.248979934900614e-01
1.582109782660239e-01
1.986020617760329e-01
2.469055654994525e-01
3.036568405449726e-01
3.689426670887945e-01
4.422501213319477e-01
5.217469569644049e-01
6.046752714565010e-01
6.874954035094817e-01
7.658469252945856e-01
8.355495598557092e-01
8.932494967447275e-01
9.371750612856619e-01
9.682663203199454e-01
9.963865314939686e-01
###6.800000000000002e+00
2.897845815638792e-10
-1.399282837061331e-08
1.250738049935988e-10
2.225367743823040e-11
1.797396888759839e-10
2.597876076808536e-10
3.790504078591605e-10
5.365239029436980e-10
1.253556388794638e-10
8.948440549448217e-10
1.179227382172782e-09
1.675552837821595e-09
4.606266547683404e-09
2.211364726265763e-09
2.233382618767914e-09
2.287057809056262e-09
2.451875998792540e-09
2.737198785584721e-09
3.067931891944738e-09
3.556755276350498e-09
4.213518094720079e-09
5.085276367398942e-09
6.224836951649979e-09
7.732287769568034e-09
9.722780333473913e-09
1.236082402569051e-08
1.585535362332354e-08
2.048874009671366e-08
2.663686508998946e-08
3.478095768957096e-08
4.552073659188001e-08
5.993356994626814e-08
7.899816710056314e-08
1.044412389415984e-07
1.381823763411162e-07
1.830216121091022e-07
2.425197141399594e-07
3.216151967134006e-07
4.264841332602598e-07
5.656418218250093e-07
7.502868749258385e-07
9.950297355296948e-07
1.319834966615463e-06
1.750177458729891e-06
2.320678481507437e-06
3.076818966164848e-06
4.077804173810983e-06
5.404666614424150e-06
7.160024337007412e-06
9.496716802571358e-06
1.257592276980112e-05
1.667123994189799e-05
2.206770984091827e-05
2.925133537312716e-05
3.867297319681183e-05
5.116346299048766e-05
6.762767861647037e-05
8.964810938506601e-05
1.186748146731568e-04
1.569439345026201e-04
2.078691555615956e-04
2.750224621629715e-04
3.640328500318089e-04
4.823240364380727e-04
6.369854721429322e-04
8.425320658018963e-04
1.113288667453994e-03
1.471228914410281e-03
1.942057664291963e-03
2.568866419129316e-03
3.392465742045560e-03
4.477603809587946e-03
5.901791681002951e-03
7.774159393103121e-03
1.022414693853732e-02
1.342321141192116e-02
1.758330695703653e-02
2.299951979682407e-02
2.999481533397197e-02
3.900775735574166e-02
5.055453412786910e-02
6.528780170168078e-02
8.397355208268981e-02
1.074395195692166e-01
1.364980344213519e-01
1.721992714752748e-01
2.151782619790186e-01
2.661755687222003e-01
3.255615592357701e-01
3.931726583172804e-01
4.682617998022417e-01
5.486669958564299e-01
6.313678123994313e-01
7.126695895601076e-01
7.882146917946877e-01
8.540779005972319e-01
9.073476371573288e-01
9.468215142283992e-01
9.738459417579935e-01
9.971003671334767e-01
###7.200000000000002e+00
2.542117581901353e-10
-1.394440106081283e-08
1.313239684054577e-10
2.981593734652449e-11
1.889861312525819e-10
2.701900908709310e-10
3.978205042740994e-10
5.439612718692792e-10
1.786166136819018e-10
9.299916066991963e-10
1.220166275781188e-09
1.715688373508546e-09
4.460236888991807e-09
2.299553526770038e-09
2.342274610473825e-09
2.420859010928930e-09
2.612138403114097e-09
2.925345378964798e-09
3.296518372105380e-09
3.832947134290907e-09
4.551830100885284e-09
5.466011199565457e-09
6.741844552139852e-09
8.378395702567826e-09
1.053835630109360e-08
1.341156036756598e-08
1.720763524747872e-08
2.224065894473899e-08
2.891794444467024e-08
3.776560199816361e-08
4.944908362889014e-08
6.510872216079122e-08
8.583690590548160e-08
1.134938607705386e-07
1.501950899246535e-07
1.989759278079036e-07
2.637375921181070e-07
3.498659152019894e-07
4.641077631312089e-07
6.158002981283887e-07
8.171547701063662e-07
1.084227649658467e-06
1.438878782163828e-06
1.909001046720958e-06
2.532714660833769e-06
3.359876349321751e-06
4.455740757169733e-06
5.909493681680558e-06
7.834792549769189e-06
1.039867374470306e-05
1.378016704482559e-05
1.828141355315321e-05
2.421796060923731e-05
3.212879557039263e-05
4.251262363740473e-05
5.629280922499694e-05
7.447502064214773e-05
9.881853591229664e-05
1.309359343438416e-04
1.733238353614433e-04
2.297775491631287e-04
3.042966091597842e-04
4.031587520449441e-04
5.346456039981097e-04
7.066690551902064e-04
9.354463357924390e-04
1.236962320292895e-03
1.635714280904016e-03
2.160356183750023e-03
2.858876103572952e-03
3.776550150308863e-03
4.985210916329717e-03
6.570701187742375e-03
8.653302617590137e-03
1.137544007728598e-02
1.492490766581206e-02
1.953185656337841e-02
2.551794732570174e-02
3.322855875740330e-02
4.313628870376771e-02
5.578446110802257e-02
7.186017822251228e-02
9.215639502365527e-02
1.175207066656014e-01
1.487486815902743e-01
1.868690523420686e-01
2.324395922507245e-01
2.860757940958026e-01
3.479672919696095e-01
4.177164127494071e-01
4.943040418740307e-01
5.752755530688649e-01
6.573865113256869e-01
7.368101368306365e-01
8.092801219533411e-01
8.711750012918371e-01
9.200570039184959e-01
9.552967417440682e-01
9.786193412619408e-01
9.976943872324259e-01
###7.600000000000002e+00
2.410915483569820e-10
-1.395350406373851e-08
1.275508012501704e-10
4.557619458950436e-11
1.945068245130323e-10
2.922113497088828e-10
4.108142667965438e-10
5.643392716193033e-10
2.217806534316202e-10
9.739157635405113e-10
1.263340457050422e-09
1.757191028368077e-09
4.339261790110055e-09
2.386912289952829e-09
2.456116037771950e-09
2.563960889283269e-09
2.773611878655786e-09
3.124290321815890e-09
3.543174544238364e-09
4.161508658998120e-09
4.910062672821442e-09
5.906877372246837e-09
7.294855787754315e-09
9.075266163824683e-09
1.142484126815398e-08
1.454488649819681e-08
1.867004372247192e-08
2.413718781910936e-08
3.139417572812494e-08
4.100909230317029e-08
5.371604395757863e-08
7.073532020284329e-08
9.328594371770023e-08
1.233593903488613e-07
1.632898338957238e-07
2.163796705268080e-07
2.868923632495872e-07
3.807140331184911e-07
5.052103183222497e-07
6.706303040252527e-07
8.903096598332762e-07
1.181875521840600e-06
1.569292248229846e-06
2.083155591863430e-06
2.765327087996736e-06
3.670563459102024e-06
4.870859759346411e-06
6.464528177152323e-06
8.577196825465412e-06
1.139163256637291e-05
1.510689525171380e-05
2.005950259527430e-05
2.659147538595734e-05
3.530653044266282e-05
4.675835795986488e-05
6.196916004302166e-05
8.205353340292188e-05
1.089737106794790e-04
1.445240995083284e-04
1.914825756010249e-04
2.540704194660652e-04
3.367603302217788e-04
4.465660963060358e-04
5.926951436043580e-04
7.839961242371238e-04
1.038505973352927e-03
1.374116778204527e-03
1.817981401639491e-03
2.402069949434881e-03
3.179609490533000e-03
4.200951925496610e-03
5.545310251916863e-03
7.307392751721813e-03
9.619814751287583e-03
1.263847262182471e-02
1.656814666175677e-02
2.165858128417444e-02
2.825806082418275e-02
3.673724487379057e-02
4.759769117126256e-02
6.141274442228134e-02
7.890163986507666e-02
1.008815245011453e-01
1.282040238018982e-01
1.616526276160541e-01
2.022167987416816e-01
2.503550330293615e-01
3.065582034334864e-01
3.708168752985028e-01
4.425001183059347e-01
5.202963798931209e-01
6.014893185510577e-01
6.826602355864575e-01
7.598627394607859e-01
8.290335773721659e-01
8.868667379162002e-01
9.314442801721714e-01
9.626899635894125e-01
9.826677628838771e-01
9.981839359214167e-01
###8.000000000000002e+00
2.454906248213625e-10
-1.395315994488351e-08
1.308646469021436e-10
5.926740148324315e-11
2.062055228528686e-10
2.930014058437120e-10
4.272020262413229e-10
5.682713622386546e-10
2.747000301382699e-10
1.006061160869483e-09
1.306744383388299e-09
1.805496481038231e-09
4.236696712760709e-09
2.481694775170440e-09
2.573059476944679e-09
2.710846371828486e-09
2.950940786933305e-09
3.332387698357492e-09
3.800279976731596e-09
4.469931385688287e-09
5.288925010664010e-09
6.375439255066597e-09
7.886873548149961e-09
9.824006179991389e-09
1.238102160513491e-08
1.576972925406081e-08
2.025288322688859e-08
2.619483436107761e-08
3.408097339333524e-08
4.452891819741537e-08
5.835598041139432e-08
7.686055918942526e-08
1.013924813889543e-07
1.341021929725521e-07
1.775667117285888e-07
2.353719759495662e-07
3.121764605873634e-07
4.144162421042506e-07
5.501532217561944e-07
7.306017552088019e-07
9.704029355510646e-07
1.288817102415138e-06
1.712214621629314e-06
2.274143175459589e-06
3.020690889067587e-06
4.011824138738086e-06
5.327308579416755e-06
7.074944919052230e-06
9.394295904427138e-06
1.248544945648948e-05
1.656958127802033e-05
2.202133543397659e-05
2.921249720771018e-05
3.881766753240095e-05
5.145023600883868e-05
6.824611121342501e-05
9.044293185569356e-05
1.202171748240593e-04
1.595731400639821e-04
2.116043966477148e-04
2.810057904954787e-04
3.727713360151803e-04
4.947020024553241e-04
6.570634464197683e-04
8.696872113504284e-04
1.152693832122770e-03
1.525967395521043e-03
2.019689119018591e-03
2.669287542672918e-03
3.533921306537945e-03
4.669177909687285e-03
6.162254623895289e-03
8.117577522255420e-03
1.068065523740684e-02
1.402189375786652e-02
1.836379590131723e-02
2.397818877248308e-02
3.123448320667540e-02
4.053400794806083e-02
5.240725754200183e-02
6.745561399072235e-02
8.642626598000015e-02
1.101573865320728e-01
1.394984961104749e-01
1.752050678251262e-01
2.182292294907786e-01
2.689070030341649e-01
3.275871451188273e-01
3.940564681257931e-01
4.674368895582804e-01
5.461523987499820e-01
6.272236466635103e-01
7.070878125011860e-01
7.817839034379056e-01
8.474498940041022e-01
9.011776207225850e-01
9.415759345869853e-01
9.690868020403834e-01
9.860688388525004e-01
9.985811443722961e-01
###8.400000000000002e+00
2.517842833686219e-10
-1.396580568971824e-08
1.335306595979561e-10
7.220020557552310e-11
2.136062679980430e-10
3.069991202251686e-10
4.429343683326122e-10
5.885779351207838e-10
3.390770612440750e-10
1.043672382058375e-09
1.348804977408257e-09
1.859610771070964e-09
4.146693735510934e-09
2.555392561442955e-09
2.690596143074861e-09
2.864026365971337e-09
3.130421294288649e-09
3.551419339772674e-09
4.068955107704763e-09
4.797314643079064e-09
5.696748217748351e-09
6.885770272419663e-09
8.522176209936605e-09
1.062975359772269e-08
1.341099446221359e-08
1.709358431302082e-08
2.196650058743021e-08
2.842403499762162e-08
3.699552726524560e-08
4.835828852208547e-08
6.340227288816562e-08
8.352667244156986e-08
1.102221993982300e-07
1.458163507285505e-07
1.931389893063816e-07
2.560943476140136e-07
3.397800386736462e-07
4.512524546357859e-07
5.992953368146896e-07
7.962271655348997e-07
1.058066663878883e-06
1.405979722794632e-06
1.868878215842307e-06
2.483635227844321e-06
3.300952871028252e-06
4.386871708889479e-06
5.829211737476919e-06
7.746759007916197e-06
1.029405104457007e-05
1.369093267961275e-05
1.818287722604645e-05
2.418566314506177e-05
3.210613826177395e-05
4.269683922076677e-05
5.663805952177862e-05
7.518994437509158e-05
9.972824056698204e-05
1.326716955189522e-04
1.762482657810865e-04
2.339023017936581e-04
3.108601936195167e-04
4.126846739079563e-04
5.480467456800155e-04
7.283555421858666e-04
9.646060307499369e-04
1.279104124238079e-03
1.693956068917267e-03
2.242685593689276e-03
2.964421985845722e-03
3.924672193203672e-03
5.184951973582983e-03
6.840787692357514e-03
9.006937441392972e-03
1.184302851751994e-02
1.553387222566486e-02
2.032173522523242e-02
2.649993510677293e-02
3.446000682329552e-02
4.463427093538080e-02
5.758036251747319e-02
7.392843928303650e-02
9.444896461767274e-02
1.199919847229764e-01
1.514075782212730e-01
1.894097436126338e-01
2.348859031164378e-01
2.880644456703068e-01
3.491130324729875e-01
4.176208003170382e-01
4.924529401273500e-01
5.717719757693017e-01
6.523896532245270e-01
7.306115905736354e-01
8.025334497229264e-01
8.645410271093213e-01
9.141626125990445e-01
9.505325132536824e-01
9.745796334935777e-01
9.889002327185989e-01
9.989061913802297e-01
###8.800000000000002e+00
2.521224275400541e-10
-1.395956990403298e-08
1.514745177828810e-10
-2.245750556482760e-10
2.249736384621524e-10
3.313477478624007e-10
4.636396437979828e-10
5.103715953847276e-10
3.929798973652040e-10
1.070740295110548e-09
1.397814147713999e-09
1.910754793744387e-09
4.071236486949377e-09
2.648187700246815e-09
2.814976024709850e-09
3.019052461559080e-09
3.322701381861591e-09
3.782046132424696e-09
4.354014924587463e-09
5.146539859718455e-09
6.140407707195415e-09
7.431651634148195e-09
9.205458506612342e-09
1.150279715177964e-08
1.452400499473890e-08
1.852516335267647e-08
2.382138641334339e-08
3.084141695273791e-08
4.016081791238713e-08
5.252108333975675e-08
6.889086092523925e-08
9.078600943852853e-08
1.198390704969996e-07
1.585917306650753e-07
2.101248601520040e-07
2.787131342812338e-07
3.699452208299327e-07
4.915052186486417e-07
6.530560489056923e-07
8.680434488691481e-07
1.154087638338363e-06
1.534389599520027e-06
2.040741677253323e-06
2.713662582945115e-06
3.608825902248186e-06
4.799059579147174e-06
6.381027492375418e-06
8.486096944140673e-06
1.128509921767899e-05
1.501962194152897e-05
1.996236370685726e-05
2.657426817710555e-05
3.530225000643008e-05
4.698333083259252e-05
6.237354536167594e-05
8.287044092861118e-05
1.100372337909972e-04
1.464567280924067e-04
1.947088373999563e-04
2.585971263314579e-04
3.439172205044705e-04
4.568882237058558e-04
6.071025864202722e-04
8.072856613254589e-04
1.069633197747702e-03
1.418897434127470e-03
1.879590739139644e-03
2.488810217374118e-03
3.289999077522324e-03
4.355205636272591e-03
5.752169679888180e-03
7.585733495883699e-03
9.981768410621625e-03
1.311335785581142e-02
1.718335442086011e-02
2.245480849018174e-02
2.923473130462879e-02
3.794844518631608e-02
4.905264956905175e-02
6.313422014150663e-02
8.084158021657485e-02
1.029792630160086e-01
1.303973309625820e-01
1.639364562543296e-01
2.042541409283445e-01
2.521552293489751e-01
3.077833447621595e-01
3.710780927987120e-01
4.414375274347830e-01
5.174657069229467e-01
5.970733276315001e-01
6.768950731332836e-01
7.531600494835917e-01
8.220759088172761e-01
8.803090300106419e-01
9.258674310444053e-01
9.583935594781379e-01
9.792585900604471e-01
9.912374456730395e-01
9.991642281103447e-01
###9.200000000000003e+00
2.497319937264652e-10
-1.395995630196277e-08
1.623583818128113e-10
-2.164040713585192e-10
2.400623844562849e-10
3.451148302550270e-10
4.840170833931192e-10
5.485747367151211e-10
4.480371847993768e-10
1.120240856009864e-09
1.453399056997272e-09
1.973286286236461e-09
4.016316811347748e-09
2.747580861125441e-09
2.945966748991601e-09
3.185099721393639e-09
3.528681637040465e-09
4.034076859510831e-09
4.660792938155059e-09
5.521820056824527e-09
6.609440749156745e-09
8.019718863450227e-09
9.942593595900081e-09
1.244074933930657e-08
1.572780890321021e-08
2.007481136029550e-08
2.583267312977392e-08
3.346622843255662e-08
4.360123079885373e-08
5.704501859994719e-08
7.486855889755631e-08
9.868994327170047e-08
1.303264740219994e-07
1.725228431790437e-07
2.286665393388342e-07
3.034290234864815e-07
4.029389783206316e-07
5.355224725439151e-07
7.118957092697500e-07
9.466510850984159e-07
1.259339649921257e-06
1.675222112009801e-06
2.229264486839034e-06
2.966244960431731e-06
3.947139478984813e-06
5.252176499339561e-06
6.988367201232785e-06
9.300121209659799e-06
1.237607116132115e-05
1.648463233479459e-05
2.192496787337462e-05
2.921110632318267e-05
3.883216872038484e-05
5.172101158179131e-05
6.871544793231642e-05
9.136773970501905e-05
1.214538267381012e-04
1.617155075566215e-04
2.151426839101891e-04
2.859285044180480e-04
3.805129722478956e-04
5.058015460165263e-04
6.724145210358320e-04
8.945497258444564e-04
1.185700748095481e-03
1.573262993446906e-03
2.084401603651156e-03
2.760233235235802e-03
3.648381841262660e-03
4.828511891633702e-03
6.374975087818487e-03
8.402329182789894e-03
1.104814080383631e-02
1.450027012413659e-02
1.897991864840976e-02
2.477043612538618e-02
3.219630828875571e-02
4.171336463107893e-02
5.380282655057779e-02
6.907952477279103e-02
8.821333218712382e-02
1.120329007479608e-01
1.413796576081123e-01
1.770800532517815e-01
2.197280967932868e-01
2.700407505450698e-01
3.280257164666444e-01
3.934353348296835e-01
4.654369293621691e-01
5.423929433045623e-01
6.219741121787833e-01
7.006716751172758e-01
7.746908247306193e-01
8.403879299367353e-01
8.947825080940187e-01
9.363500352563482e-01
9.652417210847574e-01
9.832088512913612e-01
9.931443499222076e-01
9.993721453415363e-01
###9.600000000000003e+00
2.643674404408890e-10
-1.394459092077656e-08
1.781427525599222e-10
-2.069072001901995e-10
2.584907020988821e-10
3.644252205132370e-10
5.089863186512220e-10
5.891698601581853e-10
5.075472199599661e-10
1.170438873866169e-09
1.515908162536938e-09
2.041103566372019e-09
3.966441615645983e-09
2.852409869742723e-09
3.082108032023328e-09
3.354254872612695e-09
3.743459607630488e-09
4.298517639785919e-09
4.984727291650290e-09
5.920562484583271e-09
7.110034281453891e-09
8.648374234222685e-09
1.073791284912897e-08
1.345194857914447e-08
1.702653849911763e-08
2.175193868919736e-08
2.801340760980174e-08
3.631489798517302e-08
4.733823049837603e-08
6.196369153755279e-08
8.137345029058072e-08
1.073002208236779e-07
1.417580272646241e-07
1.877203616463538e-07
2.489119411601200e-07
3.304275552205313e-07
4.390089321052368e-07
5.836944298549749e-07
7.763807928757031e-07
1.032801493064694e-06
1.374655679193635e-06
1.829640855859884e-06
2.436271537427756e-06
3.243661476035273e-06
4.318875065940350e-06
5.750609768015591e-06
7.656819445189431e-06
1.019665861486269e-05
1.357755894404860e-05
1.809961083565613e-05
2.409069393559792e-05
3.211711767241243e-05
4.273089439610516e-05
5.695600638674497e-05
7.572775014702722e-05
1.007684429429531e-04
1.340738188325559e-04
1.785907370231426e-04
2.377494640016479e-04
3.161619067837966e-04
4.209904012776328e-04
5.598881230657719e-04
7.446084908970882e-04
9.909582815489600e-04
1.313852105727243e-03
1.743627543673652e-03
2.310229657380082e-03
3.059079935440702e-03
4.042479879894423e-03
5.348258752686683e-03
7.057875415412510e-03
9.295993605693947e-03
1.221265072662388e-02
1.601183449212135e-02
2.093247574329406e-02
2.727987679901841e-02
3.539652818434535e-02
4.576758734831651e-02
5.890114017094186e-02
7.543209842699844e-02
9.606221906567886e-02
1.216192620837095e-01
1.529465923245846e-01
1.908395846595857e-01
2.358299086121180e-01
2.885060368750841e-01
3.487615537351011e-01
4.161267795571252e-01
4.895477105854825e-01
5.671434544705096e-01
6.463880146888140e-01
7.236597735504003e-01
7.951605703063842e-01
8.574667611680653e-01
9.079898567893577e-01
9.456813682623454e-01
9.711663847858074e-01
9.865163889235753e-01
9.946862855999672e-01
9.995253560126591e-01
###1.000000000000000e+01
2.384273668212396e-10
-1.390466357169359e-08
1.941153701338009e-10
-1.883948177482760e-10
2.739992381310313e-10
3.924823966329233e-10
5.376401128007403e-10
6.285974682172300e-10
5.726862237679916e-10
1.223395063680463e-09
1.577395755717318e-09
2.111290602833304e-09
3.937518635230340e-09
2.959493433256804e-09
3.227997352991707e-09
3.535552325748469e-09
3.970190715308828e-09
4.574331021938531e-09
5.332410631755554e-09
6.347279227755534e-09
7.646244647157075e-09
9.322521928405500e-09
1.159066947987200e-08
1.454241980458490e-08
1.843214855314302e-08
2.356656489032950e-08
3.037676921219346e-08
3.941127307744456e-08
5.140032066202447e-08
6.731345434287292e-08
8.845582431295713e-08
1.166859472773723e-07
1.542299474877193e-07
2.043012186730072e-07
2.710239150111003e-07
3.599399652649311e-07
4.784500299539506e-07
6.363942514706901e-07
8.470450965943670e-07
1.127208550591193e-06
1.501112785483929e-06
1.999146781843559e-06
2.663516706998808e-06
3.548385328841922e-06
4.727583329886765e-06
6.299009991400282e-06
8.392666277813182e-06
1.118425580192498e-05
1.490180542871154e-05
1.988067176470195e-05
2.648011176888690e-05
3.532526471599192e-05
4.703717282967841e-05
6.273936380196631e-05
8.347749751132162e-05
1.111612405638101e-04
1.480199771950577e-04
1.972569458900311e-04
2.627484089036273e-04
3.495902586615951e-04
4.657333958744318e-04
6.196330693016010e-04
8.243264625683429e-04
1.097411306627213e-03
1.455213001343095e-03
1.931375450482827e-03
2.558834883660457e-03
3.387715077347071e-03
4.475372700988518e-03
5.918403176653922e-03
7.805269435691456e-03
1.027251200567403e-02
1.348255467750595e-02
1.765619188856745e-02
2.305104381256049e-02
2.999450842867959e-02
3.884770118208569e-02
5.012595558492348e-02
6.436095103834130e-02
8.220880499826747e-02
1.043941578272122e-01
1.317484925012371e-01
1.650992624498474e-01
2.052080397405493e-01
2.525436540820261e-01
3.075237159892903e-01
3.699332970840968e-01
4.390839730999635e-01
5.136922543652372e-01
5.916494384889490e-01
6.702438926831622e-01
7.457740033265249e-01
8.145207943257923e-01
8.733127150750125e-01
9.199700144538197e-01
9.539320533906769e-01
9.762496022163125e-01
9.892617616244748e-01
9.959216219554489e-01
9.996479431102754e-01
###1.040000000000000e+01
2.487049383863125e-10
-1.389477591281022e-08
1.921309242054174e-10
-1.724387461191690e-10
2.837504736592580e-10
4.181448614843312e-10
5.685820147878943e-10
6.699005312094367e-10
6.303856432375874e-10
1.276740419746431e-09
1.640610332980097e-09
2.181934504580448e-09
3.919705085315551e-09
3.077130811425083e-09
3.376628147385698e-09
3.725900467274358e-09
4.208690553176135e-09
4.868462298312187e-09
5.697377083185733e-09
6.803570194972908e-09
8.217994085375497e-09
1.004549949877967e-08
1.250940375371148e-08
1.571894143762661e-08
1.994998300914687e-08
2.553310707427880e-08
3.293882621401484e-08
4.277081471998170e-08
5.581220864011786e-08
7.313403198730935e-08
9.616996066046442e-08
1.269153838266117e-07
1.678317228476380e-07
2.224115376453375e-07
2.951757891184310e-07
3.922068777822513e-07
5.216052632296576e-07
6.941010363426730e-07
9.244171196382038e-07
1.230719057418050e-06
1.639844838380855e-06
2.185208570021049e-06
2.913148401898801e-06
3.883369998250038e-06
5.177099719218963e-06
6.902586656988164e-06
9.202911979282215e-06
1.227206273601772e-05
1.636161256887078e-05
2.184462414803372e-05
2.911685686403091e-05
3.886655699367483e-05
5.179315553198886e-05
6.912866339515949e-05
9.204069725625065e-05
1.226471390725590e-04
1.634312588185035e-04
2.178845385990220e-04
2.903732833260543e-04
3.865234626055337e-04
5.151431958087344e-04
6.856096347119771e-04
9.123239343307322e-04
1.214788284835473e-03
1.610937711417339e-03
2.138055962297214e-03
2.832260323850307e-03
3.748723054438613e-03
4.950042183054987e-03
6.542586418162038e-03
8.622537232348159e-03
1.133774704425925e-02
1.486502868191681e-02
1.944169906229419e-02
2.534609930511936e-02
3.292613812436759e-02
4.256358548188538e-02
5.480170120336205e-02
7.020088643051142e-02
8.942301616219502e-02
1.132176627544417e-01
1.424262522974113e-01
1.778416576122926e-01
2.201809533065439e-01
2.698325705023098e-01
3.270473498413860e-01
3.914953745635693e-01
4.622421253202210e-01
5.377921223138913e-01
6.158175427769806e-01
6.934597889055323e-01
7.669739054686355e-01
8.327536481718283e-01
8.879393934896901e-01
9.307799014923895e-01
9.611805710029394e-01
9.805833845861162e-01
9.915218994946199e-01
9.969011163115596e-01
9.997440124167455e-01
###1.080000000000000e+01
2.572102386551462e-10
-1.388867605818676e-08
1.916691953426780e-10
-1.548002207288901e-10
3.018391310534040e-10
4.270334133066611e-10
5.929926448820243e-10
7.129455947502248e-10
6.950762261480660e-10
1.338977705120546e-09
1.707617678013176e-09
2.254752079073664e-09
3.920389427690127e-09
3.195972650461714e-09
3.533753252713572e-09
3.925146339238217e-09
4.459914611376333e-09
5.178394886927651e-09
6.087701609507606e-09
7.289139240871885e-09
8.831325753702891e-09
1.082411368109270e-08
1.349787853685163e-08
1.698721298529714e-08
2.159010923842674e-08
2.766206615906762e-08
3.571692336277986e-08
4.641665174895498e-08
6.060599063433192e-08
7.947183511688599e-08
1.045672268880260e-07
1.380677873962780e-07
1.826689886148892e-07
2.421816038822242e-07
3.215708155030902e-07
4.274825413732875e-07
5.688178919695573e-07
7.572976683777072e-07
1.009208974957033e-06
1.344233483102154e-06
1.792057039977923e-06
2.389418409999005e-06
3.187421334640107e-06
4.251547110974063e-06
5.671637237192659e-06
7.566695665524144e-06
1.009507560812307e-05
1.347071142324204e-05
1.797083014724111e-05
2.401059819600104e-05
3.202480559400145e-05
4.277608141753553e-05
5.704174277760935e-05
7.618591030052995e-05
1.014980911667258e-04
1.353345917249714e-04
1.804379019461608e-04
2.406736503574087e-04
3.208779210807251e-04
4.273012531704978e-04
5.696876509108342e-04
7.583905666410646e-04
1.009345063434079e-03
1.344094135982977e-03
1.782384250580672e-03
2.365306181959691e-03
3.132553612723674e-03
4.144613214753596e-03
5.470085018527808e-03
7.225111854725589e-03
9.514176093296205e-03
1.249839343778424e-02
1.636757124349453e-02
2.137791176155450e-02
2.782718401732923e-02
3.608551897989568e-02
4.655644607067333e-02
5.980927414652785e-02
7.642996202037836e-02
9.708656456092599e-02
1.225508424476715e-01
1.536574233979644e-01
1.911672702026529e-01
2.357433654539690e-01
2.876765861006675e-01
3.470574024205822e-01
4.133937361599503e-01
4.855411669723536e-01
5.617746151274094e-01
6.395786972941150e-01
7.159656814959182e-01
7.871994810367944e-01
8.498439283151109e-01
9.013675159750025e-01
9.404685261687251e-01
9.675018611580271e-01
9.842441283756914e-01
9.933626961602948e-01
9.976675008846750e-01
9.998136062100719e-01
###1.120000000000000e+01
2.494077250407842e-10
-1.387663442539544e-08
1.984721392756043e-10
-1.391312655525237e-10
3.273204537010593e-10
4.509805461375966e-10
6.318862259259474e-10
7.596455251881780e-10
7.635923728142541e-10
1.401258828882351e-09
1.783550176187931e-09
2.332307588458243e-09
3.930976058013599e-09
3.316684786272413e-09
3.702544143140832e-09
4.138789865696583e-09
4.726986020420535e-09
5.507309903151755e-09
6.504760749622864e-09
7.808762743261049e-09
9.487788489181587e-09
1.166115792702852e-08
1.456264655279655e-08
1.835710703420804e-08
2.336408970760470e-08
2.996745458068227e-08
3.873108782806888e-08
5.037526361259405e-08
6.582284574425038e-08
8.637702581356083e-08
1.137201152775264e-07
1.502318036570956e-07
1.988623934059315e-07
2.637808518124154e-07
3.504244458503369e-07
4.660731608682100e-07
6.205001572763390e-07
8.265414373861822e-07
1.102155751388828e-06
1.468725065186809e-06
1.959127990106857e-06
2.613707008522627e-06
3.488692597525115e-06
4.656460712408345e-06
6.215616257821596e-06
8.297729648086903e-06
1.107748427950400e-05
1.479160044717956e-05
1.974472499187647e-05
2.639913110817294e-05
3.523310534878730e-05
4.708958045302820e-05
6.283588515728713e-05
8.397562861148262e-05
1.119386687622766e-04
1.493437759622063e-04
1.992073003753144e-04
2.658277739347705e-04
3.545529041694021e-04
4.722912600848333e-04
6.298333331030219e-04
8.386151288879518e-04
1.116231755852179e-03
1.486406563369692e-03
1.970942946355835e-03
2.614953286175344e-03
3.461959089671375e-03
4.578289513053516e-03
6.038873554450042e-03
7.970470112726757e-03
1.048618613266251e-02
1.376029766007049e-02
1.799806709312387e-02
2.347376230058493e-02
3.050577180514615e-02
3.948699766870391e-02
5.083964970192852e-02
6.516279653654636e-02
8.306156737672225e-02
1.052120941169534e-01
1.323977670860511e-01
1.654468636434812e-01
2.050775631941301e-01
2.518823778455846e-01
3.060465278530620e-01
3.675013882179777e-01
4.355707336450327e-01
5.089046197293807e-01
5.855619289164068e-01
6.628584860203973e-01
7.377000745487144e-01
8.064178855099875e-01
8.657847522710305e-01
9.136298860054981e-01
9.491008872167007e-01
9.729753369984462e-01
9.873134716063056e-01
9.948500784698191e-01
9.982623138767192e-01
9.998698758368857e-01
###1.160000000000000e+01
2.495569809140331e-10
-1.385526260151249e-08
1.949439846076567e-10
-1.173197296020197e-10
3.489814768946442e-10
4.807914405256326e-10
6.652237558678240e-10
8.062209888375689e-10
8.351753171172518e-10
1.466280719450442e-09
1.858403317490212e-09
2.416806159443241e-09
3.953722431237617e-09
3.449257396245410e-09
3.875680746300413e-09
4.365154200020718e-09
5.009904727175149e-09
5.861147024833053e-09
6.948087077968684e-09
8.362468557275896e-09
1.019189413792277e-08
1.255972897665711e-08
1.570997403153255e-08
1.983723479315807e-08
2.528363352168928e-08
3.246741873801002e-08
4.200334366170561e-08
5.467824024758851e-08
7.149844131751160e-08
9.389445988172507e-08
1.236960485323093e-07
1.635011720325285e-07
2.165471022778695e-07
2.873787401173254e-07
3.819637937097094e-07
5.083062838632889e-07
6.770834280318908e-07
9.024090670750021e-07
1.204033856872807e-06
1.605314902984936e-06
2.142549745180995e-06
2.860068170528060e-06
3.819843152018918e-06
5.101642063199083e-06
6.814210672981511e-06
9.102458911159821e-06
1.215935406601060e-05
1.624697787994562e-05
2.170023527711359e-05
2.903372247118403e-05
3.877213844366360e-05
5.185046863122484e-05
6.922979409471895e-05
9.257372174956092e-05
1.234632370112327e-04
1.648034051957991e-04
2.199213364948029e-04
2.935813513403915e-04
3.916912641914415e-04
5.218990524571674e-04
6.961238859900042e-04
9.269596985493718e-04
1.233828480506803e-03
1.642865445926699e-03
2.178019553997413e-03
2.888800461762830e-03
3.822915582870685e-03
5.052776703995501e-03
6.660116217617657e-03
8.783199751645678e-03
1.154390000484808e-02
1.513069572501958e-02
1.976419085283691e-02
2.573877427298193e-02
3.339256809187321e-02
4.313777857487577e-02
5.542621750356411e-02
7.087449541600481e-02
9.010768003751964e-02
1.138100569484781e-01
1.427704046219372e-01
1.777961034004459e-01
2.195626015028856e-01
2.685807646827966e-01
3.249143092529240e-01
3.883300212931256e-01
4.579657485338628e-01
5.322633036779331e-01
6.090769588053551e-01
6.855744008201846e-01
7.586071745918058e-01
8.246009790761067e-01
8.805812846496610e-01
9.247651785458813e-01
9.567448497313129e-01
9.776837291930381e-01
9.898659685280903e-01
9.960401199583754e-01
9.987187792854322e-01
9.999071541918353e-01
###1.200000000000001e+01
2.567775663640697e-10
-1.383545037989606e-08
2.201255045350253e-10
-9.892181686042116e-11
3.763948343948461e-10
5.056866184098765e-10
6.999382037010495e-10
8.592866440581813e-10
9.051337969288260e-10
1.536676426617475e-09
1.944960986697022e-09
2.506549823172316e-09
3.993181222966700e-09
3.593386224225168e-09
4.051973358982207e-09
4.601296638370800e-09
5.308752401543255e-09
6.237697473180795e-09
7.420194434557878e-09
8.959091716415992e-09
1.094333832708616e-08
1.352473299397111e-08
1.694820392493651e-08
2.143648680891913e-08
2.736110151869234e-08
3.517897927465101e-08
4.555622958497329e-08
5.935717087474110e-08
7.767642997000669e-08
1.020863675972536e-07
1.345766935304072e-07
1.779825683253011e-07
2.358549136404381e-07
3.131806616015069e-07
4.164784206024675e-07
5.545283013029049e-07
7.390610014756195e-07
9.855443789273842e-07
1.315693219633731e-06
1.755208275752571e-06
2.343919700277826e-06
3.130815433147630e-06
4.183901992989203e-06
5.591289600888936e-06
7.472873263999455e-06
9.988472550046590e-06
1.335128966850875e-05
1.785052061838474e-05
2.385585182536976e-05
3.193871709812953e-05
4.267614269320387e-05
5.710334010165636e-05
7.628644902032870e-05
1.020603871043727e-04
1.361765437548324e-04
1.818599952649936e-04
2.427646669929531e-04
3.241797456925496e-04
4.326264531719884e-04
5.765953835905620e-04
7.691001911263281e-04
1.024149810351867e-03
1.363113537374574e-03
1.814716357830043e-03
2.405193410860935e-03
3.188879190244492e-03
4.217837109189241e-03
5.571181479100135e-03
7.337877521567449e-03
9.668037201914954e-03
1.269338376997067e-02
1.661681376018092e-02
2.167482615737693e-02
2.818233468358639e-02
3.649753862023172e-02
4.705229110479311e-02
6.032899305802681e-02
7.695702035805724e-02
9.758300741640902e-02
1.228905703365171e-01
1.536693040743637e-01
1.907066119539388e-01
2.346102622740314e-01
2.858142797789625e-01
3.442456532416683e-01
4.094990518707959e-01
4.805197693857290e-01
5.555480443693068e-01
6.322453312654285e-01
7.076633803225519e-01
7.786405591723095e-01
8.417212516620765e-01
8.942407115544877e-01
9.348145841742252e-01
9.634674726717307e-01
9.817017274725521e-01
9.919703027847174e-01
9.969833980690417e-01
9.990651108861326e-01
9.999329086184509e-01
###1.240000000000001e+01
2.667010560978233e-10
-1.382115189423412e-08
2.241932649845085e-10
-4.995600699500624e-11
4.021819725885902e-10
5.348556445821789e-10
7.367678831459907e-10
9.137612408599425e-10
9.739007396680606e-10
1.608079350866431e-09
2.028176607043540e-09
2.601931520510559e-09
4.041222348362591e-09
3.742778950262782e-09
4.247722036930701e-09
4.851316309174599e-09
5.626126269268195e-09
6.637845816786164e-09
7.925393244411196e-09
9.597768048021054e-09
1.175148754379751e-08
1.456190608415041e-08
1.828352722991891e-08
2.316538981639736e-08
2.961016791873220e-08
3.811840511222378e-08
4.941390149072258e-08
6.444540999563690e-08
8.440542667158935e-08
1.110109375388407e-07
1.464465354439146e-07
1.937967720701788e-07
2.569579211232832e-07
3.413973734612852e-07
4.542550376341086e-07
6.051581280959130e-07
8.069890514710691e-07
1.076705117024591e-06
1.437948256596200e-06
1.919702468624117e-06
2.565146577506993e-06
3.428234820676558e-06
4.584192613509453e-06
6.129931776502652e-06
8.197593704356297e-06
1.096390157525431e-05
1.466384805796475e-05
1.961794836164150e-05
2.623615038012527e-05
3.514040616180879e-05
4.698163844419914e-05
6.289508921360375e-05
8.406780610795109e-05
1.125213141752478e-04
1.502007424499681e-04
2.006635463782757e-04
2.679547792670532e-04
3.579045022132715e-04
4.777241231454724e-04
6.368449491265609e-04
8.493704700387166e-04
1.130986414042954e-03
1.505124617882946e-03
2.003298058402075e-03
2.654215669356597e-03
3.517315477400822e-03
4.649561526500983e-03
6.137034299070802e-03
8.076162961052956e-03
1.063021526628529e-02
1.394076263483405e-02
1.822591298193324e-02
2.373839220296241e-02
3.081457232626772e-02
3.983284310543460e-02
5.124476954574041e-02
6.556075086592691e-02
8.342489412181277e-02
1.054958089862793e-01
1.324606535225378e-01
1.651011333969993e-01
2.041675631408166e-01
2.502112396214006e-01
3.035653359734867e-01
3.639993003782823e-01
4.309502293539110e-01
5.031679705525116e-01
5.786801770761451e-01
6.550011751283034e-01
7.290675498728649e-01
7.977506507302377e-01
8.577699728609676e-01
9.067957979217703e-01
9.438373869858424e-01
9.693411701891221e-01
9.851049152889828e-01
9.936888529546418e-01
9.977179084243316e-01
9.993187134893409e-01
9.999561446796136e-01
###1.280000000000001e+01
2.863452741951148e-10
-1.379537965958684e-08
2.493343843718298e-10
-9.080850345117252e-12
4.459933475947348e-10
5.702068393788569e-10
7.678209626744832e-10
9.696658253845740e-10
1.053371991754297e-09
1.685054899000493e-09
2.119208424487239e-09
2.705292416292528e-09
4.099456291750502e-09
3.902264385587301e-09
4.459069323943411e-09
5.118878209394477e-09
5.965956363072386e-09
7.066432844587574e-09
8.466210804276091e-09
1.028491202917224e-08
1.262129776103553e-08
1.568023368631938e-08
1.972665418228725e-08
2.503548576794945e-08
3.204879214264339e-08
4.130707672661638e-08
5.360694111322557e-08
6.998042687903392e-08
9.173183674503448e-08
1.207348767121601e-07
1.593962751784724e-07
2.110659444870583e-07
2.800213461719824e-07
3.722468871207805e-07
4.955930953756934e-07
6.606019861843084e-07
8.814252961642336e-07
1.176622735474230e-06
1.572151486084972e-06
2.100334344352207e-06
2.808084050315102e-06
3.755249907569422e-06
5.024347733346105e-06
6.722638977649479e-06
8.995510463220600e-06
1.203846383700445e-05
1.610999522640739e-05
2.156522584703684e-05
2.885945038412673e-05
3.867043135093681e-05
5.172893402832986e-05
6.926884325801992e-05
9.264521162774550e-05
1.240561419789321e-04
1.656623344645965e-04
2.213895455110773e-04
2.957014290099442e-04
3.950464161760878e-04
5.273602851087667e-04
7.031250261483973e-04
9.376291901214000e-04
1.248308919845540e-03
1.660890668269253e-03
2.209962782712560e-03
2.926725076567171e-03
3.876414190780652e-03
5.120941381931275e-03
6.753700955683698e-03
8.879507055941585e-03
1.167524852132035e-02
1.529227951194916e-02
1.996575927005626e-02
2.596402635947258e-02
3.364572479955859e-02
4.341014893012882e-02
5.572759578245621e-02
7.113373547349218e-02
9.028787821759372e-02
1.138591665740912e-01
1.425294753452897e-01
1.770671539075977e-01
2.181793256668162e-01
2.663520449992172e-01
3.217959433992039e-01
3.841429450535154e-01
4.526400904754423e-01
5.258451428755800e-01
6.015902494388904e-01
6.772581058339151e-01
7.497211988540385e-01
8.158997721195032e-01
8.727385977540111e-01
9.182640510306593e-01
9.518844697533947e-01
9.744375972884177e-01
9.879662995532218e-01
9.950839819054876e-01
9.982974229800105e-01
9.995173636798335e-01
9.999694907071772e-01
###1.320000000000001e+01
2.966366625633821e-10
-1.378634018993458e-08
2.644133399906727e-10
1.261174052208736e-11
4.674171907333298e-10
5.985581752190484e-10
8.041203657933409e-10
1.021958613191260e-09
1.123277409672899e-09
1.742933708848428e-09
2.211317150742514e-09
2.812365443527042e-09
4.164827791003737e-09
4.066470882877630e-09
4.674156189071871e-09
5.397063868715424e-09
6.321388908274295e-09
7.516204183236315e-09
9.038072918327536e-09
1.101361392946640e-08
1.355244999080433e-08
1.688137949751073e-08
2.127931241992583e-08
2.705444754437698e-08
3.468504488588417e-08
4.476496350580246e-08
5.815928753826040e-08
7.599924705218133e-08
9.970776595225898e-08
1.313381244435578e-07
1.735173125261146e-07
2.299177528057404e-07
3.052290130125639e-07
4.059907787039708e-07
5.408371005989341e-07
7.213192704555302e-07
9.629827824904125e-07
1.286255175010823e-06
1.719515790143335e-06
2.298657043370739e-06
3.075122166673663e-06
4.114697600096189e-06
5.508356592190647e-06
7.374446138407687e-06
9.873632651743498e-06
1.322115090739725e-05
1.770296690381221e-05
2.371025255991666e-05
3.174884820712329e-05
4.256080213965544e-05
5.696059748930882e-05
7.629880383482385e-05
1.021012546927669e-04
1.367659879623999e-04
1.826974933573884e-04
2.442113942390554e-04
3.262459414312353e-04
4.359054039953204e-04
5.819508805077997e-04
7.759536504573566e-04
1.034547993031661e-03
1.377070860518217e-03
1.831703416894262e-03
2.436229399331726e-03
3.224765626334729e-03
4.268571628924734e-03
5.634806407742213e-03
7.424947184908087e-03
9.752379252945880e-03
1.280849766567135e-02
1.675513897156995e-02
2.184417056778707e-02
2.836089855270437e-02
3.668679073520893e-02
4.723972607452007e-02
6.051225699873896e-02
7.706112650020532e-02
9.755753071613169e-02
1.226811040954928e-01
1.531005021316824e-01
1.895679998995864e-01
2.327360154805755e-01
2.830113543753423e-01
3.404852341003080e-01
4.046264564267566e-01
4.745025284928696e-01
5.484798538468374e-01
6.242152929647183e-01
6.989660788513200e-01
7.695767730163489e-01
8.330703107641734e-01
8.866401674740280e-01
9.286841004502707e-01
9.590187063843556e-01
9.788288248704923e-01
9.903517184053379e-01
9.962026960411129e-01
9.987383464384244e-01
9.996571101932027e-01
9.999963255415866e-01
###1.360000000000001e+01
3.286796340920333e-10
-1.376872310301656e-08
2.717696184010731e-10
3.181803858131691e-11
4.897685904070829e-10
6.225012814679720e-10
8.360458371619770e-10
1.066013904230002e-09
1.186464062957614e-09
1.809148920323880e-09
2.293756502388845e-09
2.910898137686161e-09
4.226365949953675e-09
4.232706151008030e-09
4.894413447641793e-09
5.682433413791638e-09
6.685436722140805e-09
7.987698854461287e-09
9.642090011792380e-09
1.178672002551998e-08
1.454941775881018e-08
1.817110250111113e-08
2.295107876657453e-08
2.923297811201996e-08
3.753763339895862e-08
4.851374265928001e-08
6.310412441526653e-08
8.253834110989907e-08
1.083847056191040e-07
1.428926129764530e-07
1.889379279116050e-07
2.505179343177257e-07
3.327780608093784e-07
4.429161943441493e-07
5.903870724974038e-07
7.878332050007339e-07
1.052422878429532e-06
1.406489485816736e-06
1.881207426171790e-06
2.516518274055249e-06
3.368398579339866e-06
4.509791472626938e-06
6.040762352640999e-06
8.091485720725950e-06
1.084011092557269e-05
1.452297525853315e-05
1.945669727893658e-05
2.607293521812232e-05
3.493344977645095e-05
4.684647087406595e-05
6.272130922308511e-05
8.404275048659841e-05
1.125140728115625e-04
1.507675002082884e-04
2.014636083653265e-04
2.693297027484909e-04
3.598485602897839e-04
4.808271055016792e-04
6.419427777698524e-04
8.559305790046868e-04
1.140873696616071e-03
1.518232350119866e-03
2.018719142794798e-03
2.683717077636446e-03
3.550291851337806e-03
4.696299464493850e-03
6.194458055537070e-03
8.154772309074904e-03
1.069988216767232e-02
1.403588088782953e-02
1.833595820661526e-02
2.386927809333692e-02
3.093892389447537e-02
3.994887587738900e-02
5.133521905432627e-02
6.560950041667472e-02
8.335328703127148e-02
1.052464901331601e-01
1.319713976944005e-01
1.641795041135203e-01
2.025971913389728e-01
2.478250686452750e-01
3.001681042099184e-01
3.595952052022407e-01
4.254023826120043e-01
4.964847497738148e-01
5.710080708763455e-01
6.464764536996361e-01
7.200537528308557e-01
7.885896123666527e-01
8.492365666297108e-01
8.994840819245173e-01
9.381018742393201e-01
9.653056159133584e-01
9.825872884382240e-01
9.923260249629755e-01
9.970937848660318e-01
9.990765697369116e-01
9.997620242720755e-01
9.999963255415866e-01
###1.400000000000001e+01
3.153037607201586e-10
-1.375526880556949e-08
2.810458185117400e-10
5.214673390957519e-11
5.115531247129873e-10
6.512370261449928e-10
8.676945048547086e-10
1.108621938664730e-09
1.250642677819875e-09
1.877762452557763e-09
2.376950758395060e-09
3.013008811847946e-09
4.310609220220972e-09
4.407384861677973e-09
5.132602604250876e-09
5.987251286597827e-09
7.080175905766539e-09
8.490891804485883e-09
1.028807496455328e-08
1.261688768403033e-08
1.562037571384236e-08
1.956169563407404e-08
2.475864526922291e-08
3.159174274566823e-08
4.062934670815953e-08
5.259023108641405e-08
6.848228780889854e-08
8.965691037764265e-08
1.178469922251395e-07
1.554969519683866e-07
2.057681818075605e-07
2.730342951491427e-07
3.629205750262435e-07
4.833363498793997e-07
6.446282941064464e-07
8.607631315230503e-07
1.150527373189699e-06
1.538441010382589e-06
2.058702165175723e-06
2.755751499320677e-06
3.690772199850782e-06
4.944262249225207e-06
6.626364531947057e-06
8.880885486416009e-06
1.190401090345221e-05
1.595670637475993e-05
2.138893846461912e-05
2.867473102737213e-05
3.844003305486256e-05
5.156752670546320e-05
6.906740446250965e-05
9.257434241099691e-05
1.239811822864135e-04
1.661754251914133e-04
2.221200787560260e-04
2.969604744038678e-04
3.967916163738778e-04
5.302031698484771e-04
7.078205396833429e-04
9.436534129438385e-04
1.257445803235800e-03
1.672770229960739e-03
2.223309364558411e-03
2.954077757957733e-03
3.905483860666480e-03
5.162259729457733e-03
6.803218612230655e-03
8.947246334985271e-03
1.172662716061658e-02
1.536354383113726e-02
2.004231768380320e-02
2.604906434876596e-02
3.370689344230338e-02
4.344002678216740e-02
5.570650018879202e-02
7.103390817050183e-02
9.002288032845368e-02
1.133631232585688e-01
1.417359281788667e-01
1.757688701952780e-01
2.161563877551518e-01
2.634325596328714e-01
3.177973866364273e-01
3.790904679896189e-01
4.464246090510837e-01
5.185204647743333e-01
5.933629660851052e-01
6.683197856325985e-01
7.404659846480348e-01
8.067198218952578e-01
8.643899678320065e-01
9.112873625373277e-01
9.465630522403403e-01
9.708071450983221e-01
9.857781029009841e-01
9.939443174973975e-01
9.977956499867827e-01
9.993298808948248e-01
9.998349781491855e-01
9.999963255415866e-01
###1.440000000000001e+01
3.326288467713767e-10
-1.373104647065492e-08
3.015609804668546e-10
6.451674162765806e-11
5.382425615443139e-10
6.792901956815623e-10
8.995232096960020e-10
1.143124461885994e-09
1.321057822762774e-09
1.955374122563035e-09
2.470831203758543e-09
3.127304729234039e-09
4.408532467377983e-09
4.598565566303985e-09
5.383345870655577e-09
6.312734761261020e-09
7.499524572257052e-09
9.027925002432223e-09
1.098077395379445e-08
1.350773731175171e-08
1.677344113515621e-08
2.106123927768587e-08
2.671117965768651e-08
3.414598481497721e-08
4.398305702619725e-08
5.701259975505638e-08
7.432839430464995e-08
9.741017189860775e-08
1.281606446781688e-07
1.692493181459398e-07
2.241584241346354e-07
2.976415267521443e-07
3.959009254684649e-07
5.275551602581600e-07
7.040887853583564e-07
9.406889744892702e-07
1.258075194597869e-06
1.683267381888432e-06
2.253707700403231e-06
3.018686743027463e-06
4.045153723008678e-06
5.421891343945908e-06
7.270426851664286e-06
9.749162516748461e-06
1.307501040254253e-05
1.753487260783385e-05
2.351525179216342e-05
3.153900715439861e-05
4.229884027805986e-05
5.676540512550585e-05
7.605593805222772e-05
1.019644903385448e-04
1.365995188396597e-04
1.831300600063553e-04
2.448279111813544e-04
3.273358559356000e-04
4.373750092267549e-04
5.844188159115292e-04
7.800799137995801e-04
1.039811048615342e-03
1.385126656657004e-03
1.841905102113457e-03
2.446865695329020e-03
3.249196533100252e-03
4.292735280828808e-03
5.669451751156545e-03
7.464570427521800e-03
9.807027566663419e-03
1.283807265662499e-02
1.679738654919956e-02
2.188080897331012e-02
2.839249490081067e-02
3.667424960245060e-02
4.717344022128130e-02
6.036515876619868e-02
7.679569592662386e-02
9.707987231478914e-02
1.219165319245271e-01
1.519797084513878e-01
1.878711354458167e-01
2.302374858136739e-01
2.795406504696497e-01
3.358725795001832e-01
3.989241607870396e-01
4.676388727032939e-01
5.405595803020574e-01
6.154832063765160e-01
6.896710158301762e-01
7.601611383252566e-01
8.239395538456769e-01
8.785357224373651e-01
9.220810225323193e-01
9.541216765326668e-01
9.755924528474910e-01
9.884682504702166e-01
9.952602963650125e-01
9.983429296742286e-01
9.995183421017524e-01
9.998866474628595e-01
9.999963255415866e-01
###1.480000000000001e+01
3.637656441840335e-10
-1.371954864215468e-08
3.173808539078553e-10
8.662516431030239e-11
5.637170974902924e-10
7.090165414413078e-10
9.378438213445552e-10
1.193541178337010e-09
1.390269619979044e-09
2.033897714007733e-09
2.568777026696728e-09
3.250036204880509e-09
4.521278732630734e-09
4.814447698330552e-09
5.649339111484649e-09
6.659219748759734e-09
7.947316736689139e-09
9.604313005075769e-09
1.172376361069650e-08
1.446550483002716e-08
1.801667563047338e-08
2.267671375587499e-08
2.882283234390298e-08
3.691211455719604e-08
4.762334383501632e-08
6.181742569367146e-08
8.069284218876607e-08
1.058589410899424e-07
1.394108503174952e-07
1.842688908643655e-07
2.442362838449202e-07
3.245438669993377e-07
4.319733625261780e-07
5.759986470418135e-07
7.692288168923269e-07
1.028325564997743e-06
1.376086744791411e-06
1.842198266481773e-06
2.467822942674481e-06
3.307414590075133e-06
4.434516622956819e-06
5.946608729148523e-06
7.978635609818034e-06
1.070434652398135e-05
1.436302547262962e-05
1.927158971584868e-05
2.585577809773367e-05
3.469327889101188e-05
4.654174194332165e-05
6.248637010034300e-05
8.374584736233078e-05
1.123004143577686e-04
1.504847335670787e-04
2.017730440600022e-04
2.697863954890232e-04
3.607040001373737e-04
4.819270794586959e-04
6.438747943505408e-04
8.593075598132396e-04
1.145131793068000e-03
1.524821095893381e-03
2.026752354891618e-03
2.690927948329517e-03
3.570879158209928e-03
4.714198217759281e-03
6.220556742245403e-03
8.182341525529394e-03
1.073807247117579e-02
1.403949041173400e-02
1.834436646929040e-02
2.385966312174422e-02
3.090878900551462e-02
3.985216045902523e-02
5.115927289249835e-02
6.532244210347112e-02
8.290827626639356e-02
1.045379149626462e-01
1.309177934738037e-01
1.627107052600229e-01
2.004806814949874e-01
2.448280038949088e-01
2.961349308869742e-01
3.543643285831578e-01
4.190617620936718e-01
4.889986981318304e-01
5.625253031813983e-01
6.372941723981136e-01
7.104723387792566e-01
7.790849176748239e-01
8.402302763621583e-01
8.916714779928011e-01
9.318974208489926e-01
9.608345936940328e-01
9.797234178833146e-01
9.907179316967181e-01
9.963210509683256e-01
9.987657549042669e-01
9.996570876144288e-01
9.999227696362214e-01
9.999963255415866e-01
###1.520000000000001e+01
3.935041089132012e-10
-1.371231102224907e-08
3.447025742473539e-10
1.054081205728680e-10
5.886438121785552e-10
7.380566268237153e-10
9.713319771075687e-10
1.241739753962737e-09
1.467945768962502e-09
2.121139462755396e-09
2.672004537277687e-09
3.379589493742117e-09
4.647030321757580e-09
5.027706358701511e-09
5.934280587046641e-09
7.033535123467009e-09
8.426069339630634e-09
1.022130890889650e-08
1.251928142897766e-08
1.549740142473398e-08
1.935685903249416e-08
2.442485838910709e-08
3.111037874222004e-08
3.991098505109608e-08
5.157812783601090e-08
6.704129624576972e-08
8.762003965822056e-08
1.150677546035275e-07
1.516872820645145e-07
2.006727789990266e-07
2.661958895467937e-07
3.539923033413983e-07
4.714725762981450e-07
6.290999921658705e-07
8.406329163099248e-07
1.124424352632578e-06
1.505649736887406e-06
2.016657621957915e-06
2.703035369339057e-06
3.624706208699274e-06
4.862302991223120e-06
6.524010312046200e-06
8.757255394133948e-06
1.175545104542098e-05
1.578015220311243e-05
2.118246360694908e-05
2.843164057497696e-05
3.816338351971676e-05
5.120979127003732e-05
6.877185800322319e-05
9.220238494289978e-05
1.236669964620529e-04
1.657461145908045e-04
2.222595249167880e-04
2.971973607136020e-04
3.973386927464784e-04
5.308217762318890e-04
7.090878717320003e-04
9.460845901061206e-04
1.260296511819216e-03
1.677530226615292e-03
2.228620608709899e-03
2.957068727720668e-03
3.921334312275316e-03
5.172457363925527e-03
6.819040045508725e-03
8.960326154580565e-03
1.174552105645032e-02
1.533652424040446e-02
2.001110812621480e-02
2.598677492313752e-02
3.360696015793687e-02
4.324940399230603e-02
5.540702081418442e-02
7.059115361175143e-02
8.937887226888487e-02
1.124051020446166e-01
1.403716726688462e-01
1.739295753628178e-01
2.135990260015850e-01
2.599210274613359e-01
3.131901212779500e-01
3.732373442916839e-01
4.394585874895727e-01
5.104399199311401e-01
5.843648632746525e-01
6.587422471464528e-01
7.306714288243785e-01
7.971979914067058e-01
8.555703096034900e-01
9.038119749985981e-01
9.407764462268018e-01
9.667575460768686e-01
9.832683194073190e-01
9.925854301839288e-01
9.971686217211306e-01
9.990891225143461e-01
9.997581499847704e-01
9.999477762023804e-01
9.999963255415866e-01
###1.560000000000001e+01
3.896836710111997e-10
-1.369817179757268e-08
3.582388603828816e-10
1.382197785271427e-10
6.151298712928798e-10
7.978061711962397e-10
1.020997179145875e-09
1.303757953400798e-09
1.546386609041646e-09
2.214082209512174e-09
2.784839742473319e-09
3.520835342970660e-09
4.787725098654849e-09
5.257256168343436e-09
6.236809381500496e-09
7.427524161531316e-09
8.938413515319304e-09
1.088367941430645e-08
1.337778350756429e-08
1.660794699656386e-08
2.080323460458709e-08
2.631484843732619e-08
3.359105158072762e-08
4.316547149813430e-08
5.587215485158615e-08
7.272210291644099e-08
9.516395289349269e-08
1.251072814257417e-07
1.650866688613968e-07
2.185890793075463e-07
2.901872188949147e-07
3.862033318381596e-07
5.147145575156623e-07
6.872388735839087e-07
9.188827808552999e-07
1.229856704553240e-06
1.647777353889155e-06
2.208267143883707e-06
2.961344681043407e-06
3.973332820491093e-06
5.332479955445176e-06
7.158699827097255e-06
9.613709483928568e-06
1.291081109439024e-05
1.733943552765726e-05
2.328508227873659e-05
3.126486967988867e-05
4.198129802197082e-05
5.634442851852227e-05
7.568807570801815e-05
1.014995598902938e-04
1.361577690922728e-04
1.825106693706841e-04
2.447544218512238e-04
3.272800716238454e-04
4.375059896584175e-04
5.844151133281836e-04
7.804921915950951e-04
1.041027846988856e-03
1.386254455935042e-03
1.844323227669131e-03
2.448786589122035e-03
3.247044899450775e-03
4.301986715855819e-03
5.670469539910438e-03
7.467781895965214e-03
9.802703202235488e-03
1.283398482354925e-02
1.673825239833862e-02
2.180446696635573e-02
2.827030121451750e-02
3.649624348514845e-02
4.687736085973954e-02
5.992906243604112e-02
7.618167983306166e-02
9.621997942856964e-02
1.206887108347584e-01
1.502863182455552e-01
1.856390396654271e-01
2.272189634904132e-01
2.755037253412618e-01
3.306830024336109e-01
3.924592389604699e-01
4.600679055294630e-01
5.319124334980513e-01
6.060143304507024e-01
6.797638948400804e-01
7.502135205174126e-01
8.144715365348878e-01
8.699532655383170e-01
9.149814192247098e-01
9.487687238629283e-01
9.719540960931544e-01
9.862865568882782e-01
9.941228971555578e-01
9.978397134060479e-01
9.993341134553638e-01
9.998310339976116e-01
9.999649005038496e-01
9.999963255415866e-01
