# NLO BK equation solver 0.0-dev build  (build Feb 16 2026 17:52:53)
# Initial condition: MV model, Q_s0^2 = 0.00701818 GeV^2, \gamma = 1, coefficient of E inside Log is 1, x0=0.01, \Lambda_QCD = 0.241 GeV
# # LO Kernel RC:  Balitsky. NLO Kernel RC:  smallest dipole
# Nc=3, Nf=4
# Using RungeKutta method in K1
# Resumming double log
# Resumming single log, K_sub=0.65 resum rc: smallest
# BK K1 integration relative accuracy: 0.02# NLO BK as^2 terms: MC integration method: Vegas, points=1000000
# Kinematical constraint: none
# Target kinematical constraint: disabled

###1.000000000000000e-05
###1.160836920850890e+00
###100
###1.000000000000000e+00
###0.000000000000000e+00
2.269660682386832e-12
3.023202332166409e-12
4.026376786693337e-12
5.361682975087191e-12
7.138811517667274e-12
9.503580574483822e-12
1.264979850386234e-11
1.683500839232073e-11
2.240137985074715e-11
2.980342415658429e-11
3.964475212733429e-11
5.272681261562011e-11
7.011349937652613e-11
9.321676930271931e-11
1.239100731936456e-10
1.646785897792013e-10
2.188181437369409e-10
2.906985013532080e-10
3.861117657181333e-10
5.127332211542624e-10
6.807307085047521e-10
9.035701110201655e-10
1.199079663044353e-09
1.590855698068198e-09
2.110118618380590e-09
2.798162243919500e-09
3.709584829731838e-09
4.916549255379518e-09
6.514397524410367e-09
8.629046422221508e-09
1.142672432781671e-08
1.512678333195124e-08
2.001854841436194e-08
2.648346260428752e-08
3.502417468370034e-08
4.630272111699749e-08
6.119061141013012e-08
8.083448102816512e-08
1.067420862788361e-07
1.408948556638731e-07
1.858950776190790e-07
2.451582175712587e-07
3.231639740249946e-07
4.257837030610893e-07
5.607070164404112e-07
7.379970118853158e-07
9.708121320809652e-07
1.276343585801510e-06
1.677031248831157e-06
2.202138810245902e-06
2.889791666915739e-06
3.789609983571909e-06
4.966106043707940e-06
6.503061547728627e-06
8.509159423040918e-06
1.112515733558972e-05
1.453337376522423e-05
1.896930882117065e-05
2.473701463445721e-05
3.222849431749886e-05
4.194850812500039e-05
5.454620709455238e-05
7.085544896701101e-05
9.194616631291730e-05
1.191898281979187e-04
1.543429192568668e-04
1.996535300038405e-04
2.579977156511593e-04
3.330543842343658e-04
4.295303195439582e-04
5.534508030691221e-04
7.125365373178427e-04
9.166946731080650e-04
1.178661333538500e-03
1.514845911499973e-03
1.946444609634113e-03
2.500913447679332e-03
3.213920804570836e-03
4.131938276408231e-03
5.315678189647066e-03
6.844648441359458e-03
8.823171776963123e-03
1.138830671710145e-02
1.472020656653772e-02
1.905554827523237e-02
2.470472505117938e-02
3.207346625752905e-02
4.168931328124748e-02
5.423274021612245e-02
7.057132240468678e-02
9.179267897191590e-02
1.192271494890244e-01
1.544433113502677e-01
1.991876718026407e-01
2.552246436441362e-01
3.240186497253681e-01
4.062001878060285e-01
5.008004976941862e-01
6.043699389595580e-01
7.103490239875412e-01
###4.000000000000000e-01
-3.151282376524435e-12
-1.718921986753089e-11
1.979667910866899e-11
-9.951714974945454e-09
1.200956293799608e-11
1.470003955980615e-09
-2.096425799555290e-09
4.253310826146529e-11
5.232203719227850e-11
6.567963480834064e-11
-1.950721438605250e-09
7.977947094153258e-11
1.065176662187253e-10
1.352451416291312e-10
1.836361766847136e-10
2.318370813386184e-10
3.201668843908817e-10
4.817015836248956e-10
1.177293731722901e-08
7.850943596449142e-10
8.761470272954571e-10
1.085788395267705e-09
1.387830266727459e-09
1.801212765578971e-09
2.352712863897261e-09
3.093435333710557e-09
4.070081736644830e-09
5.368178343099152e-09
7.091446466917760e-09
9.374299220770630e-09
1.239575715711132e-08
1.639228576281873e-08
2.167224259892185e-08
2.866994842600804e-08
3.790267306858224e-08
5.010774647887794e-08
6.620484342298376e-08
8.750249307428413e-08
1.155967779858763e-07
1.525940291381676e-07
2.013569816364486e-07
2.655986707793989e-07
3.502092506424405e-07
4.615147195568918e-07
6.079066409436833e-07
8.003185995695993e-07
1.053104508907305e-06
1.384941202006818e-06
1.820105832900725e-06
2.391270104774395e-06
3.138952489358109e-06
4.118127472928154e-06
5.398771153385324e-06
7.074525371481641e-06
9.258791486954729e-06
1.210930232750305e-05
1.582515826996164e-05
2.066753871107523e-05
2.696744619774523e-05
3.515160755952778e-05
4.578923869600476e-05
5.957992558977389e-05
7.745949170973214e-05
1.006004898246494e-04
1.305349311922097e-04
1.692309470304980e-04
2.191319843550358e-04
2.835092601658259e-04
3.664131863072220e-04
4.734778801268034e-04
6.111609716871647e-04
7.884075323463443e-04
1.016389837536442e-03
1.309955945219522e-03
1.687787076405072e-03
2.174382152176325e-03
2.801132290039453e-03
3.610659882452514e-03
4.655932014561074e-03
6.008614176386083e-03
7.764050120726078e-03
1.003898970996949e-02
1.300791854201312e-02
1.687450310871589e-02
2.191885095946930e-02
2.851220924295463e-02
3.712018873209845e-02
4.834044337079412e-02
6.298920603571490e-02
8.206316419105396e-02
1.068547796467606e-01
1.388105134983414e-01
1.796515513696268e-01
2.311217702332983e-01
2.949919413175371e-01
3.724759463721414e-01
4.645350282866911e-01
5.715852545615111e-01
7.015350381244424e-01
9.543594550642069e-01
###8.000000000000000e-01
2.385422841235546e-11
4.902390773655456e-11
2.525564098371535e-11
-9.937008629393307e-09
4.950854038186960e-11
1.481830856433812e-09
-2.039213844641303e-09
1.276079024172812e-10
1.648607846528151e-10
1.522386947759893e-10
-1.835316703722130e-09
1.839262659452415e-10
1.774242746976057e-10
2.379694632693144e-10
2.995435859893396e-10
3.730604054529661e-10
4.849580582762376e-10
7.396187596291162e-10
1.087411324687470e-08
1.138067448103481e-09
1.147000416169968e-09
1.349924614609629e-09
1.663446294127093e-09
2.098200610054435e-09
2.683813497502412e-09
3.488626044469263e-09
4.539017240928186e-09
5.933303423304396e-09
7.791426669968237e-09
1.024410805697876e-08
1.350839619132282e-08
1.781280793490253e-08
2.352763227760842e-08
3.109229189719941e-08
4.108095631350658e-08
5.429785206844777e-08
7.169551376291018e-08
9.481100096819594e-08
1.252823991049322e-07
1.653723317291285e-07
2.182357951479968e-07
2.879211028918952e-07
3.797274396714400e-07
5.005242176350149e-07
6.594271311107452e-07
8.682963342139110e-07
1.142965345201331e-06
1.503516855422853e-06
1.976313210078917e-06
2.597930731562843e-06
3.411333505310660e-06
4.477435475680023e-06
5.872340731704671e-06
7.700147504214237e-06
1.008050173048926e-05
1.318927068743434e-05
1.724479443478636e-05
2.253428944814294e-05
2.942232746505173e-05
3.837551516575375e-05
5.002765328546559e-05
6.514351133754926e-05
8.476827904974300e-05
1.101910003865239e-04
1.431393322002913e-04
1.857947033312521e-04
2.408534026506764e-04
3.120238655625010e-04
4.038106370770667e-04
5.228174393506069e-04
6.761137175748529e-04
8.740118543161823e-04
1.129143032586189e-03
1.458747669478362e-03
1.884259817527543e-03
2.433962468001943e-03
3.143758318392435e-03
4.064251413854286e-03
5.256152314847241e-03
6.803206452686616e-03
8.817229344160401e-03
1.143617813375640e-02
1.486643029442425e-02
1.934399057555716e-02
2.519387611719674e-02
3.285268878042699e-02
4.285030482127359e-02
5.585657119318380e-02
7.281943444100829e-02
9.485281681583138e-02
1.233851071204243e-01
1.599408826957114e-01
2.062462612462895e-01
2.638896967716215e-01
3.343178466953768e-01
4.180960157799288e-01
5.151629550203388e-01
6.240926826079747e-01
7.477604811513973e-01
9.618220615350936e-01
###1.200000000000000e+00
4.289376956599550e-11
1.052660628348332e-10
1.527926388475437e-11
-9.911046567761407e-09
4.572946999296490e-11
1.509877667030424e-09
-1.926072660266317e-09
2.199951465855548e-10
2.861202882261922e-10
2.784185903183117e-10
-1.697891050693788e-09
3.251265312579253e-10
3.131673129573156e-10
3.914233234722736e-10
4.214059436373933e-10
5.366907110809442e-10
6.742499527439494e-10
1.017620857166897e-09
1.012418517215085e-08
1.502129815816304e-09
1.446835633148003e-09
1.647715136912535e-09
1.974738650909405e-09
2.435821367055747e-09
3.069925086425767e-09
3.934643199004130e-09
5.069112434685951e-09
6.576124417071003e-09
8.585623545301877e-09
1.123730914382393e-08
1.475305948667959e-08
1.938510011523120e-08
2.557093320765261e-08
3.374913507219344e-08
4.456647271834704e-08
5.889133150559478e-08
7.770228642308591e-08
1.027975829583745e-07
1.358411820953929e-07
1.792819894277648e-07
2.366158873936300e-07
3.122355662936723e-07
4.118900160795630e-07
5.430342018318891e-07
7.155797296133186e-07
9.424490264503714e-07
1.241008451536037e-06
1.632957409017191e-06
2.146971834884918e-06
2.823724180401247e-06
3.709090049835235e-06
4.870397577776002e-06
6.390828953763029e-06
8.385656427111068e-06
1.098153002531588e-05
1.437475333823735e-05
1.880416529381328e-05
2.458754382619665e-05
3.212520993634601e-05
4.193092041265199e-05
5.470657045941362e-05
7.129436249263920e-05
9.286158365623970e-05
1.208349381025838e-04
1.571435116803248e-04
2.042269308181377e-04
2.650850101904282e-04
3.438959100590102e-04
4.457115042632466e-04
5.781840030684953e-04
7.493163072833778e-04
9.704794076452322e-04
1.256474688252601e-03
1.627097430961864e-03
2.106900755434077e-03
2.727572087343137e-03
3.533361459611103e-03
4.580552080332256e-03
5.939819415094409e-03
7.708810481125867e-03
1.001784830176274e-02
1.302824417619289e-02
1.697721356953790e-02
2.214650785910596e-02
2.889890907939318e-02
3.774137937721166e-02
4.926658303621725e-02
6.421950712080934e-02
8.366122533441388e-02
1.088048906365768e-01
1.411462967201795e-01
1.822281911765171e-01
2.336235536618116e-01
2.967155755517613e-01
3.723034389631662e-01
4.601128472531990e-01
5.587646308773134e-01
6.651215474099265e-01
7.797939547809253e-01
9.671618103631735e-01
###1.600000000000000e+00
7.203117123709489e-11
1.337931676086034e-10
4.487014258999356e-11
-9.954814774483926e-09
1.053583281703501e-10
1.563982592726360e-09
-1.801448737366027e-09
3.727099462017620e-10
4.705455937434628e-10
4.505665949501139e-10
-1.506760378862511e-09
4.915159033580052e-10
4.882168250525370e-10
5.867454145792014e-10
6.114871159381826e-10
7.421072104466713e-10
9.163842652051299e-10
1.321111780859645e-09
9.527612677781241e-09
1.900763005573115e-09
1.794686872886469e-09
2.003039089774316e-09
2.350563401331481e-09
2.842559043722083e-09
3.527265688838272e-09
4.460837190392698e-09
5.688567612733479e-09
7.318534448302317e-09
9.493647075765997e-09
1.236410979332922e-08
1.615234616862378e-08
2.119204665706770e-08
2.785892974103129e-08
3.668680618080401e-08
4.839446776755095e-08
6.391899824668969e-08
8.427067371056042e-08
1.115653805186421e-07
1.473595815216004e-07
1.944562676721980e-07
2.566546039235585e-07
3.387506188373567e-07
4.469986069054901e-07
5.893875395982830e-07
7.768209052056487e-07
1.023318824618922e-06
1.348009279517462e-06
1.774294469615423e-06
2.333466519097373e-06
3.070493162133302e-06
4.034844076914010e-06
5.300642317571680e-06
6.958677025738001e-06
9.137044150394733e-06
1.197069547339681e-05
1.567607275427234e-05
2.051812033675135e-05
2.684786526133101e-05
3.510361497472505e-05
4.584896766729570e-05
5.987455416171140e-05
7.809893011503615e-05
1.018302810114881e-04
1.326665575589287e-04
1.727107877326986e-04
2.247568308038276e-04
2.921196671402055e-04
3.795232931640902e-04
4.926570542139401e-04
6.403360968383145e-04
8.315261076691010e-04
1.079113601576681e-03
1.400102357528580e-03
1.817331596109437e-03
2.358751671076125e-03
3.059779540777525e-03
3.974999549879988e-03
5.166295242945840e-03
6.715790626562345e-03
8.735898524902265e-03
1.138038982324394e-02
1.483101544683743e-02
1.936683139140804e-02
2.530018974647217e-02
3.305257101011883e-02
4.319238176265761e-02
5.636698492846791e-02
7.342166873769504e-02
9.547226653049337e-02
1.238214631313019e-01
1.599819435326124e-01
2.054363338480870e-01
2.615413539798270e-01
3.293073113605133e-01
4.088515200885502e-01
4.990399625556609e-01
5.974034647447150e-01
6.998238283729356e-01
8.059632596663477e-01
9.715388036703609e-01
###2.000000000000000e+00
1.160398509715464e-10
1.516172792248161e-10
7.338768391367123e-11
-9.843251299377417e-09
2.084297310039833e-10
1.645607572482494e-09
-1.627770718094756e-09
5.921972244545475e-10
7.186911330276418e-10
7.130821262503307e-10
-1.208724570949990e-09
7.513820035846562e-10
7.621843398659648e-10
8.749307627380603e-10
8.964707544149921e-10
1.049592627682514e-09
1.235605852092411e-09
1.710035687603446e-09
9.109524796461106e-09
2.367011362543220e-09
2.235533911624509e-09
2.448019085040114e-09
2.821725608662229e-09
3.357710493671151e-09
4.103744993031082e-09
5.108655133686452e-09
6.441025927862922e-09
8.207130516707375e-09
1.056416701349308e-08
1.367343647145079e-08
1.778154991120931e-08
2.324400172859756e-08
3.046922825105911e-08
4.001022062986146e-08
5.265530591185724e-08
6.946426209950358e-08
9.149285738496715e-08
1.211501511404630e-07
1.599619415855152e-07
2.110348325293131e-07
2.785253444971405e-07
3.676970103152402e-07
4.853548304666047e-07
6.399818983603651e-07
8.436672440158954e-07
1.111614965489195e-06
1.464910881567464e-06
1.928699445162617e-06
2.537413153387003e-06
3.340354261303526e-06
4.391254586904194e-06
5.771773352438784e-06
7.580883924648504e-06
9.961049472350129e-06
1.305672648801176e-05
1.710607432511777e-05
2.240431071501495e-05
2.933653095181708e-05
3.838754462543182e-05
5.017189012661826e-05
6.558980062764926e-05
8.563532827333792e-05
1.117788196444990e-04
1.458509566861395e-04
1.900306078955444e-04
2.476287000716563e-04
3.223034150023128e-04
4.193681664078112e-04
5.452661241783377e-04
7.100424058060658e-04
9.237418603033342e-04
1.201363018957052e-03
1.561936117843903e-03
2.031901239359976e-03
2.643100767701515e-03
3.435492067207259e-03
4.474391222687358e-03
5.828490023053444e-03
7.592785621640015e-03
9.896250614675273e-03
1.291443780962844e-02
1.685990049642420e-02
2.204739899720456e-02
2.882663785026773e-02
3.767337628446554e-02
4.922065621593855e-02
6.416878241554773e-02
8.344496672342909e-02
1.082171624611440e-01
1.398267816933002e-01
1.797725755298944e-01
2.294093063673406e-01
2.898132384812815e-01
3.615499726949132e-01
4.440865646022266e-01
5.354957081697992e-01
6.325254106887630e-01
7.305374915942449e-01
8.286954086249815e-01
9.752957590458504e-01
###2.400000000000000e+00
1.714469798137231e-10
2.372221667039004e-10
1.423530555417939e-10
-9.745640057824077e-09
3.416423084686226e-10
1.785612156191528e-09
-1.387916743500869e-09
8.985712837294149e-10
1.079958721740960e-09
1.097425581488329e-09
-7.667648585527182e-10
1.132276543290150e-09
1.157316509400069e-09
1.289602601470097e-09
1.301990042468128e-09
1.459212485401201e-09
1.675739218667116e-09
2.211042873028379e-09
8.902235158814346e-09
2.944962467563746e-09
2.799621361525880e-09
3.035139205963799e-09
3.433724877019184e-09
4.004165548209623e-09
4.827190376893135e-09
5.921657599471959e-09
7.357735669415009e-09
9.286488311074161e-09
1.184496766932212e-08
1.521138192296451e-08
1.967534057980791e-08
2.559985161148096e-08
3.343507620875030e-08
4.378840424456497e-08
5.750321749558167e-08
7.564094308505702e-08
9.947007330914082e-08
1.316229670779540e-07
1.738167345767757e-07
2.291843397408202e-07
3.024556074588093e-07
3.993469601224446e-07
5.272923499427469e-07
6.952806039255177e-07
9.166674646231676e-07
1.208077218445941e-06
1.592698304795540e-06
2.097565908431053e-06
2.760645636132999e-06
3.635724055286853e-06
4.781577544637827e-06
6.288420417603531e-06
8.263360366007389e-06
1.086562562450632e-05
1.424685751394776e-05
1.867917226490975e-05
2.447993153017170e-05
3.207951785877231e-05
4.201013491453304e-05
5.494925544041711e-05
7.192191712426112e-05
9.398451780879027e-05
1.228139782280649e-04
1.604884856186376e-04
2.093081824964050e-04
2.731256028339078e-04
3.560077955743571e-04
4.639249613506708e-04
6.041879614750354e-04
7.882234137121680e-04
1.027309132877154e-03
1.338803361998878e-03
1.744171438736819e-03
2.273653012843436e-03
2.963634582632549e-03
3.859404286049384e-03
5.037390013944184e-03
6.574697647186516e-03
8.580378439339911e-03
1.120277431490330e-02
1.463704726059239e-02
1.913134258456134e-02
2.503054109818760e-02
3.274346129713135e-02
4.278066065122692e-02
5.584394610616882e-02
7.268260282164354e-02
9.428661344999199e-02
1.218634728918041e-01
1.567653972243849e-01
2.004340783834372e-01
2.540305387767450e-01
3.183343655543800e-01
3.934275130248891e-01
4.781598732494572e-01
5.699457184429879e-01
6.649764527603819e-01
7.583632403671219e-01
8.489464028658225e-01
9.786008454268781e-01
###2.800000000000000e+00
2.917835846861207e-10
3.500464652460846e-10
2.628628986913589e-10
-9.569864088943759e-09
5.366878933393954e-10
1.994193114560964e-09
-1.051373877301298e-09
1.357147817056206e-09
1.616005400487191e-09
1.641450356729432e-09
-7.506258780044802e-11
1.678805399049176e-09
1.727745692594955e-09
1.891753947351375e-09
1.883916662282620e-09
2.053620751990595e-09
2.283321164873699e-09
2.872405812699756e-09
8.928643531629905e-09
3.681439229687086e-09
3.531924837661207e-09
3.797679102998697e-09
4.238851070695528e-09
4.866955995544939e-09
5.764088741017685e-09
6.956053895403517e-09
8.524032014571092e-09
1.062316388095890e-08
1.340266880275599e-08
1.706054425266238e-08
2.190866363174101e-08
2.834069482278022e-08
3.684537142981563e-08
4.808063716273886e-08
6.296770163386372e-08
8.265157188630551e-08
1.083320496486208e-07
1.431492277555708e-07
1.890465748420316e-07
2.490994305301871e-07
3.286109386084566e-07
4.340115936989738e-07
5.732290179978395e-07
7.557696887149462e-07
9.965418516054037e-07
1.313570612552282e-06
1.732567867896176e-06
2.282280699080863e-06
3.005110303480869e-06
3.959098631766854e-06
5.209031868173894e-06
6.855189920914812e-06
9.012449518598528e-06
1.185927410691554e-05
1.555709808788784e-05
2.041020076678611e-05
2.676815198213200e-05
3.510484481579439e-05
4.600980704461577e-05
6.023349194739076e-05
7.892554340233898e-05
1.032419770555901e-04
1.350685576041837e-04
1.767584129634863e-04
2.307784848201955e-04
3.015547170651744e-04
3.936326227354534e-04
5.137517713237809e-04
6.701866914513813e-04
8.758667101920351e-04
1.143579537856690e-03
1.493148807926008e-03
1.949013170974817e-03
2.545544383287016e-03
3.324236093685958e-03
4.336274090288251e-03
5.670402147404545e-03
7.413188303727484e-03
9.688599929982387e-03
1.266606028781910e-02
1.656289036390778e-02
2.166196268486955e-02
2.834409443372124e-02
3.707049846264739e-02
4.839509086269333e-02
6.307700763422057e-02
8.191111895549320e-02
1.059393519711829e-01
1.363887755749385e-01
1.745904916252095e-01
2.218812989082106e-01
2.792241823822702e-01
3.470336724767218e-01
4.249249224319062e-01
5.111857222677970e-01
6.026973206712487e-01
6.952417300838553e-01
7.838533628040110e-01
8.672008375915945e-01
9.815269314137318e-01
###3.200000000000000e+00
4.528670058757306e-10
4.850907670854956e-10
4.515879531753941e-10
-9.369154338825403e-09
8.093163028345199e-10
2.287667352864397e-09
-5.479844998643942e-10
1.962910302187122e-09
2.336373944439031e-09
2.332304134922763e-09
7.156203312971776e-10
2.326288956381954e-09
2.360621333717989e-09
2.533350160223623e-09
2.550302206793017e-09
2.733208645828668e-09
3.003013869127387e-09
3.641127493799525e-09
9.143364302433663e-09
4.542804468656367e-09
4.402747214871842e-09
4.708509517979006e-09
5.202501928999380e-09
5.898298637017458e-09
6.883576778812429e-09
8.179135221048377e-09
9.900492905769802e-09
1.218905298913879e-08
1.521424859060665e-08
1.919530210570194e-08
2.446785053377763e-08
3.145244773425504e-08
4.068742950619105e-08
5.289251786213135e-08
6.905618232181921e-08
9.042539917501413e-08
1.181871467674067e-07
1.558796687917479e-07
2.057689625442908e-07
2.708955285288138e-07
3.573277292672290e-07
4.719266239289898e-07
6.234734138582384e-07
8.219518481005467e-07
1.083914527589705e-06
1.428780254208889e-06
1.885650626854937e-06
2.484493943952854e-06
3.273009815329460e-06
4.313298223684865e-06
5.678032468639049e-06
7.475935643010613e-06
9.834865124676904e-06
1.295161476513456e-05
1.699732481898114e-05
2.231674742231815e-05
2.929185956438359e-05
3.844349293733767e-05
5.043019329698586e-05
6.608039456966640e-05
8.667589524114348e-05
1.135116848571352e-04
1.486811302484669e-04
1.948467663733736e-04
2.546895144897846e-04
3.332569875976246e-04
4.356508705461244e-04
5.694613503026038e-04
7.440382726028860e-04
9.740666782690539e-04
1.273977865684767e-03
1.666365347267162e-03
2.178923635322517e-03
2.850741221638737e-03
3.728993342142131e-03
4.871674008376410e-03
6.380170319901299e-03
8.352143817364486e-03
1.092783183490778e-02
1.429849543716489e-02
1.870582019847968e-02
2.446895233143681e-02
3.200694699154295e-02
4.182851601416533e-02
5.453309812141392e-02
7.093389589619349e-02
9.186214557260122e-02
1.183965929166105e-01
1.517664765859131e-01
1.932492533322169e-01
2.440552020935246e-01
3.049046709860381e-01
3.758519930312469e-01
4.560424133306828e-01
5.432484630583910e-01
6.339322630346996e-01
7.235982120957455e-01
8.073247869988289e-01
8.837182678346579e-01
9.841265580400309e-01
###3.600000000000000e+00
5.567792896446214e-10
6.645799874166142e-10
6.634672877997732e-10
-9.116551171503096e-09
1.151310445616462e-09
2.677504799879550e-09
4.246585271690163e-11
2.684684481872071e-09
3.221347603398774e-09
3.171951355059908e-09
1.646924838508008e-09
3.146062904259968e-09
3.148302221227585e-09
3.318451572354917e-09
3.370937739626103e-09
3.474285283513006e-09
3.876626160719217e-09
4.567344142430211e-09
9.583882890601077e-09
5.559900712401002e-09
5.449321796175591e-09
5.811451661770478e-09
6.370171986602196e-09
7.143178241575778e-09
8.230785198229783e-09
9.650097795280771e-09
1.154119056623403e-08
1.404004506765126e-08
1.733811968857695e-08
2.167534342903996e-08
2.741345689317184e-08
3.500659032318037e-08
4.504861691817716e-08
5.831423779347324e-08
7.585797335596418e-08
9.905155500669603e-08
1.293323953711712e-07
1.700953989351859e-07
2.240800376227309e-07
2.948217795682352e-07
3.888239224773837e-07
5.134776075685646e-07
6.785174059726382e-07
8.943361810900046e-07
1.179535223593580e-06
1.554899558506096e-06
2.053306601154368e-06
2.705907369399832e-06
3.566673598015521e-06
4.701706021611760e-06
6.192713153568582e-06
8.158669086750330e-06
1.073895503088934e-05
1.415341954475754e-05
1.858247859605417e-05
2.441763242577969e-05
3.207432023593829e-05
4.213175971838644e-05
5.531869605159849e-05
7.255600785620064e-05
9.526850428281609e-05
1.249086284783220e-04
1.638085811013433e-04
2.149617586640932e-04
2.813208084758547e-04
3.686242718060218e-04
4.825649051776352e-04
6.317238259241686e-04
8.266757231321332e-04
1.084013029184101e-03
1.420090436258550e-03
1.860551106613457e-03
2.436662515477056e-03
3.192836996445914e-03
4.182457988081545e-03
5.472352282093557e-03
7.174279247179341e-03
9.400898796071703e-03
1.230931420447478e-02
1.611355566866178e-02
2.108190126082287e-02
2.756996715909237e-02
3.603858796460905e-02
4.703935793001375e-02
6.121242912843747e-02
7.943027919877584e-02
1.025428594512545e-01
1.316545873004054e-01
1.679759885864687e-01
2.127079236561444e-01
2.669055028586671e-01
3.310154917533720e-01
4.047293894865145e-01
4.867407359180696e-01
5.743761977112488e-01
6.637467391840667e-01
7.502056902398677e-01
8.289589978517407e-01
8.986751273524860e-01
9.864369479757094e-01
###4.000000000000000e+00
5.878361895203676e-10
7.027282454030552e-10
7.075659819942543e-10
-9.035380999989563e-09
1.230611178360486e-09
2.771340486949837e-09
2.400466517402863e-10
2.843169862820837e-09
3.382395306922223e-09
3.334318808945357e-09
1.942175528902247e-09
3.360428369155085e-09
3.390526477558726e-09
3.595804170552293e-09
3.681326676673289e-09
3.827025747619095e-09
4.265403362164456e-09
5.005978133287508e-09
9.595303219530307e-09
6.096747424419274e-09
6.034043399872323e-09
6.447817836933522e-09
7.076157825168592e-09
7.941336124269305e-09
9.130757313342019e-09
1.069278807665450e-08
1.275824522463532e-08
1.548148781694788e-08
1.907693513484528e-08
2.379703394825878e-08
3.003795119429996e-08
3.829005689402256e-08
4.919895796975482e-08
6.361772683844023e-08
8.263012175712552e-08
1.078452307590792e-07
1.408165185702894e-07
1.851204386318831e-07
2.437308250768635e-07
3.206734027848010e-07
4.229037985508593e-07
5.584514857441951e-07
7.378706888787959e-07
9.727080507510849e-07
1.283638401520380e-06
1.692837557457868e-06
2.235882396813866e-06
2.948068386438153e-06
3.887145318464571e-06
5.127308960397743e-06
6.757158009153658e-06
8.908380882260588e-06
1.173207703832422e-05
1.547175452971678e-05
2.032852124638463e-05
2.673234649392002e-05
3.513420645556781e-05
4.620520063116028e-05
6.072518449393463e-05
7.972380193875258e-05
1.047941315789082e-04
1.375592828256555e-04
1.806181127220997e-04
2.373436770185370e-04
3.109925570832545e-04
4.080567495964011e-04
5.349326567724446e-04
7.012844912046057e-04
9.190698124272628e-04
1.206995051284523e-03
1.583556828879403e-03
2.077781710905471e-03
2.725078228230139e-03
3.575521941802182e-03
4.689638814584798e-03
6.145305212463432e-03
8.060058151185894e-03
1.056887020230366e-02
1.384432182501621e-02
1.812496741822837e-02
2.370723953822586e-02
3.098325694716698e-02
4.045585320328557e-02
5.271777092136928e-02
6.845230488998778e-02
8.857542057860875e-02
1.139564621357040e-01
1.457022706948633e-01
1.849939979412540e-01
2.329267475459711e-01
2.903702429702557e-01
3.574899727704793e-01
4.336031247959107e-01
5.169880344707956e-01
6.045634625062990e-01
6.921814344730990e-01
7.751406407921334e-01
8.488680101687972e-01
9.121902439117496e-01
9.884867118499087e-01
###4.399999999999999e+00
6.248795731008285e-10
7.619350934397975e-10
7.597505240625342e-10
-8.929266067235836e-09
1.336184995647226e-09
2.854492522990170e-09
4.155223983791642e-10
3.040320203353536e-09
3.544371131647141e-09
3.509688091957290e-09
2.230816535644831e-09
3.575804673659604e-09
3.632975417428129e-09
3.869496551636547e-09
3.995209165573680e-09
4.187242685491754e-09
4.658597490468658e-09
5.450572725169079e-09
9.677412832065338e-09
6.647243832735111e-09
6.645759756733779e-09
7.115257511643907e-09
7.822887217587827e-09
8.784428408622074e-09
1.009153326537208e-08
1.180654794549600e-08
1.406428183025893e-08
1.703609735099315e-08
2.095158979521908e-08
2.609248875929975e-08
3.288346978862163e-08
4.185623962489604e-08
5.371149192670015e-08
6.938041578576429e-08
9.001545553489138e-08
1.174279321406553e-07
1.533182407169021e-07
2.014940023466222e-07
2.651838424718561e-07
3.488696045165984e-07
4.600837829611811e-07
6.075265025868718e-07
8.027174532685004e-07
1.058343119828329e-06
1.397412741001542e-06
1.843716521389724e-06
2.435742491387985e-06
3.213187475067467e-06
4.238542082174813e-06
5.594259893322625e-06
7.376682855648849e-06
9.732090323939474e-06
1.282428675714695e-05
1.692283288084896e-05
2.225210256362986e-05
2.928548717147561e-05
3.851527355607289e-05
5.071018675656326e-05
6.670997190887134e-05
8.766738347315679e-05
1.153605490656632e-04
1.516092604247595e-04
1.993055843783424e-04
2.622443691823679e-04
3.440410560609053e-04
4.520250014869406e-04
5.933515013881335e-04
7.789644039899725e-04
1.022268212511134e-03
1.344415044009860e-03
1.766254292453258e-03
2.320621951359658e-03
3.047322328872868e-03
4.002936367861454e-03
5.255478005305679e-03
6.894494020426996e-03
9.045761909203080e-03
1.186561242517956e-02
1.554409089872850e-02
2.034632294264205e-02
2.659701937261012e-02
3.472581045789643e-02
4.527661201621185e-02
5.888413205738004e-02
7.626696004253711e-02
9.838415139480014e-02
1.261082366485542e-01
1.605343954003200e-01
2.027960163268235e-01
2.538523121259092e-01
3.143892807790671e-01
3.842617395127889e-01
4.624102397365181e-01
5.467279961211827e-01
6.337909951442108e-01
7.192567667582728e-01
7.984593274653619e-01
8.671406789145150e-01
9.243537951669610e-01
9.902902720560869e-01
###4.800000000000000e+00
6.707757895023908e-10
8.100175788043404e-10
8.189374676989317e-10
-8.837559906412076e-09
1.413166024220716e-09
2.941105744541258e-09
5.991288231722707e-10
3.192243116717761e-09
3.720488478809915e-09
3.690344870868345e-09
2.520225452688466e-09
3.814124130444618e-09
3.896367686017406e-09
4.166342469921046e-09
4.328862232637505e-09
4.566613761675771e-09
5.077708651754917e-09
5.912099033014509e-09
9.815009567728136e-09
7.227202635117561e-09
7.294942519335851e-09
7.829181026987078e-09
8.620712548553236e-09
9.688832034122923e-09
1.112505570720817e-08
1.300841444290646e-08
1.547758874440872e-08
1.871933060675021e-08
2.298677063100592e-08
2.858845927570815e-08
3.597589268923460e-08
4.573331067387162e-08
5.862159130740724e-08
7.561380857743636e-08
9.805998243839620e-08
1.278746177541631e-07
1.669411181010565e-07
2.193412798028787e-07
2.885713621360898e-07
3.796450649424089e-07
5.006725423409835e-07
6.611359378646717e-07
8.735546358533852e-07
1.151942082757460e-06
1.521828229756969e-06
2.008776185177078e-06
2.654621796971325e-06
3.503709796137755e-06
4.623780525006844e-06
6.106659310880860e-06
8.057489963782057e-06
1.063743656639684e-05
1.402613635065680e-05
1.852131148543600e-05
2.437264752239949e-05
3.210273879770402e-05
4.225147149498106e-05
5.569049195203273e-05
7.333432023713759e-05
9.647444428849456e-05
1.270888592396710e-04
1.672136101800264e-04
2.200872060956051e-04
2.899484544801009e-04
3.808552659801323e-04
5.010227128834403e-04
6.585381447547511e-04
8.656410806911731e-04
1.137473327214742e-03
1.497853924250043e-03
1.970205547568004e-03
2.591633895692981e-03
3.406762093810552e-03
4.479267356734195e-03
5.885515169145933e-03
7.726800486265936e-03
1.013930588203342e-02
1.330136992050853e-02
1.742177247393637e-02
2.279192515957395e-02
2.976805067743331e-02
3.881531321027693e-02
5.051911701964160e-02
6.555697307569928e-02
8.467251424540088e-02
1.088646509720703e-01
1.389973026821475e-01
1.761461031078959e-01
2.213525256174294e-01
2.754325830358203e-01
3.389011238126248e-01
4.112501666458155e-01
4.910726894815489e-01
5.758962495196349e-01
6.620082328002549e-01
7.449581543856438e-01
8.201862253443053e-01
8.838356903339556e-01
9.352441877433205e-01
9.918721988479855e-01
###5.200000000000000e+00
7.144075643967771e-10
8.766095753415954e-10
8.891663677317992e-10
-8.726015295289484e-09
1.502216363076323e-09
3.021923401685266e-09
8.029139802894695e-10
3.349708826753359e-09
3.884823733653897e-09
3.886857936572144e-09
2.814162737121419e-09
4.065926947704003e-09
4.166208166370871e-09
4.482355118253937e-09
4.682620429225382e-09
4.968759557240717e-09
5.514948363016545e-09
6.405086989904839e-09
1.001602780939945e-08
7.827117175227078e-09
7.970757092232352e-09
8.592978133530291e-09
9.472134129947358e-09
1.065711375394584e-08
1.223495374620350e-08
1.430132659882254e-08
1.700224894661962e-08
2.054108216666239e-08
2.519110795469289e-08
3.130707856309824e-08
3.933552761409120e-08
4.993830443540222e-08
6.396426464158203e-08
8.244007342525463e-08
1.068259223280458e-07
1.392600640867509e-07
1.817926353850889e-07
2.387968839062241e-07
3.140756060576311e-07
4.132293263864934e-07
5.449801934143046e-07
7.196919594134310e-07
9.509907887917603e-07
1.254544709543239e-06
1.657948949880171e-06
2.189541218190981e-06
2.894429034077842e-06
3.822304316581607e-06
5.046596102809412e-06
6.669971900809284e-06
8.805610780562850e-06
1.163340992684200e-05
1.534930314881163e-05
2.028331924838324e-05
2.671299305778391e-05
3.521467245942941e-05
4.638205887339100e-05
6.120117410715881e-05
8.067424319466579e-05
1.062375253812407e-04
1.401032582041733e-04
1.845489454396334e-04
2.431908553966356e-04
3.207719869637806e-04
4.218379010022823e-04
5.556217656101992e-04
7.311733042854334e-04
9.622907975710492e-04
1.265959874348667e-03
1.668958382299273e-03
2.197587924921078e-03
2.893565741491717e-03
3.806997213674582e-03
5.009131538278372e-03
6.585420185627349e-03
8.649521600884729e-03
1.134975401407618e-02
1.488680169799655e-02
1.948926732941489e-02
2.547680780388283e-02
3.323600309699266e-02
4.326980815237250e-02
5.620350196642934e-02
7.275146741270673e-02
9.368377075233089e-02
1.200249852666658e-01
1.526228946600982e-01
1.925147653726623e-01
2.406369584473459e-01
2.976458065903267e-01
3.638408620106438e-01
4.383782582689458e-01
5.195037822119309e-01
6.044243465882069e-01
6.891723325270064e-01
7.692718365738999e-01
8.403549004848857e-01
8.990154275734352e-01
9.449393399624336e-01
9.932425093490667e-01
###5.600000000000001e+00
7.724020856620451e-10
9.118435641969230e-10
9.348908381640016e-10
-8.637507558088983e-09
1.602328489577140e-09
3.130291665890718e-09
1.031857666270923e-09
3.514572206550516e-09
4.075127982183734e-09
4.095323102347839e-09
3.123161443543390e-09
4.331107716806090e-09
4.470257697296771e-09
4.806447263817670e-09
5.048934646787356e-09
5.393801339541787e-09
5.977808104787196e-09
6.916601777572010e-09
1.028108286337307e-08
8.456338332389885e-09
8.685851587097590e-09
9.399298554129102e-09
1.038344628382392e-08
1.169467318737238e-08
1.343157275266222e-08
1.569759773258613e-08
1.865188821551919e-08
2.251476062477277e-08
2.758330788796272e-08
3.424719881473407e-08
4.298785406971940e-08
5.450201123066403e-08
6.977898363115825e-08
8.988696961770847e-08
1.163843512801352e-07
1.516716869192236e-07
1.979862347602353e-07
2.600124583988294e-07
3.419078999962231e-07
4.498798927549130e-07
5.933758332170958e-07
7.836966866756519e-07
1.035689623091380e-06
1.367047020830885e-06
1.807035720202668e-06
2.387480863411676e-06
3.157396450985044e-06
4.171753843362642e-06
5.511002288091242e-06
7.289131480065781e-06
9.628244370460909e-06
1.272939378020244e-05
1.680704784211128e-05
2.222611894812170e-05
2.929503411861599e-05
3.865150368384575e-05
5.095192335051679e-05
6.730031888395735e-05
8.880327611517712e-05
1.170627027166505e-04
1.545509404132289e-04
2.038007309368453e-04
2.688666295011161e-04
3.550515603419456e-04
4.674497111675307e-04
6.164015474599719e-04
8.120633591800922e-04
1.070013825922588e-03
1.409055260335131e-03
1.859467045572213e-03
2.450725138512605e-03
3.229488654714589e-03
4.251776938703954e-03
5.597315870395757e-03
7.361196188773652e-03
9.670093605259595e-03
1.268627463875610e-02
1.663298441203503e-02
2.175981066399060e-02
2.841571046444150e-02
3.701819179830988e-02
4.810654772445280e-02
6.234690814353201e-02
8.048512575075650e-02
1.033110664759316e-01
1.318723122922033e-01
1.669781058184779e-01
2.096222075620824e-01
2.606138284979849e-01
3.204295500143977e-01
3.891378551874434e-01
4.655749915663316e-01
5.476245062413724e-01
6.322275429843504e-01
7.152245356802391e-01
7.921791152323340e-01
8.589849139627771e-01
9.127383576805130e-01
9.535118087345987e-01
9.944262109449984e-01
###6.000000000000001e+00
8.088401487638162e-10
9.358686951249054e-10
1.002717285745949e-09
-8.527696077329032e-09
1.691717243214918e-09
3.239971113821460e-09
1.246636842349905e-09
3.714714051349639e-09
4.281822582672008e-09
4.310006454175097e-09
3.438276226011680e-09
4.597967650143652e-09
4.787372987028115e-09
5.153146172760236e-09
5.447781319661940e-09
5.836626611266504e-09
6.466264344867018e-09
7.452093560556905e-09
1.060555605250212e-08
9.121157792088808e-09
9.446931583960675e-09
1.025898031344884e-08
1.135667780762152e-08
1.280871791613865e-08
1.471865135061518e-08
1.720295324990358e-08
2.043302977601467e-08
2.464992346487191e-08
3.017745031651963e-08
3.743824819333621e-08
4.695422278168953e-08
5.947531606531665e-08
7.607190148304049e-08
9.799440443713465e-08
1.268053079121897e-07
1.652057638128816e-07
2.156453445189102e-07
2.831534866654372e-07
3.722821496564159e-07
4.899049227871307e-07
6.462638624210230e-07
8.536674197932883e-07
1.128355941235354e-06
1.490133473476259e-06
1.970296026770660e-06
2.604447254042446e-06
3.445722407510946e-06
4.555276188966565e-06
6.021853307098341e-06
7.969523389923538e-06
1.053356744146123e-05
1.393642795429355e-05
1.841392787501723e-05
2.436887101339241e-05
3.214566509059899e-05
4.244862760175678e-05
5.600585237733269e-05
7.405299726446177e-05
9.781049283790120e-05
1.290680699409857e-04
1.705829326567505e-04
2.251843155670472e-04
2.974006549167647e-04
3.931697505838644e-04
5.181961571899447e-04
6.840367378992212e-04
9.021070601810611e-04
1.189905378380163e-03
1.568280945777575e-03
2.071364594910707e-03
2.732074723234604e-03
3.602572803210575e-03
4.745202450487039e-03
6.248856510330112e-03
8.219113065918979e-03
1.079640886963550e-02
1.415825544537355e-02
1.855096256853780e-02
2.424677671698185e-02
3.162337658060171e-02
4.113103406625022e-02
5.334286782286111e-02
6.896482901298627e-02
8.877226688313972e-02
1.135698374639947e-01
1.444088705086629e-01
1.820581336386494e-01
2.274423842530053e-01
2.812406206735076e-01
3.437277722118366e-01
4.147275097702364e-01
4.927496952311168e-01
5.753536070181116e-01
6.592283935155375e-01
7.401088236040035e-01
8.136624196324853e-01
8.760996354414324e-01
9.250677999700772e-01
9.610397526507627e-01
9.954431668652115e-01
###6.400000000000001e+00
8.653930082247542e-10
1.028346753016964e-09
1.078382170875482e-09
-8.426101503406220e-09
1.816018215116753e-09
3.358625430921102e-09
1.442804512086722e-09
3.910548876340189e-09
4.491245277358861e-09
4.531566170420269e-09
3.764548243263359e-09
4.873258766145482e-09
5.118406706672003e-09
5.524872387972048e-09
5.862514724354155e-09
6.303847023138577e-09
6.983477759720338e-09
8.018655617610258e-09
1.099509519685933e-08
9.824763437949631e-09
1.025679376120234e-08
1.117517200808413e-08
1.239888372923173e-08
1.400609318249293e-08
1.610417462599682e-08
1.882438071418891e-08
2.235791407018373e-08
2.696031490709245e-08
3.298941444858257e-08
4.090197858257442e-08
5.126298901013986e-08
6.490221692554633e-08
8.294334265668111e-08
1.067847010683843e-07
1.381608656039128e-07
1.799494010742880e-07
2.349087680390514e-07
3.084029442757469e-07
4.054556812612768e-07
5.336510402405131e-07
7.040412503774692e-07
9.301759946823371e-07
1.229752218082122e-06
1.624902801873251e-06
2.149176533924168e-06
2.842294212772338e-06
3.762140772935080e-06
4.976506749978893e-06
6.583155259345607e-06
8.717585229391266e-06
1.152992356485836e-05
1.526578597248600e-05
2.018525517972514e-05
2.673362494638608e-05
3.529401484202121e-05
4.664845115455465e-05
6.159886200932063e-05
8.153048451711791e-05
1.077952826775451e-04
1.423810335423068e-04
1.883714348258842e-04
2.489303845502380e-04
3.291002954496534e-04
4.355266607726925e-04
5.746038217879217e-04
7.592266447524897e-04
1.002192403259338e-03
1.323128797043746e-03
1.745204404123636e-03
2.306729410826011e-03
3.044288438131465e-03
4.016130455178189e-03
5.291599843977207e-03
6.969300271327900e-03
9.166156438667880e-03
1.203693292765144e-02
1.577588776550535e-02
2.065280517374091e-02
2.696333647665314e-02
3.511600751657563e-02
4.559030949088311e-02
5.899680229745749e-02
7.607328966214667e-02
9.762695216253348e-02
1.244638187060380e-01
1.576341994279697e-01
1.978526732479433e-01
2.459550379784050e-01
3.024753067254450e-01
3.674821839030470e-01
4.405315628786573e-01
5.198109740864394e-01
6.026048021140126e-01
6.853608580935322e-01
7.637900391469747e-01
8.337130273225215e-01
8.917414734809647e-01
9.360725683521309e-01
9.675919851813158e-01
9.963051703391563e-01
###6.800000000000002e+00
9.467313242869324e-10
1.082499096736789e-09
1.160160831721741e-09
-8.304683550986881e-09
1.937233550423704e-09
3.486655923081026e-09
1.685536801313572e-09
4.123055140438551e-09
4.728679380173015e-09
4.788160258264379e-09
4.107146251606979e-09
5.207075385691224e-09
5.470909671559276e-09
5.916534411480234e-09
6.305193721212949e-09
6.799917102292397e-09
7.534362785307795e-09
8.621923017431344e-09
1.144808821954155e-08
1.057246852769450e-08
1.112016696771755e-08
1.215436171858043e-08
1.351600713207418e-08
1.529098149126844e-08
1.759622665604002e-08
2.057722346703409e-08
2.444063490990266e-08
2.946112302304653e-08
3.604014166998978e-08
4.466357341959777e-08
5.594739716193104e-08
7.080739609253914e-08
9.041017312016750e-08
1.163537365324987e-07
1.505333296228079e-07
1.960372819261840e-07
2.559196583114278e-07
3.359654579949302e-07
4.416944607092708e-07
5.814663728353655e-07
7.672527525823163e-07
1.013873807307028e-06
1.340765546545064e-06
1.772499547749418e-06
2.345192013451332e-06
3.103383917832343e-06
4.109499021443775e-06
5.439356923825960e-06
7.200149043220990e-06
9.540913113834395e-06
1.262691914406543e-05
1.673073861943135e-05
2.213878792224529e-05
2.934416737937873e-05
3.877339361568809e-05
5.129147069611702e-05
6.778945067905008e-05
8.981186826612425e-05
1.188599503996316e-04
1.571463503482434e-04
2.081105382307953e-04
2.752868574007388e-04
3.642993440581222e-04
4.825820935784586e-04
6.372516880135097e-04
8.427581953753192e-04
1.113373778021079e-03
1.471045510150478e-03
1.941574868014651e-03
2.567714386274277e-03
3.390274865731895e-03
4.473813533541248e-03
5.895517798591401e-03
7.764258036682825e-03
1.020929672550729e-02
1.340057483316887e-02
1.754927322246426e-02
2.295070735053426e-02
2.992416713352348e-02
3.890818924211512e-02
5.041414026369853e-02
6.508337396672319e-02
8.369240663550831e-02
1.070630607637647e-01
1.360016650182100e-01
1.715479567080821e-01
2.143466039995520e-01
2.651323500933684e-01
3.242787650791198e-01
3.916222475179313e-01
4.664607024697442e-01
5.466727514997320e-01
6.292788462629443e-01
7.105504815897349e-01
7.862172254071133e-01
8.523337006443096e-01
9.059496578752633e-01
9.458263667361289e-01
9.732549439089271e-01
9.970319237956449e-01
###7.200000000000002e+00
1.008928179960364e-09
1.136365577042104e-09
1.246859000572115e-09
-8.162486971540873e-09
2.063463833851743e-09
3.633201455193207e-09
1.950282277124981e-09
4.343209281369448e-09
4.981732315650025e-09
5.079912064984814e-09
4.467387549784352e-09
5.543946033407501e-09
5.848288287264704e-09
6.329543833882755e-09
6.775836980139805e-09
7.332945950072911e-09
8.115662211860203e-09
9.259027621456391e-09
1.196971376112674e-08
1.137198375019318e-08
1.203994748254003e-08
1.320535612975708e-08
1.471244754890543e-08
1.667814012423593e-08
1.920201797961538e-08
2.247050211531206e-08
2.669128753320878e-08
3.217154991966257e-08
3.934815592160067e-08
4.874596767691785e-08
6.103719088846004e-08
7.723015105688003e-08
9.852496471782358e-08
1.267797340473188e-07
1.640232409288584e-07
2.135857191430944e-07
2.788429391062692e-07
3.660697262723331e-07
4.812529515969138e-07
6.337151385627195e-07
8.363792653536760e-07
1.105520433348682e-06
1.462379225872641e-06
1.934235580153940e-06
2.560195310228470e-06
3.389744047172409e-06
4.491059729479070e-06
5.947848863750646e-06
7.878790868819921e-06
1.044708925120690e-05
1.383522206309605e-05
1.834560908553022e-05
2.429394925882687e-05
3.222667742703776e-05
4.261883921619807e-05
5.642503997509131e-05
7.463957809177129e-05
9.898336367229129e-05
1.311173255449311e-04
1.735184833864071e-04
2.300029176208210e-04
3.045313717856788e-04
4.033729146986600e-04
5.348147416912696e-04
7.068088459822020e-04
9.354579769592999e-04
1.236774663083379e-03
1.635123603904881e-03
2.159241527508190e-03
2.856820760804105e-03
3.773206363178713e-03
4.979694920590401e-03
6.561888880158464e-03
8.639995154415572e-03
1.135585379065312e-02
1.489593168847576e-02
1.949090958108222e-02
2.545749165858747e-02
3.314281616814199e-02
4.301635998920626e-02
5.561609448029366e-02
7.162179195989767e-02
9.183418896592579e-02
1.170912019881506e-01
1.481880116801273e-01
1.861442687525798e-01
2.315225856214455e-01
2.849385108975460e-01
3.465907506354068e-01
4.160824015115200e-01
4.924360807484952e-01
5.732371676389466e-01
6.552859785184557e-01
7.347259549627204e-01
8.073604595935656e-01
8.695321314635409e-01
9.187724232736142e-01
9.544090315175529e-01
9.781065412044083e-01
9.976330654219214e-01
###7.600000000000002e+00
1.067593739121408e-09
1.206918655471926e-09
1.342451589023437e-09
-8.020215803225618e-09
2.202607165081124e-09
3.736613196691022e-09
2.202479202787528e-09
4.587975241310589e-09
5.244065047398410e-09
5.370876029612828e-09
4.841838120872711e-09
5.906782117394435e-09
6.258437248915857e-09
6.780310890205191e-09
7.276216260236762e-09
7.889168144802919e-09
8.735213315331298e-09
9.934122566405905e-09
1.255319265549988e-08
1.221756714860576e-08
1.302285205646060e-08
1.432675944899257e-08
1.599787475592228e-08
1.816763078257273e-08
2.093411894368697e-08
2.450898183105345e-08
2.912398678419017e-08
3.510534575073954e-08
4.293278035092099e-08
5.317586369448715e-08
6.656720517247504e-08
8.421240628276702e-08
1.073657439909259e-07
1.381504038782160e-07
1.787372844179597e-07
2.327223957917571e-07
3.038672759608094e-07
3.989440481906054e-07
5.245146317642453e-07
6.908558830397805e-07
9.120048309918599e-07
1.205805378555531e-06
1.595633831153574e-06
2.111567303531558e-06
2.796146160513379e-06
3.704046670319273e-06
4.909975091383080e-06
6.506789330926531e-06
8.625190453682169e-06
1.144453383469820e-05
1.516666685962452e-05
2.012654745899042e-05
2.667271916789400e-05
3.541013740714485e-05
4.686775557403996e-05
6.210313010546011e-05
8.222237229149032e-05
1.091380581825766e-04
1.446970651692641e-04
1.916621916082823e-04
2.542795311717741e-04
3.369687141312525e-04
4.467085844276397e-04
5.927439231847945e-04
7.839586765018233e-04
1.038262465843102e-03
1.373552488145342e-03
1.816903716641571e-03
2.400193618126638e-03
3.176536832264861e-03
4.196187257623179e-03
5.537775845938338e-03
7.295846695012334e-03
9.602751476066138e-03
1.261383051074634e-02
1.653246155103979e-02
2.161073983970603e-02
2.818531722051034e-02
3.663433583757122e-02
4.745437253106247e-02
6.121651738328952e-02
7.862563845617485e-02
1.005117250293738e-01
1.277209348569893e-01
1.610246715390004e-01
2.014170479276909e-01
2.493590349810398e-01
3.053380560664036e-01
3.693581360942254e-01
4.407848394467703e-01
5.183689874331981e-01
5.994224351522662e-01
6.805508934986437e-01
7.578281356997482e-01
8.271933097311550e-01
8.853284342542848e-01
9.302786207352310e-01
9.619047388264282e-01
9.822267520315356e-01
9.981357083572011e-01
###8.000000000000002e+00
1.131480043090947e-09
1.267658866361913e-09
1.439695550455537e-09
-7.865025398605626e-09
2.338139560185814e-09
3.905856852687593e-09
2.470881042583308e-09
4.852219894404107e-09
5.527598953864138e-09
5.682992798678137e-09
5.239795194609075e-09
6.296808793536237e-09
6.695804457212939e-09
7.250615568529865e-09
7.804351781149243e-09
8.482481302171429e-09
9.393284097942894e-09
1.065575530485432e-08
1.320253496328371e-08
1.311575788533909e-08
1.407005729417720e-08
1.552602122163465e-08
1.737639125081725e-08
1.976308377013823e-08
2.279885631274066e-08
2.670953003674186e-08
3.175289374241115e-08
3.828143411467521e-08
4.681889796924424e-08
5.798830687132876e-08
7.255161670121146e-08
9.180990429019414e-08
1.169940913038846e-07
1.505202469005648e-07
1.947640325127754e-07
2.536112410865549e-07
3.311879042031092e-07
4.348441126161026e-07
5.718188456267148e-07
7.533622153387683e-07
9.947978171319883e-07
1.315684626838438e-06
1.741697773076467e-06
2.306000817079024e-06
3.055037046914996e-06
4.049334619183023e-06
5.370557546325370e-06
7.121789131659548e-06
9.446969191591385e-06
1.254358740684058e-05
1.663466488100729e-05
2.209191007702121e-05
2.929950256185379e-05
3.892702426939134e-05
5.156469686321711e-05
6.838288824719765e-05
9.061066159762432e-05
1.203805929146424e-04
1.597395158578882e-04
2.117681595756639e-04
2.811828731426408e-04
3.729160399157660e-04
4.947574575365932e-04
6.569711956140150e-04
8.694625514345625e-04
1.152162774441705e-03
1.524996809292574e-03
2.018026050351624e-03
2.666572344895237e-03
3.529683580095479e-03
4.662728416558536e-03
6.152335979927845e-03
8.102706711566477e-03
1.065920463973919e-02
1.399109726359181e-02
1.832025450864610e-02
2.391890850744064e-02
3.114764189781641e-02
4.041293195632045e-02
5.224001355527173e-02
6.722914151087411e-02
8.611242620952266e-02
1.097364418939460e-01
1.389556376388359e-01
1.745129792160620e-01
2.173611024122866e-01
2.678286249966501e-01
3.262795769626942e-01
3.925165083835544e-01
4.656534292719978e-01
5.441726545067288e-01
6.251397319285504e-01
7.049940616520973e-01
7.798080941213087e-01
8.457052519180280e-01
8.997562651340659e-01
9.405267923079178e-01
9.684011239526045e-01
9.856948754504943e-01
9.985438001512490e-01
###8.400000000000002e+00
1.208035005457421e-09
1.342474871711899e-09
1.539037653006463e-09
-7.713075650820920e-09
2.506174875128362e-09
4.078205793806589e-09
2.753306925020076e-09
5.127367666625329e-09
5.834400746650749e-09
6.010293099583448e-09
5.662607033145541e-09
6.709256358054435e-09
7.154790368463863e-09
7.756778214431967e-09
8.368649096099297e-09
9.118338716515208e-09
1.009741341064737e-08
1.142414222769720e-08
1.392319997739272e-08
1.408052335819995e-08
1.519186999031525e-08
1.681226943616311e-08
1.885582056131164e-08
2.147847281134606e-08
2.480725176625563e-08
2.908500941341787e-08
3.459556483240143e-08
4.172234709570807e-08
5.103215699047336e-08
6.319361883976871e-08
7.901649923597775e-08
1.000706158787166e-07
1.274785689747903e-07
1.640029383288953e-07
2.122400869250628e-07
2.763989392450277e-07
3.610194728995394e-07
4.740813354180326e-07
6.235304419524083e-07
8.217253194456826e-07
1.085434501797985e-06
1.436032968949404e-06
1.901725325660846e-06
2.519282991604543e-06
3.339253606395147e-06
4.428594484566104e-06
5.876887115044167e-06
7.798258666745237e-06
1.035180021143911e-05
1.375429142141334e-05
1.825322100819381e-05
2.425898652800967e-05
3.219847332641371e-05
4.281153176458203e-05
5.675804176642273e-05
7.532689315834419e-05
9.989381346224051e-05
1.328237584625146e-04
1.763989121691348e-04
2.340351493280717e-04
3.109847642682387e-04
4.127486373521814e-04
5.479797799391364e-04
7.280994929825266e-04
9.641281772466326e-04
1.278229722228840e-03
1.692491889824942e-03
2.240311982990888e-03
2.960706572916502e-03
3.919074624336027e-03
5.176484421535526e-03
6.828160422065669e-03
8.988507257989284e-03
1.181630234607299e-02
1.549595307002691e-02
2.026900527039624e-02
2.642827908811618e-02
3.435739466990077e-02
4.449267560079759e-02
5.738769987298530e-02
7.366999484730002e-02
9.409451073355742e-02
1.195226838095354e-01
1.508043378765771e-01
1.886480328573154e-01
2.339311910172847e-01
2.868981810274786e-01
3.477220240359410e-01
4.160047073758897e-01
4.906041524479353e-01
5.697548617740980e-01
6.502986316719757e-01
7.285459646643876e-01
8.006216857866034e-01
8.628916608733519e-01
9.128542794116885e-01
9.495943282695785e-01
9.739852899568371e-01
9.885871923647493e-01
9.988767163522879e-01
###8.800000000000002e+00
1.279551428910001e-09
1.424611690665777e-09
1.638149118192966e-09
-7.547110810033574e-09
2.673758435833714e-09
4.254757221632589e-09
3.052976822298431e-09
5.423156566173254e-09
6.165751617575000e-09
6.373099193818180e-09
6.106481666720645e-09
7.149498621557430e-09
7.641935130935103e-09
8.300484084065385e-09
8.972009346726768e-09
9.789948592289693e-09
1.084434369213868e-08
1.224638583407773e-08
1.471755282798311e-08
1.511669774413286e-08
1.639174254139422e-08
1.818800871414814e-08
2.044394242425864e-08
2.332394428149858e-08
2.697129919632398e-08
3.164996660357816e-08
3.766755531001895e-08
4.544793607573479e-08
5.560042793221838e-08
6.886293565472950e-08
8.605709832433413e-08
1.090446176232403e-07
1.388820062848959e-07
1.787462194698816e-07
2.313167687345213e-07
3.012727763525593e-07
3.936067063561276e-07
5.169762690051522e-07
6.800868479589469e-07
8.965744481098198e-07
1.184679515839568e-06
1.567948979538495e-06
2.077287065811689e-06
2.753265464294062e-06
3.651400054477920e-06
4.845461808434696e-06
6.433914083419152e-06
8.542818674143895e-06
1.134790074693841e-05
1.508888128476137e-05
2.003804497652347e-05
2.665053589935384e-05
3.539863340397798e-05
4.710356020140858e-05
6.249610828113893e-05
8.300635707962873e-05
1.101623931849159e-04
1.465959132127463e-04
1.948367193625336e-04
2.586907562448120e-04
3.439842509937989e-04
4.568637327618725e-04
6.068969985112702e-04
8.068331156819900e-04
1.068846452967637e-03
1.417605670600586e-03
1.877510239862966e-03
2.485630672682324e-03
3.285022343798679e-03
4.347886209689508e-03
5.741422584370843e-03
7.570068221480203e-03
9.959006626975370e-03
1.308104741085477e-02
1.713847949256011e-02
2.239151735814512e-02
2.914944540572248e-02
3.782871096152427e-02
4.888856520361669e-02
6.291344262245949e-02
8.054669437391256e-02
1.025833292683812e-01
1.298755971230504e-01
1.632688543126901e-01
2.034183926147577e-01
2.511280760078367e-01
3.065369532821837e-01
3.696159198727365e-01
4.397551663366885e-01
5.155625944497638e-01
5.950318595867641e-01
6.748143104457739e-01
7.511435380148178e-01
8.202387401962999e-01
8.787636639138688e-01
9.246705720870123e-01
9.575600397407140e-01
9.787474387931114e-01
9.909758260025506e-01
9.991373710216167e-01
###9.200000000000003e+00
1.369531319355004e-09
1.518344514423911e-09
1.536490967875719e-09
-7.369370055495793e-09
2.844161761961726e-09
4.452224427369034e-09
3.354275309475489e-09
5.731434065098411e-09
6.519747701526298e-09
6.748776054065317e-09
6.564075910909447e-09
7.622355465749312e-09
8.155084275158145e-09
8.867751681857382e-09
9.608976762064181e-09
1.050025779597819e-08
1.163278200309187e-08
1.311838395718360e-08
1.557957175658648e-08
1.621714589673503e-08
1.767661700413816e-08
1.965606205607325e-08
2.206148323311794e-08
2.530143567529379e-08
2.929707316254754e-08
3.441031655174668e-08
4.098184948935270e-08
4.947442383554006e-08
6.054629354705311e-08
7.500977023530760e-08
9.377056583735731e-08
1.187543168369532e-07
1.513048219678240e-07
1.947976597803460e-07
2.521224635010680e-07
3.284394345323877e-07
4.292424222352769e-07
5.638536308926345e-07
7.419520620765500e-07
9.784520097282583e-07
1.293423106999682e-06
1.712608075404276e-06
2.269887674978829e-06
3.010214217110720e-06
3.994291465620830e-06
5.303612994824930e-06
7.046579170423922e-06
9.362354000767362e-06
1.244493867153885e-05
1.655980364904987e-05
2.200643246223123e-05
2.928977537392310e-05
3.893303619117429e-05
5.184584289513047e-05
6.883978890003973e-05
9.150234392161613e-05
1.215411925280038e-04
1.618365847648510e-04
2.152482051305107e-04
2.859726933886593e-04
3.805055732694882e-04
5.056512272536538e-04
6.720644625769568e-04
8.938690913867973e-04
1.184607549022786e-03
1.571526842381816e-03
2.081677318445152e-03
2.756106325303922e-03
3.642123883971504e-03
4.819435362343163e-03
6.361692026755067e-03
8.383195986505566e-03
1.102061286459836e-02
1.446152304594325e-02
1.892633455705588e-02
2.469594238613025e-02
3.209570988208831e-02
4.157480809253306e-02
5.361544924717403e-02
6.882787522464605e-02
8.787891244238784e-02
1.115901576965687e-01
1.408039237027214e-01
1.763483106278302e-01
2.188207533100385e-01
2.689357112243423e-01
3.267051039462727e-01
3.918982601608521e-01
4.636903560228758e-01
5.404414619461373e-01
6.199205750873977e-01
6.986143560790196e-01
7.727321689710881e-01
8.386413919661226e-01
8.933451819109154e-01
9.352685140113336e-01
9.645104932657992e-01
9.827742355173040e-01
9.929302682060175e-01
9.993427711442482e-01
###9.600000000000003e+00
1.440619428322585e-09
1.612470074553836e-09
1.649571723502609e-09
-7.177889439734170e-09
3.008568029125138e-09
4.660566578180561e-09
3.679806364130846e-09
6.060588728847326e-09
6.887229202816577e-09
7.153172204026136e-09
7.047105084420821e-09
8.115505710714890e-09
8.697824699332650e-09
9.471875743416014e-09
1.028750799221313e-08
1.121601866201228e-08
1.247180758421219e-08
1.404666127595670e-08
1.652239207260486e-08
1.739290133726867e-08
1.899949152953379e-08
2.122765098858462e-08
2.387577084260149e-08
2.742783922983619e-08
3.179983815855802e-08
3.738827971725731e-08
4.456349502690472e-08
5.360700152345640e-08
6.590667389894547e-08
8.167930295748030e-08
1.021674665395731e-07
1.293097417495101e-07
1.648400002013227e-07
2.123037394830607e-07
2.748331338542977e-07
3.581269781616595e-07
4.681275976206506e-07
6.151151661091272e-07
8.096731040995768e-07
1.068125504841337e-06
1.412623206297367e-06
1.871201813443798e-06
2.480777993156984e-06
3.292451013870355e-06
4.371162421982760e-06
5.807200065504256e-06
7.720604639060553e-06
1.026492861309562e-05
1.365419491649044e-05
1.818099261393869e-05
2.417825811735951e-05
3.220313117769688e-05
4.283621220604152e-05
5.708344077614363e-05
7.584975802703825e-05
1.008948963270028e-04
1.341564624260906e-04
1.786919170828003e-04
2.378203272921721e-04
3.161534752791319e-04
4.208908341399739e-04
5.596021246131586e-04
7.440770165148534e-04
9.900275879099777e-04
1.312368043232711e-03
1.741346213938071e-03
2.306708615560437e-03
3.053851257979384e-03
4.034755039223732e-03
5.337155588277773e-03
7.041627017642724e-03
9.272952144420808e-03
1.217998334885714e-02
1.596629784783598e-02
2.086982792173748e-02
2.719337173982494e-02
3.528003517031245e-02
4.560903053249069e-02
5.868842935147902e-02
7.514793201655863e-02
9.569087235537897e-02
1.211263637234751e-01
1.523156827210991e-01
1.900429342170048e-01
2.348396114103688e-01
2.873214474123085e-01
3.473614448960031e-01
4.145156874533309e-01
4.877393722884024e-01
5.651603051813139e-01
6.443330407985334e-01
7.216236153329880e-01
7.932625037490765e-01
8.558130581659701e-01
9.066598915754295e-01
9.447068166860464e-01
9.705262531474689e-01
9.861491743339592e-01
9.945119674394807e-01
9.995098831799039e-01
###1.000000000000000e+01
1.527226356364636e-09
1.710770731573747e-09
1.778637411179139e-09
-6.988802943739522e-09
3.200635011486106e-09
4.888210503591139e-09
4.012484831494211e-09
6.412549903096694e-09
7.275250373387641e-09
7.584863022083854e-09
7.554665318148688e-09
8.643228039111027e-09
9.277241231828752e-09
1.011752317910523e-08
1.100664814532436e-08
1.193708497635375e-08
1.336550303842382e-08
1.503731368597406e-08
1.752878475904671e-08
1.864597697425191e-08
2.046204344050648e-08
2.291096762061992e-08
2.584064353371322e-08
2.970948808103699e-08
3.449447576993206e-08
4.060040604093360e-08
4.842930773893702e-08
5.808094494315309e-08
7.171108415558464e-08
8.891608060578959e-08
1.112829346427765e-07
1.407996738342920e-07
1.795890387311175e-07
2.313967856393646e-07
2.996152204676073e-07
3.905758405558077e-07
5.106433981770551e-07
6.712033534526651e-07
8.838216886732401e-07
1.166408425296679e-06
1.543273499596679e-06
2.045184326890427e-06
2.712184012217731e-06
3.602387802630788e-06
4.785431634230044e-06
6.361323710702354e-06
8.462620016845326e-06
1.125893681757489e-05
1.498578632402930e-05
1.996839074133220e-05
2.657409910577191e-05
3.541773048287801e-05
4.714632116876527e-05
6.286871548123973e-05
8.359524217690920e-05
1.112756248969079e-04
1.480944484015485e-04
1.973282973273608e-04
2.627743291075433e-04
3.495089210921357e-04
4.655278845866164e-04
6.191979463920999e-04
8.235976563034733e-04
1.096140153425254e-03
1.453287664704585e-03
1.928463199100174e-03
2.554427545749070e-03
3.381290686517541e-03
4.465882636411428e-03
5.904827431029365e-03
7.785870599740489e-03
1.024496900275249e-02
1.344388420846673e-02
1.760306465180879e-02
2.297819089029336e-02
2.989485843885603e-02
3.871403441678647e-02
4.994519681562433e-02
6.411994341524310e-02
8.189076615396965e-02
1.039792770065513e-01
1.312034524402148e-01
1.644098470531287e-01
2.043454941991007e-01
2.514580632108833e-01
3.062593539754602e-01
3.684621232918603e-01
4.374070491677757e-01
5.118330696562097e-01
5.896430759081634e-01
6.681945129843587e-01
7.437816715584472e-01
8.126997029371978e-01
8.717591921362042e-01
9.187501736594421e-01
9.530625517996417e-01
9.756980625513009e-01
9.889554171289499e-01
9.957809647740541e-01
9.996396465893820e-01
###1.040000000000000e+01
1.619127710026656e-09
1.808769059196879e-09
1.920892317032570e-09
-6.783451556078002e-09
3.399933514715637e-09
5.117228917891603e-09
4.343756610843898e-09
6.795153614613464e-09
7.706326200801432e-09
8.041771204364799e-09
8.093637470136818e-09
9.205409304177707e-09
9.906118104809613e-09
1.080228556821346e-08
1.177262778453068e-08
1.276632490199436e-08
1.431964123516057e-08
1.610678702424384e-08
1.864278704212046e-08
1.999710004929790e-08
2.203112574581751e-08
2.471945885842071e-08
2.794840324867365e-08
3.216540497085101e-08
3.739725523814896e-08
4.406518273132685e-08
5.260421354600593e-08
6.297914313635294e-08
7.799927578856128e-08
9.677583166092311e-08
1.211835438754763e-07
1.533083586021432e-07
1.956538095182660e-07
2.522149760902989e-07
3.266572084345029e-07
4.260331813452933e-07
5.571323134496140e-07
7.325772192132422e-07
9.650386533296544e-07
1.274169925055269e-06
1.686521210458058e-06
2.236069321246010e-06
2.966335748677880e-06
3.942988052880347e-06
5.240886792029456e-06
6.971057981741381e-06
9.279541454815546e-06
1.235375139735383e-05
1.645200997089135e-05
2.193919850362854e-05
2.921715051780499e-05
3.896720508301101e-05
5.190520678904514e-05
6.926049205888608e-05
9.215352016947498e-05
1.227475582901547e-04
1.634852958923456e-04
2.179170514433558e-04
2.903422340992559e-04
3.863512688107394e-04
5.148157609001681e-04
6.849886079227596e-04
9.113360175069188e-04
1.213157745446625e-03
1.608533134506634e-03
2.134372346223942e-03
2.826832417984797e-03
3.740778802109632e-03
4.938766689973688e-03
6.526380210144947e-03
8.599352789662432e-03
1.130544403689689e-02
1.481992560947840e-02
1.938017309997693e-02
2.526154584806997e-02
3.281202537391984e-02
4.241077004523122e-02
5.459745361062924e-02
6.993014658717699e-02
8.906920444331688e-02
1.127607650104794e-01
1.418266660387871e-01
1.770895350881421e-01
2.192514829896109e-01
2.686789311691558e-01
3.257150011763683e-01
3.899562363834839e-01
4.605084450309702e-01
5.358953440355341e-01
6.138015337533693e-01
6.914275525775071e-01
7.650247879922366e-01
8.310123041600356e-01
8.864861996062956e-01
9.296660244048425e-01
9.604078212070157e-01
9.801074074188669e-01
9.912671095057580e-01
9.967881901444831e-01
9.997325080679939e-01
###1.080000000000000e+01
1.729862689344311e-09
1.897757418132050e-09
2.070374372931486e-09
-6.571134856459413e-09
3.625326169801260e-09
5.378603247729916e-09
4.722442363937732e-09
7.207043807436461e-09
8.164704623534489e-09
8.534874410665809e-09
8.665316421127098e-09
9.803022176135787e-09
1.056983563371972e-08
1.153922097767954e-08
1.259048535206612e-08
1.364803215996663e-08
1.533746993742588e-08
1.723783123464146e-08
1.984821979940748e-08
2.144891243954400e-08
2.371298092288536e-08
2.665840395720198e-08
3.021249008133375e-08
3.481004839268822e-08
4.052670809612613e-08
4.780591703176911e-08
5.711973468226934e-08
6.854553124316720e-08
8.481661329718611e-08
1.053105762942056e-07
1.319444529670507e-07
1.669372712650402e-07
2.131718198265856e-07
2.749243011487405e-07
3.561914013018569e-07
4.647637501551969e-07
6.079829447237302e-07
7.997522944332273e-07
1.053976073820438e-06
1.392263061361069e-06
1.843684633669885e-06
2.445556362105658e-06
3.245847191270353e-06
4.317155927339795e-06
5.741837606640819e-06
7.641690565041370e-06
1.017884460495693e-05
1.355978334549898e-05
1.806837070273332e-05
2.411322581827452e-05
3.213256523346441e-05
4.288358889625508e-05
5.715804242506130e-05
7.631565162827570e-05
1.016052659749878e-04
1.354177785980129e-04
1.804841037624522e-04
2.406587435897608e-04
3.207823074693287e-04
4.270309874739601e-04
5.691989327945246e-04
7.575665877681668e-04
1.008054886466881e-03
1.342036935349580e-03
1.779387595330730e-03
2.360831164863801e-03
3.125841764868754e-03
4.134925491118311e-03
5.456624572837299e-03
7.206048548367308e-03
9.487304906360759e-03
1.246060759142678e-02
1.631517906144347e-02
2.130739976762598e-02
2.773088483101949e-02
3.595696221447264e-02
4.638286159380201e-02
5.957995724239969e-02
7.612895845940214e-02
9.669633650905454e-02
1.220482003209013e-01
1.530039529813078e-01
1.903553432251490e-01
2.347448824176200e-01
2.864593009704811e-01
3.456485118942638e-01
4.117869958149191e-01
4.837512538409051e-01
5.598534136178551e-01
6.375595078690359e-01
7.139606694122386e-01
7.853147176238781e-01
8.481899322095631e-01
9.000189363565999e-01
9.394592560639941e-01
9.668221283524853e-01
9.838403571707065e-01
9.931553172288460e-01
9.975799322552502e-01
9.998079023913249e-01
###1.120000000000000e+01
1.814971040752004e-09
2.015535606059541e-09
2.232958293804889e-09
-6.338775426723440e-09
3.864919990894230e-09
5.659875188754115e-09
5.126307755485665e-09
7.649117878239344e-09
8.661992341010793e-09
9.067041438877708e-09
9.278692662696515e-09
1.044856043973564e-08
1.128892856086429e-08
1.231602369142422e-08
1.345972757809443e-08
1.461348529181448e-08
1.642606099741398e-08
1.844828408743035e-08
2.115315574041322e-08
2.300474407117819e-08
2.551678517753267e-08
2.874127199141759e-08
3.264823425269286e-08
3.765896626857002e-08
4.390263466112648e-08
5.184887398682816e-08
6.200972447539665e-08
7.460799884296922e-08
9.222111909432728e-08
1.145855293012312e-07
1.436526167898445e-07
1.817819995491954e-07
2.322684225350119e-07
2.997114395001467e-07
3.884561382547774e-07
5.070960009196839e-07
6.636142374258848e-07
8.732912102976216e-07
1.151390689573606e-06
1.521719627497468e-06
2.016108940192799e-06
2.675636756853954e-06
3.553046169081101e-06
4.728661110445812e-06
6.292733007922802e-06
8.380047180253598e-06
1.116924043189675e-05
1.488838678279879e-05
1.985037147711659e-05
2.650922270651223e-05
3.534776919799313e-05
4.720493610076174e-05
6.295504309536697e-05
8.410641147812016e-05
1.120406458863039e-04
1.494120723875380e-04
1.992407026304763e-04
2.657663154627771e-04
3.543748479104252e-04
4.719053424241797e-04
6.291782474171790e-04
8.375450122757097e-04
1.114572175183925e-03
1.483865353029199e-03
1.967233780205724e-03
2.609486953295190e-03
3.453943766803143e-03
4.566731526120476e-03
6.022909708153888e-03
7.947794896315325e-03
1.045482685669147e-02
1.371658898330729e-02
1.793743644656630e-02
2.339271711065093e-02
3.039646461145691e-02
3.934107816301170e-02
5.064445178541466e-02
6.490670806440696e-02
8.272748591826590e-02
1.047818796389418e-01
1.318561011734272e-01
1.647395116319928e-01
2.041990442148744e-01
2.508140081938111e-01
3.047665742240732e-01
3.660209115711229e-01
4.339010042606490e-01
5.070702575957747e-01
5.836148701561370e-01
6.608400967433748e-01
7.357360212361385e-01
8.045984053472327e-01
8.642211089287528e-01
9.123820722030831e-01
9.481928343262471e-01
9.723826806303213e-01
9.869727900558022e-01
9.946817314803423e-01
9.981940037592824e-01
9.998603398466296e-01
###1.160000000000000e+01
1.936581360992382e-09
2.151552215275817e-09
2.396752575334467e-09
-6.088661026599531e-09
4.117113364576130e-09
5.953176028530955e-09
5.547104018987483e-09
8.117201781178566e-09
9.189600099206674e-09
9.636631057668826e-09
9.928499165486873e-09
1.113573226477380e-08
1.205836946915501e-08
1.315643673718658e-08
1.440267027756345e-08
1.567707225454119e-08
1.759084175898938e-08
1.974784149566600e-08
2.256326464204147e-08
2.467507387052703e-08
2.744986473541421e-08
3.097893689950655e-08
3.526546709049566e-08
4.072951014173069e-08
4.754631736827459e-08
5.621886215741110e-08
6.730227973715044e-08
8.116537319074888e-08
1.002617580762074e-07
1.246606436118079e-07
1.563856185664219e-07
1.979594876198893e-07
2.530877673744728e-07
3.267600753968976e-07
4.236829579065728e-07
5.533792514853373e-07
7.244958337188309e-07
9.538151231574933e-07
1.258189986710804e-06
1.663701521834245e-06
2.205356614696088e-06
2.928324568304848e-06
3.890651291909889e-06
5.181077041499410e-06
6.898828952622785e-06
9.192616024647815e-06
1.225994261228280e-05
1.635185138264631e-05
2.181423801776903e-05
2.915118853122927e-05
3.889366227787805e-05
5.197162131833333e-05
6.935140829227004e-05
9.270215053335429e-05
1.235552394759521e-04
1.648543598231760e-04
2.199142142484123e-04
2.934573613560145e-04
3.914276323484821e-04
5.213682244482413e-04
6.952652461872351e-04
9.255950472367547e-04
1.231784511181392e-03
1.639783587128115e-03
2.173496270163941e-03
2.882255892196370e-03
3.813430442300718e-03
5.039170372820510e-03
6.641223210935163e-03
8.756702444193144e-03
1.150776744685309e-02
1.508067014716313e-02
1.969534927126729e-02
2.564642540366302e-02
3.326851325647542e-02
4.297681085998695e-02
5.520844465270188e-02
7.058923423558705e-02
8.974003906098468e-02
1.133386037317602e-01
1.421873080464989e-01
1.770341056414479e-01
2.186198970684593e-01
2.674437626498516e-01
3.235675045885496e-01
3.867863347370961e-01
4.562410251048381e-01
5.303920090024425e-01
6.071109135983003e-01
6.835715865518717e-01
7.566890797551719e-01
8.228525121286041e-01
8.791105890505940e-01
9.236172588322665e-01
9.559316271448238e-01
9.771693004209778e-01
9.895813519398508e-01
9.959051580795341e-01
9.986663264593977e-01
9.999032501988101e-01
###1.200000000000001e+01
2.064962939266595e-09
2.288088020629496e-09
2.566533854387454e-09
-5.828991165161782e-09
4.393485204069766e-09
6.270595531017839e-09
6.004080342570534e-09
8.621879211859595e-09
9.756423500555075e-09
1.025075272853956e-08
1.061976821344831e-08
1.187265329184870e-08
1.287257839302654e-08
1.405594078810280e-08
1.540398098298642e-08
1.680890804486358e-08
1.883974802103857e-08
2.113967624435222e-08
2.408711824640791e-08
2.647031216739227e-08
2.952469354102385e-08
3.338550039763141e-08
3.808245637049558e-08
4.403734890170310e-08
5.148241011454611e-08
6.093951374008230e-08
7.303223190763623e-08
8.826135127595142e-08
1.089928943916992e-07
1.356091144564003e-07
1.702462567778476e-07
2.155874531595653e-07
2.758115241548726e-07
3.562804191537831e-07
4.621789356074659e-07
6.039820996499476e-07
7.911300756771858e-07
1.042064352168140e-06
1.375236870010475e-06
1.819485249179596e-06
2.413056384849233e-06
3.205818261564192e-06
4.261688572829771e-06
5.678521980414732e-06
7.565673917073021e-06
1.008730657288069e-05
1.346083132204328e-05
1.796444443886772e-05
2.398072838614156e-05
3.206344693894993e-05
4.280522579421217e-05
5.722851739054913e-05
7.641034659030033e-05
1.021884367266742e-04
1.362603445571353e-04
1.818897807905566e-04
2.427167193924014e-04
3.239994126661639e-04
4.322625180354058e-04
5.758693842941311e-04
7.680128519947412e-04
1.022476348637296e-03
1.360607835373442e-03
1.810986809406918e-03
2.399804512539446e-03
3.181082043019136e-03
4.206694119702539e-03
5.555328313981174e-03
7.315993090784245e-03
9.637631036061403e-03
1.265177441047762e-02
1.655962674199273e-02
2.159692608447735e-02
2.807848718265870e-02
3.635882024713095e-02
4.687434684604626e-02
6.008643495175608e-02
7.664145158012993e-02
9.717779451437365e-02
1.223760719326696e-01
1.530419297581026e-01
1.898844988923623e-01
2.336042190203804e-01
2.846124096246154e-01
3.428359780213465e-01
4.078919437695783e-01
4.787457681676123e-01
5.536433058194542e-01
6.302731306817720e-01
7.056848895334804e-01
7.767702872586814e-01
8.400531714411835e-01
8.928681400021397e-01
9.337697682162068e-01
9.627460657334914e-01
9.812594596020708e-01
9.917340386587724e-01
9.968756017058544e-01
9.990250110874003e-01
9.999320129763221e-01
###1.240000000000001e+01
2.194133575365105e-09
2.438764911665024e-09
2.756272306622715e-09
-5.553432586226275e-09
4.683801295521582e-09
6.619654836774227e-09
6.481688582598084e-09
9.169162448720073e-09
1.036945556917437e-08
1.090608391338729e-08
1.136220314527509e-08
1.266050802843975e-08
1.374327518196146e-08
1.501803020231826e-08
1.647739634114025e-08
1.801764863528781e-08
2.017600605649765e-08
2.263410783277850e-08
2.573050132965708e-08
2.839825556250158e-08
3.175761296505739e-08
3.597325294228493e-08
4.111516291785562e-08
4.760324016523307e-08
5.572776097099642e-08
6.604525007790230e-08
7.923791309698215e-08
9.594594406036798e-08
1.184743284659911e-07
1.475103362230643e-07
1.853413889041732e-07
2.348610430308482e-07
3.006034971338594e-07
3.885121312248923e-07
5.042725516801156e-07
6.593649071339550e-07
8.640833441277370e-07
1.138741583091185e-06
1.503614744910105e-06
1.990356514488133e-06
2.641163922751115e-06
3.510684237259310e-06
4.670193993271973e-06
6.225640275170166e-06
8.299591762097552e-06
1.107217009512191e-05
1.478361462060769e-05
1.974110315252640e-05
2.636948195716084e-05
3.527498075586359e-05
4.711803947737787e-05
6.302410136132587e-05
8.419309817589569e-05
1.126465940919268e-04
1.502668321576122e-04
2.006639643998118e-04
2.678446513138407e-04
3.576442773929445e-04
4.772243233079882e-04
6.359165853899903e-04
8.480383051328623e-04
1.128962564826017e-03
1.502056612732542e-03
1.998827102200387e-03
2.647730851906676e-03
3.508144058579516e-03
4.636552025406933e-03
6.118654317141177e-03
8.050824332188256e-03
1.059526673694572e-02
1.389294958771480e-02
1.816099217809562e-02
2.365055041071676e-02
3.069729589021462e-02
3.967748940520634e-02
5.104444177193119e-02
6.529156067004717e-02
8.307619291212423e-02
1.050530517425153e-01
1.319025967772845e-01
1.644282711403728e-01
2.032911555730441e-01
2.491430763702976e-01
3.022941860267792e-01
3.625296499561112e-01
4.292899555935002e-01
5.013483444734197e-01
5.767535880003635e-01
6.530239770291993e-01
7.271189998198673e-01
7.959381787901549e-01
8.561865441948362e-01
9.055165497954831e-01
9.428889523395713e-01
9.687045171190013e-01
9.847273753410006e-01
9.934939876630589e-01
9.976330426209954e-01
9.992886207398167e-01
9.999634789506637e-01
###1.280000000000001e+01
2.339336794799533e-09
2.594238503623091e-09
2.949645655806030e-09
-5.247671171539431e-09
4.999717791450980e-09
6.997442548008963e-09
6.998599500970655e-09
9.745134190702295e-09
1.103040249870509e-08
1.161312064094125e-08
1.215978279706670e-08
1.349733043458630e-08
1.467154616109410e-08
1.604732669579028e-08
1.762273820911002e-08
1.930954506017354e-08
2.160516143024758e-08
2.423517872413109e-08
2.750378862809725e-08
3.046934536576422e-08
3.415784526477787e-08
3.875724357700039e-08
4.437839896719403e-08
5.144867899363314e-08
6.031264357615145e-08
7.156434489471486e-08
8.595969080715503e-08
1.042708076192776e-07
1.287678363785557e-07
1.604611553529015e-07
2.017652700907697e-07
2.558776095981585e-07
3.276521548130616e-07
4.237264974950274e-07
5.502871937936815e-07
7.199371524155293e-07
9.439476971042486e-07
1.244695855622377e-06
1.644382040580226e-06
2.177913338889336e-06
2.891611690414977e-06
3.845647978165959e-06
5.119382844781797e-06
6.827542897848846e-06
9.107102171518720e-06
1.215598914165695e-05
1.624013401190435e-05
2.169789173661820e-05
2.900055831728949e-05
3.881418987959132e-05
5.187076174195400e-05
6.941474769492285e-05
9.276953751391699e-05
1.241726819593041e-04
1.657053295110502e-04
2.213497521505883e-04
2.955251991936327e-04
3.946842717377981e-04
5.267055841406227e-04
7.019871623844848e-04
9.359963454962546e-04
1.245883370566298e-03
1.657268708087852e-03
2.204635670066596e-03
2.919123072584612e-03
3.865628663609079e-03
5.105730468754783e-03
6.732505618130390e-03
8.850538142917653e-03
1.163508183182142e-02
1.523825167884081e-02
1.989186691085402e-02
2.586540547310153e-02
3.351464751264788e-02
4.323626543589904e-02
5.550261550938317e-02
7.083612859836159e-02
8.990545671433765e-02
1.133760612237019e-01
1.419247454605273e-01
1.763382422229386e-01
2.172458125955535e-01
2.652187748397527e-01
3.204626170177405e-01
3.826106476191089e-01
4.509256833096976e-01
5.239847429634074e-01
5.996508299658372e-01
6.753011211066017e-01
7.478129087109714e-01
8.141581045371066e-01
8.712486526597405e-01
9.170802075430982e-01
9.510308140085911e-01
9.738809146747320e-01
9.876457128441356e-01
9.949230952564778e-01
9.982269209897391e-01
9.994915631558784e-01
9.999922948246294e-01
###1.320000000000001e+01
2.493079852067163e-09
2.750263440694614e-09
3.160943342461658e-09
-4.929229483636623e-09
5.329551827855286e-09
7.401135457140450e-09
7.545037643077162e-09
1.035869253769070e-08
1.173516790268942e-08
1.236530213669436e-08
1.300429564101176e-08
1.440161871927415e-08
1.566824516448687e-08
1.715262055010059e-08
1.885060323647159e-08
2.069272851650822e-08
2.313945093825762e-08
2.595580577964304e-08
2.941573330944695e-08
3.269545302024166e-08
3.673654880349583e-08
4.175194066472561e-08
4.789096544216251e-08
5.559695775889650e-08
6.526350803387671e-08
7.753060640316700e-08
9.324148923472151e-08
1.132927323742364e-07
1.399553013588250e-07
1.745365073898664e-07
2.196573736946360e-07
2.787932830147227e-07
3.571845702007415e-07
4.622091597533000e-07
6.006206386605974e-07
7.862531513246629e-07
1.031482272917064e-06
1.360854609796075e-06
1.798782496046665e-06
2.383778694219802e-06
3.166634193835475e-06
4.213759865019199e-06
5.613189481712434e-06
7.489179425092232e-06
9.995587017580925e-06
1.334991712809447e-05
1.784432205714976e-05
2.385369868509454e-05
3.190089302280365e-05
4.271470404768969e-05
5.710862879186951e-05
7.645751119466559e-05
1.022223111133997e-04
1.368703547522738e-04
1.827085903338705e-04
2.441237151950217e-04
3.260003855419948e-04
4.354399583849579e-04
5.811172333518936e-04
7.745776419066859e-04
1.032562282771573e-03
1.374161492412491e-03
1.827366328510935e-03
2.429968045585474e-03
3.215881322823740e-03
4.256028892102230e-03
5.617243627777040e-03
7.400729236882075e-03
9.719280143388333e-03
1.276298853937980e-02
1.669365299465056e-02
2.176063818850675e-02
2.825036655338418e-02
3.653972131966959e-02
4.704705467215424e-02
6.026266115124235e-02
7.673450792199506e-02
9.713979252722581e-02
1.221534588150539e-01
1.524481525450254e-01
1.887818725089583e-01
2.317449838988298e-01
2.818165692165698e-01
3.390879591318704e-01
4.030386057663496e-01
4.727447537175297e-01
5.465929378945836e-01
6.222700832081395e-01
6.970261501455352e-01
7.677141078649821e-01
8.314009027900985e-01
8.852411723314509e-01
9.276000507756849e-01
9.582560844059849e-01
9.783464139183466e-01
9.900836775500989e-01
9.960752374808272e-01
9.986881371737880e-01
9.996427433718844e-01
9.999922948246294e-01
###1.360000000000001e+01
2.659114876177279e-09
2.939638636064867e-09
3.387551143685603e-09
-4.578349281902036e-09
5.690486019657561e-09
7.829763804892494e-09
8.128199442954724e-09
1.102296565004458e-08
1.249160009246118e-08
1.317248647496754e-08
1.390890531137664e-08
1.536863723314752e-08
1.673888574538128e-08
1.833303970023553e-08
2.016565173588800e-08
2.217313851317055e-08
2.478538167401053e-08
2.780113026227798e-08
3.147615421002394e-08
3.508753193766270e-08
3.950376460739897e-08
4.497498150669215e-08
5.167674223579940e-08
6.007386574988937e-08
7.061044094104158e-08
8.398802886705885e-08
1.010259139130067e-07
1.227534049649811e-07
1.520280898676999e-07
1.897943140479194e-07
2.391318775186793e-07
3.036798063817779e-07
3.894026452291563e-07
5.042299144371115e-07
6.556492529279756e-07
8.588366675962466e-07
1.127314195868033e-06
1.488112648626709e-06
1.968197126755560e-06
2.609730255460474e-06
3.468750458417335e-06
4.618406789075905e-06
6.156076039546772e-06
8.216657536467065e-06
1.097348236434859e-05
1.466417676843767e-05
1.961057826286811e-05
2.622803043861990e-05
3.509441707398706e-05
4.701166488075152e-05
6.287759592046705e-05
8.421474425414291e-05
1.126350396667376e-04
1.508535808855563e-04
2.014483694739486e-04
2.691957027137347e-04
3.595236576989303e-04
4.802506816214386e-04
6.409203252846938e-04
8.542894824238925e-04
1.138506690787585e-03
1.514708097105755e-03
2.013622050098635e-03
2.676372158578071e-03
3.540078943698865e-03
4.681824519596704e-03
6.174240193499538e-03
8.127101853421716e-03
1.066186929811307e-02
1.398414731982035e-02
1.826655264982559e-02
2.377582877283135e-02
3.081484621310356e-02
3.978438344764188e-02
5.112189144873330e-02
6.533575198970232e-02
8.299747443218664e-02
1.047925979307247e-01
1.314003320980877e-01
1.634785141213828e-01
2.017543962479283e-01
2.467705103472199e-01
2.989080135683128e-01
3.581362302207406e-01
4.237642993989914e-01
4.946881117908433e-01
5.691002488950541e-01
6.445329620345662e-01
7.181437296665631e-01
7.867812586371518e-01
8.476467505405058e-01
8.981756142156145e-01
9.371150308020647e-01
9.646277167034391e-01
9.821723641719975e-01
9.921033791943148e-01
9.969919914461927e-01
9.990377139672360e-01
9.997499116235313e-01
9.999922948246294e-01
###1.400000000000001e+01
2.845469388134292e-09
3.127568105182894e-09
3.625280689902375e-09
-4.209384220070499e-09
6.068610801008095e-09
8.293128166366590e-09
8.753974161435402e-09
1.174353528662415e-08
1.329603450209694e-08
1.403615660058087e-08
1.487181903835789e-08
1.640591452243243e-08
1.788249536662609e-08
1.960034401917415e-08
2.158063963096687e-08
2.375777954549255e-08
2.654968499789186e-08
2.978267677271620e-08
3.369427479096273e-08
3.765740111135751e-08
4.248596447556061e-08
4.844444661403923e-08
5.575277022403589e-08
6.490206786170104e-08
7.638465060740461e-08
9.097168358107259e-08
1.093908937622945e-07
1.329864619711908e-07
1.650571890866284e-07
2.064503384888494e-07
2.602861691877387e-07
3.308385800775038e-07
4.245898302417730e-07
5.501612392069208e-07
7.158937707319368e-07
9.381373418303053e-07
1.232292724751211e-06
1.627704327150309e-06
2.154000732544855e-06
2.857762437990852e-06
3.800601825967259e-06
5.062948481418914e-06
6.752555837696448e-06
9.017177256676343e-06
1.204900641267111e-05
1.611079108272169e-05
2.155451486849389e-05
2.884296348269279e-05
3.861198999140071e-05
5.174009957169216e-05
6.923051495529614e-05
9.275520760320699e-05
1.240940488868018e-04
1.662539453421442e-04
2.220714177739994e-04
2.967657119107117e-04
3.963753371061783e-04
5.294752230069260e-04
7.065707936804067e-04
9.417224900068052e-04
1.254674002633547e-03
1.668678285197711e-03
2.217320697415235e-03
2.945571653652291e-03
3.893644861380471e-03
5.145700292898117e-03
6.780014025841383e-03
8.915843295483809e-03
1.168366887093595e-02
1.530492387162219e-02
1.996358131595900e-02
2.594464123902790e-02
3.356864591338615e-02
4.325777616340198e-02
5.547016360530969e-02
7.073178078044941e-02
8.963560881469780e-02
1.128708906478442e-01
1.411188745126232e-01
1.750186189850443e-01
2.152517526729935e-01
2.623169704596985e-01
3.164772984609629e-01
3.775724971097720e-01
4.447342371005993e-01
5.166916327337909e-01
5.914439925569484e-01
6.663813235514731e-01
7.385966781178070e-01
8.049780887809791e-01
8.628845945654086e-01
9.100749498136980e-01
9.456678404427524e-01
9.702106442862550e-01
9.854240895427379e-01
9.937605840734627e-01
9.977149108618237e-01
9.993004401374553e-01
9.998262090481049e-01
9.999922948246294e-01
###1.440000000000001e+01
3.033624022842658e-09
3.331788826628295e-09
3.898658133739523e-09
-3.816978328665892e-09
6.476527439966871e-09
8.792135416602953e-09
9.417725236199303e-09
1.251111635169838e-08
1.416690228212906e-08
1.496432400021033e-08
1.590482484557471e-08
1.751854631927585e-08
1.911015584810730e-08
2.095871809394505e-08
2.309079951842681e-08
2.545340729384193e-08
2.844263451824447e-08
3.191139590987370e-08
3.608484663837893e-08
4.042573619878604e-08
4.569088155839244e-08
5.218191313318671e-08
6.014670649108593e-08
7.010469822557070e-08
8.262415105709025e-08
9.852486945460768e-08
1.185942503420302e-07
1.445386815811900e-07
1.792286493126152e-07
2.245069408063864e-07
2.833917798816857e-07
3.604610636258000e-07
4.630178751319655e-07
6.003663128959514e-07
7.817840420532267e-07
1.025006507021754e-06
1.347430207910512e-06
1.780776418362460e-06
2.358018896671891e-06
3.130258166442196e-06
4.165164322715869e-06
5.551589357209601e-06
7.408608831067548e-06
9.897504978089494e-06
1.323288916455529e-05
1.770185010370254e-05
2.369477635414021e-05
3.172058861260139e-05
4.248258006441612e-05
5.694736175866457e-05
7.622542573152438e-05
1.021563690080478e-04
1.367024228223103e-04
1.831839851319207e-04
2.447443546759099e-04
3.270722095920515e-04
4.368532582934148e-04
5.835061957276458e-04
7.785903151835897e-04
1.037533620617683e-03
1.381855623912280e-03
1.837080837718989e-03
2.439951082344381e-03
3.239423198053725e-03
4.278991439794481e-03
5.650388226551434e-03
7.438176895435538e-03
9.770987858744584e-03
1.278931590710060e-02
1.673151435632041e-02
2.179249377506128e-02
2.827695778461137e-02
3.652120190072736e-02
4.697205400841661e-02
6.010454556346113e-02
7.646437122609798e-02
9.665765601315456e-02
1.213862978153868e-01
1.513195384127997e-01
1.870674421651180e-01
2.292751955211668e-01
2.783687212854254e-01
3.344958997915696e-01
3.973527797110950e-01
4.659093053298645e-01
5.386955480271147e-01
6.135541902198063e-01
6.877492095184752e-01
7.583332564708158e-01
8.222645037692168e-01
8.771147459636435e-01
9.209606607075855e-01
9.533160055286359e-01
9.750695108109040e-01
9.881678255067922e-01
9.951104207059041e-01
9.982797497770108e-01
9.994963400711057e-01
9.998803906453726e-01
9.999922948246294e-01
###1.480000000000001e+01
3.242238337777253e-09
3.540147195473967e-09
4.183400476589962e-09
-3.391205296087876e-09
6.913835957523284e-09
9.330722717154571e-09
1.013461279586717e-08
1.333834393824428e-08
1.510187574153757e-08
1.596512927821319e-08
1.701032392863793e-08
1.871220211223133e-08
2.042601158576191e-08
2.241630259837782e-08
2.470841045166411e-08
2.727457707622581e-08
3.047452672201844e-08
3.419803552873839e-08
3.865816319175202e-08
4.340169159353335e-08
4.913484567202821e-08
5.620440882971984e-08
6.488328889810677e-08
7.572206931244905e-08
8.937058477379205e-08
1.067070377264699e-07
1.286551999339670e-07
1.570599942796403e-07
1.947345207278947e-07
2.441593904951361e-07
3.085646657300632e-07
3.928397076398828e-07
5.049870472364539e-07
6.552187835340738e-07
8.539081926615680e-07
1.120155327911123e-06
1.473606156757448e-06
1.948663644625763e-06
2.581831223265031e-06
3.429402440516920e-06
4.565685532438294e-06
6.088615939620054e-06
8.129933471147671e-06
1.086574023415807e-05
1.453488827514829e-05
1.945299792616509e-05
2.604935717013918e-05
3.488747149049448e-05
4.674305777596580e-05
6.268080063956494e-05
8.392407865095481e-05
1.125002863999598e-04
1.505718713769033e-04
2.017976905008805e-04
2.696573774667084e-04
3.603660967151128e-04
4.812944070289397e-04
6.427962925878556e-04
8.575425195938819e-04
1.142438568670438e-03
1.521032435501126e-03
2.021121253397058e-03
2.682894903457950e-03
3.559778990812372e-03
4.698450352148458e-03
6.198632538034191e-03
8.152522108823066e-03
1.069748308233270e-02
1.398485962908638e-02
1.827021176989220e-02
2.376073529367535e-02
3.077984492656273e-02
3.968219770228831e-02
5.093702730269675e-02
6.503801570397623e-02
8.254545294172050e-02
1.040790836621466e-01
1.303443231050343e-01
1.620015971980044e-01
1.996239535584493e-01
2.438075168998233e-01
2.949018884461813e-01
3.529269913678337e-01
4.174432735829843e-01
4.872256674691650e-01
5.606398304743225e-01
6.353684900226783e-01
7.085758912193821e-01
7.773069183445374e-01
8.386244102244359e-01
8.903377189274915e-01
9.308705519942230e-01
9.601134822615456e-01
9.792693528055706e-01
9.904657225777974e-01
9.961996722932784e-01
9.987167005205639e-01
9.996407956491888e-01
9.999182980575830e-01
9.999922948246294e-01
###1.520000000000001e+01
3.458077052037616e-09
3.775973091065914e-09
4.480094490803246e-09
-2.935709007410555e-09
7.386014169711380e-09
9.912140328899296e-09
1.090082819470778e-08
1.422817676986772e-08
1.611375734282360e-08
1.705091864931179e-08
1.819338263310197e-08
1.999302459601049e-08
2.183687006957130e-08
2.397975053724836e-08
2.644579286887114e-08
2.922532360380162e-08
3.265447148396345e-08
3.665206519160711e-08
4.142977619088976e-08
4.660406620038404e-08
5.284628653594801e-08
6.053794306586035e-08
6.998573777731486e-08
8.179191156367479e-08
9.666444604807893e-08
1.155621289417137e-07
1.395614567176373e-07
1.706415987012333e-07
2.117189906953371e-07
2.654500851438775e-07
3.358587852788214e-07
4.282196563839053e-07
5.508405564759693e-07
7.152224423772351e-07
9.328454898668671e-07
1.224407561787349e-06
1.611931813009901e-06
2.132829904290056e-06
2.827492780771692e-06
3.757967135624281e-06
5.005581840612848e-06
6.678988459130006e-06
8.922547380806558e-06
1.193055600215491e-05
1.596668441939699e-05
2.137853875291939e-05
2.863939640770742e-05
3.837089224150771e-05
5.142408911471653e-05
6.898455570922710e-05
9.238760994318096e-05
1.238567753426117e-04
1.658195769588211e-04
2.222475332229409e-04
2.970085145662943e-04
3.969029756929899e-04
5.300444294716522e-04
7.077737686922795e-04
9.440322816843095e-04
1.257243095358021e-03
1.673102687083243e-03
2.222091645786109e-03
2.947932586194461e-03
3.908606754827701e-03
5.154646308200359e-03
6.793757881216887e-03
8.926655674965655e-03
1.169975242910517e-02
1.527572009139565e-02
1.992832625390016e-02
2.587683152509178e-02
3.346435272948666e-02
4.306208558668018e-02
5.516369091219193e-02
7.027967098142322e-02
8.898463235060508e-02
1.119069682533470e-01
1.397546443811419e-01
1.731706190850934e-01
2.126866994536706e-01
2.588402449692292e-01
3.118976641278076e-01
3.717510187180839e-01
4.377900842739397e-01
5.086343910931682e-01
5.824611565098819e-01
6.568226917573010e-01
7.288051394347744e-01
7.954778031344670e-01
8.540419176890246e-01
9.025684270672346e-01
9.398424737533976e-01
9.661168453979544e-01
9.828762432813763e-01
9.923751404908167e-01
9.970715020194492e-01
9.990517310141543e-01
9.997463442576444e-01
9.999446563538530e-01
9.999922948246294e-01
###1.560000000000001e+01
3.683782243026195e-09
4.030756479392300e-09
4.803932004001317e-09
-2.458739139335148e-09
7.875774046450798e-09
1.053374067914757e-08
1.171605256388420e-08
1.518601899692251e-08
1.719889343916976e-08
1.820587431655037e-08
1.946654148093331e-08
2.136723580529049e-08
2.335039163700334e-08
2.565613518542625e-08
2.831066140722617e-08
3.131896147222961e-08
3.499658602336356e-08
3.929191051046528e-08
4.441483152204883e-08
5.005121066377701e-08
5.683980230201965e-08
6.520938939815158e-08
7.548719306576605e-08
8.835528124819193e-08
1.045563518790967e-07
1.251593820367386e-07
1.513895452470079e-07
1.853788948755999e-07
2.301889541208649e-07
2.886611985032208e-07
3.656136787440538e-07
4.668179943957691e-07
6.009583051593398e-07
7.808336666753395e-07
1.019239590239002e-06
1.338651737860766e-06
1.763567390716883e-06
2.334846866548711e-06
3.096962133503732e-06
4.118700566493364e-06
5.488981655890279e-06
7.327669446116119e-06
9.794164612891690e-06
1.310148888612883e-05
1.754183764170814e-05
2.349617006925631e-05
3.148880059812177e-05
4.220335988195895e-05
5.657818915959601e-05
7.590965203713359e-05
1.016897117212755e-04
1.363370398172190e-04
1.825690294083923e-04
2.447118771227418e-04
3.270446371996333e-04
4.369776132909911e-04
5.834772659088265e-04
7.789455051423870e-04
1.038636823670060e-03
1.382713567883670e-03
1.839186277794128e-03
2.441275574408736e-03
3.236569753043377e-03
4.287903671896334e-03
5.650224419890154e-03
7.439501999812926e-03
9.764683138308437e-03
1.278271542805412e-02
1.666918103907698e-02
2.171233767884531e-02
2.814873425860939e-02
3.633828963789390e-02
4.667148727833574e-02
5.966285813916020e-02
7.584033718600869e-02
9.579110726530767e-02
1.201517909800350e-01
1.496233714609672e-01
1.848295362514416e-01
2.262503648564099e-01
2.743604020630731e-01
3.293344080604124e-01
3.909149485556175e-01
4.583549813122777e-01
5.300748236647981e-01
6.040980519391144e-01
6.778571362568383e-01
7.483832620483510e-01
8.128048255203868e-01
8.685076124519570e-01
9.138259002971825e-01
9.479206311184247e-01
9.713877411763705e-01
9.859498930003560e-01
9.939484542825656e-01
9.977622606931451e-01
9.993054814016497e-01
9.998223965327709e-01
9.999626695653007e-01
9.999922948246294e-01
