# NLO BK equation solver 0.0-dev build  (build Feb 16 2026 17:52:53)
# Initial condition: MV model, Q_s0^2 = 0.00723205 GeV^2, \gamma = 1, coefficient of E inside Log is 1, x0=0.01, \Lambda_QCD = 0.241 GeV
# # LO Kernel RC:  Balitsky. NLO Kernel RC:  smallest dipole
# Nc=3, Nf=4
# Using RungeKutta method in K1
# Resumming double log
# Resumming single log, K_sub=0.65 resum rc: smallest
# BK K1 integration relative accuracy: 0.02# NLO BK as^2 terms: MC integration method: Vegas, points=1000000
# Kinematical constraint: none
# Target kinematical constraint: disabled

###1.000000000000000e-05
###1.160836920850890e+00
###100
###1.000000000000000e+00
###0.000000000000000e+00
2.338824781474068e-12
3.115329348017443e-12
4.149073859960054e-12
5.525071262790751e-12
7.356354814339179e-12
9.793186238289871e-12
1.303527987733118e-11
1.734802701119041e-11
2.308402429522796e-11
3.071163347505262e-11
4.085285939451411e-11
5.433357371458131e-11
7.225009056650577e-11
9.605739385892618e-11
1.276860246593332e-10
1.696968933474057e-10
2.254862593248583e-10
2.995570501698357e-10
3.978778735906074e-10
5.283579053145122e-10
7.014748340650689e-10
9.311048932789578e-10
1.235619602812387e-09
1.639334354806866e-09
2.174420940899575e-09
2.883431540868807e-09
3.822628199926833e-09
5.066372840246284e-09
6.712912852877061e-09
8.892002125867594e-09
1.177493456901476e-08
1.558774665980074e-08
2.062858007101360e-08
2.729050166785794e-08
3.609147761011163e-08
4.771371881202600e-08
6.305529256869349e-08
8.329777613605668e-08
1.099948721641711e-07
1.451883898620203e-07
1.915599180368786e-07
2.526290026906965e-07
3.330118536196591e-07
4.387587466245520e-07
5.777936214756670e-07
7.604862319049542e-07
1.000396002048580e-06
1.315238013908225e-06
1.728135960811527e-06
2.269245293632451e-06
2.977853216707331e-06
3.905091985987403e-06
5.117439788505215e-06
6.701231431336294e-06
8.768461771648102e-06
1.146417588560045e-05
1.497625061641639e-05
1.954736101283938e-05
2.549082402014680e-05
3.321058726957204e-05
4.322679085977388e-05
5.620836447017830e-05
7.301457099673225e-05
9.474793863450959e-05
1.228217150616162e-04
1.590458865738942e-04
2.057370102557243e-04
2.658587177321037e-04
3.432019156552890e-04
4.426166377815566e-04
5.703114769928241e-04
7.342419187665872e-04
9.446162064686847e-04
1.214557238220060e-03
1.560972250009063e-03
2.005699718615084e-03
2.577026304303009e-03
3.311697297133653e-03
4.257583738830339e-03
5.477220141096417e-03
7.052490401303957e-03
9.090817329446499e-03
1.173330239478132e-02
1.516536168984928e-02
1.963049743461276e-02
2.544789995024799e-02
3.303452948073360e-02
4.293206145263317e-02
5.583838067636804e-02
7.264182115023476e-02
9.445349978794615e-02
1.226280620884831e-01
1.587549412746053e-01
2.045900637521184e-01
2.618825311923264e-01
3.320372250947408e-01
4.155570602249987e-01
5.112581203541036e-01
6.153928532626276e-01
7.210820014592193e-01
###4.000000000000000e-01
3.312168364383746e-11
3.466881492293774e-11
6.267026824459665e-11
-4.974716708254672e-09
1.018759949589168e-10
1.704927528860768e-10
2.499875910784405e-10
3.847550964115293e-10
3.993831114306246e-10
1.106301243783328e-07
6.569481774007806e-10
1.642965035122114e-09
7.162444191242442e-10
6.305783789972361e-10
5.971477723375893e-10
5.976114784003978e-10
6.215720626376772e-10
6.754395792346469e-10
7.630540213381330e-10
8.866191035655581e-10
1.056916232980851e-09
1.292351770163724e-09
1.609994213999731e-09
2.036502918828067e-09
2.604648777386314e-09
3.364152240450500e-09
4.363343229640386e-09
5.706045682778445e-09
7.479208156635427e-09
9.831382203871083e-09
1.293998576478555e-08
1.705798127784262e-08
2.250716042801122e-08
2.971089753634126e-08
3.923001489307080e-08
5.181072045400077e-08
6.841717400305856e-08
9.035314207419808e-08
1.192819574961531e-07
1.574429069489685e-07
2.076897724346126e-07
2.738385709177077e-07
3.610001285577599e-07
4.758374712908968e-07
6.270856897435994e-07
8.254064425386679e-07
1.086099846602436e-06
1.428248967640202e-06
1.876960406372416e-06
2.465481592858155e-06
3.234968589699879e-06
4.244594818419676e-06
5.563772690701327e-06
7.291356309587835e-06
9.540541218935460e-06
1.247918563074728e-05
1.630976233380684e-05
2.129874989219164e-05
2.779124881668924e-05
3.622248299351620e-05
4.718783701001129e-05
6.140034191850305e-05
7.983541513898854e-05
1.036746856104761e-04
1.345258284443834e-04
1.744047540356069e-04
2.258352125276795e-04
2.921807884383486e-04
3.776431983987528e-04
4.879605582574905e-04
6.298569596758482e-04
8.125389250950824e-04
1.047477691750538e-03
1.350041685807585e-03
1.739397671571485e-03
2.240906701802150e-03
2.886754538738519e-03
3.721039366043432e-03
4.798171874298963e-03
6.191845905378269e-03
7.999955208591213e-03
1.034536443322896e-02
1.340418117964282e-02
1.738712421102772e-02
2.258258922048112e-02
2.937179750854994e-02
3.823297271719757e-02
4.977783207264352e-02
6.484412619769052e-02
8.445654427134726e-02
1.099194160709725e-01
1.426987487006684e-01
1.845305077274920e-01
2.371383593370953e-01
3.022420002300143e-01
3.809320876575464e-01
4.739299865787174e-01
5.812689233724579e-01
7.100082511974026e-01
9.557204899530876e-01
###8.000000000000000e-01
8.123438238229250e-11
1.021647435433047e-10
1.049538417692169e-10
-4.931329998731080e-09
2.073026204676834e-10
3.324578713845899e-10
4.802437008686331e-10
7.831821244571054e-10
8.135336958110685e-10
1.052325338647038e-07
1.334650559001181e-09
2.490936309805918e-09
1.417899808214202e-09
1.245431049552097e-09
1.139499011796715e-09
1.096991014293481e-09
1.096654139003814e-09
1.132828780647305e-09
1.211376954198630e-09
1.330874099320120e-09
1.503926389561809e-09
1.750979142841557e-09
2.085804101475168e-09
2.539795052532259e-09
3.146357030509983e-09
3.963375164687463e-09
5.039048950538376e-09
6.477867166584502e-09
8.401609506675365e-09
1.093637783810821e-08
1.429371683631441e-08
1.874090225729156e-08
2.464074809357196e-08
3.243729133777405e-08
4.274524602797010e-08
5.635924373485001e-08
7.434067261019729e-08
9.813574041766810e-08
1.295008034118487e-07
1.708825350415472e-07
2.253630434886393e-07
2.970277549706929e-07
3.916269487259343e-07
5.163253613532275e-07
6.810355058283288e-07
8.965400087365430e-07
1.179685217593033e-06
1.551604428798204e-06
2.039060114633457e-06
2.679840653253792e-06
3.516795813579973e-06
4.615420321080296e-06
6.052472956773339e-06
7.937550240787958e-06
1.038873307908233e-05
1.359342090208643e-05
1.777450768061441e-05
2.322471267318631e-05
3.032315700554782e-05
3.954909083324548e-05
5.155903389673684e-05
6.713944498897347e-05
8.737641012445279e-05
1.135729387983300e-04
1.475267271305262e-04
1.914938993265227e-04
2.482480688124893e-04
3.216026505018003e-04
4.162485838112056e-04
5.388687452278114e-04
6.968605370278942e-04
9.008312807619396e-04
1.163807052966761e-03
1.503565952115683e-03
1.942125800958056e-03
2.508680672950468e-03
3.240204357146080e-03
4.188854415942613e-03
5.417043733105089e-03
7.011397536762024e-03
9.085642246841344e-03
1.178613806885295e-02
1.531782169720150e-02
1.993190682933898e-02
2.595643159326411e-02
3.384180320276350e-02
4.412779487099903e-02
5.750526688089728e-02
7.494078348558993e-02
9.758302917710932e-02
1.268530852065743e-01
1.642997423184972e-01
2.116381251814324e-01
2.704302107737095e-01
3.420021585157578e-01
4.267742776314555e-01
5.243814616348454e-01
6.330343503106460e-01
7.549813325397459e-01
9.629909692357560e-01
###1.200000000000000e+00
3.841064478567568e-11
1.321631273736165e-10
1.810364402940134e-10
-4.870948341852978e-09
2.844954150611785e-10
5.023840159409745e-10
7.217072972781478e-10
1.192591710093755e-09
1.253464333896817e-09
9.959331205707001e-08
2.020875739131700e-09
3.354960652238566e-09
2.148541145574992e-09
1.885969778197986e-09
1.726517260621907e-09
1.653898499709396e-09
1.626141985686147e-09
1.642615472330772e-09
1.761758354210388e-09
1.839987171643084e-09
2.020204208258539e-09
2.282056808565509e-09
2.639426331572136e-09
3.126916092730297e-09
3.776915675171295e-09
4.658176096578430e-09
5.822477431905734e-09
7.374550960339597e-09
9.460313664056722e-09
1.219490256986210e-08
1.582904001738165e-08
2.064334595281334e-08
2.703388481236661e-08
3.547390745634132e-08
4.662851061344277e-08
6.138551412020089e-08
8.086825504077521e-08
1.066642358363550e-07
1.406760368676107e-07
1.855521138499822e-07
2.446763749317535e-07
3.223892477532435e-07
4.250891540573654e-07
5.606031511493407e-07
7.397577640835170e-07
9.740581636305801e-07
1.281741951330793e-06
1.686187865255811e-06
2.216134317428942e-06
2.913897206869762e-06
3.824595426830201e-06
5.021748022784138e-06
6.587714478123861e-06
8.645388562212473e-06
1.131881461072845e-05
1.481671622820445e-05
1.938369795800002e-05
2.534291687446205e-05
3.311173003016281e-05
4.321470059204364e-05
5.638596142511386e-05
7.348552743669822e-05
9.572327645771343e-05
1.245541728349173e-04
1.619750990016055e-04
2.104987225092225e-04
2.732470373486027e-04
3.544843812642345e-04
4.595012531188250e-04
5.960083012695675e-04
7.724027364593935e-04
1.000360512104002e-03
1.295165673526460e-03
1.677276572260642e-03
2.171808201869581e-03
2.811593535679594e-03
3.642048977882997e-03
4.721288044298724e-03
6.122197407143861e-03
7.945104966695213e-03
1.032354593277412e-02
1.342724471176897e-02
1.749783725548638e-02
2.281789936622359e-02
2.976999829310267e-02
3.887030497090956e-02
5.072095531684574e-02
6.609317531372234e-02
8.606204090912360e-02
1.118742661028894e-01
1.450168140578972e-01
1.870381848655944e-01
2.394937895147919e-01
3.036999805387651e-01
3.803185851991266e-01
4.689083557838142e-01
5.677906352775021e-01
6.735478298916462e-01
7.863750893334341e-01
9.682254127565177e-01
###1.600000000000000e+00
7.850035853079251e-11
1.721279048461172e-10
2.078002397397140e-10
-4.741377659456036e-09
3.952536949737147e-10
6.869503322149546e-10
1.010424889209698e-09
1.606797995520800e-09
1.710801651225821e-09
9.444559550540132e-08
2.712326423340634e-09
4.220951946230064e-09
2.898845636987916e-09
2.553221701020204e-09
2.344874357717837e-09
2.245624861354958e-09
2.199419406334419e-09
2.208717312968841e-09
2.321146783313379e-09
2.409324805923301e-09
2.599592468956188e-09
2.878283909987518e-09
3.266686536645856e-09
3.792635689323713e-09
4.495043219828441e-09
5.450527015436487e-09
6.710689195736139e-09
8.374504451458907e-09
1.064796009528400e-08
1.361418573695433e-08
1.755013421277143e-08
2.276176337048794e-08
2.968752068243607e-08
3.882555988894238e-08
5.092234995906412e-08
6.691305251561666e-08
8.803338492126414e-08
1.160005154089906e-07
1.529028001330191e-07
2.015984097431411e-07
2.657382802531298e-07
3.501428231683421e-07
4.616287183608807e-07
6.088877369262969e-07
8.037821249903253e-07
1.058558065906786e-06
1.393107067151779e-06
1.833129779434563e-06
2.409561514126817e-06
3.169723133435599e-06
4.161368839360407e-06
5.466507138137734e-06
7.174053176049971e-06
9.420983959291720e-06
1.233762605475335e-05
1.616001222786316e-05
2.115371775056733e-05
2.767467413987862e-05
3.618441343801331e-05
4.725508541285528e-05
6.171828571643805e-05
8.050696443222664e-05
1.049897201443933e-04
1.367464563581054e-04
1.780386574506801e-04
2.316827283236819e-04
3.011431559396902e-04
3.912520994334700e-04
5.079648101554482e-04
6.601177106313503e-04
8.571887636277830e-04
1.112429304466574e-03
1.443373795774626e-03
1.873489173272630e-03
2.431581201062743e-03
3.154242953924920e-03
4.097609824237016e-03
5.325180329151290e-03
6.922053798373168e-03
9.003628461161019e-03
1.172649594811712e-02
1.528478919944402e-02
1.995663260144793e-02
2.606525846972777e-02
3.404271055834027e-02
4.447371723315093e-02
5.801371546294584e-02
7.553107135961867e-02
9.816312079976955e-02
1.272372462170007e-01
1.642503007520699e-01
2.106764714764772e-01
2.678660379179694e-01
3.366651129572251e-01
4.171198825283495e-01
5.078898047669167e-01
6.062510827208123e-01
7.078659226302508e-01
8.121181970661432e-01
9.725220785364503e-01
###2.000000000000000e+00
1.403597519052618e-10
2.559639500584873e-10
3.205715264859873e-10
-4.673422638629369e-09
5.454846084433985e-10
8.753772220508377e-10
1.331131693078670e-09
2.066022553950277e-09
2.167736538560899e-09
9.003505525842620e-08
3.404364053328305e-09
5.075701175870956e-09
3.642331800797621e-09
3.242099551721556e-09
3.002556822854233e-09
2.875932601028838e-09
2.817122918798610e-09
2.822635041231159e-09
2.938541042385834e-09
3.037186504103608e-09
3.242013845761158e-09
3.546125714685889e-09
3.968781977623924e-09
4.539658411359763e-09
5.214234279342253e-09
6.339536044432185e-09
7.711161800047762e-09
9.519970670073930e-09
1.198344846588651e-08
1.520129337905393e-08
1.947160670518514e-08
2.510844949659670e-08
3.261669745864810e-08
4.253161154356852e-08
5.566461710433032e-08
7.299228647831567e-08
9.591556431469880e-08
1.262364698716452e-07
1.662590386765957e-07
2.191113058924801e-07
2.887501353468913e-07
3.804601772567190e-07
5.015352950606167e-07
6.615842039638913e-07
8.735446188549384e-07
1.150707021218507e-06
1.514713599825392e-06
1.993508762875848e-06
2.621087167918504e-06
3.449314601696366e-06
4.529937931931657e-06
5.953567171747725e-06
7.816806659748502e-06
1.027184175049421e-05
1.345617934660330e-05
1.763655665430767e-05
2.310069503638547e-05
3.024320028657260e-05
3.957283134736536e-05
5.171641705324765e-05
6.761374088690344e-05
8.828270582904069e-05
1.152704897354353e-04
1.503531027011295e-04
1.959121935312510e-04
2.552870786448885e-04
3.322796020601902e-04
4.323681532630110e-04
5.622519548358567e-04
7.320331534588801e-04
9.523476000427775e-04
1.238558042638896e-03
1.610400098008952e-03
2.094891348874863e-03
2.724921428889283e-03
3.541788915588809e-03
4.612515809769856e-03
6.007816288048345e-03
7.826040809173452e-03
1.019947489069709e-02
1.330720809258054e-02
1.737401766921618e-02
2.270905695225260e-02
2.969248910487603e-02
3.879330185168965e-02
5.066670862401389e-02
6.602172474369922e-02
8.580464397414342e-02
1.112053079253985e-01
1.435938964190853e-01
1.844304129702498e-01
2.350619353417677e-01
2.965651498391170e-01
3.692429052530825e-01
4.525522074761904e-01
5.443641911775325e-01
6.411986254015225e-01
7.382528289826107e-01
8.344905386613491e-01
9.762061789298718e-01
###2.400000000000000e+00
1.809126039288476e-10
2.999179563442347e-10
4.409320284683660e-10
-4.548460931991073e-09
6.796424071553922e-10
1.083048574667902e-09
1.636366216445775e-09
2.491401956860220e-09
2.629900351007106e-09
8.592184121926113e-08
4.103220936111550e-09
5.921168960821876e-09
4.404144222801056e-09
3.958398978343445e-09
3.697263507559399e-09
3.551099393810044e-09
3.479188335854053e-09
3.489694104337683e-09
3.611718484559998e-09
3.723787183134177e-09
3.950402015195906e-09
4.284836366958279e-09
4.676127870892582e-09
5.371062509903818e-09
6.124511595653944e-09
7.335384783314758e-09
8.830057097462093e-09
1.079902451454425e-08
1.347290049485977e-08
1.696416141487006e-08
2.159196429402151e-08
2.771424559283174e-08
3.585232136370241e-08
4.661962051462994e-08
6.087138914497583e-08
7.964815934327651e-08
1.045005457068508e-07
1.374539196276009e-07
1.808898165047883e-07
2.382684510853472e-07
3.138269138783196e-07
4.135089749998395e-07
5.451311057552602e-07
7.194167549270112e-07
9.496629238163864e-07
1.251201781494508e-06
1.647430429551720e-06
2.168754097212763e-06
2.852331326754659e-06
3.755235096022155e-06
4.933480153861462e-06
6.487684388242811e-06
8.521744701948496e-06
1.120501953062840e-05
1.468513295766799e-05
1.925964483131453e-05
2.523800255588628e-05
3.307324527922807e-05
4.331111035704293e-05
5.664825424125370e-05
7.414634661225316e-05
9.690035006279875e-05
1.266675641584232e-04
1.654628078425063e-04
2.158068755686695e-04
2.816018080787156e-04
3.670600394586743e-04
4.783467418674634e-04
6.230701810238671e-04
8.127229436647413e-04
1.059226345471494e-03
1.380383709771652e-03
1.798398171784337e-03
2.344246811895905e-03
3.055485333055732e-03
3.978844971065106e-03
5.192945942746660e-03
6.777080058020971e-03
8.843609300009629e-03
1.154519724904213e-02
1.508130236587920e-02
1.971211220782840e-02
2.578242709792105e-02
3.371839838710303e-02
4.404144176982678e-02
5.746536905995487e-02
7.475059534731331e-02
9.690656624670858e-02
1.251579062547083e-01
1.608839074137016e-01
2.054697485070140e-01
2.600825537994023e-01
3.254696582683029e-01
4.014157344856679e-01
4.867782257274025e-01
5.788027445176287e-01
6.734635108883976e-01
7.657624654493191e-01
8.544029059809276e-01
9.794503015477908e-01
###2.800000000000000e+00
1.857770399099952e-10
3.587270829106429e-10
5.237836850220040e-10
-4.423474295743362e-09
8.396831808120976e-10
1.296682463978763e-09
1.954278195120891e-09
2.926576079191030e-09
3.109307946654437e-09
8.208099007531286e-08
4.799111062172030e-09
6.756463269672498e-09
5.178195211679461e-09
4.695353041830642e-09
4.409362260625985e-09
4.259089413142714e-09
4.185104022339367e-09
4.203699134872564e-09
4.340793508499100e-09
4.479759528830084e-09
4.726494624548208e-09
5.093548699101615e-09
5.544337745919788e-09
6.290394409442183e-09
7.137635488442664e-09
8.442753084746673e-09
1.007656456761730e-08
1.222392441947352e-08
1.512335541760890e-08
1.892232198628917e-08
2.394724583648463e-08
3.060669042695314e-08
3.943299558695895e-08
5.111635421154171e-08
6.657663889662846e-08
8.696777474102349e-08
1.138894825348501e-07
1.497186583394797e-07
1.968618064221147e-07
2.591978808921803e-07
3.412805827204244e-07
4.496187544849222e-07
5.929610692263804e-07
7.825791386218021e-07
1.032792977920336e-06
1.361007345293141e-06
1.792567009031891e-06
2.360309185225167e-06
3.105336689957702e-06
4.090009829537972e-06
5.375903790430178e-06
7.073495390794447e-06
9.295505022129837e-06
1.223002788625027e-05
1.603650534125603e-05
2.104511085633369e-05
2.759315363988018e-05
3.619577656698387e-05
4.743981487157526e-05
6.210316271040582e-05
8.137886280846643e-05
1.064541259112768e-04
1.393063506340626e-04
1.822532191275864e-04
2.379577368279484e-04
3.109433561847607e-04
4.058937739946336e-04
5.297827315414987e-04
6.911799627867326e-04
9.031640935200317e-04
1.179216351018024e-03
1.539679406107137e-03
2.009676434028534e-03
2.624683798337431e-03
3.427390291566832e-03
4.470712860235899e-03
5.845634862054045e-03
7.641337698451478e-03
9.985590568092355e-03
1.305207766652493e-02
1.706386571370764e-02
2.231599099370980e-02
2.919314814754776e-02
3.816724661196449e-02
4.980518377630676e-02
6.488412145808505e-02
8.420638298085074e-02
1.088289979182783e-01
1.399944206721676e-01
1.790569403087532e-01
2.272916391182490e-01
2.856392544112911e-01
3.544572422702215e-01
4.331605418381493e-01
5.199142216389078e-01
6.115018931303404e-01
7.035199986364213e-01
7.909400640081858e-01
8.723185844862322e-01
9.823101965661538e-01
###3.200000000000000e+00
2.460964510922660e-10
4.150715217478925e-10
5.807626388838414e-10
-4.298050834261945e-09
1.003580992959643e-09
1.530492789455042e-09
2.282440904486261e-09
3.394484017516643e-09
3.593777462568538e-09
7.847330631212460e-08
5.509090788189041e-09
7.588164510790082e-09
5.959076559932971e-09
5.454397734202798e-09
5.153431257808589e-09
5.001509201116471e-09
4.934697298050657e-09
4.967791232124633e-09
5.120481530701447e-09
5.288624253147557e-09
5.566832253354460e-09
5.981250682292198e-09
6.495203157886350e-09
7.305703117307848e-09
8.254233237523722e-09
9.665066021061592e-09
1.145366572774252e-08
1.379766575980391e-08
1.695245591666186e-08
2.107802851224138e-08
2.655104943117185e-08
3.378078983767916e-08
4.337016206207938e-08
5.605491178390480e-08
7.268204815018176e-08
9.497963844639379e-08
1.242510664321762e-07
1.631187188437664e-07
2.143147704562315e-07
2.820808030679033e-07
3.712234634640798e-07
4.891234362672499e-07
6.453114068662716e-07
8.515091342978855e-07
1.123611694942798e-06
1.480938718783356e-06
1.951137912162740e-06
2.569892674085885e-06
3.382271036786430e-06
4.456747649143645e-06
5.860954645987418e-06
7.716303167985337e-06
1.014514879501171e-05
1.335607046795546e-05
1.752301811061535e-05
2.301146239444285e-05
3.018948955612065e-05
3.964087103023364e-05
5.200231652423927e-05
6.813881576809259e-05
8.939144733881181e-05
1.170578683678138e-04
1.533499234901361e-04
2.009184331741161e-04
2.626362351536050e-04
3.436657128692435e-04
4.492591280640539e-04
5.873187632743066e-04
7.674181370768920e-04
1.004494455180716e-03
1.313764845721284e-03
1.718409736779601e-03
2.246886070528144e-03
2.939547447257420e-03
3.844849508652053e-03
5.022553766571085e-03
6.577232170672431e-03
8.608770868653380e-03
1.126192456215318e-02
1.473286408821274e-02
1.926960277918404e-02
2.520348782155031e-02
3.295999136966535e-02
4.305602300403350e-02
5.610324163485296e-02
7.293763634312933e-02
9.439449665073624e-02
1.215657871486034e-01
1.556895917247791e-01
1.980633426617928e-01
2.498276026390885e-01
3.116626060472124e-01
3.835352375384586e-01
4.644497080627782e-01
5.520298008584263e-01
6.426332626857327e-01
7.316374299589660e-01
8.140737815194174e-01
8.885045231688220e-01
9.848478331427160e-01
###3.600000000000000e+00
3.451213560695396e-10
4.863393594171908e-10
6.556825013028140e-10
-4.179397632039305e-09
1.238649043012755e-09
1.776327842587327e-09
2.625979673465156e-09
3.831513909909813e-09
4.091944792995038e-09
7.510320659861591e-08
6.225539487229298e-09
8.410809644655889e-09
6.757630555494051e-09
6.239085189587002e-09
5.932288496552937e-09
5.783449604204066e-09
5.729839972818520e-09
5.784580066716527e-09
5.965040177377712e-09
6.162259620207452e-09
6.480204561073846e-09
6.950076294603087e-09
7.533691674435236e-09
8.421964314574965e-09
9.479907447731881e-09
1.101385569478924e-08
1.297327458880814e-08
1.553526355881823e-08
1.896365426156622e-08
2.346556195641421e-08
2.942350420542607e-08
3.727184418237861e-08
4.770366773098593e-08
6.148704585194110e-08
7.957003282657581e-08
1.037569673291731e-07
1.355718352895357e-07
1.777670915977587e-07
2.334154498371499e-07
3.070879013745419e-07
4.039469111432047e-07
5.321550007661605e-07
7.024093948918656e-07
9.268958753095980e-07
1.222772182463256e-06
1.612127765456406e-06
2.124566152799672e-06
2.799171879565889e-06
3.685561810701722e-06
4.858655714966299e-06
6.392707800037331e-06
8.421479617809194e-06
1.107832224460051e-05
1.459492519552962e-05
1.915975857010238e-05
2.517892888406232e-05
3.305568442379043e-05
4.344674773276844e-05
5.704783414795805e-05
7.482271358701756e-05
9.827659597469626e-05
1.288222844943874e-04
1.689579372398228e-04
2.216852889755864e-04
2.901295056991766e-04
3.801623291915168e-04
4.976846846981208e-04
6.516221505771110e-04
8.526961029391651e-04
1.117966048575712e-03
1.464507724939951e-03
1.918701609895179e-03
2.512736265066858e-03
3.292411729666716e-03
4.312474686177336e-03
5.640635491525937e-03
7.395284715113104e-03
9.689079586345241e-03
1.268417745101790e-02
1.660089729220022e-02
2.171358533245478e-02
2.839222259966227e-02
3.710125425085232e-02
4.840442428443985e-02
6.295472817430836e-02
8.163981365346197e-02
1.053204863814044e-01
1.351062135448609e-01
1.722168001831609e-01
2.178646151945575e-01
2.730157540122072e-01
3.380865523185516e-01
4.126510295815525e-01
4.952822269478989e-01
5.831635021773561e-01
6.723010970005944e-01
7.579620108900519e-01
8.353469505943057e-01
9.031235788574923e-01
9.870928302448276e-01
###4.000000000000000e+00
4.242764798096562e-10
5.345666449445135e-10
7.650226750799139e-10
-4.047368552580383e-09
1.433566914753187e-09
2.056232822925487e-09
2.982255603694420e-09
4.297107988079769e-09
4.602026106695637e-09
7.194616612123172e-08
6.936843031266506e-09
9.235175680007509e-09
7.566400395019187e-09
7.048294086664444e-09
6.741761407816332e-09
6.612170120743820e-09
6.573643083569832e-09
6.654787355101565e-09
6.865718859080121e-09
7.104252215828382e-09
7.473321959459605e-09
8.004335822009883e-09
8.668594771586564e-09
9.644196431593209e-09
1.082507679178114e-08
1.250019890526142e-08
1.464839088566259e-08
1.743885684292016e-08
2.119212611391367e-08
2.609971838614938e-08
3.257942448521236e-08
4.111045921419367e-08
5.245814113128430e-08
6.743857693830006e-08
8.711342099896684e-08
1.133845613917581e-07
1.479237817755404e-07
1.937898477073688e-07
2.543237351788577e-07
3.344085743034354e-07
4.398821524432115e-07
5.795879166844762e-07
7.647552753026937e-07
1.009118424243943e-06
1.331158360282960e-06
1.755577041404870e-06
2.314315543895167e-06
3.050127356661512e-06
4.017762976026438e-06
5.299309510986014e-06
6.976564654850120e-06
9.196331492602273e-06
1.210448482365920e-05
1.595757921230713e-05
2.096276604507572e-05
2.756950723984598e-05
3.621967951956026e-05
4.765222104887972e-05
6.263024695893948e-05
8.222325635874897e-05
1.081096953997941e-04
1.418841948866958e-04
1.863113505115550e-04
2.447884475452516e-04
3.207575592767907e-04
4.208642907922685e-04
5.517486348344374e-04
7.234474013909181e-04
9.480179258558944e-04
1.244885887295442e-03
1.633118196256213e-03
2.142782178270505e-03
2.810166417653532e-03
3.686982429536697e-03
4.835175406761621e-03
6.334366738278033e-03
8.307667628237803e-03
1.089172364124413e-02
1.426375955646460e-02
1.866993621397170e-02
2.441279999747807e-02
3.189943981287095e-02
4.163546618193752e-02
5.422973557519737e-02
7.037430833419135e-02
9.100149858161538e-02
1.169879465262329e-01
1.494445053914562e-01
1.895507649805745e-01
2.384132810464915e-01
2.968061221445415e-01
3.648466595909108e-01
4.417331287095905e-01
5.256228438431805e-01
6.133058464861570e-01
7.005456884263800e-01
7.825739304113445e-01
8.548770136556497e-01
9.162943341613730e-01
9.890766719988979e-01
###4.399999999999999e+00
5.048537824989465e-10
5.862467733322820e-10
8.740848688246500e-10
-3.891466644106077e-09
1.637831549128098e-09
2.327059520885273e-09
3.339049620125361e-09
4.777563035050287e-09
5.137387804595291e-09
6.901478458509119e-08
7.655975845395743e-09
1.005598571325320e-08
8.390277926834138e-09
7.883552316829121e-09
7.587153181536117e-09
7.473897095226026e-09
7.468396871255451e-09
7.579209937889852e-09
7.828366193888457e-09
8.121523408661958e-09
8.547881228755404e-09
9.147544158029791e-09
9.904833838468377e-09
1.097819206070438e-08
1.229561963130783e-08
1.411968292272860e-08
1.648507273075209e-08
1.954446309274030e-08
2.363611092970536e-08
2.899415675235160e-08
3.604713658967354e-08
4.533379837199482e-08
5.768357775241494e-08
7.396236202487644e-08
9.537926592929575e-08
1.239052003782754e-07
1.614440624623013e-07
2.113171633138819e-07
2.771654261641012e-07
3.645809922936318e-07
4.792826934465355e-07
6.313858816020450e-07
8.328819521804185e-07
1.099170640754087e-06
1.449690070309284e-06
1.913067416316874e-06
2.522018724942316e-06
3.325180569807765e-06
4.382037080330324e-06
5.782720347727229e-06
7.617565829125751e-06
1.004761778805774e-05
1.323308461677518e-05
1.745786184227150e-05
2.294999024244486e-05
3.020598548164870e-05
3.971438886949174e-05
5.230278344349212e-05
6.880696770809335e-05
9.042548197609471e-05
1.190165176458757e-04
1.563900779531485e-04
2.056048221550488e-04
2.704938145473338e-04
3.548770950270493e-04
4.662465828474959e-04
6.120492586033780e-04
8.036490127601333e-04
1.054563393623453e-03
1.386690606365944e-03
1.821594074703901e-03
2.393278033348969e-03
3.142459765394428e-03
4.127572426947649e-03
5.418371998095866e-03
7.106604774292681e-03
9.322683091277701e-03
1.222616782550881e-02
1.601289041151401e-02
2.095381158270161e-02
2.738301646326990e-02
3.574337225948657e-02
4.658279870792123e-02
6.055205923103543e-02
7.837761650223296e-02
1.010337318453664e-01
1.293965000879805e-01
1.645700443378854e-01
2.076701100676136e-01
2.596707724565984e-01
3.211286263818189e-01
3.918713856781776e-01
4.707021370814855e-01
5.554131489918369e-01
6.424325532061900e-01
7.273835501528894e-01
8.055475580478797e-01
8.727523014540526e-01
9.281030522766912e-01
9.908216748067853e-01
###4.800000000000000e+00
5.590239683241051e-10
6.773838323183872e-10
9.866686946781657e-10
-3.711893622304359e-09
1.812589857512891e-09
2.597290694537654e-09
3.704053670977544e-09
5.256972052976105e-09
5.678182711802951e-09
6.628406901967185e-08
8.385645596079160e-09
1.088093130248804e-08
9.227844157798660e-09
8.742002416204631e-09
8.469365927088589e-09
8.380181312837580e-09
8.414912406576823e-09
8.561486926123225e-09
8.857662636550397e-09
9.212046427421016e-09
9.695153505223278e-09
1.038282944984842e-08
1.124279674162935e-08
1.243243765834004e-08
1.389824433089777e-08
1.589969328917556e-08
1.848038037558234e-08
2.185768998998214e-08
2.632049033000573e-08
3.216625441870553e-08
3.985468963971327e-08
4.994216065610174e-08
6.340521329536163e-08
8.111247813633444e-08
1.044147541915351e-07
1.354449638674725e-07
1.762438432268029e-07
2.304729696085101e-07
3.021254854892945e-07
3.974612033028758e-07
5.222881229145387e-07
6.879903869558964e-07
9.073247251975373e-07
1.197527135167527e-06
1.579363749193905e-06
2.085287175558477e-06
2.749597715206140e-06
3.626657415225017e-06
4.781729097432240e-06
6.313430763067640e-06
8.321973636605613e-06
1.098363186103589e-05
1.447580197430622e-05
1.911085681480123e-05
2.514134307534753e-05
3.311669784172105e-05
4.357696040383888e-05
5.744578272771047e-05
7.564802229879868e-05
9.951852514498313e-05
1.311189785765383e-04
1.724973448066381e-04
2.270566002306404e-04
2.990871073315041e-04
3.928787958556781e-04
5.168222418257681e-04
6.793212857843350e-04
8.931198945737958e-04
1.173444462784566e-03
1.545018275196890e-03
2.032012834404934e-03
2.672712538568124e-03
3.513040283634401e-03
4.618520819194105e-03
6.067488261581529e-03
7.964034759240880e-03
1.044860446589894e-02
1.370347823376191e-02
1.794429069850368e-02
2.346817784444738e-02
3.064055612617660e-02
3.994160654959800e-02
5.196033725190059e-02
6.738776506975015e-02
8.698132785157532e-02
1.117456119279424e-01
1.425489469715222e-01
1.804726081177712e-01
2.265381539962760e-01
2.815555790265849e-01
3.459277571479756e-01
4.190798975331078e-01
4.994830438187020e-01
5.845818306501072e-01
6.705159767321011e-01
7.528081941571719e-01
8.268992128674959e-01
8.890394970480482e-01
9.386451058392942e-01
9.923371466755427e-01
###5.200000000000000e+00
6.019781273912807e-10
7.872618083185222e-10
1.084633258732100e-09
-3.549935402348029e-09
2.030691569679284e-09
2.858902703643622e-09
4.085528564123986e-09
5.752016801233286e-09
6.238696720929773e-09
6.373195205360456e-08
9.124984798469796e-09
1.170781408845825e-08
1.008696815059906e-08
9.634008541927623e-09
9.386684488195433e-09
9.331568382661429e-09
9.410877933039382e-09
9.605004634064744e-09
9.956396734441747e-09
1.037931062430092e-08
1.093960224906213e-08
1.171670955162654e-08
1.269247586085387e-08
1.401115883200360e-08
1.564294912265211e-08
1.784368010814203e-08
2.067603099050658e-08
2.438068069699168e-08
2.925472732128084e-08
3.563301480473533e-08
4.401908066131627e-08
5.502318753106922e-08
6.966364253552589e-08
8.894142973428919e-08
1.142980767791942e-07
1.480379702099870e-07
1.924347195618615e-07
2.514709321625682e-07
3.293860846014362e-07
4.333125367226440e-07
5.693515631168305e-07
7.497681219627457e-07
9.887276747339093e-07
1.305051704131007e-06
1.721430286938186e-06
2.273520099633025e-06
2.999074783820433e-06
3.957257878047043e-06
5.220352689544938e-06
6.896247847084053e-06
9.096369272933797e-06
1.201372553194600e-05
1.584404589400251e-05
2.093235161774193e-05
2.755920431665293e-05
3.633140841287228e-05
4.784674567779222e-05
6.313792100642492e-05
8.322665299294473e-05
1.096008643338647e-04
1.445517297344191e-04
1.903947588630352e-04
2.508970235315746e-04
3.309067609194809e-04
4.351714336598963e-04
5.731725030127251e-04
7.542808542564666e-04
9.928778220562237e-04
1.305998938999012e-03
1.721459712006427e-03
2.266469020474918e-03
2.984036767261819e-03
3.925529785588734e-03
5.164566249645636e-03
6.788344868028535e-03
8.914127501330683e-03
1.169456588806268e-02
1.533438225167810e-02
2.006988989397618e-02
2.622709047701539e-02
3.420156993186939e-02
4.451234631602118e-02
5.778681424090843e-02
7.475517103217946e-02
9.619804103108595e-02
1.231457156195430e-01
1.564448037920178e-01
1.971358520103121e-01
2.461287763820100e-01
3.040573611271269e-01
3.711281802605403e-01
4.464007893116053e-01
5.280041603466690e-01
6.130613629498588e-01
6.974963560646418e-01
7.768132632842515e-01
8.466754455322065e-01
9.038031907180420e-01
9.480031982331023e-01
9.936623173235158e-01
###5.600000000000001e+00
6.794566886339419e-10
8.778543208069327e-10
1.213028773517105e-09
-3.357630284293666e-09
2.197890561042764e-09
3.170398742903098e-09
4.483945548444558e-09
6.255998496048078e-09
6.816602940235253e-09
6.132736338151340e-08
9.876058641556256e-09
1.254265093492329e-08
1.096843748584792e-08
1.055214932339520e-08
1.032956027795846e-08
1.033088298682434e-08
1.046011165392971e-08
1.071148929146553e-08
1.112718469930537e-08
1.162794712458748e-08
1.227826705238417e-08
1.315502448107769e-08
1.425698440279129e-08
1.572366015021464e-08
1.754579980871045e-08
1.995906989391962e-08
2.307509033811325e-08
2.713669279071141e-08
3.245807359969265e-08
3.943153185093135e-08
4.857854114501570e-08
6.057423346580442e-08
7.652964924317613e-08
9.751390262239324e-08
1.251044734535372e-07
1.618421449947810e-07
2.101267709418399e-07
2.744931981358768e-07
3.591959170745147e-07
4.725230881643043e-07
6.207088871347580e-07
8.173346538701995e-07
1.077827533009267e-06
1.422667345326438e-06
1.877000282593648e-06
2.479450838554654e-06
3.272468650086261e-06
4.319998893247308e-06
5.702024655922123e-06
7.537187678962019e-06
9.947834772563712e-06
1.314719003948356e-05
1.735142470056817e-05
2.294143210648867e-05
3.022768576444230e-05
3.988207269264132e-05
5.256880221834313e-05
6.943897083916936e-05
9.162214966996891e-05
1.207816635867149e-04
1.594595088236751e-04
2.102717556080101e-04
2.774073566646652e-04
3.663005551873990e-04
4.822507876855366e-04
6.358997421785523e-04
8.377765326251650e-04
1.103982255632891e-03
1.453590569059556e-03
1.917964317452408e-03
2.527464126375825e-03
3.330215357570369e-03
4.383868990626778e-03
5.770327688961745e-03
7.587263649208247e-03
9.964728541831813e-03
1.306982878902179e-02
1.712977637811007e-02
2.240308535073628e-02
2.924496014068659e-02
3.808321854443663e-02
4.947232498214314e-02
6.408044739429948e-02
8.267045366614477e-02
1.060360392128267e-01
1.352379235265304e-01
1.710746532952343e-01
2.145327498214754e-01
2.663972929176796e-01
3.271216973278373e-01
3.966608389627967e-01
4.737501352860309e-01
5.561733898061021e-01
6.407752403933702e-01
7.233195962757405e-01
7.993766137760728e-01
8.648857001908864e-01
9.171099545086311e-01
9.562445486905806e-01
9.947987950598566e-01
###6.000000000000001e+00
7.579673578288801e-10
9.861304071349648e-10
1.337336786038192e-09
-3.138742017805815e-09
2.434278605605609e-09
3.483324269030785e-09
4.904348796422092e-09
6.762440353468457e-09
7.416538269492639e-09
5.914173248260861e-08
1.064243455470470e-08
1.337985956493340e-08
1.186285451322669e-08
1.150249814980306e-08
1.132971773622839e-08
1.137954300279360e-08
1.156898684314327e-08
1.187827724698092e-08
1.237408588509370e-08
1.296222384432336e-08
1.371251747448083e-08
1.470488704168424e-08
1.594507452972388e-08
1.757565684604965e-08
1.960532864900713e-08
2.225685235394558e-08
2.568583896819405e-08
3.014169207783566e-08
3.596096750903297e-08
4.358065437307671e-08
5.356396106912547e-08
6.665664013134035e-08
8.401933865600576e-08
1.069088880890179e-07
1.369303903980704e-07
1.769256060638188e-07
2.294936397619149e-07
2.996271370719705e-07
3.918485115564371e-07
5.153434398259907e-07
6.768626276083579e-07
8.912438123736989e-07
1.175323415002325e-06
1.551362280366680e-06
2.047457651039075e-06
2.705300247436047e-06
3.572567102439961e-06
4.718282129608366e-06
6.232098525178377e-06
8.242493338737470e-06
1.088490672626852e-05
1.439582492729581e-05
1.901250446893246e-05
2.515732375124746e-05
3.317487139746276e-05
4.380788572678880e-05
5.779382654562075e-05
7.641271482143041e-05
1.009246555552580e-04
1.331825582255793e-04
1.760065828957175e-04
2.323501264353249e-04
3.068619202134624e-04
4.056583795130561e-04
5.346227057270433e-04
7.056885987701163e-04
9.306969247539532e-04
1.227578964752812e-03
1.617828600825517e-03
2.136470849665286e-03
2.817560414949145e-03
3.714630745391117e-03
4.892350114863614e-03
6.441378489989025e-03
8.470592398506399e-03
1.112402034878837e-02
1.458412065516814e-02
1.910170598920419e-02
2.495814766341273e-02
3.253790777277139e-02
4.230202755774777e-02
5.484056984923570e-02
7.085842380819934e-02
9.114692793765070e-02
1.165136363302260e-01
1.480224383165298e-01
1.864287395011262e-01
2.326382922127119e-01
2.873083041146910e-01
3.506786842436685e-01
4.224560017992692e-01
5.010380614645823e-01
5.838987321108220e-01
6.676480484406165e-01
7.479460926197233e-01
8.204850924901936e-01
8.815783829553924e-01
9.290288065333954e-01
9.634540294454660e-01
9.957455682567810e-01
###6.400000000000001e+00
8.653283556529957e-10
1.081037447112678e-09
1.474112601520516e-09
-2.925927708899645e-09
2.698840101137601e-09
3.799373823192334e-09
5.332746816749447e-09
7.300043407509179e-09
8.038583196314779e-09
5.713637304940725e-08
1.142960401432483e-08
1.424005365681950e-08
1.278553647323243e-08
1.248434893228987e-08
1.237181654237923e-08
1.248132902648033e-08
1.273970168968248e-08
1.309182154544905e-08
1.370575113926106e-08
1.438873268507056e-08
1.526365784919102e-08
1.637180339327554e-08
1.776710453971225e-08
1.957964805323892e-08
2.183726602989304e-08
2.475515418013221e-08
2.852958375571066e-08
3.341593991480983e-08
3.978775573158746e-08
4.811610774321196e-08
5.901106769077785e-08
7.329886909721196e-08
9.221522711358162e-08
1.171579258272477e-07
1.498640090500875e-07
1.934273131012095e-07
2.506608553786432e-07
3.270703777107349e-07
4.277829001046573e-07
5.621525038788657e-07
7.382611933075854e-07
9.721346286239565e-07
1.282061293047832e-06
1.692342577497273e-06
2.234355350796239e-06
2.953025937866550e-06
3.901787156667880e-06
5.155776071250916e-06
6.814575740582387e-06
9.018042055054660e-06
1.191650169247926e-05
1.577145229409140e-05
2.084524322305805e-05
2.760363250061370e-05
3.643060605264435e-05
4.814765349383618e-05
6.357496637324047e-05
8.413826465697969e-05
1.112352792339609e-04
1.469305632060827e-04
1.943709780695008e-04
2.568588016751327e-04
3.395835478264825e-04
4.493820588682691e-04
5.928227589579542e-04
7.832898618277623e-04
1.033955711103372e-03
1.365027073506271e-03
1.800329357516326e-03
2.379124512215993e-03
3.139387287777745e-03
4.140830816591357e-03
5.455228567354660e-03
7.183223495919168e-03
9.445120221235316e-03
1.240045075960637e-02
1.624715463058614e-02
2.126178585354889e-02
2.774815810849015e-02
3.612128714640148e-02
4.687440533973070e-02
6.063362787691361e-02
7.813604607453456e-02
1.001982256294546e-01
1.276334506886065e-01
1.615012042299162e-01
2.024957067454179e-01
2.514367122124856e-01
3.088166684423738e-01
3.746669693965740e-01
4.484310350749831e-01
5.281797760122968e-01
6.111068608137907e-01
6.936090727564136e-01
7.713309815711734e-01
8.401459284274767e-01
8.967946076268484e-01
9.396338596432720e-01
9.697088825496559e-01
9.965709625566264e-01
###6.800000000000002e+00
9.618250167948252e-10
1.196289597993289e-09
1.629036280583165e-09
-2.704975148318937e-09
2.969846143789954e-09
4.158678539335185e-09
5.779126138134948e-09
7.858096656246991e-09
8.684729941420645e-09
5.527287561255754e-08
1.223439418617682e-08
1.511745267638071e-08
1.373732182387513e-08
1.351095164247039e-08
1.346469435779500e-08
1.364327284492026e-08
1.397923346975889e-08
1.442313115497105e-08
1.512002304279545e-08
1.591243156310716e-08
1.690771220343053e-08
1.816344387984898e-08
1.973161185287133e-08
2.172605854832045e-08
2.425848119553502e-08
2.746804341300394e-08
3.160823264673318e-08
3.698383206555217e-08
4.395572245016226e-08
5.306491523644228e-08
6.496386805098468e-08
8.055895283850219e-08
1.011737642657197e-07
1.283663501824281e-07
1.640374354438694e-07
2.114647774162188e-07
2.738140343695801e-07
3.570908418516922e-07
4.668725676608026e-07
6.133139132071655e-07
8.054455019265465e-07
1.060608267012984e-06
1.398938938656946e-06
1.846921232832283e-06
2.439237358483310e-06
3.224825178373372e-06
4.263284148798120e-06
5.636683638141350e-06
7.455018775886636e-06
9.871642433362714e-06
1.305296871118187e-05
1.728764149920848e-05
2.286623101520941e-05
3.030366457358187e-05
4.002659499594396e-05
5.294557053871154e-05
6.997201791426621e-05
9.269156107857715e-05
1.226603340068251e-04
1.621758540897948e-04
2.147508522392692e-04
2.840667188117695e-04
3.759207731729005e-04
4.979479566091290e-04
6.574813884854383e-04
8.694877202462251e-04
1.148661019032876e-03
1.517600595967039e-03
2.002824657269408e-03
2.648179990440314e-03
3.495981357353668e-03
4.612459362101257e-03
6.077133322293446e-03
8.001699989297303e-03
1.051832913379605e-02
1.380263640782337e-02
1.806975717043256e-02
2.362242117793302e-02
3.078748859646216e-02
4.001074497443232e-02
5.181753335562841e-02
6.686701227373319e-02
8.592841076244173e-02
1.098374901214767e-01
1.394042584679817e-01
1.756716282493413e-01
2.192619359482229e-01
2.708882665123228e-01
3.308738185781903e-01
3.990202754071871e-01
4.744986132699248e-01
5.550787290460522e-01
6.377023700762225e-01
7.185846542850689e-01
7.934310460742046e-01
8.583602056208988e-01
9.105722065527516e-01
9.490021309254413e-01
9.750895669666053e-01
9.972552007192853e-01
###7.200000000000002e+00
1.069119006526777e-09
1.337367240464064e-09
1.783141905105014e-09
-2.460739608450712e-09
3.202223566802820e-09
4.518057546690439e-09
6.238611124536182e-09
8.443792419738775e-09
9.352885550157305e-09
5.360028367501630e-08
1.306763903293517e-08
1.601755492022248e-08
1.471868004488696e-08
1.458404178564381e-08
1.461127771361148e-08
1.486252456830335e-08
1.529259043491608e-08
1.582859477754750e-08
1.662571282481446e-08
1.754026586520835e-08
1.866978067466526e-08
2.009080592849695e-08
2.184448874105241e-08
2.406801136395565e-08
2.687449046774168e-08
3.041059443844320e-08
3.489695987717108e-08
4.086462397734057e-08
4.849518820118646e-08
5.845690466132246e-08
7.145524275259336e-08
8.848398362932019e-08
1.109669594120356e-07
1.406033485288639e-07
1.793539838075249e-07
2.311918303484323e-07
2.991358759984903e-07
3.898743430891406e-07
5.096420907192443e-07
6.692509092298495e-07
8.789816107652947e-07
1.157509830735758e-06
1.527025737625040e-06
2.016305558924407e-06
2.663982099260307e-06
3.523248946645353e-06
4.660370733867324e-06
6.165119913709619e-06
8.159495043294034e-06
1.081095883681254e-05
1.430459311440854e-05
1.895922068666135e-05
2.509681461276121e-05
3.328566573015323e-05
4.400107017352982e-05
5.825211490030506e-05
7.705411007917486e-05
1.021641325342364e-04
1.353235863260840e-04
1.790795873053696e-04
2.373482907973948e-04
3.142510305350521e-04
4.162434385004443e-04
5.518530525031110e-04
7.292491614054287e-04
9.651555785466151e-04
1.275936130306416e-03
1.686792726550908e-03
2.227246866288547e-03
2.946165532410404e-03
3.890432829253826e-03
5.133578255758326e-03
6.763334090403002e-03
8.902938459548438e-03
1.169802454767822e-02
1.534007107548658e-02
2.006337265497412e-02
2.619627205444353e-02
3.409028946396681e-02
4.422241466485288e-02
5.714790975321293e-02
7.355885137234595e-02
9.425165121963296e-02
1.200745860774292e-01
1.518278691347208e-01
1.905264740766817e-01
2.367065329652074e-01
2.909605966536218e-01
3.534254323261818e-01
4.236687549380129e-01
5.005808500342094e-01
5.816492991630903e-01
6.635920375840212e-01
7.425087229784312e-01
8.142211074482268e-01
8.751419344891085e-01
9.229731155127571e-01
9.572172276164275e-01
9.796852172297398e-01
9.978241983769934e-01
###7.600000000000002e+00
1.199382715371186e-09
1.475503770105652e-09
1.934445681480571e-09
-2.196708402487358e-09
3.503876078063727e-09
4.904265319765895e-09
6.744824381965661e-09
9.042945672864171e-09
1.004813889581765e-08
5.208421467941675e-08
1.392716093120204e-08
1.694545190134765e-08
1.574131718567120e-08
1.569422520938081e-08
1.580916293569955e-08
1.616152175374239e-08
1.667278091295244e-08
1.731795127436920e-08
1.822908484018748e-08
1.927814552423938e-08
2.055750297323307e-08
2.215690305885860e-08
2.411615365795975e-08
2.659228023497157e-08
2.969343953380157e-08
3.357288792448407e-08
3.854065655174592e-08
4.507542229041971e-08
5.343231170022487e-08
6.433741371561148e-08
7.853723084225675e-08
9.711735559793519e-08
1.216550048371663e-07
1.539756028151627e-07
1.960930666777943e-07
2.527365584782326e-07
3.268147562319120e-07
4.257672518107886e-07
5.566096651959021e-07
7.305095009775994e-07
9.595350333817650e-07
1.263647231039990e-06
1.667375786361166e-06
2.202057107331270e-06
2.910649051497831e-06
3.850949942547567e-06
5.096631482327909e-06
6.746185878679322e-06
8.934621740111350e-06
1.184527656232967e-05
1.568421551025539e-05
2.080295304636383e-05
2.755861740343397e-05
3.657870220443427e-05
4.839389844474848e-05
6.412064544829261e-05
8.488941359237780e-05
1.126540611352301e-04
1.493532667108709e-04
1.978176018030402e-04
2.624193732103219e-04
3.477310929055942e-04
4.609825360470964e-04
6.116512486309000e-04
8.088583410469366e-04
1.071201472809723e-03
1.416960498965148e-03
1.874180484257337e-03
2.475611120187278e-03
3.275665308310303e-03
4.326124637257877e-03
5.708209145751510e-03
7.519004025648344e-03
9.893583865151300e-03
1.299169194603244e-02
1.702201705222872e-02
2.223883912631010e-02
2.899631031808564e-02
3.767163131366298e-02
4.877289859900673e-02
6.288244431025537e-02
8.072372458232460e-02
1.031160748564396e-01
1.309172551715679e-01
1.649055990839501e-01
2.060540149034099e-01
2.548044126106459e-01
3.116102353535989e-01
3.764099826132122e-01
4.485372378618167e-01
5.265863667491234e-01
6.077979358709129e-01
6.886955575487815e-01
7.653355668009997e-01
8.336775595077583e-01
8.905201557657043e-01
9.340646206831297e-01
9.643684169747130e-01
9.835728706092571e-01
9.982923680848588e-01
###8.000000000000002e+00
1.327882434690788e-09
1.618726790730244e-09
2.112452717657091e-09
-1.922102564979694e-09
3.811831160025975e-09
5.301077882404495e-09
7.263597078676589e-09
9.669919972502168e-09
1.075859652074288e-08
5.072593437384742e-08
1.481817544552841e-08
1.790425853827120e-08
1.677966980100872e-08
1.685864208612409e-08
1.706506222300177e-08
1.751503328250610e-08
1.813424977688279e-08
1.889958551797828e-08
1.993538574198534e-08
2.113251103703226e-08
2.257780761980758e-08
2.437721220414965e-08
2.656289444884833e-08
2.931070824511505e-08
3.274974456114350e-08
3.702389725983237e-08
4.249341709424360e-08
4.964607104766468e-08
5.880223295272558e-08
7.074271563991583e-08
8.625538135431734e-08
1.065435631376090e-07
1.333107390516324e-07
1.685672866923252e-07
2.145420799872584e-07
2.762315312029182e-07
3.570938353366204e-07
4.650205150948224e-07
6.079324719423922e-07
7.975017424710473e-07
1.047669583637479e-06
1.379973823917388e-06
1.821276222179041e-06
2.405980708235529e-06
3.181438228919068e-06
4.210983653139305e-06
5.576075437114245e-06
7.385513607706393e-06
9.787521951459699e-06
1.298466011977703e-05
1.720478970163125e-05
2.283696099495173e-05
3.027645023141348e-05
4.021770652381139e-05
5.325159876011320e-05
7.061315635864140e-05
9.355850593030592e-05
1.242690196142595e-04
1.648878730168722e-04
2.185826245102969e-04
2.902006217586432e-04
3.848508177652582e-04
5.105668566417026e-04
6.779201289405803e-04
8.970629492135623e-04
1.188687577776837e-03
1.573105490705703e-03
2.081482945016232e-03
2.750123712489999e-03
3.639471382967832e-03
4.806695663546592e-03
6.341023727442831e-03
8.349449371276456e-03
1.098013054943750e-02
1.440760016052333e-02
1.885894787833762e-02
2.460832607309206e-02
3.203529434150484e-02
4.154480590753987e-02
5.367470138115378e-02
6.903449211953155e-02
8.837609207531087e-02
1.125374220522361e-01
1.423765782844149e-01
1.786356093399038e-01
2.222564256906720e-01
2.735338160986016e-01
3.327951444996457e-01
3.997719302506470e-01
4.735363483781463e-01
5.524304767218553e-01
6.334432015665074e-01
7.129463625487479e-01
7.870024156674061e-01
8.517980506137128e-01
9.045213409794998e-01
9.439143743026380e-01
9.705417637963698e-01
9.868288683629818e-01
9.986710833394965e-01
###8.400000000000002e+00
1.461377372923989e-09
1.737857150760746e-09
2.322958619423614e-09
-1.636755169550465e-09
4.144009053750741e-09
5.729264417304737e-09
7.812148766936264e-09
1.033572315930441e-08
1.150309979443288e-08
4.951198842575616e-08
1.573944152815341e-08
1.889935682948366e-08
1.789629363207899e-08
1.807319190918484e-08
1.838284449473195e-08
1.893771339318335e-08
1.967911051506392e-08
2.058050400163350e-08
2.175686882130937e-08
2.311177204361004e-08
2.474031068598465e-08
2.675207728088705e-08
2.919295321943071e-08
3.224101398030351e-08
3.603293414653200e-08
4.074878944593085e-08
4.671536526091414e-08
5.460835751523308e-08
6.464512119982811e-08
7.770039675977177e-08
9.466466637872116e-08
1.168314021590296e-07
1.460326696929016e-07
1.845039534993531e-07
2.346028424486335e-07
3.018821015233900e-07
3.901669559271896e-07
5.079857428616489e-07
6.640020799295048e-07
8.708568196333645e-07
1.144221491792472e-06
1.507483426776950e-06
1.990032436354832e-06
2.629727687257700e-06
3.478642132071228e-06
4.606669163040843e-06
6.103577873340326e-06
8.088812696163847e-06
1.072689176672458e-05
1.424038272020297e-05
1.888216064331544e-05
2.508116844696640e-05
3.327640465914347e-05
4.423735313095292e-05
5.862131049094116e-05
7.779520333544111e-05
1.031549271144807e-04
1.371271819534293e-04
1.820918009763849e-04
2.415780853468299e-04
3.209718177642341e-04
4.259646639867265e-04
5.654879823606512e-04
7.513193311913994e-04
9.947288995873556e-04
1.318668859063560e-03
1.745803893648770e-03
2.310604202811204e-03
3.053206321171802e-03
4.040592116208499e-03
5.335906849009950e-03
7.036595473867575e-03
9.260477984523455e-03
1.216977824647083e-02
1.595440474027542e-02
2.086076415657840e-02
2.718475178832677e-02
3.532748438207890e-02
4.572516820738393e-02
5.894477327962293e-02
7.562210040473850e-02
9.653169716375366e-02
1.225241220193328e-01
1.544504293923188e-01
1.930140646017674e-01
2.390738762842941e-01
2.928547438957868e-01
3.544641857778265e-01
4.234374631550299e-01
4.985923098911461e-01
5.780195170158399e-01
6.584857277357442e-01
7.362690750328292e-01
8.074843554721275e-01
8.685816068374496e-01
9.171989984223282e-01
9.526000949034854e-01
9.758281295735000e-01
9.895326915511545e-01
9.989781509333199e-01
###8.800000000000002e+00
1.601341264906192e-09
1.900249806487243e-09
2.535094037540856e-09
-1.311815111173501e-09
4.497073188641096e-09
6.183590766635153e-09
8.383273657354547e-09
1.103685309368623e-08
1.230163196625868e-08
4.846248260687432e-08
1.670508215617666e-08
1.993058001423437e-08
1.906182275918433e-08
1.934724410221450e-08
1.977297527649639e-08
2.044382443579376e-08
2.131746450333720e-08
2.236113985331957e-08
2.369165606713394e-08
2.522619093136455e-08
2.705696310230896e-08
2.930364219849310e-08
3.201959062752365e-08
3.539543666990811e-08
3.957527021177964e-08
4.477491809710729e-08
5.135956545909454e-08
5.999200976092620e-08
7.094032261043678e-08
8.527366016957153e-08
1.038183708880598e-07
1.280397266459512e-07
1.599008956056336e-07
2.019118394121176e-07
2.565155662431193e-07
3.299143146768542e-07
4.263370002362602e-07
5.549687781795438e-07
7.253186584249240e-07
9.511898486215366e-07
1.250020180040797e-06
1.647261569072618e-06
2.175163593927138e-06
2.875267097523273e-06
3.805277263937019e-06
5.041644026711952e-06
6.683715688319446e-06
8.862733468739982e-06
1.176113453267952e-05
1.562423994278249e-05
2.073149482521605e-05
2.755793227712211e-05
3.658951836374446e-05
4.867885661627438e-05
6.455545573513093e-05
8.573647288590670e-05
1.137713390643695e-04
1.513614172210533e-04
2.011377227205048e-04
2.670353088750385e-04
3.550416317866477e-04
4.714810823666625e-04
6.262876004079600e-04
8.325231640923566e-04
1.102747475805031e-03
1.462383465120696e-03
1.936554454293000e-03
2.563454736164622e-03
3.387346223211556e-03
4.482194693736457e-03
5.917497411694614e-03
7.800084488204637e-03
1.025882131270609e-02
1.347042417772538e-02
1.764151803626410e-02
2.303999604135364e-02
2.997786956730123e-02
3.888603888810629e-02
5.022891078124923e-02
6.459961472816070e-02
8.265196861060868e-02
1.051974348981083e-01
1.330820220221770e-01
1.671423835221614e-01
2.080301393172261e-01
2.565209228799781e-01
3.127332201330308e-01
3.765603449975142e-01
4.473342401181885e-01
5.236237766274848e-01
6.032673359421371e-01
6.828580647100416e-01
7.586061701128731e-01
8.267511609465283e-01
8.840479124119439e-01
9.286088496632251e-01
9.602083117125386e-01
9.803207487392992e-01
9.917576367864802e-01
9.992206296623684e-01
###9.200000000000003e+00
1.749724068223401e-09
2.052270182132915e-09
2.774921721953509e-09
-9.661865662697372e-10
4.868235020743559e-09
6.659340608355540e-09
9.014122796818129e-09
1.176848240801981e-08
1.309419517866287e-08
4.755858245403734e-08
1.771400485272697e-08
2.101326559541117e-08
2.028125710829380e-08
2.068788697423597e-08
2.123602839955162e-08
2.204239104127277e-08
2.305281134056393e-08
2.425459080216948e-08
2.575385453178221e-08
2.748304776853590e-08
2.953931269349611e-08
3.204167286812136e-08
3.506010749809570e-08
3.879283110134687e-08
4.340100275602237e-08
4.913937744109523e-08
5.638938357300649e-08
6.583279294016260e-08
7.783728156412192e-08
9.350544644977295e-08
1.137788048964835e-07
1.402476000788554e-07
1.750444836525594e-07
2.209073452997151e-07
2.804678417139722e-07
3.605643614797532e-07
4.658631187086252e-07
6.063720548190646e-07
7.924840921445840e-07
1.039213819059554e-06
1.365942019729468e-06
1.800664183925920e-06
2.378355238816160e-06
3.145148529006053e-06
4.164163967199830e-06
5.519790835388711e-06
7.322149715239459e-06
9.715023198383978e-06
1.290115527042825e-05
1.715037053070637e-05
2.277220831615765e-05
3.029137318151750e-05
4.024816422836698e-05
5.358444440966300e-05
7.111564191440883e-05
9.451803542747116e-05
1.255398436308661e-04
1.671040867340784e-04
2.222198379785945e-04
2.952049916215266e-04
3.927378930025427e-04
5.218455325850500e-04
6.935252739916854e-04
9.222987042037530e-04
1.222091469074534e-03
1.621092614479355e-03
2.147008417419047e-03
2.842104358956122e-03
3.755162808148718e-03
4.967685176334766e-03
6.555847009779499e-03
8.636461427056367e-03
1.135054139816130e-02
1.488953415379255e-02
1.947804505835131e-02
2.540515052108276e-02
3.300018226446526e-02
4.272467342030929e-02
5.507002734058879e-02
7.064972938371791e-02
9.014579098777957e-02
1.143923935179566e-01
1.442224337530520e-01
1.804527461895358e-01
2.236750300437779e-01
2.745755985823743e-01
3.331296938139006e-01
3.990336543808712e-01
4.714004500897050e-01
5.485450666245969e-01
6.280894464872158e-01
7.064745473870132e-01
7.799047588987473e-01
8.447802324954226e-01
8.982181760768327e-01
9.388083186134298e-01
9.668246135331626e-01
9.841055985178587e-01
9.935693245600629e-01
9.994108982735921e-01
###9.600000000000003e+00
1.902309855987708e-09
2.185987164194345e-09
3.022255813097262e-09
-6.113039307240107e-10
5.260133912331304e-09
7.161262871157174e-09
9.657976316044659e-09
1.254372784907615e-08
1.399216387456044e-08
4.680039580500102e-08
1.877397640690391e-08
2.211024585919459e-08
2.155922848744103e-08
2.209925675147784e-08
2.277895243927432e-08
2.372888350717602e-08
2.489269365089602e-08
2.627015618202352e-08
2.794909834152171e-08
2.989013860725880e-08
3.219258222004867e-08
3.497485325546801e-08
3.832591523585876e-08
4.246124579842874e-08
4.753189054448282e-08
5.384380384916387e-08
6.182645497048590e-08
7.216508507772045e-08
8.532109894604648e-08
1.024545504720461e-07
1.245998655343074e-07
1.535511729658353e-07
1.915480447831328e-07
2.416232595105551e-07
3.065994462234314e-07
3.940584188964926e-07
5.090818691282849e-07
6.627371372445427e-07
8.660102049375313e-07
1.135378968447175e-06
1.493109183905986e-06
1.968804678805741e-06
2.601332570101149e-06
3.441595799622418e-06
4.558716980694578e-06
6.045745201363750e-06
8.024703551665192e-06
1.065377248846057e-05
1.415682076757925e-05
1.883235773515508e-05
2.502274044307185e-05
3.330802609545614e-05
4.428786610230133e-05
5.900381086389619e-05
7.836540909237007e-05
1.042259182006273e-04
1.385731389551694e-04
1.845163401914861e-04
2.455228831225936e-04
3.263657481955053e-04
4.344382507589388e-04
5.775287162557223e-04
7.678247870451837e-04
1.021473853860503e-03
1.353856230351746e-03
1.796204962707001e-03
2.378889152134982e-03
3.148832668403051e-03
4.159498675129717e-03
5.500682571419373e-03
7.255548974303905e-03
9.551650456165215e-03
1.254228084755330e-02
1.643517572233833e-02
2.147340776122060e-02
2.796735181085808e-02
3.626422881343985e-02
4.685788926442001e-02
6.026160439382728e-02
7.711316496618771e-02
9.812617963731834e-02
1.241241123467220e-01
1.559461673597609e-01
1.943798190750705e-01
2.399350511559217e-01
2.932004127661176e-01
3.539990927513020e-01
4.218213993539224e-01
4.955556873265561e-01
5.732779562204757e-01
6.524036771632098e-01
7.292725564055265e-01
8.001160112482797e-01
8.615702178375126e-01
9.111269697221166e-01
9.478712397960072e-01
9.725359288671294e-01
9.872677441130365e-01
9.950303391775410e-01
9.995626355381145e-01
###1.000000000000000e+01
2.066674562457909e-09
2.396138706934942e-09
3.278454325010192e-09
-2.395182122129353e-10
5.685584359247534e-09
7.698470807319761e-09
1.033575370636144e-08
1.336913377039482e-08
1.494543431913018e-08
4.618127572674692e-08
1.988522445947515e-08
2.300260935373630e-08
2.290035126834804e-08
2.358364863355033e-08
2.440906389332166e-08
2.551513138441317e-08
2.684587346406020e-08
2.840767173712501e-08
3.029009160693317e-08
3.246626343035344e-08
3.503197411941013e-08
3.812105370648122e-08
4.183342736022670e-08
4.642883949282292e-08
5.198848485706048e-08
5.893816096633389e-08
6.771124846315419e-08
7.902950609688897e-08
9.344535561006414e-08
1.121808689070801e-07
1.364006702087949e-07
1.680482129885695e-07
2.095526398808430e-07
2.642446128052857e-07
3.351881219384275e-07
4.306931792080102e-07
5.564162337030298e-07
7.244677776460462e-07
9.465201664401385e-07
1.241096254215635e-06
1.632063154266203e-06
2.153321578339388e-06
2.846279538299205e-06
3.767351864088688e-06
4.992508128727509e-06
6.624602692690977e-06
8.798026153312446e-06
1.168782634391495e-05
1.554073689659464e-05
2.068715091097173e-05
2.750635216919578e-05
3.663895399679304e-05
4.874958316923375e-05
6.499190051162808e-05
8.637594227929769e-05
1.149587571503215e-04
1.529693201077404e-04
2.037689307901557e-04
2.712905353033650e-04
3.608077398728156e-04
4.804995054544090e-04
6.390201108082693e-04
8.498542690570199e-04
1.130910716597209e-03
1.499163083231799e-03
1.989009249858970e-03
2.634128523728269e-03
3.486031349650567e-03
4.603431279687462e-03
6.084929774727263e-03
8.021120427770912e-03
1.055108279411899e-02
1.384123116728363e-02
1.811611352225940e-02
2.363716526903006e-02
3.073823174800734e-02
3.978454607183330e-02
5.129832062695436e-02
6.582003355991030e-02
8.400428157342131e-02
1.065859450743327e-01
1.343968423324201e-01
1.682584011536863e-01
2.089134772302400e-01
2.567903779524882e-01
3.123642477303700e-01
3.752988659253627e-01
4.448613712765094e-01
5.197222779679139e-01
5.977353638449808e-01
6.761338082507157e-01
7.511920038531165e-01
8.192211976619705e-01
8.771260261341499e-01
9.228224614789707e-01
9.558701243862342e-01
9.774268503153841e-01
9.898846835196750e-01
9.961959619303702e-01
9.996747884420281e-01
###1.040000000000000e+01
2.233251349259140e-09
2.576907249288137e-09
3.495666750676587e-09
1.161959354530574e-10
6.035061282602169e-09
8.148583510201314e-09
1.089081104860343e-08
1.403193502890839e-08
1.564592738649429e-08
4.549245577011974e-08
2.086014478104599e-08
2.388683734934666e-08
2.412930446572199e-08
2.496806546219491e-08
2.595393402685399e-08
2.722931656899137e-08
2.874345691040617e-08
3.050531547972397e-08
3.260782025325770e-08
3.502607725675439e-08
3.788976703077729e-08
4.131431055753466e-08
4.542226377844671e-08
5.049015654790909e-08
5.660886783077907e-08
6.425746843142679e-08
7.389488190153510e-08
8.627707095541661e-08
1.020641789438514e-07
1.225582963888343e-07
1.490444603179297e-07
1.836383996527359e-07
2.289832939343359e-07
2.887218057484238e-07
3.663054615154721e-07
4.706003774919065e-07
6.080881355981372e-07
7.918345537425494e-07
1.034517244402463e-06
1.356860781842370e-06
1.784762160977899e-06
2.355680489914802e-06
3.115021818652781e-06
4.125114918668164e-06
5.469400763691823e-06
7.261538442663625e-06
9.648930800366803e-06
1.282702705133319e-05
1.706478239463073e-05
2.273203283395182e-05
3.024531883137998e-05
4.031505126741591e-05
5.367492397346667e-05
7.160482162298346e-05
9.522355507949225e-05
1.268159195494423e-04
1.688724689750319e-04
2.250357594477566e-04
2.997578266329631e-04
3.988480403649877e-04
5.313690006739041e-04
7.069004632957503e-04
9.403447908732854e-04
1.251563243553608e-03
1.659210304365039e-03
2.201227168416046e-03
2.914696725775902e-03
3.856295198519842e-03
5.090115395609549e-03
6.724477334883725e-03
8.857607636379591e-03
1.164110191242789e-02
1.525501154523172e-02
1.994028778386907e-02
2.598046526164110e-02
3.372942382908465e-02
4.357231024328053e-02
5.606158329099535e-02
7.176230700565851e-02
9.133664138357696e-02
1.155445494407856e-01
1.452209131389403e-01
1.811566639688175e-01
2.240477989771335e-01
2.742243279688606e-01
3.320381976561659e-01
3.969717956934579e-01
4.680883233530213e-01
5.438302430305395e-01
6.218395121052539e-01
6.992036281815877e-01
7.721752708618881e-01
8.371919687894095e-01
8.914626833173916e-01
9.333532749492039e-01
9.628819895025634e-01
9.815841015856406e-01
9.920329265692943e-01
9.971170634361135e-01
9.997616830746916e-01
###1.080000000000000e+01
2.334896629558445e-09
2.671461469429841e-09
3.684789038011673e-09
3.571324600306634e-10
6.261877587518474e-09
8.423722343201561e-09
1.121124580128853e-08
1.438985482155023e-08
1.610607251730035e-08
4.458852013509443e-08
2.155930820218871e-08
2.472342940076632e-08
2.511078042568157e-08
2.612611713896771e-08
2.728362873461363e-08
2.874024129467852e-08
3.045301759706195e-08
3.242799360305835e-08
3.476789677596501e-08
3.745926518771842e-08
4.063361969943243e-08
4.441588767452674e-08
4.895028973170557e-08
5.452010685590606e-08
6.125845669205575e-08
6.966131574178825e-08
8.023939324250806e-08
9.379370830961033e-08
1.110823798771763e-07
1.334753570204950e-07
1.624380827071218e-07
2.002499272169436e-07
2.497955342684637e-07
3.150428704009351e-07
4.000483226839461e-07
5.139719496760254e-07
6.643298511403251e-07
8.651752228403966e-07
1.130643591351213e-06
1.483497766623069e-06
1.952198101600714e-06
2.577490507241427e-06
3.409831660337608e-06
4.517780153044971e-06
5.993470532297357e-06
7.962140611165028e-06
1.058547218513588e-05
1.408120473602993e-05
1.874298060486788e-05
2.498695951050825e-05
3.326701090497543e-05
4.437063251303939e-05
5.911093127928977e-05
7.890189680200775e-05
1.049950208580214e-04
1.399153398023877e-04
1.864213676355601e-04
2.485227975034428e-04
3.311912559548350e-04
4.408359653086190e-04
5.874912538840663e-04
7.817659224359682e-04
1.040117300281744e-03
1.384460450079977e-03
1.835304888461482e-03
2.434521436567679e-03
3.222810075291346e-03
4.262174772112008e-03
5.623032062076609e-03
7.423573915531221e-03
9.770486892947664e-03
1.282813849912936e-02
1.679066935199273e-02
2.191768230709970e-02
2.851263319732402e-02
3.695229073732367e-02
4.764054564999922e-02
6.115973047370708e-02
7.809744094222758e-02
9.912276183020369e-02
1.250179980307804e-01
1.566021171695691e-01
1.946381215966608e-01
2.397703044786319e-01
2.922277979977544e-01
3.521761416990576e-01
4.189632082169505e-01
4.914275134924607e-01
5.677924725893303e-01
6.455139220325919e-01
7.215506661583251e-01
7.921724672572872e-01
8.540105407486205e-01
9.046082575033266e-01
9.427771686941244e-01
9.689850960964917e-01
9.850899709080948e-01
9.937791999805071e-01
9.978368804944425e-01
9.998261262187658e-01
###1.120000000000000e+01
2.434771399488195e-09
2.797139662845332e-09
3.837985588176776e-09
5.966701542599727e-10
6.492265803626863e-09
8.714023794189937e-09
1.153405838977545e-08
1.475592815287307e-08
1.657853006733229e-08
4.376801284480103e-08
2.226849892145706e-08
2.556906503024717e-08
2.611473022572793e-08
2.730616352898072e-08
2.864858562486448e-08
3.029863114383993e-08
3.221807586705733e-08
3.442549117790117e-08
3.701931598224451e-08
4.000399747196320e-08
4.351150730587584e-08
4.768231712307418e-08
5.267575446315997e-08
5.879352742560532e-08
6.620367902006797e-08
7.542719056001479e-08
8.703187642022503e-08
1.018638222868642e-07
1.207860700714104e-07
1.452612810403633e-07
1.769214903501007e-07
2.177171099074455e-07
2.724055559536652e-07
3.436885974836109e-07
4.368030427723273e-07
5.612790507470170e-07
7.257524320288938e-07
9.453899025088483e-07
1.235879916441846e-06
1.622255962312323e-06
2.135820494475822e-06
2.820887778735969e-06
3.732679765492120e-06
4.949454350845349e-06
6.569735095148339e-06
8.732842772628672e-06
1.161638286961630e-05
1.546230479157263e-05
2.059273168830071e-05
2.747293591339065e-05
3.659911641231293e-05
4.884545660487770e-05
6.511169407952447e-05
8.695797629104490e-05
1.157848673609985e-04
1.543768453932656e-04
2.057838263031375e-04
2.744485010759995e-04
3.658714315010038e-04
4.871598727493196e-04
6.493845153307488e-04
8.642458510507990e-04
1.149949008712160e-03
1.530637977200405e-03
2.028878525253980e-03
2.690667410941365e-03
3.560712635574325e-03
4.706722464434480e-03
6.205746133025514e-03
8.186635306918318e-03
1.076502259615714e-02
1.411853279050109e-02
1.845605630948089e-02
2.405765591509816e-02
3.124557074856242e-02
4.041902647029542e-02
5.200313074458638e-02
6.660695241061067e-02
8.483788823345693e-02
1.073732757010748e-01
1.350118206274137e-01
1.685431683974564e-01
2.087054395519651e-01
2.560662157985730e-01
3.107548507868941e-01
3.727376053796172e-01
4.412230357473984e-01
5.148204178738099e-01
5.915446128196471e-01
6.686805478035588e-01
7.431075193908778e-01
8.111535050817097e-01
8.696763542833128e-01
9.165916844315737e-01
9.511589189594962e-01
9.742607581563638e-01
9.880216817509176e-01
9.951858936230650e-01
9.983933876655817e-01
9.998772835485145e-01
###1.160000000000000e+01
2.532825290117696e-09
2.913067410661669e-09
3.976289436328669e-09
8.424483705597093e-10
6.726876091666352e-09
8.996101749233410e-09
1.185641836851360e-08
1.513163190703598e-08
1.705350434439727e-08
4.304412675444729e-08
2.298677553124224e-08
2.642616574263856e-08
2.713874344931784e-08
2.851531579644619e-08
3.005012503890727e-08
3.190478621544886e-08
3.398702889644121e-08
3.649956163713806e-08
3.936678501055688e-08
4.266618890535320e-08
4.653287496282038e-08
5.112058699606125e-08
5.661410262369345e-08
6.332505484771913e-08
7.146030053586650e-08
8.157448618883714e-08
9.429367714116976e-08
1.105229668555328e-07
1.312239169899479e-07
1.579654665431287e-07
1.925731261797805e-07
2.366753084899981e-07
2.969185399301456e-07
3.748458159195370e-07
4.768191965128863e-07
6.128870216089749e-07
7.928561069607963e-07
1.033080921753028e-06
1.351135092235212e-06
1.774245859177453e-06
2.337128958138278e-06
3.088037377876213e-06
4.087425051087331e-06
5.423929092473758e-06
7.203590352957260e-06
9.580745402486917e-06
1.275179797010627e-05
1.698421426573837e-05
2.263104115081229e-05
3.021292012498390e-05
4.027469388612583e-05
5.378114649788743e-05
7.173206342851557e-05
9.584653295802117e-05
1.276891935909819e-04
1.703334157549576e-04
2.271438773180197e-04
3.030484937775302e-04
4.041268931046915e-04
5.382164303128309e-04
7.175513307771421e-04
9.550863606631574e-04
1.270761231446267e-03
1.691373541578731e-03
2.241405333274062e-03
2.971620259512362e-03
3.930725648740799e-03
5.192931650384528e-03
6.842030018295787e-03
9.018358042784242e-03
1.184683605610622e-02
1.551942734098256e-02
2.025981303946592e-02
2.636909016226642e-02
3.418984003835003e-02
4.414114430848813e-02
5.667307391451320e-02
7.241639113981273e-02
9.199795088821679e-02
1.161009211606422e-01
1.455296003314219e-01
1.810477661563321e-01
2.233479380273119e-01
2.729166139631076e-01
3.297741417104842e-01
3.936828768317007e-01
4.636888541999500e-01
5.381933328586640e-01
6.150046404790598e-01
6.912661276975334e-01
7.638166587412630e-01
8.290856909176099e-01
8.841987462859279e-01
9.274550340052395e-01
9.585656990157994e-01
9.787889947117706e-01
9.904552131360000e-01
9.963092375536209e-01
9.988197959720405e-01
9.999147515860962e-01
###1.200000000000001e+01
2.645568458683560e-09
3.037250627437924e-09
4.124114267747912e-09
1.098911970799245e-09
6.974152849243997e-09
9.290987276470910e-09
1.219221239488008e-08
1.551509341321566e-08
1.754095707030753e-08
4.240082223448516e-08
2.371847953117987e-08
2.729507344966207e-08
2.818454141167624e-08
2.975681897894275e-08
3.149176127690276e-08
3.356312037232590e-08
3.588724668005968e-08
3.865608090404694e-08
4.181532782215163e-08
4.545261300864278e-08
4.970512744623511e-08
5.474563319496361e-08
6.077668323877338e-08
6.812905350716394e-08
7.705438506606327e-08
8.813795912493617e-08
1.020616144953490e-07
1.198139686072240e-07
1.424591138399939e-07
1.716807683764787e-07
2.095033000979518e-07
2.579594369133801e-07
3.235593081613271e-07
4.087718689983845e-07
5.204182531278800e-07
6.692280558833677e-07
8.661586190959374e-07
1.129086890450617e-06
1.477302509558246e-06
1.940831980054824e-06
2.557934365436918e-06
3.381301355040093e-06
4.477917618305840e-06
5.945582514700496e-06
7.900985749962531e-06
1.051434991093517e-05
1.400198810156431e-05
1.866085417536081e-05
2.487978294985975e-05
3.323399653671866e-05
4.432761560380340e-05
5.922323460127846e-05
7.903257582191422e-05
1.056508382210046e-04
1.408202713759122e-04
1.879291643169280e-04
2.506948961901308e-04
3.345776863862548e-04
4.462697170703795e-04
5.944460473526153e-04
7.925977940071406e-04
1.054986858870857e-03
1.403553670900446e-03
1.867833400929324e-03
2.474558933657119e-03
3.279398018952081e-03
4.335540226217876e-03
5.723910673692892e-03
7.535860828991634e-03
9.923584196093837e-03
1.302213042466777e-02
1.703793155852574e-02
2.221116303327906e-02
2.886289631300683e-02
3.735597792902175e-02
4.812827214234820e-02
6.166429571973259e-02
7.860125419117354e-02
9.958968714343285e-02
1.253128555371971e-01
1.565704785164388e-01
1.941081924905066e-01
2.385539085820985e-01
2.903019809865375e-01
3.492397816187833e-01
4.149482672855471e-01
4.862968307016652e-01
5.614654473927589e-01
6.380940808969144e-01
7.132103714810725e-01
7.836315994477870e-01
8.459473178920927e-01
8.975852369341590e-01
9.372469438915380e-01
9.650684940606969e-01
9.826428173439264e-01
9.924523234511515e-01
9.971888291643864e-01
9.991332526658122e-01
9.999473496885615e-01
###1.240000000000001e+01
2.740330111456983e-09
3.161832919715568e-09
4.283811578012978e-09
1.354127507000843e-09
7.231181701883878e-09
9.593016518958997e-09
1.253173642913155e-08
1.590359143469843e-08
1.803570206294068e-08
4.184040676044257e-08
2.446215733598591e-08
2.817889921787140e-08
2.925614787664063e-08
3.102895668786742e-08
3.297732087821526e-08
3.527619529900438e-08
3.785684375897232e-08
4.089871920317769e-08
4.437165493604759e-08
4.836830616386177e-08
5.303603155475326e-08
5.856226542530395e-08
6.495520611042915e-08
7.321493629265951e-08
8.268459440099860e-08
9.513785161828424e-08
1.103788428682022e-07
1.297870579083106e-07
1.545579928724727e-07
1.864942964937913e-07
2.278310747549143e-07
2.810040789867801e-07
3.525169866007878e-07
4.457026243282971e-07
5.679716364369971e-07
7.307373651407023e-07
9.462941187206598e-07
1.234071725129516e-06
1.615490720608252e-06
2.123478479584421e-06
2.800242866895989e-06
3.703364989788987e-06
4.907600834888744e-06
6.519140222170676e-06
8.668206275190451e-06
1.154166093655091e-05
1.537869290918683e-05
2.050758318326841e-05
2.736067770548996e-05
3.656454796511789e-05
4.879583706643351e-05
6.522576440507231e-05
8.708277347705742e-05
1.164626231739631e-04
1.552980667466683e-04
2.073211434757530e-04
2.766569059198909e-04
3.693153323365902e-04
4.926811186474564e-04
6.564456118887608e-04
8.751329618581668e-04
1.164755857115612e-03
1.549363858220275e-03
2.061348860157075e-03
2.729924090587423e-03
3.616105395922603e-03
4.777842793850876e-03
6.303315825723284e-03
8.291477233253228e-03
1.090761895034089e-02
1.429707731231725e-02
1.868147722565472e-02
2.431785512832913e-02
3.154817974678253e-02
4.075499289541461e-02
5.239623092417793e-02
6.698614797783832e-02
8.517290818135238e-02
1.076242597287129e-01
1.350180869517476e-01
1.681446605258384e-01
2.077235244377780e-01
2.543090293266810e-01
3.081947361386244e-01
3.691253443898826e-01
4.364905924747837e-01
5.089745849009600e-01
5.845702568556490e-01
6.607491529950202e-01
7.344454278913192e-01
8.025139507174206e-01
8.617346876060045e-01
9.098654667827212e-01
9.460172795155449e-01
9.707379512646893e-01
9.859018917201631e-01
9.940842628568515e-01
9.978878293873381e-01
9.993806392587790e-01
9.999583022037529e-01
###1.280000000000001e+01
2.862485668680277e-09
3.294144333092941e-09
4.435863592973863e-09
1.605047617305215e-09
7.487796208384169e-09
9.906579823498288e-09
1.288627113395964e-08
1.630688919837980e-08
1.854672955446237e-08
4.135443047710502e-08
2.522033520031687e-08
2.908443523032457e-08
3.035408317542671e-08
3.233707152824336e-08
3.451025099186124e-08
3.704655557531560e-08
3.989715311068107e-08
4.323059469806936e-08
4.703924004337407e-08
5.141939224532615e-08
5.653373140692789e-08
6.258363821186978e-08
6.962499438128158e-08
7.861052044681290e-08
8.901717887800422e-08
1.026031961083017e-07
1.192755615151913e-07
1.404972391275300e-07
1.675766937516539e-07
2.024789110793637e-07
2.476692983830799e-07
3.059751717440266e-07
3.839850744374363e-07
4.858933293038746e-07
6.197859598356404e-07
7.978817668630878e-07
1.033912085676884e-06
1.348983738635571e-06
1.766859782803735e-06
2.323770028958638e-06
3.065997704521799e-06
4.057054800465370e-06
5.379594872342401e-06
7.149847277063167e-06
9.512451421488023e-06
1.267249630739003e-05
1.689481695526452e-05
2.254166332935015e-05
3.009320340360492e-05
4.023468138965152e-05
5.372070176227798e-05
7.184188803758098e-05
9.595813479406765e-05
1.283798680561264e-04
1.712510977397689e-04
2.286895458159125e-04
3.052467444009459e-04
4.075476630412014e-04
5.437600622575364e-04
7.246030265601736e-04
9.658509775471180e-04
1.285305786719094e-03
1.709341067280886e-03
2.273354573314971e-03
3.009369098443959e-03
3.984085190579685e-03
5.260536254132854e-03
6.934591641362515e-03
9.113337626644078e-03
1.197596372308552e-02
1.567824846524064e-02
2.045795070149492e-02
2.658888367966700e-02
3.443475131467334e-02
4.439948657968795e-02
5.695798523714407e-02
7.265232244348632e-02
9.214358285477658e-02
1.161103010170799e-01
1.452227532016280e-01
1.802550728028753e-01
2.218911427912623e-01
2.705985684696588e-01
3.265652234675356e-01
3.893804182770985e-01
4.582485103598102e-01
5.316682061723138e-01
6.074364643271136e-01
6.828926570352866e-01
7.549160529649013e-01
8.204280964837289e-01
8.764422826220335e-01
9.210680429505000e-01
9.538278739739325e-01
9.756489564672696e-01
9.886345450505080e-01
9.954026955779784e-01
9.984239893522197e-01
9.995562824664601e-01
1.000001865887511e+00
###1.320000000000001e+01
2.935359075825943e-09
3.412189224514507e-09
4.606494476298920e-09
1.875396170126774e-09
7.749433632634546e-09
1.022395128603021e-08
1.324917249787680e-08
1.671894158298317e-08
1.907065117086383e-08
4.094395463893643e-08
2.599546657458903e-08
3.001268950770474e-08
3.148072936472562e-08
3.368552087554261e-08
3.609088273695153e-08
3.887803864019126e-08
4.201431920305003e-08
4.567048122885528e-08
4.982492633461706e-08
5.461642785721881e-08
6.021031699668382e-08
6.682263077200291e-08
7.456098351014217e-08
8.433396647332633e-08
9.578013424074094e-08
1.105710433080622e-07
1.288001127743183e-07
1.519984996093234e-07
1.815987173711990e-07
2.197306568425718e-07
2.691344914412993e-07
3.330344680457702e-07
4.182131783766465e-07
5.296839924474795e-07
6.762832508177032e-07
8.712026446417004e-07
1.129695038334634e-06
1.474769828992039e-06
1.932751062488780e-06
2.543442652424161e-06
3.357797259328642e-06
4.445476472052101e-06
5.898596249301114e-06
7.843126310710412e-06
1.044060988687225e-05
1.391685009445840e-05
1.856368203422335e-05
2.478215498600168e-05
3.310334105936299e-05
4.427737289809055e-05
5.914569474540125e-05
7.913298227699031e-05
1.057348091379142e-04
1.415101056782821e-04
1.888271645948511e-04
2.522196567635157e-04
3.367059277003196e-04
4.496299227986973e-04
5.999078699540870e-04
7.994779212085206e-04
1.065449346282896e-03
1.417468276643358e-03
1.884605447191468e-03
2.505493813866752e-03
3.314931210009616e-03
4.385839756733896e-03
5.786739076467836e-03
7.621573745595496e-03
1.000627487656612e-02
1.313451898565242e-02
1.717220724329298e-02
2.237562844563390e-02
2.903381454802543e-02
3.753429133886266e-02
4.830009940885219e-02
6.182781912927135e-02
7.867866395360476e-02
9.952768054980593e-02
1.250609532030023e-01
1.559325112937492e-01
1.928975386206552e-01
2.365962240155436e-01
2.874016774683809e-01
3.453839890514358e-01
4.099642928021291e-01
4.801653033355047e-01
5.543050892246635e-01
6.299998694329090e-01
7.044708388642332e-01
7.745760792485243e-01
8.373563303802006e-01
8.900794145066628e-01
9.312325107849970e-01
9.607391133296571e-01
9.798702254015857e-01
9.909028378786211e-01
9.964502229682781e-01
9.988188753974349e-01
9.996700195076433e-01
1.000001865887511e+00
###1.360000000000001e+01
3.053470565716658e-09
3.542128263937386e-09
4.780475244868361e-09
2.152490609818892e-09
8.012691663855135e-09
1.054593193072559e-08
1.362169232268773e-08
1.714573861490707e-08
1.961031681864566e-08
4.060689719249031e-08
2.679220274257737e-08
3.095690817923043e-08
3.263810067545014e-08
3.506943954409681e-08
3.772269565089318e-08
4.077473241585059e-08
4.421209958501277e-08
4.819875625994850e-08
5.273707797540725e-08
5.796685278842705e-08
6.407128323077066e-08
7.129247013449961e-08
7.977762811312042e-08
9.040302716003595e-08
1.029743276442348e-07
1.190808280757205e-07
1.390130706157966e-07
1.643598416687978e-07
1.967006206148555e-07
2.383666722007739e-07
2.923672360603082e-07
3.623955387012505e-07
4.553974433084908e-07
5.773509592417680e-07
7.378976226007487e-07
9.513337014458748e-07
1.234441972441000e-06
1.612427947663824e-06
2.114495232015220e-06
2.784317640979066e-06
3.677969204615392e-06
4.872180910418234e-06
6.468712724171778e-06
8.605706347009809e-06
1.146191351514646e-05
1.528604558155034e-05
2.040128283113927e-05
2.724906687392292e-05
3.641812537244610e-05
4.872974111858247e-05
6.512226624651816e-05
8.715284538061273e-05
1.165034372709604e-04
1.559686423268121e-04
2.081962242660811e-04
2.781141220866920e-04
3.713225599660549e-04
4.958799324039283e-04
6.616023978090282e-04
8.816510704986356e-04
1.174667729147290e-03
1.562342686574904e-03
2.076481669431673e-03
2.759243071575527e-03
3.648596526279860e-03
4.824008895991058e-03
6.359620902078194e-03
8.368107868359495e-03
1.097484148816251e-02
1.438880322709323e-02
1.878630951484508e-02
2.444200889990312e-02
3.166231184820204e-02
4.085633092117589e-02
5.246909162248688e-02
6.701370812522549e-02
8.507212733694594e-02
1.073316777598425e-01
1.344790132297046e-01
1.671522203818706e-01
2.060753874220858e-01
2.518254461360264e-01
3.046953114008010e-01
3.646088984878333e-01
4.308288546245461e-01
5.021880064429944e-01
5.768152724004004e-01
6.521813938607600e-01
7.254150172806394e-01
7.933812177438880e-01
8.532767104447206e-01
9.026626967751933e-01
9.404040585193677e-01
9.668192436591231e-01
9.834753627003441e-01
9.927788844263974e-01
9.972877876436882e-01
9.991345185497050e-01
9.997684973211267e-01
1.000001865887511e+00
###1.400000000000001e+01
3.167882504672848e-09
3.674308005020263e-09
4.949939851561128e-09
2.426656047903688e-09
8.292728066666439e-09
1.087005250665345e-08
1.400072200069048e-08
1.758395994761055e-08
2.016413637419084e-08
4.034217842015591e-08
2.761390708869252e-08
3.192329402169977e-08
3.382960293175079e-08
3.649754810850925e-08
3.940985876093622e-08
4.274007139850463e-08
4.649553298482680e-08
5.085181502204339e-08
5.577613430653901e-08
6.147774227842516e-08
6.813285435421234e-08
7.600698721789378e-08
8.529488354850951e-08
9.684279746308109e-08
1.106235916940829e-07
1.281653788200727e-07
1.499445633701727e-07
1.776267525071141e-07
2.129614025655547e-07
2.584900217527155e-07
3.175229306029991e-07
3.942225143828338e-07
4.958148029206749e-07
6.292718969213125e-07
8.050772066193590e-07
1.038769824464023e-06
1.348617286408964e-06
1.763184806826424e-06
2.313502760620765e-06
3.048483756795529e-06
4.029381923990815e-06
5.340787277885869e-06
7.095293333354109e-06
9.443950045766225e-06
1.258573085820123e-05
1.679287361351520e-05
2.242321507570812e-05
2.996418435903507e-05
4.006562024459522e-05
5.363288778710679e-05
7.170182215057764e-05
9.597889564191226e-05
1.283594154785302e-04
1.718841773176857e-04
2.294987067028715e-04
3.065856606008713e-04
4.093677035766308e-04
5.466765668439150e-04
7.293169716381036e-04
9.717993509422227e-04
1.294374536069443e-03
1.720968350046613e-03
2.286299300033567e-03
3.036473134539602e-03
4.012515505932773e-03
5.301142825451645e-03
6.982654101347031e-03
9.178543111476511e-03
1.202423341770706e-02
1.574442308185669e-02
2.052779110684676e-02
2.666576795687800e-02
3.448344735659935e-02
4.441286541310527e-02
5.691670774154704e-02
7.252829168549246e-02
9.184590118603905e-02
1.155684849870821e-01
1.443736454865153e-01
1.788824607519099e-01
2.197793821624917e-01
2.675801881397732e-01
3.224567982032878e-01
3.842077750080467e-01
4.519278790526812e-01
5.242510598253797e-01
5.991396728789444e-01
6.739196777389554e-01
7.456672216019907e-01
8.112969941704130e-01
8.681812164265745e-01
9.142112374483000e-01
9.486305920281451e-01
9.721313840473282e-01
9.865309463192853e-01
9.943143809581587e-01
9.979473245269681e-01
9.993735566830639e-01
9.998399704335903e-01
1.000001865887511e+00
###1.440000000000001e+01
3.284779178644714e-09
3.816667786950030e-09
5.116532334206901e-09
2.710074307306382e-09
8.592988661056849e-09
1.120329614282809e-08
1.439278172788631e-08
1.803491058745449e-08
2.072787582032516e-08
4.015049056117426e-08
2.845305588555028e-08
3.291499894653769e-08
3.505527807051131e-08
3.796930828015576e-08
4.115172169110667e-08
4.477633499447654e-08
4.886653179635662e-08
5.360150073995407e-08
5.895529446468759e-08
6.515991755909050e-08
7.240355013684983e-08
8.098434785250951e-08
9.113133928551525e-08
1.036813857523418e-07
1.187678311664009e-07
1.378704559948501e-07
1.616523435578526e-07
1.918732780066734e-07
2.304702703167636e-07
2.802216971582417e-07
3.447628434432371e-07
4.287400747065640e-07
5.397641138976663e-07
6.857954777352266e-07
8.783892448569690e-07
1.134271526830507e-06
1.473984726968326e-06
1.928110545285118e-06
2.531589711696132e-06
3.338294456516390e-06
4.415001272651708e-06
5.855729911295886e-06
7.784080739880409e-06
1.036579563654394e-05
1.382126714172141e-05
1.845106613016541e-05
2.464913606988464e-05
3.295469593878088e-05
4.407816444498806e-05
5.902983495876593e-05
7.894300825023665e-05
1.056950857037221e-04
1.414025782605072e-04
1.893842126261969e-04
2.529194285504166e-04
3.378850157885733e-04
4.511484842210024e-04
6.024437673623549e-04
8.036051975426030e-04
1.070548800665993e-03
1.425429163358375e-03
1.894481032721150e-03
2.515435136685469e-03
3.338703505855413e-03
4.408983149331875e-03
5.820305641591408e-03
7.659379086199678e-03
1.005738709392361e-02
1.315981460999200e-02
1.720854997774535e-02
2.240419513565361e-02
2.905621008195081e-02
3.750819455201432e-02
4.821365748435400e-02
6.165508037083729e-02
7.838524871632785e-02
9.901349033928586e-02
1.242459184153092e-01
1.547505039329744e-01
1.911252214791138e-01
2.340035404596103e-01
2.838314186484677e-01
3.406591630196746e-01
4.041431891054428e-01
4.732053935111766e-01
5.462927444405689e-01
6.212034295730495e-01
6.951504974754781e-01
7.651787354129628e-01
8.282937552131966e-01
8.820706328972824e-01
9.247546397720700e-01
9.559692935815652e-01
9.767415197108664e-01
9.891018051699005e-01
9.955609348461069e-01
9.984613600347391e-01
9.995515912409325e-01
9.998906906735363e-01
1.000001865887511e+00
###1.480000000000001e+01
3.408045092879548e-09
3.955794763751133e-09
5.292901609514103e-09
2.988220844385485e-09
8.888627081759188e-09
1.154279829083024e-08
1.479807127410131e-08
1.850232294182814e-08
2.131591635584163e-08
4.002194862209166e-08
2.931598670937555e-08
3.393639686168048e-08
3.631887442695984e-08
3.948979421880717e-08
4.295300192533910e-08
4.688912241279483e-08
5.133518119650553e-08
5.646330824943981e-08
6.227747290517995e-08
6.902234448630604e-08
7.689869222510598e-08
8.623463529139571e-08
9.730648626464532e-08
1.109532071370867e-07
1.274403904444009e-07
1.482493648666830e-07
1.742017670418051e-07
2.071882355412161e-07
2.493609211627635e-07
3.037015886242944e-07
3.742799454278301e-07
4.661949490739539e-07
5.875712200940067e-07
7.474218070913076e-07
9.583927151096060e-07
1.238676163752587e-06
1.611100246679973e-06
2.108943411724751e-06
2.770900718177428e-06
3.656198211657184e-06
4.838470870162070e-06
6.421487592081850e-06
8.540732491375238e-06
1.137889251659108e-05
1.518055911506033e-05
2.027518220025015e-05
2.709886090473125e-05
3.624364703092053e-05
4.849022313933133e-05
6.496921380462703e-05
8.690989484571342e-05
1.163856291381842e-04
1.557434561459854e-04
2.086270501757997e-04
2.786530894191611e-04
3.722497784828472e-04
4.970009921884294e-04
6.635926683937499e-04
8.849990215259340e-04
1.178683807125249e-03
1.568806669021211e-03
2.084032062583033e-03
2.765591458099240e-03
3.668473423604829e-03
4.840620464034920e-03
6.384396685506069e-03
8.393389201110267e-03
1.100908679208540e-02
1.438722063780207e-02
1.878798478928296e-02
2.442312645550867e-02
3.162141430517111e-02
4.074486917229152e-02
5.227003805895659e-02
6.669693417905571e-02
8.459294025873988e-02
1.065831173789553e-01
1.333717282837379e-01
1.656155454826527e-01
2.038773230409257e-01
2.487410038767344e-01
3.005612615179736e-01
3.592687668643915e-01
4.243694356594617e-01
4.946059201398116e-01
5.682545018650382e-01
6.429525169304982e-01
7.158187416481343e-01
7.839099142036753e-01
8.443502453625493e-01
8.949581903596981e-01
9.343288766879323e-01
9.624743514861691e-01
9.807161562090340e-01
9.912479548393374e-01
9.965634975757915e-01
9.988575989761840e-01
9.996822272541668e-01
9.999260236460488e-01
1.000001865887511e+00
###1.520000000000001e+01
3.534634894230548e-09
4.092048051772147e-09
5.487510906881333e-09
3.273967279608875e-09
9.191747272103133e-09
1.189924707933364e-08
1.521040649849517e-08
1.898392197193329e-08
2.192610107594865e-08
3.996204698736369e-08
3.019497884345789e-08
3.498855259885437e-08
3.762287898901499e-08
4.106207547149124e-08
4.481245926564679e-08
4.908142571870582e-08
5.390207485846882e-08
5.944821271125805e-08
6.575598312973669e-08
7.307436284540629e-08
8.162322663287430e-08
9.177726566671951e-08
1.038432962088146e-07
1.186809327574318e-07
1.366753274079865e-07
1.593360238032213e-07
1.876377107998596e-07
2.236527442215846e-07
2.697126944547628e-07
3.290939183315051e-07
4.062594495884537e-07
5.068665673967099e-07
6.395786729808175e-07
8.145418070966984e-07
1.045636901450097e-06
1.352793139520643e-06
1.761095141756876e-06
2.306876845051666e-06
3.033301260435266e-06
4.004857921221204e-06
5.303159112904564e-06
7.042452893854514e-06
9.372111477129012e-06
1.249263826944235e-05
1.667458041508900e-05
2.228062459936733e-05
2.979198180606964e-05
3.986082441819038e-05
5.334491626303847e-05
7.149019991460051e-05
9.567138679299246e-05
1.281405420550876e-04
1.715066206315922e-04
2.297610317786335e-04
3.069121889915636e-04
4.099571383509810e-04
5.473017715643457e-04
7.306080080327648e-04
9.741458873957095e-04
1.296975699562086e-03
1.725495831251861e-03
2.290944072123098e-03
3.038402322625177e-03
4.026601565039868e-03
5.309755767279822e-03
6.996517711797250e-03
9.188980670023817e-03
1.203841723027388e-02
1.571236405617704e-02
2.048910697686265e-02
2.659233165782862e-02
3.437062940515654e-02
4.420541259356042e-02
5.659275710675948e-02
7.205224513794056e-02
9.116512646120116e-02
1.145634673844022e-01
1.429502364136813e-01
1.769711288146045e-01
2.171370763779819e-01
2.639745764700409e-01
3.177460182886686e-01
3.782517601676055e-01
4.448435541968558e-01
5.160796134414728e-01
5.900716123035208e-01
6.643105962969309e-01
7.358659663293590e-01
8.018192324898622e-01
8.594506721862963e-01
9.068526390451360e-01
9.429785156697837e-01
9.682039843525079e-01
9.841185874320362e-01
9.930245852342573e-01
9.973622983516528e-01
9.991597108536644e-01
9.997769345040509e-01
9.999502838239905e-01
1.000001865887511e+00
###1.560000000000001e+01
3.681493491616229e-09
4.255532025899488e-09
5.674308636433431e-09
3.577934580584776e-09
9.509155776308698e-09
1.226960448804315e-08
1.563940312745232e-08
1.947220480828119e-08
2.256552632104762e-08
3.996417419152787e-08
3.110610112264082e-08
3.607969015489857e-08
3.896956700143175e-08
4.268516099222660e-08
4.674629104147121e-08
5.136009599077196e-08
5.657402754363042e-08
6.256431491881943e-08
6.939576183407124e-08
7.732678240821247e-08
8.656781082378054e-08
9.762749455578191e-08
1.107616026722191e-07
1.268901964384022e-07
1.465100115546930e-07
1.711827396575615e-07
2.020573761149587e-07
2.413493316841364e-07
2.916549376632753e-07
3.565253570266771e-07
4.409031715720325e-07
5.510216402424612e-07
6.961842021849092e-07
8.876794203760304e-07
1.139939639728845e-06
1.477500215384714e-06
1.925206347766860e-06
2.523732950540830e-06
3.320799394295816e-06
4.387365107483455e-06
5.813347230266517e-06
7.724685930751681e-06
1.028557769600444e-05
1.371662137411713e-05
1.831710750564168e-05
2.448603570279645e-05
3.275379224904723e-05
4.383790401482140e-05
5.868327746557878e-05
7.866249462544846e-05
1.053013624554889e-04
1.410573032427574e-04
1.888184853366047e-04
2.529663878913558e-04
3.379130878923509e-04
4.513295564315937e-04
6.024402785922450e-04
8.039757905438190e-04
1.071665923646537e-03
1.426260811340151e-03
1.896562670165399e-03
2.516641747242819e-03
3.335411288259089e-03
4.415076187155812e-03
5.819339137969208e-03
7.660055562866946e-03
1.004986673520129e-02
1.315025448418558e-02
1.714218056610503e-02
2.231855133215483e-02
2.892052976139237e-02
3.731319765217810e-02
4.789765882120123e-02
6.119374954726391e-02
7.773207827381473e-02
9.810965259621925e-02
1.229641057716085e-01
1.529931010986334e-01
1.888146357440880e-01
2.308961836540008e-01
2.796920022024355e-01
3.353666468005135e-01
3.975745539576414e-01
4.655124467075334e-01
5.375634945862257e-01
6.116791038831119e-01
6.852259230980721e-01
7.552471148860975e-01
8.188756481877850e-01
8.735931555162766e-01
9.177773814750665e-01
9.507473131838189e-01
9.732221320411818e-01
9.870098292139641e-01
9.944836821148070e-01
9.979927307823245e-01
9.993874881143400e-01
9.998447247049731e-01
9.999667680212291e-01
1.000001865887511e+00
