# NLO BK equation solver 0.0-dev build  (build Feb 16 2026 17:52:53)
# Initial condition: MV model, Q_s0^2 = 0.00701898 GeV^2, \gamma = 1, coefficient of E inside Log is 1, x0=0.01, \Lambda_QCD = 0.241 GeV
# # LO Kernel RC:  Balitsky. NLO Kernel RC:  smallest dipole
# Nc=3, Nf=4
# Using RungeKutta method in K1
# Resumming double log
# Resumming single log, K_sub=0.65 resum rc: smallest
# BK K1 integration relative accuracy: 0.02# NLO BK as^2 terms: MC integration method: Vegas, points=1000000
# Kinematical constraint: none
# Target kinematical constraint: disabled

###1.000000000000000e-05
###1.160836920850890e+00
###100
###1.000000000000000e+00
###0.000000000000000e+00
2.269918962909574e-12
3.023546363450365e-12
4.026834976196858e-12
5.362293118397303e-12
7.139623892831918e-12
9.504662053216633e-12
1.265123801268210e-11
1.683692416537072e-11
2.240392906003773e-11
2.980681569613485e-11
3.964926358025008e-11
5.273281276746244e-11
7.012147808074863e-11
9.322737708920064e-11
1.239241737853005e-10
1.646973297047694e-10
2.188430445800442e-10
2.907315819636589e-10
3.861557040695619e-10
5.127915686444466e-10
6.808081736010123e-10
9.036729345666187e-10
1.199216114684276e-09
1.591036732636269e-09
2.110358743498866e-09
2.798480666321881e-09
3.710006969268560e-09
4.917108743818306e-09
6.515138843150657e-09
8.630028381612175e-09
1.142802465449352e-08
1.512850471415462e-08
2.002082646464017e-08
2.648647634225221e-08
3.502816032887458e-08
4.630799022665220e-08
6.119757471668276e-08
8.084367974768190e-08
1.067542332054919e-07
1.409108890724152e-07
1.859162319168096e-07
2.451861158351182e-07
3.232007491080677e-07
4.258321559590292e-07
5.607708232034377e-07
7.380809937137410e-07
9.709226075660912e-07
1.276488829842215e-06
1.677222089916331e-06
2.202389406983765e-06
2.890120516469391e-06
3.790041229729161e-06
4.966671171559392e-06
6.503801576469049e-06
8.510127739653587e-06
1.112642333778169e-05
1.453502760717651e-05
1.897146745066802e-05
2.473982959705356e-05
3.223216176362342e-05
4.195328163825174e-05
5.455241411866929e-05
7.086351181717632e-05
9.195662902750090e-05
1.192033908316015e-04
1.543604816587330e-04
1.996762477033398e-04
2.580270712230215e-04
3.330922785033108e-04
4.295791882952260e-04
5.535137666633494e-04
7.126175929232925e-04
9.167989423565226e-04
1.178795382548392e-03
1.515018165735071e-03
1.946665893412303e-03
2.501197687854506e-03
3.214285950621898e-03
4.132407505615832e-03
5.316281486963947e-03
6.845424669600142e-03
8.824171384189117e-03
1.138959526359140e-02
1.472186929016772e-02
1.905769594352447e-02
2.470750135420141e-02
3.207705694645369e-02
4.169395709468837e-02
5.423874125958872e-02
7.057906289170546e-02
9.180262984409904e-02
1.192398740581468e-01
1.544594533707099e-01
1.992079141360169e-01
2.552496176698467e-01
3.240487719554809e-01
4.062354064934032e-01
5.008399630402685e-01
6.044116841039793e-01
7.103898628805038e-01
###4.000000000000000e-01
-2.236569875798753e-11
5.205526076011545e-09
2.707035282145186e-11
4.985352641471419e-11
3.381784823057930e-11
1.330966817870098e-09
3.844753880228152e-11
4.423695546884769e-11
3.642961726271042e-11
6.319670257205276e-11
6.335470732833641e-11
8.117540050387989e-11
8.640394962822038e-11
1.198561509981078e-10
1.478154201028487e-10
1.941561709181338e-10
2.495673371376070e-10
3.273242723481708e-10
4.335330122051244e-10
5.667595653123688e-10
7.497985182245379e-10
9.879495577280413e-10
1.306661529532872e-09
1.728533259507311e-09
2.288286426932681e-09
3.029299565896528e-09
4.013844734515656e-09
5.314889448228295e-09
7.039968747200221e-09
9.328421396889486e-09
1.234786468872272e-08
1.635380016492904e-08
2.163963602110503e-08
2.864120373115717e-08
3.789100868151198e-08
5.009176418609956e-08
6.621113493016425e-08
8.748345211928950e-08
1.155450005819921e-07
1.525477836718705e-07
2.013219832702242e-07
2.655787073416443e-07
3.501709313758930e-07
4.615166444040646e-07
6.079239626575349e-07
8.003661450056331e-07
1.053214019372350e-06
1.385081260767064e-06
1.820255911105526e-06
2.391545836087771e-06
3.139367754149720e-06
4.118873268575879e-06
5.399484578967019e-06
7.075704961734187e-06
9.260039498854562e-06
1.211126511066059e-05
1.582750554025889e-05
2.067068426662120e-05
2.697185551667873e-05
3.515639442344654e-05
4.579671753356836e-05
5.958970248404433e-05
7.747382689513875e-05
1.006184088339658e-04
1.305588583011226e-04
1.692623685094850e-04
2.191732534904387e-04
2.835627392152460e-04
3.664819725735085e-04
4.735697068387227e-04
6.112711527414597e-04
7.885767916836572e-04
1.016599426454586e-03
1.310250887827203e-03
1.688146165998776e-03
2.174883003267237e-03
2.801772460047802e-03
3.611532414265122e-03
4.657048892609580e-03
6.009496422409835e-03
7.765580926226142e-03
1.004234506080645e-02
1.301075126188141e-02
1.688016300226722e-02
2.192797604143467e-02
2.852516865779903e-02
3.713915857609873e-02
4.836689361744390e-02
6.302743870601053e-02
8.212187165491255e-02
1.069426197652846e-01
1.389377784873365e-01
1.798372305328268e-01
2.313897319445546e-01
2.953708060777477e-01
3.730051008929281e-01
4.652495290733190e-01
5.725189925144804e-01
7.025773011811268e-01
9.544950461606672e-01
###8.000000000000000e-01
4.524303887930420e-12
5.163683070676121e-09
9.787475905363254e-11
4.152645552847657e-11
5.962197098488422e-11
1.329451934699076e-09
6.695835733613504e-11
9.344102330675859e-11
1.009285688672480e-10
1.040669535940417e-10
1.643109361496656e-10
1.258919811485527e-10
1.371655152428832e-10
1.597276516493338e-10
1.986702013316294e-10
2.379892238194683e-10
3.036231780526241e-10
3.827852104952078e-10
5.049984632716175e-10
6.298846875660371e-10
8.367010176914509e-10
1.092538424772011e-09
1.435844183946033e-09
1.892824647902335e-09
2.499390402932802e-09
3.297018989293157e-09
4.359485922300586e-09
5.762249520293057e-09
7.627981143044741e-09
1.010185879937952e-08
1.336278723190206e-08
1.769921078926944e-08
2.341776141591409e-08
3.099957982857288e-08
4.103404636939318e-08
5.421723315381152e-08
7.169306103571168e-08
9.473521321551037e-08
1.251374526503818e-07
1.652440009181161e-07
2.181239880722018e-07
2.878247715440415e-07
3.795701703808601e-07
5.004461453700271e-07
6.593618658990989e-07
8.683056545915135e-07
1.143018791949927e-06
1.503606279065152e-06
1.976335196271216e-06
2.598170112259609e-06
3.411853168609934e-06
4.478338842195257e-06
5.873313475712696e-06
7.701943101854339e-06
1.008212616947734e-05
1.319192556103127e-05
1.724771832186224e-05
2.253931591826201e-05
2.942842414582423e-05
3.838347833355146e-05
5.003874307145513e-05
6.515843548028881e-05
8.478909950542394e-05
1.102234203497138e-04
1.431777044272510e-04
1.858416658331622e-04
2.409218370851123e-04
3.121095551371678e-04
4.039210076982737e-04
5.229628107010992e-04
6.762971228853247e-04
8.742885698159567e-04
1.129507492517818e-03
1.459235543340803e-03
1.884880694990570e-03
2.434885713048914e-03
3.144952777752667e-03
4.065818276982400e-03
5.258303683122420e-03
6.805963554726846e-03
8.821054978822305e-03
1.144280282970026e-02
1.487322108423624e-02
1.935542334211303e-02
2.521289490281469e-02
3.288059695959265e-02
4.288985291033784e-02
5.591354538763133e-02
7.290047743554352e-02
9.497811665051401e-02
1.235634334398427e-01
1.601972527939025e-01
2.066120204003342e-01
2.644048353722243e-01
3.350087843466704e-01
4.190068321000708e-01
5.162924153040578e-01
6.253641407316290e-01
7.489104944161692e-01
9.619845574508061e-01
###1.200000000000000e+00
-4.558973773827243e-12
5.123151971670784e-09
9.138289012725733e-11
4.476683597865717e-11
5.709300024824546e-11
1.305022607934202e-09
9.027474554275367e-11
1.441434435335631e-10
1.342844215995745e-10
1.503036853462260e-10
2.000647476994043e-10
1.650871642777950e-10
1.716089250891764e-10
1.891110653407522e-10
2.474077878817472e-10
2.767926243915386e-10
3.517582548669963e-10
4.393131068164945e-10
5.717259507117717e-10
7.045082246154346e-10
9.292612748413918e-10
1.198266170057223e-09
1.572085757934622e-09
2.073651876663032e-09
2.723054948248395e-09
3.580887073152569e-09
4.726883411440955e-09
6.243950947249773e-09
8.259597790792722e-09
1.093355179553665e-08
1.446082053746194e-08
1.915638916495933e-08
2.534598083216642e-08
3.355129955025694e-08
4.442067600148844e-08
5.868917585649549e-08
7.761999826124846e-08
1.025885538126487e-07
1.355426030388865e-07
1.790186747554178e-07
2.363717115789937e-07
3.119872219985402e-07
4.115490878871739e-07
5.428100236641837e-07
7.153807255257954e-07
9.423424495037090e-07
1.240941457321406e-06
1.632953070995052e-06
2.146783125915478e-06
2.823891212084041e-06
3.709748376548159e-06
4.871503199202352e-06
6.392089462273145e-06
8.387484819323938e-06
1.098342471976833e-05
1.437773505090029e-05
1.880802087048976e-05
2.459432768898612e-05
3.213376666886155e-05
4.194233782148304e-05
5.472185025733825e-05
7.131539417345934e-05
9.289194038779531e-05
1.208789075460179e-04
1.571967867213674e-04
2.042931317974645e-04
2.651877651693453e-04
3.440238390609027e-04
4.458897569187464e-04
5.784086467634530e-04
7.495619592355480e-04
9.708835868793326e-04
1.257049680068182e-03
1.627882798946656e-03
2.107907220926542e-03
2.729393967089153e-03
3.535332096812493e-03
4.583309724488272e-03
5.943617665607167e-03
7.714009866424773e-03
1.002528386563511e-02
1.303957908164474e-02
1.699393879395618e-02
2.216732628166797e-02
2.893054426262497e-02
3.778712541249665e-02
4.933182860853404e-02
6.431332243402732e-02
8.379635225012233e-02
1.090043764893676e-01
1.414310297036803e-01
1.826236558346401e-01
2.341703814751354e-01
2.974632425925429e-01
3.732533572509531e-01
4.612880802180230e-01
5.601307408008569e-01
6.665336146418289e-01
7.809784537091321e-01
9.673317712674609e-01
###1.600000000000000e+00
-6.562073995682195e-11
5.113089714166332e-09
6.545188021511495e-11
5.073209938601117e-11
7.744434908378688e-12
1.309254582215066e-09
1.184420087382029e-10
1.806626396689008e-10
1.861542022737539e-10
1.924826131005428e-10
2.501489322287816e-10
1.744641984111184e-10
2.125134365489559e-10
2.540816496637233e-10
2.993551907182221e-10
3.320958789187328e-10
4.136562350629990e-10
4.929493674810162e-10
6.431716920113076e-10
7.966073539920311e-10
1.027516478478121e-09
1.322213724940631e-09
1.729275839682141e-09
2.266271651797276e-09
2.970654921269193e-09
3.898086198924211e-09
5.136980564626203e-09
6.776505055915995e-09
8.954437219108253e-09
1.184694139959826e-08
1.565764088660175e-08
2.074146635441517e-08
2.743783232917614e-08
3.633012800896516e-08
4.810653050367680e-08
6.356215881078922e-08
8.408086966493558e-08
1.111455164751533e-07
1.468653825668755e-07
1.940242894959105e-07
2.562388440010064e-07
3.383142573823721e-07
4.463827556323835e-07
5.889645570526545e-07
7.764451828716012e-07
1.023081627342293e-06
1.347756800957507e-06
1.774126984223074e-06
2.333024879297638e-06
3.070593976287953e-06
4.035635004066052e-06
5.302093291600531e-06
6.960087545264815e-06
9.139046208305740e-06
1.197244087927497e-05
1.568038594282754e-05
2.052367319600509e-05
2.685651036972715e-05
3.511493310690421e-05
4.586359413259018e-05
5.989712124292215e-05
7.812854539688551e-05
1.018732034074157e-04
1.327176750660715e-04
1.727838625986092e-04
2.248531332330599e-04
2.922657868513315e-04
3.797080787145232e-04
4.929121934809458e-04
6.406490036771657e-04
8.319828475786550e-04
1.079699977393972e-03
1.400970573556629e-03
1.818462526694354e-03
2.360280930348872e-03
3.062135520744066e-03
3.978033884288946e-03
5.170488190525410e-03
6.721491608483068e-03
8.743895625711593e-03
1.139168964731802e-02
1.484823645917009e-02
1.939138546343219e-02
2.533353251348952e-02
3.310015704571639e-02
4.326054544817068e-02
5.646436091660480e-02
7.355850377555988e-02
9.566859529187260e-02
1.241043619955316e-01
1.603790217515534e-01
2.059736560489416e-01
2.622585888442898e-01
3.302392005399609e-01
4.100146198324965e-01
5.004158376357770e-01
5.989177084191881e-01
7.013107385839418e-01
8.071721379209403e-01
9.717118326064830e-01
###2.000000000000000e+00
-1.008881464734247e-10
5.083710242801899e-09
5.343950376696165e-11
5.931315500819915e-11
4.787623589863749e-11
1.286085040623942e-09
1.646989423132275e-10
2.123659338288814e-10
2.248705223080346e-10
2.351168336985020e-10
2.825018407185951e-10
2.143156957295414e-10
2.499770116422821e-10
2.987679500122286e-10
3.514683829097938e-10
3.858772135696733e-10
4.541070118521692e-10
5.633723434258313e-10
7.143155203049030e-10
8.848258228341719e-10
1.132458421130136e-09
1.455153760387828e-09
1.893515958748936e-09
2.468356163834685e-09
3.233840480745468e-09
4.236079309534497e-09
5.575391362069387e-09
7.348154541677960e-09
9.702760384333354e-09
1.283385738702563e-08
1.695655679786818e-08
2.246308214161935e-08
2.970335869921199e-08
3.936346148498080e-08
5.211532905203908e-08
6.887157958595531e-08
9.110128109270784e-08
1.204438987804990e-07
1.591876641537220e-07
2.103521741026312e-07
2.778671743666658e-07
3.669755745636955e-07
4.843227784007872e-07
6.392451173750231e-07
8.430098767025710e-07
1.111153025964632e-06
1.464331352472606e-06
1.928304642045697e-06
2.536557641278088e-06
3.340242986993175e-06
4.392052839240667e-06
5.773226104630448e-06
7.582672672922854e-06
9.962907584459432e-06
1.305818598500406e-05
1.711174874447287e-05
2.241077607613838e-05
2.934779677426377e-05
3.840227909554851e-05
5.019247824688211e-05
6.561679877329664e-05
8.567365187580544e-05
1.118303744483748e-04
1.458546798995911e-04
1.901270066274247e-04
2.477610551995768e-04
3.224860288556810e-04
4.196147850409488e-04
5.456103625671714e-04
7.104842011106838e-04
9.243569308812900e-04
1.202202564144221e-03
1.563167560639655e-03
2.033522264860483e-03
2.645310326212684e-03
3.438783155485758e-03
4.478708897473958e-03
5.834511374870088e-03
7.601146699349300e-03
9.908585856010987e-03
1.293105268111138e-02
1.688443100165260e-02
2.207910027765896e-02
2.887469676596916e-02
3.774122800358273e-02
4.931658129898726e-02
6.430518116157195e-02
8.363228812899466e-02
1.084767960334423e-01
1.401978616145830e-01
1.802802667990401e-01
2.300810145303716e-01
2.906921970058109e-01
3.626572678330974e-01
4.454159122622650e-01
5.370175003642159e-01
6.341352456563144e-01
7.320627274748349e-01
8.298955744494653e-01
9.754680258248420e-01
###2.400000000000000e+00
-1.038195680622456e-10
5.032837111722535e-09
4.049668131946032e-11
7.826202609636024e-11
8.697895108626503e-11
1.292111309620394e-09
1.828938868154570e-10
1.824548167930726e-10
2.534125967898849e-10
2.818616011836896e-10
3.017881323214139e-10
2.253487740745410e-10
2.954318432342059e-10
3.569109071977932e-10
4.282231599080269e-10
4.435455579880713e-10
5.150787152071376e-10
6.330295215320224e-10
7.941006814151874e-10
9.834815473867591e-10
1.238061689703409e-09
1.597603797353985e-09
2.070015640676021e-09
2.689407520745926e-09
3.518481578456337e-09
4.602982756992438e-09
6.051105810636077e-09
7.970546168176494e-09
1.051789051650542e-08
1.390664869689984e-08
1.836647639994123e-08
2.433043061399388e-08
3.217402377743450e-08
4.264492093530442e-08
5.647179250911886e-08
7.463996510247621e-08
9.873171884807534e-08
1.305571302357582e-07
1.725917268070343e-07
2.281285282125847e-07
3.014151782124678e-07
3.981894682504614e-07
5.256774734532088e-07
6.940068044453342e-07
9.155855185324500e-07
1.207286554435985e-06
1.591601669859360e-06
2.096710305198833e-06
2.759019348947178e-06
3.635317260254565e-06
4.782236318431403e-06
6.289361267078684e-06
8.265302432696050e-06
1.086678701557096e-05
1.425085358243398e-05
1.868576958285171e-05
2.448857541549125e-05
3.209339761822929e-05
4.202842527623149e-05
5.497603116212763e-05
7.194471912961885e-05
9.403271841552893e-05
1.228805974250754e-04
1.605171402177977e-04
2.094320045003525e-04
2.733023019237362e-04
3.562393622841695e-04
4.642431166827289e-04
6.046280566874774e-04
7.888166480385895e-04
1.028182638652291e-03
1.339964217115557e-03
1.745770539496206e-03
2.275862476508218e-03
2.966701543942147e-03
3.863777675455183e-03
5.043295753249690e-03
6.582977152294253e-03
8.592021862488282e-03
1.121939563882397e-02
1.465977521325296e-02
1.916441183343096e-02
2.507459825252938e-02
3.280753123702881e-02
4.287137692954399e-02
5.597165349052979e-02
7.285667253999265e-02
9.452799380526281e-02
1.221958471037204e-01
1.572295985835600e-01
2.010484022710360e-01
2.548368074084744e-01
3.193897591928161e-01
3.946874164384582e-01
4.796283542669341e-01
5.715751643795581e-01
6.666469742468140e-01
7.599007117807391e-01
8.501316645734117e-01
9.787673821618709e-01
###2.800000000000000e+00
-9.240295751071334e-11
4.980502308116212e-09
9.049542213825409e-11
1.088738588875485e-10
1.230946500832557e-10
1.315860887864152e-09
2.175825908841726e-10
2.156076963682964e-10
2.952669869787060e-10
3.276153359394098e-10
3.469572749610705e-10
2.836462870145719e-10
3.394155297600265e-10
4.052737149686945e-10
4.827492154017637e-10
5.058472321254887e-10
5.847636338529632e-10
7.102320876845539e-10
8.823931211743521e-10
1.090120319353829e-09
1.363836094242654e-09
1.750434813276993e-09
2.267864513925615e-09
2.932997240989094e-09
3.827469035128288e-09
5.002410931202030e-09
6.569373521620985e-09
8.649314115296220e-09
1.140425044386335e-08
1.507276259451676e-08
1.989993215849433e-08
2.636245156085598e-08
3.487114845916446e-08
4.621561994120805e-08
6.120183982019711e-08
8.090723648197897e-08
1.070246130836879e-07
1.415511457406760e-07
1.871711398190153e-07
2.474620376295799e-07
3.270489093333880e-07
4.321899299020202e-07
5.707477421177947e-07
7.537255211418464e-07
9.947967971576277e-07
1.312208304178106e-06
1.730631840090225e-06
2.280756180688179e-06
3.002422057720824e-06
3.958193172156100e-06
5.209600508133739e-06
6.855099198968468e-06
9.014003645710524e-06
1.185919605643078e-05
1.556178246557644e-05
2.041769990977175e-05
2.677734784904957e-05
3.512098607832978e-05
4.603284110811222e-05
6.026413269964076e-05
7.895085839457099e-05
1.033006432974375e-04
1.351519257019058e-04
1.768229284324038e-04
2.309310239859712e-04
3.017772457666910e-04
3.939263767372591e-04
5.141601942717379e-04
6.707343339194935e-04
8.766449226297561e-04
1.144689399567366e-03
1.494710517617273e-03
1.951140632836905e-03
2.548477380283647e-03
3.328282233059446e-03
4.342135501492072e-03
5.678366025032715e-03
7.424127972720520e-03
9.704134925527642e-03
1.268736832429979e-02
1.659239484778351e-02
2.170539217833709e-02
2.840401860679806e-02
3.715283153671635e-02
4.851095664631730e-02
6.323805274594003e-02
8.213122802454044e-02
1.062391484784813e-01
1.367944129845078e-01
1.751441217360244e-01
2.226092836350448e-01
2.801600500388127e-01
3.482630854844236e-01
4.263262170042804e-01
5.127715490406816e-01
6.044067193654779e-01
6.969486898944709e-01
7.853860835820652e-01
8.683412979424527e-01
9.816878138534145e-01
###3.200000000000000e+00
-5.132503813808432e-11
4.971356903425893e-09
9.741694207678134e-11
1.291239666510879e-10
1.365978019710640e-10
1.329726970533024e-09
2.625508519848129e-10
2.211283936570199e-10
3.453398451537116e-10
3.787760153276763e-10
3.952571701469333e-10
3.291512371388277e-10
3.939761389990268e-10
4.595333458467693e-10
5.415807589493339e-10
5.720302350067577e-10
6.614279714832534e-10
7.872529860747056e-10
9.774287130422750e-10
1.194950472681173e-09
1.505702583407329e-09
1.922747439100368e-09
2.479164729898996e-09
3.198188565005966e-09
4.167736488420558e-09
5.446780688581818e-09
7.138969094774687e-09
9.385730507444418e-09
1.236904698877479e-08
1.634331169036720e-08
2.157030932171584e-08
2.857242230966846e-08
3.780693244794966e-08
5.010916068271347e-08
6.635009198484668e-08
8.772269851909989e-08
1.160506351260666e-07
1.535207068804880e-07
2.030468994621515e-07
2.685108114284882e-07
3.549800607981101e-07
4.692491060296451e-07
6.198769371888397e-07
8.188975395005813e-07
1.081227082784746e-06
1.426810791309041e-06
1.882511551322949e-06
2.482049466812507e-06
3.268753571645454e-06
4.311805781855871e-06
5.677926263063167e-06
7.476235700956584e-06
9.836040117288147e-06
1.294977583562910e-05
1.700236017435698e-05
2.232501132424221e-05
2.930266378900091e-05
3.846231979485811e-05
5.045908798959440e-05
6.611889815450233e-05
8.671479751314589e-05
1.135848316084389e-04
1.487824878666254e-04
1.949432218205291e-04
2.548832894583326e-04
3.335395980154468e-04
4.360349915780641e-04
5.699922616995549e-04
7.447595309683899e-04
9.750849764913488e-04
1.275405742345448e-03
1.668381624401485e-03
2.181700889493916e-03
2.854596996476231e-03
3.734347247925954e-03
4.879226853433304e-03
6.390604687261823e-03
8.366560476710180e-03
1.094801505411825e-02
1.432593666236900e-02
1.874419648997162e-02
2.452422014392420e-02
3.208481959088910e-02
4.193496876157556e-02
5.467768886429267e-02
7.113375416676157e-02
9.213189973964087e-02
1.187583257859580e-01
1.522507669090679e-01
1.939020998941886e-01
2.449005934691043e-01
3.059712551854669e-01
3.771703291440087e-01
4.575558442070616e-01
5.449257213426258e-01
6.356934297862729e-01
7.253153619074213e-01
8.088299773610833e-01
8.848183402678331e-01
9.842802668183069e-01
###3.600000000000000e+00
-4.920943760618072e-11
4.926089464488520e-09
8.889353992313192e-11
1.551238409130155e-10
1.267291022674960e-10
1.334969942501412e-09
3.124210505477236e-10
2.690262716689280e-10
3.923466570923572e-10
4.311069567009730e-10
4.583102467237151e-10
3.801028337643210e-10
4.470322647546596e-10
5.132853930553583e-10
5.977275845438928e-10
6.498176253061288e-10
7.379277478100813e-10
8.857426297690844e-10
1.081216113856451e-09
1.324148203511670e-09
1.658397273348327e-09
2.105917679167307e-09
2.708375392122961e-09
3.486654082173589e-09
4.534770037170409e-09
5.918836787440817e-09
7.752960935945066e-09
1.018490802199964e-08
1.341674197836048e-08
1.772196741858660e-08
2.338511642005742e-08
3.098548607043188e-08
4.099007794228410e-08
5.433225574926073e-08
7.194084408797456e-08
9.513328543654009e-08
1.258687012479683e-07
1.665444238772153e-07
2.203311801086775e-07
2.914368110669689e-07
3.854139321224553e-07
5.096426315903605e-07
6.734757707078198e-07
8.900680026933101e-07
1.175617950911757e-06
1.551961093493785e-06
2.048591474068104e-06
2.702257916412188e-06
3.560457863715550e-06
4.699161047846137e-06
6.191542025886388e-06
8.158602595153786e-06
1.073925512536261e-05
1.414877424540039e-05
1.858765829194855e-05
2.442671193741698e-05
3.208921976054453e-05
4.215386553037751e-05
5.535313099965292e-05
7.260086995432448e-05
9.532214543452236e-05
1.249987166037002e-04
1.639375064621000e-04
2.151009115357662e-04
2.815719656254046e-04
3.689744473972745e-04
4.830536150783697e-04
6.324061266410087e-04
8.276047261853890e-04
1.085309119061276e-03
1.421892452259295e-03
1.863072361083814e-03
2.440184995292518e-03
3.197782935536628e-03
4.189401641516930e-03
5.480805154084405e-03
7.187218933982580e-03
9.419303021089278e-03
1.233472790232143e-02
1.614834676328290e-02
2.113035217895451e-02
2.763934879154108e-02
3.613491766421887e-02
4.717001642172797e-02
6.138872118999274e-02
7.967017220248382e-02
1.028652064327933e-01
1.320842168822041e-01
1.685433928484459e-01
2.134584211466670e-01
2.678548406767740e-01
3.321939703942270e-01
4.061439904129491e-01
4.883504851461685e-01
5.761201451859015e-01
6.655352961916728e-01
7.519062851624502e-01
8.304180257507598e-01
8.997197484279246e-01
9.865834928286088e-01
###4.000000000000000e+00
-1.245052465387581e-10
4.935301299357296e-09
1.241450163776812e-10
1.746451931926308e-10
1.531513593961148e-10
1.359438049777144e-09
3.453373628462851e-10
3.085625879321218e-10
4.382206835459411e-10
4.715687157641153e-10
5.011367179448463e-10
4.438807654163566e-10
5.019721148207938e-10
5.747297258889410e-10
6.622326731917220e-10
7.234556108931312e-10
8.242807058463228e-10
9.794509404840520e-10
1.198343742020105e-09
1.459749445383464e-09
1.821030658752828e-09
2.306189468130467e-09
2.955575505298207e-09
3.801940234236433e-09
4.934771625709130e-09
6.434285830065197e-09
8.419654372901473e-09
1.105459792584401e-08
1.455527201925981e-08
1.922102224029057e-08
2.536285100500500e-08
3.360907153850098e-08
4.444591602965389e-08
5.892628418160785e-08
7.802349319419407e-08
1.031920812177764e-07
1.365565694827828e-07
1.807214513559986e-07
2.391481283605699e-07
3.164162560963796e-07
4.185791607180712e-07
5.536893178001605e-07
7.319844161673348e-07
9.677790369970355e-07
1.278735574535995e-06
1.688836564061659e-06
2.230248184037399e-06
2.943296443377300e-06
3.879990596454809e-06
5.123855287854331e-06
6.755240557486371e-06
8.907524443499627e-06
1.173201152101115e-05
1.546791545396966e-05
2.033464694762789e-05
2.674397544016160e-05
3.516570820735214e-05
4.623332271906445e-05
6.076703806648413e-05
7.978151470795422e-05
1.048646405134167e-04
1.376718326842893e-04
1.807851560621729e-04
2.375340910358810e-04
3.113095187675371e-04
4.085033368570704e-04
5.355471357982527e-04
7.021829042473722e-04
9.202210116504063e-04
1.208644335999032e-03
1.585836252292296e-03
2.081041866165522e-03
2.729507339499540e-03
3.581770857294736e-03
4.698172176566777e-03
6.155573986098085e-03
8.076189205307952e-03
1.059134904416824e-02
1.387528577867624e-02
1.816771432802501e-02
2.376669738869223e-02
3.106799896270894e-02
4.057238565339161e-02
5.287690547090700e-02
6.866351137230839e-02
8.886185493052062e-02
1.143378185029566e-01
1.462022606675121e-01
1.856428683533577e-01
2.337702646609775e-01
2.914199034824220e-01
3.587726307800305e-01
4.351109301191721e-01
5.186673888663274e-01
6.063547306657407e-01
6.939809380447201e-01
7.768084837567892e-01
8.502667749391979e-01
9.131711438722667e-01
9.886226299078927e-01
###4.399999999999999e+00
-1.144902807142571e-10
4.897259951085691e-09
1.481647546757471e-10
2.104621354115987e-10
1.657437987982024e-10
1.362054170665247e-09
3.948321454032032e-10
3.553644760336519e-10
5.127594793587250e-10
5.202650262028785e-10
5.541713981468763e-10
4.989508457501619e-10
5.642862943896268e-10
6.346592503988357e-10
7.288185031418108e-10
8.080142810895618e-10
9.186363159192385e-10
1.085083270763335e-09
1.323086759054313e-09
1.608666734244959e-09
2.001464576523348e-09
2.525512973646338e-09
3.230913270829210e-09
4.145612051730062e-09
5.371515886604566e-09
6.994619708624503e-09
9.145253691255032e-09
1.200018645133483e-08
1.579547035883383e-08
2.085320038432928e-08
2.751812099745931e-08
3.646289776299881e-08
4.820462974615474e-08
6.392229790277777e-08
8.464386461050993e-08
1.119634786702944e-07
1.481916645322435e-07
1.961682095527943e-07
2.596632566074663e-07
3.436528082492621e-07
4.547519005880457e-07
6.017593323699619e-07
7.958262096953034e-07
1.052649439986456e-06
1.391420443774517e-06
1.838524854443005e-06
2.429058922074873e-06
3.207299974296836e-06
4.230287484125678e-06
5.589832798376699e-06
7.374125369671056e-06
9.730478087395578e-06
1.282385959529650e-05
1.691982878002999e-05
2.225940233985903e-05
2.930044810988006e-05
3.856162787801868e-05
5.074264034103476e-05
6.675994120523350e-05
8.773803355318942e-05
1.154534492632851e-04
1.517524236235799e-04
1.995156189542001e-04
2.624964432031101e-04
3.444380516991647e-04
4.525730680219086e-04
5.941353308918997e-04
7.801180140236575e-04
1.023725518586112e-03
1.346499826649213e-03
1.769150337973265e-03
2.324638610997528e-03
3.052905232190190e-03
4.010603078756816e-03
5.266136537315880e-03
6.907867122205621e-03
9.065486218147775e-03
1.189331494903818e-02
1.558244124451181e-02
2.039853750756617e-02
2.666923971301795e-02
3.482775882267074e-02
4.541544805855910e-02
5.907227514645122e-02
7.651727393700497e-02
9.871875520000135e-02
1.265465964565368e-01
1.611054066939256e-01
2.035274058041439e-01
2.547909417558804e-01
3.155415759093775e-01
3.856369193128056e-01
4.639963480584574e-01
5.484664754608155e-01
6.356081673593786e-01
7.210460672900046e-01
8.000828616910679e-01
8.684725949761977e-01
9.252648129791733e-01
9.904102408584972e-01
###4.800000000000000e+00
-1.149467804800061e-10
4.864179641331916e-09
2.015768712577358e-10
2.225838987400759e-10
2.050957839452645e-10
1.372389412878603e-09
4.444336836946024e-10
3.939287784815679e-10
5.461373542976193e-10
5.745625170569198e-10
6.101964052358112e-10
5.659746158122838e-10
6.730630117706089e-10
7.072484421892693e-10
8.096680695394280e-10
8.952195318375171e-10
1.025117660462892e-09
1.203902118120364e-09
1.460092783722116e-09
1.768285235962921e-09
2.197367801396207e-09
2.764844083145277e-09
3.527962538455211e-09
4.522679505505585e-09
5.852806289969102e-09
7.608482593209563e-09
9.937745028472333e-09
1.303466165723068e-08
1.714820310127305e-08
2.263105147534476e-08
2.987350225492000e-08
3.956678204071824e-08
5.229502848840860e-08
6.936191506711113e-08
9.185025642197561e-08
1.215160282474750e-07
1.608635850025562e-07
2.129965854202049e-07
2.820156807770594e-07
3.733535469222567e-07
4.942127886011205e-07
6.542250216360129e-07
8.655579821197870e-07
1.145380957817883e-06
1.514624506344631e-06
2.002265631163855e-06
2.646742284664693e-06
3.496497376343864e-06
4.614386416676198e-06
6.101138628155680e-06
8.053914242168240e-06
1.063519838927400e-05
1.402582300133824e-05
1.851935088600529e-05
2.438161022030986e-05
3.212052163499726e-05
4.231347930989173e-05
5.573163489475455e-05
7.339710389162221e-05
9.655965508845765e-05
1.272024505944336e-04
1.673884583831912e-04
2.203435649162033e-04
2.902766210046451e-04
3.813352578514503e-04
5.017137547089192e-04
6.594911702338468e-04
8.671059196528472e-04
1.139284139441381e-03
1.500434662089035e-03
1.973769157778972e-03
2.596550862504127e-03
3.413563512997215e-03
4.488658846764270e-03
5.898425684280605e-03
7.743572498542308e-03
1.016337788354168e-02
1.333487841172922e-02
1.746804130056466e-02
2.285510022862356e-02
2.985398610391508e-02
3.893622770472994e-02
5.068393726951938e-02
6.577559573089847e-02
8.496423850864870e-02
1.092495695523780e-01
1.394972998333928e-01
1.767910569200702e-01
2.221677443237644e-01
2.764613550347304e-01
3.401493043939176e-01
4.127142508758863e-01
4.927351797473117e-01
5.776844755090256e-01
6.638370596057087e-01
7.467210695834081e-01
8.217521042599798e-01
8.850909502554147e-01
9.360829553147274e-01
9.919845403588252e-01
###5.200000000000000e+00
-1.174429697890345e-10
4.851230742551345e-09
1.904131083833816e-10
2.465166609754821e-10
2.208613704944754e-10
1.383917255100274e-09
4.981795294552844e-10
4.478131870877527e-10
6.123845784831631e-10
6.326361092927511e-10
6.681737443356879e-10
6.360950252119342e-10
7.410702089910410e-10
7.876911908023440e-10
8.929218324399887e-10
9.800469823175427e-10
1.133304193763213e-09
1.328902217178464e-09
1.606565964482952e-09
1.937065315446633e-09
2.415941316338083e-09
3.026210595593755e-09
3.852250792749381e-09
4.933075089146193e-09
6.372059901929909e-09
8.272846185363189e-09
1.079756815661438e-08
1.415765555591555e-08
1.861874874356254e-08
2.456409081202548e-08
3.243285360749114e-08
4.296726558963631e-08
5.677810081730100e-08
7.526921446862771e-08
9.968813207613463e-08
1.319161202029552e-07
1.746704862974707e-07
2.313337955848266e-07
3.063824442422873e-07
4.057580598963715e-07
5.372923214679611e-07
7.115200025424281e-07
9.417472171505417e-07
1.246747030545832e-06
1.649434653122265e-06
2.181512883763860e-06
2.885211039638218e-06
3.813629680620138e-06
5.035838512273715e-06
6.662703848265009e-06
8.800884834518881e-06
1.163072777832893e-05
1.534903456976987e-05
2.028261695731821e-05
2.672354748677739e-05
3.523494675610498e-05
4.646274029017625e-05
6.125331773579392e-05
8.074853574509586e-05
1.063469115472272e-04
1.402456273633037e-04
1.847593438346754e-04
2.434996080598051e-04
3.211827068315683e-04
4.224339565978315e-04
5.564460738434094e-04
7.323446292107205e-04
9.640804721236927e-04
1.268178205474404e-03
1.672101088118533e-03
2.201980491600955e-03
2.899593680209834e-03
3.815253217639259e-03
5.020456783029228e-03
6.600965117881981e-03
8.670192961226694e-03
1.137894971467885e-02
1.492688945027837e-02
1.954427938779419e-02
2.555207168536965e-02
3.333819531162610e-02
4.341106295367708e-02
5.639459581184350e-02
7.300405232315604e-02
9.401805103856140e-02
1.204629478424918e-01
1.531832768485532e-01
1.932323449974774e-01
2.415326486177634e-01
2.987589394702473e-01
3.651743882481817e-01
4.399280184299087e-01
5.212277185403140e-01
6.062380230551926e-01
6.909947852869934e-01
7.709885579916105e-01
8.418512667188148e-01
9.001831152424824e-01
9.457039090606082e-01
9.933431216902027e-01
###5.600000000000001e+00
-1.358665411269989e-10
4.842584443667552e-09
1.930027195953131e-10
2.842679425905708e-10
2.493542754285323e-10
1.395747987802027e-09
5.428006729383413e-10
4.987093679940019e-10
6.648642849976201e-10
6.884777906716049e-10
7.278782546334022e-10
7.020036029304953e-10
8.144858680667840e-10
8.677084470135235e-10
9.777879895028919e-10
1.080422126056415e-09
1.249924878778091e-09
1.462504317618699e-09
1.772439658305150e-09
2.125858355428773e-09
2.644882945284351e-09
3.311764500969810e-09
4.199106043618689e-09
5.376378974113083e-09
6.934373775662161e-09
8.995990711580360e-09
1.172800666201573e-08
1.537749601680619e-08
2.021715901088554e-08
2.667387222554781e-08
3.521168721718314e-08
4.666205253407849e-08
6.164909180308475e-08
8.170097464588121e-08
1.082182862591946e-07
1.432404504540763e-07
1.897086249836034e-07
2.513049214442428e-07
3.329558561893197e-07
4.411076324833699e-07
5.843293979251700e-07
7.740973660698206e-07
1.025011870381334e-06
1.357609265901390e-06
1.797009125437317e-06
2.377857716344116e-06
3.146514238047500e-06
4.161536500622461e-06
5.498641698694674e-06
7.280000100055844e-06
9.621507545396480e-06
1.272607739084473e-05
1.680700347153673e-05
2.222621304903508e-05
2.930814819331428e-05
3.867639518308234e-05
5.104034336462277e-05
6.736490892007839e-05
8.889510576805837e-05
1.171949856121791e-04
1.547254198155167e-04
2.040610685314565e-04
2.692475972516436e-04
3.555552053217122e-04
4.681754704926123e-04
6.174049563391921e-04
8.134951734890967e-04
1.072118842154895e-03
1.411734302719425e-03
1.863286042419931e-03
2.455985931778249e-03
3.236683246305936e-03
4.261635280560404e-03
5.610777078310651e-03
7.379653538391549e-03
9.695011324068263e-03
1.272127063643722e-02
1.668058677619653e-02
2.182508954287690e-02
2.850358238516575e-02
3.713681871861075e-02
4.827045694671236e-02
6.256629726099078e-02
8.077453724511366e-02
1.036918386716637e-01
1.323633543643757e-01
1.676065785600494e-01
2.104103436487519e-01
2.615898787144377e-01
3.216277955948124e-01
3.905596979620252e-01
4.671895595616318e-01
5.493978876634553e-01
6.340577234769251e-01
7.170276230260151e-01
7.938382995939026e-01
8.603981743674359e-01
9.138167343870274e-01
9.542015539551476e-01
9.945150110511176e-01
###6.000000000000001e+00
-1.112584834775037e-10
4.835547071115619e-09
2.212165642715269e-10
3.284363875427994e-10
2.924335647396429e-10
1.412341674150462e-09
5.762388494842431e-10
5.474343421951806e-10
7.066657112473063e-10
7.436960230017262e-10
7.831876164244729e-10
7.751645156687914e-10
8.887840078398517e-10
9.489728191230558e-10
1.076028947336909e-09
1.186681311328020e-09
1.374163767415759e-09
1.607302751784826e-09
1.937000038581574e-09
2.332260915502821e-09
2.890804194986141e-09
3.617413698417449e-09
4.578904597958780e-09
5.856314999954268e-09
7.545214142737993e-09
9.778937792737458e-09
1.273892621187715e-08
1.670256653288133e-08
2.196705460407946e-08
2.897165915587652e-08
3.823476244813921e-08
5.067700900312139e-08
6.695385989840535e-08
8.870376619707189e-08
1.175089297934856e-07
1.555740966477140e-07
2.061012602789643e-07
2.730963221317769e-07
3.619576690926257e-07
4.796708426731693e-07
6.356898798633084e-07
8.424668208138474e-07
1.116111650005072e-06
1.478899043258644e-06
1.958509522870884e-06
2.592993542949390e-06
3.433109917279399e-06
4.543313084790545e-06
6.007455103297612e-06
7.958958578688500e-06
1.052424353023828e-05
1.393197645895438e-05
1.841341177326690e-05
2.437046059640862e-05
3.216227087712586e-05
4.247898069607503e-05
5.609830689931582e-05
7.413086673283516e-05
9.792245069283937e-05
1.292310406002216e-04
1.707934797947816e-04
2.254985620858421e-04
2.978616189890369e-04
3.937917114167533e-04
5.190684304499780e-04
6.852555239076152e-04
9.038137756551794e-04
1.192361261121551e-03
1.571533103441002e-03
2.075922038140126e-03
2.738259602123498e-03
3.611137805902907e-03
4.756994735201937e-03
6.264917383124240e-03
8.241215838812634e-03
1.082646826893292e-02
1.419953465891677e-02
1.860721380779829e-02
2.432279791961089e-02
3.172572391176778e-02
4.126792803648088e-02
5.353241098332612e-02
6.921597841073597e-02
8.910158315924291e-02
1.139962861521610e-01
1.449567689330820e-01
1.827547713960900e-01
2.283097335294014e-01
2.822956439415005e-01
3.450106365041244e-01
4.162233806679767e-01
4.944227524541737e-01
5.771509831457957e-01
6.610673797998515e-01
7.418875340451890e-01
8.152589749314793e-01
8.774263234572497e-01
9.260562884423438e-01
9.616531451912136e-01
9.955291393891748e-01
###6.400000000000001e+00
-9.196573445603751e-11
4.813036127566196e-09
2.296221672773549e-10
3.585719544762358e-10
3.384062956856809e-10
1.428026646181832e-09
6.364497610652477e-10
6.071161139634963e-10
7.683285048689470e-10
8.015376979648029e-10
8.493339742311797e-10
8.490066323275319e-10
9.696143142987608e-10
1.042294116155227e-09
1.176544037103630e-09
1.292499739245119e-09
1.503243642308138e-09
1.762424458977254e-09
2.118049412528203e-09
2.552660080321083e-09
3.156661553008057e-09
3.947245245602122e-09
4.990186495763749e-09
6.374979180513995e-09
8.207618860099002e-09
1.063565147636812e-08
1.384247792162749e-08
1.814367548479790e-08
2.386986867883834e-08
3.147044895924304e-08
4.153744105722407e-08
5.504240458626488e-08
7.271741723613355e-08
9.633417045888432e-08
1.276293572154272e-07
1.690191280925062e-07
2.239668035880815e-07
2.968750793525376e-07
3.935966941272390e-07
5.217937251802206e-07
6.917965265125673e-07
9.172243893683531e-07
1.215720320342414e-06
1.611678443887532e-06
2.135456489696260e-06
2.828775164328191e-06
3.747633515026039e-06
4.962490226842025e-06
6.566551374581987e-06
8.705792574344878e-06
1.151789192425567e-05
1.526045875725110e-05
2.018495334834409e-05
2.673603555683571e-05
3.531520748724034e-05
4.668309558261165e-05
6.169129658260098e-05
8.162351436722569e-05
1.079279305100685e-04
1.425776667765579e-04
1.886312235412995e-04
2.493001376464726e-04
3.296424239937845e-04
4.362720574729108e-04
5.756368917515150e-04
7.606807806704367e-04
1.004246715151117e-03
1.326016321643391e-03
1.749085631412651e-03
2.312097303048335e-03
3.051695715229243e-03
4.026309009831320e-03
5.305513241292429e-03
6.988328915497730e-03
9.192208650428005e-03
1.207261318145686e-02
1.582450521414322e-02
2.071797092255885e-02
2.705150945669587e-02
3.523341637541155e-02
4.574788900710963e-02
5.921215760404546e-02
7.635827252811654e-02
9.799838164126769e-02
1.249420178338695e-01
1.582434401980801e-01
1.986180898937352e-01
2.468953760594560e-01
3.036082261426917e-01
3.688414590577966e-01
4.420928577169809e-01
5.215281590297904e-01
6.044095408521156e-01
6.871865889229717e-01
7.655155291276952e-01
8.352339410736302e-01
8.929789389799832e-01
9.369669356267912e-01
9.681362170292229e-01
9.963819722218743e-01
###6.800000000000002e+00
-8.416780261391027e-11
4.794337902759914e-09
2.707667058216608e-10
4.182492604674412e-10
3.571577100847058e-10
1.444482113002992e-09
6.939276889670475e-10
6.606796699758962e-10
8.337065475223861e-10
8.662139728687958e-10
9.156162814210357e-10
9.254259946370551e-10
1.055888912995566e-09
1.134545811374320e-09
1.284879970376986e-09
1.420315358459954e-09
1.644880673738939e-09
1.931031611886508e-09
2.313389588964119e-09
2.788761132551499e-09
3.444224646432205e-09
4.301251031970309e-09
5.435980312245643e-09
6.936260681315684e-09
8.927664321623675e-09
1.155972297471529e-08
1.504179030828141e-08
1.971041512528333e-08
2.593551303214493e-08
3.418964208536300e-08
4.514155223790478e-08
5.978998266997147e-08
7.899094715465924e-08
1.046398051360704e-07
1.386541491993470e-07
1.836671491262326e-07
2.434479387142796e-07
3.228195365436584e-07
4.281209772148952e-07
5.678034148810015e-07
7.531328594994485e-07
9.989883278017218e-07
1.324745153032085e-06
1.757117428262689e-06
2.329401574857147e-06
3.087496930035295e-06
4.092720711245419e-06
5.422865179637769e-06
7.181456708923581e-06
9.526995199741868e-06
1.261240911062309e-05
1.672476374872691e-05
2.213873929146284e-05
2.934846003165958e-05
3.879775448714747e-05
5.133258714177015e-05
6.788282055404225e-05
8.992212263461272e-05
1.190165968813317e-04
1.573773142576285e-04
2.084183497848382e-04
2.757292559604789e-04
3.649505660222203e-04
4.834621076678344e-04
6.384983484597933e-04
8.444894656181409e-04
1.115831967073851e-03
1.474473242216421e-03
1.946194451209758e-03
2.574099221075746e-03
3.399025130428816e-03
4.485989664218493e-03
5.912012579014711e-03
7.786788736939962e-03
1.024003401660613e-02
1.344208036132965e-02
1.760589667111718e-02
2.302665999660585e-02
3.002655367297147e-02
3.904318324086498e-02
5.059358965208832e-02
6.532873069940834e-02
8.401304618614425e-02
1.074784700140310e-01
1.365298155885262e-01
1.722178374586516e-01
2.151797741735329e-01
2.661447727430614e-01
3.254856054997751e-01
3.930492504303298e-01
4.680787814311875e-01
5.484207661309642e-01
6.310802968384849e-01
7.123463918600028e-01
7.878832420557368e-01
8.537716295632309e-01
9.070908258056932e-01
9.466292597810739e-01
9.737299309998712e-01
9.970890493456683e-01
###7.200000000000002e+00
-6.830738040943563e-11
4.885760376415815e-09
2.983148027117785e-10
4.238433485628768e-10
4.021725653782712e-10
1.470995519025566e-09
7.392242931538978e-10
7.383153401754658e-10
8.952352259148359e-10
9.294684102018091e-10
9.871726866663430e-10
1.009742076827039e-09
1.149200862232230e-09
1.235420422693535e-09
1.398707431044685e-09
1.551508662974892e-09
1.796081800858961e-09
2.109755481249441e-09
2.525885051631808e-09
3.045565030917300e-09
3.757645658096060e-09
4.688093886982840e-09
5.920787037805180e-09
7.549632815339175e-09
9.708314841938331e-09
1.256393298780979e-08
1.634785295729845e-08
2.141846532955466e-08
2.818047999483536e-08
3.714074398349930e-08
4.906344130293638e-08
6.495449446022386e-08
8.582116493570693e-08
1.136922199147227e-07
1.506751648574387e-07
1.996484947489789e-07
2.647156655689135e-07
3.511316103993209e-07
4.658497873014439e-07
6.180808768487476e-07
8.201924612933404e-07
1.088447348720381e-06
1.444125360170963e-06
1.916480184348971e-06
2.542048032604959e-06
3.371426426247245e-06
4.471676340459953e-06
5.928957700528009e-06
7.858326912732084e-06
1.043102950188394e-05
1.381834532266963e-05
1.833876515482975e-05
2.429471121227194e-05
3.223266117522941e-05
4.264641070190065e-05
5.647294500030882e-05
7.473847276840186e-05
9.911195835683709e-05
1.313014660153282e-04
1.737853165360585e-04
2.303718023196399e-04
3.050628041242352e-04
4.041335115729523e-04
5.358573550185500e-04
7.082847172454321e-04
9.375040725129535e-04
1.239646079516678e-03
1.639148982463280e-03
2.164690863112139e-03
2.864359753039428e-03
3.783334757985775e-03
4.993877976857159e-03
6.581303527596306e-03
8.666384768123959e-03
1.139149359548604e-02
1.494419096544733e-02
1.955484408985615e-02
2.554429607416348e-02
3.326010249678871e-02
4.317055587882702e-02
5.582116723687291e-02
7.189794239500691e-02
9.219182495776078e-02
1.175509220642368e-01
1.487712074426761e-01
1.868789370328281e-01
2.324227939363537e-01
2.860204852866557e-01
3.478676866376575e-01
4.175701055656482e-01
4.941000300527156e-01
5.750149452341120e-01
6.570802802393509e-01
7.364802904857235e-01
8.089585609469221e-01
8.708807132658393e-01
9.198178612445245e-01
9.551242321987058e-01
9.785174865845776e-01
9.976868988178329e-01
###7.600000000000002e+00
-5.805401527920367e-11
4.876982798981298e-09
3.212247585391372e-10
4.352390116515200e-10
4.037290499911853e-10
1.501444886189383e-09
7.976301914844254e-10
8.036190351008581e-10
1.226398089686751e-09
1.000950738670061e-09
1.065930767534340e-09
1.100854391931495e-09
1.241964061349621e-09
1.341615962062148e-09
1.520387437310205e-09
1.692896474484959e-09
1.961118127890822e-09
2.293973626271825e-09
2.757359468774201e-09
3.323040006646580e-09
4.096459653452426e-09
5.107624753177399e-09
6.445228977478434e-09
8.214555947140089e-09
1.055645597604618e-08
1.365644253636645e-08
1.776971936882408e-08
2.327503633102421e-08
3.062223096896480e-08
4.035246337989020e-08
5.332667338010146e-08
7.057738387016151e-08
9.326155629798991e-08
1.235549181858248e-07
1.637762905819078e-07
2.170759570063232e-07
2.879033299261468e-07
3.820572358746097e-07
5.070766186224889e-07
6.730564046780874e-07
8.935796159953641e-07
1.186388994189600e-06
1.574906168158234e-06
2.091018997945338e-06
2.775287113145165e-06
3.683013579975070e-06
4.887958724490019e-06
6.485449356595696e-06
8.602924434316394e-06
1.142643249796620e-05
1.514931865483917e-05
2.012076014586255e-05
2.667384846846709e-05
3.541782936485384e-05
4.690037490216614e-05
6.215889538678766e-05
8.232631710287424e-05
1.092864382632634e-04
1.449137376779616e-04
1.919713491881108e-04
2.547169660615270e-04
3.375941957922893e-04
4.476067924479015e-04
5.939808183421604e-04
7.856920516072345e-04
1.040705157473989e-03
1.376912457469050e-03
1.821587731961401e-03
2.406577949216932e-03
3.185361141911616e-03
4.208102672631699e-03
5.554316367135963e-03
7.318445556544302e-03
9.633298068820245e-03
1.265497047722598e-02
1.658800038690500e-02
2.168376477924011e-02
2.828450966881023e-02
3.676715326311719e-02
4.762936936730637e-02
6.144757632380417e-02
7.893415680044269e-02
1.009100733672832e-01
1.282251717173915e-01
1.616637690967038e-01
2.022125249549073e-01
2.503239340260677e-01
3.064873096722137e-01
3.707004748749346e-01
4.423259071592173e-01
5.200660053308821e-01
6.012132298820135e-01
6.823278756868998e-01
7.595364048494319e-01
8.287148751620380e-01
8.865846005727092e-01
9.312221361272048e-01
9.625345340272213e-01
9.825785982603782e-01
9.981748444103336e-01
###8.000000000000002e+00
-1.373820947118943e-10
4.866000986935095e-09
3.680833389495193e-10
4.524496909536106e-10
4.576739921952552e-10
1.530724178242463e-09
8.553059136780792e-10
8.711454453421879e-10
1.284104366475835e-09
1.079774923916365e-09
1.148019994358891e-09
1.196436081268549e-09
1.343683339056784e-09
1.457563852532538e-09
1.652706672556094e-09
1.845781720629233e-09
2.138652154473347e-09
2.500429730064902e-09
3.002299859630131e-09
3.621665615902121e-09
4.462547515943024e-09
5.561493759464401e-09
7.015922124371200e-09
8.930278526510823e-09
1.147797051274502e-08
1.484442029174490e-08
1.931577793031288e-08
2.529343677811825e-08
3.327667929005916e-08
4.384389958470998e-08
5.796200922521544e-08
7.669919079968235e-08
1.013664603532407e-07
1.342981116571513e-07
1.780696644098779e-07
2.360955869073717e-07
3.132357638079412e-07
4.158293822257520e-07
5.521219495115494e-07
7.331708824904668e-07
9.738631195421850e-07
1.293633709670074e-06
1.718166179357879e-06
2.282493916831337e-06
3.031287944688046e-06
4.025228413974594e-06
5.345430676975173e-06
7.097607984905920e-06
9.422315944193502e-06
1.252294935925893e-05
1.661613837740809e-05
2.208741896188257e-05
2.930106013436306e-05
3.893691435523014e-05
5.160309052686421e-05
6.844777624363506e-05
9.072706399524202e-05
1.205545717204077e-04
1.599969857754101e-04
2.121298674870315e-04
2.816984361046159e-04
3.736544273649029e-04
4.958060637233272e-04
6.584332422908338e-04
8.714961319400026e-04
1.155020620976817e-03
1.528934172372941e-03
2.023468575268414e-03
2.674090136348164e-03
3.539884876704284e-03
4.676694482387575e-03
6.171613451025891e-03
8.128918945143254e-03
1.069449301116533e-02
1.403858434277605e-02
1.838370756285808e-02
2.400296171641740e-02
3.126048179786129e-02
4.056285857112762e-02
5.243716411435452e-02
6.748735474842923e-02
8.645414315047069e-02
1.101775100397293e-01
1.395100181039747e-01
1.752069495353486e-01
2.182081611943597e-01
2.688588976101040e-01
3.274967151000700e-01
3.939218815728858e-01
4.672409049685615e-01
5.458938634496125e-01
6.269286349627066e-01
7.067477019796038e-01
7.814602994317054e-01
8.471414115421304e-01
9.009165394380815e-01
9.413748040273716e-01
9.689498750072049e-01
9.859931294204216e-01
9.985759606790567e-01
###8.400000000000002e+00
-1.174781624386781e-10
4.855421893668095e-09
4.127337430355687e-10
4.797905777959648e-10
4.996983967434150e-10
1.569202421365837e-09
9.218886068387973e-10
9.349403691678479e-10
1.344540461213560e-09
1.165456183796590e-09
1.236841394195386e-09
1.290126278807383e-09
1.455529660745407e-09
1.581381943092275e-09
1.782775766271236e-09
2.007895671290192e-09
2.327011803866287e-09
2.723608403081174e-09
3.271419965652311e-09
3.945085445632686e-09
4.857205694486387e-09
6.053684315620104e-09
7.633248515476982e-09
9.707526530113234e-09
1.247865706546240e-08
1.613494384160610e-08
2.099642893599249e-08
2.748850242612692e-08
3.616247831314978e-08
4.765011202528764e-08
6.300862294235675e-08
8.336759980426450e-08
1.101999815754385e-07
1.460244146971808e-07
1.936607880936233e-07
2.568497976205183e-07
3.409066639207334e-07
4.527448790980295e-07
6.013955531680489e-07
7.989895622164795e-07
1.061768426342917e-06
1.411132719913961e-06
1.875251660263301e-06
2.492517640639664e-06
3.312400326456167e-06
4.401287140543123e-06
5.848660091446204e-06
7.771196626431719e-06
1.032463945633642e-05
1.373151267619750e-05
1.823379996659150e-05
2.425682699881255e-05
3.220164064877814e-05
4.282478124309084e-05
5.680194534999710e-05
7.540400687632947e-05
1.000236847320140e-04
1.330292491080130e-04
1.767004235363466e-04
2.344605131508007e-04
3.115934628180355e-04
4.136147072174761e-04
5.492098879403400e-04
7.298118076178716e-04
9.665211781265140e-04
1.281577792877751e-03
1.697075320579281e-03
2.246589873509826e-03
2.969442670387843e-03
3.930947053043882e-03
5.192729399268093e-03
6.850365872924685e-03
9.018756120453025e-03
1.185715902415385e-02
1.555068198611548e-02
2.034155991722980e-02
2.652398913956883e-02
3.448594293271647e-02
4.466203004352465e-02
5.760924198247267e-02
7.395745212314664e-02
9.446959848426786e-02
1.200066675751155e-01
1.514099847220648e-01
1.893991191923057e-01
2.348626884882605e-01
2.879976543260421e-01
3.490018593411437e-01
4.174609001719435e-01
4.922385044045653e-01
5.715024111831992e-01
6.520784019308229e-01
7.302625138806659e-01
8.022086127216018e-01
8.642457911753381e-01
9.139171600036787e-01
9.503501264517441e-01
9.744609236212568e-01
9.888365637537447e-01
9.989017600337847e-01
###8.800000000000002e+00
-1.315775301423941e-10
4.836332742315684e-09
4.573708321666335e-10
5.165801300323210e-10
5.453198327879762e-10
1.605642212245585e-09
9.777767066178693e-10
9.983931692161181e-10
1.406254896244907e-09
1.250310882142087e-09
1.329144244529796e-09
1.398582884155205e-09
1.572995901593934e-09
1.714578848768784e-09
1.934479769703031e-09
2.184228239677936e-09
2.526216852844589e-09
2.961682854349457e-09
3.558192330428611e-09
4.294032451355718e-09
5.285491932445774e-09
6.585894176627747e-09
8.301524100161295e-09
1.055294897927752e-08
1.356525122122981e-08
1.753705762030090e-08
2.282202260939203e-08
2.988006925288704e-08
3.930233220919423e-08
5.178989281477520e-08
6.850216376854691e-08
9.063423891134991e-08
1.198274752379917e-07
1.588144037274437e-07
2.106747141797469e-07
2.795234250025459e-07
3.711573678636007e-07
4.930965922310189e-07
6.552996165495919e-07
8.710147058164530e-07
1.158065659608040e-06
1.539914530263892e-06
2.047585466587667e-06
2.723123367968733e-06
3.621051528807320e-06
4.814427502812573e-06
6.402041088556582e-06
8.512349825840529e-06
1.131813123778143e-05
1.506365006405265e-05
2.001789395302223e-05
2.665052183486731e-05
3.540432040164174e-05
4.712035113270427e-05
6.254928442794397e-05
8.309632990744805e-05
1.103448977489919e-04
1.468355497282494e-04
1.951894664227927e-04
2.591887157657824e-04
3.446956361659982e-04
4.578572189957388e-04
6.083292007873825e-04
8.088239507610668e-04
1.071640451266662e-03
1.421490127489103e-03
1.882831382524029e-03
2.492904961101809e-03
3.295073561513355e-03
4.361559501336858e-03
5.760192362348504e-03
7.595571507169270e-03
9.993572367316485e-03
1.312771073094965e-02
1.720003292536035e-02
2.247368889117987e-02
2.925849974856708e-02
3.797266559286481e-02
4.907792696755944e-02
6.315991046445893e-02
8.086705102608716e-02
1.029967875274493e-01
1.304063320807108e-01
1.639279106624525e-01
2.042327251640607e-01
2.521223094278296e-01
3.077035125834982e-01
3.709541503139943e-01
4.412613333468847e-01
5.172329825258837e-01
5.967943137484470e-01
6.765782004653238e-01
7.528243364869337e-01
8.217535234505667e-01
8.800309679049366e-01
9.256386144492608e-01
9.582298656185403e-01
9.791543762167125e-01
9.911823034849432e-01
9.991583276105299e-01
###9.200000000000003e+00
-1.018776818856975e-10
4.810026950285352e-09
4.639692042966542e-10
5.492924333514564e-10
5.584962868142508e-10
1.635984015191967e-09
1.038431869367329e-09
1.067696218281835e-09
1.465415812193798e-09
1.338296169159042e-09
1.427403711224352e-09
1.506677983355630e-09
1.694332011823980e-09
1.856823903486049e-09
2.083601743349646e-09
2.371472683335784e-09
2.740852702066372e-09
3.219215544951780e-09
3.865381726175968e-09
4.669659530292465e-09
5.746959310424455e-09
7.162638577843821e-09
9.024065609821317e-09
1.146922692388834e-08
1.474408273316840e-08
1.906000212784318e-08
2.480357666811511e-08
3.248698424966090e-08
4.271797434750641e-08
5.630963074510356e-08
7.447798794159549e-08
9.855231166815477e-08
1.303221384996142e-07
1.727619360869948e-07
2.292400834560347e-07
3.042893185636705e-07
4.042272038365517e-07
5.372402762081228e-07
7.142726262156476e-07
9.498831516756898e-07
1.263555703285895e-06
1.681107928714428e-06
2.236720327741264e-06
2.976377620440519e-06
3.960228995561736e-06
5.268719160422537e-06
7.010789154151444e-06
9.328272980935604e-06
1.241165707866520e-05
1.653149635682888e-05
2.198564581782069e-05
2.929240242614962e-05
3.894231238218592e-05
5.186779990441782e-05
6.890124539340785e-05
9.160960807285631e-05
1.217776519597598e-04
1.621158792581598e-04
2.156504612038078e-04
2.865546626546952e-04
3.813384338690438e-04
5.068162432182577e-04
6.737448252139038e-04
8.961939360037191e-04
1.187828436788260e-03
1.576022344413756e-03
2.087832665154676e-03
2.764494602100051e-03
3.653643694588653e-03
4.835171566777011e-03
6.383169420376982e-03
8.412438173197340e-03
1.105992547866753e-02
1.451464003074047e-02
1.899627046219277e-02
2.478917811636861e-02
3.221871972472052e-02
4.173563150995423e-02
5.382720752487975e-02
6.910337916239839e-02
8.823373258193815e-02
1.120439971028142e-01
1.413800050149577e-01
1.770609057400527e-01
2.196910952499099e-01
2.699878655216588e-01
3.279350267400873e-01
3.932962684275647e-01
4.652486842527352e-01
5.421425588650955e-01
6.216863711230721e-01
7.003550381502497e-01
7.743606825356621e-01
8.400795606099507e-01
8.945202378734828e-01
9.361444044849649e-01
9.650978253918551e-01
9.831217473563750e-01
9.931012441050009e-01
9.993617486409163e-01
###9.600000000000003e+00
-9.871392169024665e-11
4.798524747302504e-09
5.002673553006259e-10
5.667895221213857e-10
5.904162555992664e-10
1.653906852083963e-09
1.113574553322132e-09
1.140149999651837e-09
1.531671153786264e-09
1.430850168631760e-09
1.521348974607195e-09
1.623608848037701e-09
1.825390432722318e-09
2.005218414227285e-09
2.250614404971141e-09
2.568196260555006e-09
2.972113263211579e-09
3.497481327450102e-09
4.195338836088371e-09
5.072222607603942e-09
6.243765463159089e-09
7.782299929156301e-09
9.805615073101053e-09
1.246488119684852e-08
1.602150505119897e-08
2.071206519015592e-08
2.695822910411425e-08
3.531798438428432e-08
4.643340484543188e-08
6.122784093240713e-08
8.098660587564164e-08
1.071716667025953e-07
1.417667459129244e-07
1.879864327511002e-07
2.495064809101983e-07
3.313361294642375e-07
4.403793668544237e-07
5.855382797932059e-07
7.788331261094686e-07
1.036307828049965e-06
1.379175193700497e-06
1.835952699920343e-06
2.444176155902596e-06
3.254423196993624e-06
4.332877768269798e-06
5.768272323410917e-06
7.680743955795910e-06
1.022697145193080e-05
1.361554070057669e-05
1.815041846502236e-05
2.415634143423351e-05
3.220844491605781e-05
4.284818941499804e-05
5.711253362615270e-05
7.592352701587266e-05
1.010249463715800e-04
1.344147013599812e-04
1.790166366946772e-04
2.382860253510059e-04
3.168283773738423e-04
4.218540489705666e-04
5.609512136307359e-04
7.460339268993660e-04
9.927087583038628e-04
1.316085474796368e-03
1.746489033900161e-03
2.313792560795135e-03
3.063463176717862e-03
4.047995202990782e-03
5.355151472537797e-03
7.066130483759298e-03
9.306091564022406e-03
1.222454208847900e-02
1.602605797512122e-02
2.094880778051022e-02
2.729803781153222e-02
3.541715500691432e-02
4.578888539058856e-02
5.892304984527018e-02
7.545248058384771e-02
9.607687749436475e-02
1.216230562703126e-01
1.529356108686159e-01
1.908080423199120e-01
2.357786069801815e-01
2.884330742732447e-01
3.486504934367656e-01
4.159726350516973e-01
4.893420692702310e-01
5.668861952623691e-01
6.460957512323751e-01
7.233308881243408e-01
7.948365190106126e-01
8.571731113496317e-01
9.077440263715331e-01
9.454943865234700e-01
9.710398315605469e-01
9.864418269462806e-01
9.946505482967434e-01
9.995175385925259e-01
###1.000000000000000e+01
-7.107973292441863e-11
4.778120934091277e-09
5.255125625225425e-10
6.090622338516765e-10
6.299677297424195e-10
1.676094552483256e-09
1.186360005774132e-09
1.219097854614656e-09
1.602261665090872e-09
1.528028160270464e-09
1.620384789267342e-09
1.743586136567389e-09
1.959469258146591e-09
2.154330793637479e-09
2.430374937516795e-09
2.778813523334099e-09
3.218002944716415e-09
3.793312898568734e-09
4.547887676399838e-09
5.504509480425298e-09
6.779218616629075e-09
8.453925841058152e-09
1.065189531381388e-08
1.354514961883628e-08
1.740890810822396e-08
2.250503248926380e-08
2.930258394959233e-08
3.839974799572680e-08
5.047837268543340e-08
6.659833640332097e-08
8.807775391480534e-08
1.165718702734658e-07
1.542502946139457e-07
2.046032947263759e-07
2.716528896132499e-07
3.609052547826823e-07
4.799076513280735e-07
6.383756456769478e-07
8.497125281524526e-07
1.130954669189724e-06
1.505956102983806e-06
2.005811404300279e-06
2.671999012442379e-06
3.559962022823241e-06
4.742558876693733e-06
6.317910236177616e-06
8.418125048255269e-06
1.121648646718862e-05
1.494253709312740e-05
1.993508742496989e-05
2.655045029446201e-05
3.542715230130208e-05
4.716172335421110e-05
6.290652119326222e-05
8.368653341032189e-05
1.114333433210079e-04
1.483792033771566e-04
1.977038889610092e-04
2.633155080719357e-04
3.502934781586956e-04
4.666401037889412e-04
6.207636492385770e-04
8.258463436861880e-04
1.099239334830103e-03
1.457559429822906e-03
1.934362592838146e-03
2.562559444667186e-03
3.392250806343542e-03
4.481082267763239e-03
5.925394591581112e-03
7.813778128947223e-03
1.028269936229010e-02
1.349443929545226e-02
1.767025604593963e-02
2.306727274115329e-02
3.001199543460764e-02
3.886646438719020e-02
5.014523097501958e-02
6.437964761992435e-02
8.222492824241798e-02
1.044040112200708e-01
1.317436213695577e-01
1.650797102763343e-01
2.051668793339297e-01
2.524810542823790e-01
3.074306854755420e-01
3.698035167571918e-01
4.389112847047324e-01
5.134704859232456e-01
5.913774582369171e-01
6.699420198097802e-01
7.454515338340101e-01
8.142098631454393e-01
8.730351158445003e-01
9.197456525197341e-01
9.537652973039199e-01
9.761401258862360e-01
9.891992822803030e-01
9.958923496682660e-01
9.996466826951772e-01
###1.040000000000000e+01
-5.943900405475131e-11
4.762318341274022e-09
5.493826085305816e-10
6.442575289348522e-10
6.829701677723163e-10
1.718493142540613e-09
1.260798049889118e-09
1.302805327569151e-09
1.679935046823534e-09
1.624974488080711e-09
1.727719013651593e-09
1.869677452760721e-09
2.098442020255812e-09
2.319264082988776e-09
2.620300649200814e-09
3.001494347135560e-09
3.479122342747834e-09
4.107702989197667e-09
4.925235012689006e-09
5.970797677611904e-09
7.356067732001149e-09
9.179460628539220e-09
1.156894418067822e-08
1.471543396364132e-08
1.891213083739683e-08
2.445969767419103e-08
3.184802294411122e-08
4.175096357693548e-08
5.487849925933869e-08
7.244182448503201e-08
9.580002182152428e-08
1.268173387945003e-07
1.678657151731903e-07
2.227429459182957e-07
2.958573755898236e-07
3.932296517433224e-07
5.231373818068499e-07
6.962265297279829e-07
9.273607529424454e-07
1.234703651916675e-06
1.645041828773979e-06
2.192332246723481e-06
2.922152051249480e-06
3.895729993606918e-06
5.193174618084401e-06
6.922779630465591e-06
9.230019676948127e-06
1.230689206740533e-05
1.640562214158108e-05
2.190346168164677e-05
2.919219476214046e-05
3.897881981508058e-05
5.192479855154793e-05
6.930652667462277e-05
9.226023119378862e-05
1.229358878636540e-04
1.638096236148588e-04
2.183582416516204e-04
2.909671141222704e-04
3.872562935090862e-04
5.161061029507284e-04
6.867989959657139e-04
9.139161442910371e-04
1.216686739041228e-03
1.613436856354216e-03
2.141157756341020e-03
2.836084292289756e-03
3.753310491797294e-03
4.956000146815701e-03
6.549745424626868e-03
8.631039399466797e-03
1.134793599439867e-02
1.487672215657523e-02
1.945558059435348e-02
2.536114523105117e-02
3.294278446856687e-02
4.258076479932401e-02
5.481995910674147e-02
7.021738385781888e-02
8.943559294611766e-02
1.132243090452546e-01
1.424130423045692e-01
1.778105670093504e-01
2.201285235202166e-01
2.697554803954438e-01
3.269447577786683e-01
3.913492069815582e-01
4.620595708812331e-01
5.375543436502599e-01
6.155375207184439e-01
6.931509185940058e-01
7.666527686954542e-01
8.324554681635876e-01
8.876794362149517e-01
9.305712514310090e-01
9.610309807400896e-01
9.804872929896411e-01
9.914690863208924e-01
9.968769737200041e-01
9.997407708478517e-01
###1.080000000000000e+01
-4.453027436281634e-11
4.743931884415881e-09
5.706614602786382e-10
6.794666207719962e-10
7.294081344799367e-10
1.768928300534666e-09
1.332086215750264e-09
1.385991417133839e-09
1.762102758226763e-09
1.723644747911148e-09
1.840734245540055e-09
2.001248298981486e-09
2.238191135639726e-09
2.492183479600707e-09
2.824721472697353e-09
3.240418301710535e-09
3.759379549948666e-09
4.441189841620660e-09
5.330190221626078e-09
6.472457389732685e-09
7.977762477232376e-09
9.961864373273242e-09
1.255972793050253e-08
1.598231230415675e-08
2.054316444490773e-08
2.658936651896518e-08
3.461258057760327e-08
4.539617141321434e-08
5.971265552615547e-08
7.880414758321342e-08
1.042144219757677e-07
1.379882688949223e-07
1.827309805262835e-07
2.425555920212976e-07
3.222982603093703e-07
4.285815704970473e-07
5.704496891811844e-07
7.595652565765132e-07
1.012418259006957e-06
1.348401534095398e-06
1.797694429197333e-06
2.397121477119957e-06
3.197051669397736e-06
4.264811856516666e-06
5.688634564371361e-06
7.588465355857817e-06
1.012404523428768e-05
1.350816246149489e-05
1.801828538794115e-05
2.407365038397785e-05
3.210683684625688e-05
4.289606623718172e-05
5.718411905716981e-05
7.637514010335917e-05
1.017326171246977e-04
1.356409423126662e-04
1.808283718796871e-04
2.411702980621085e-04
3.215059366068446e-04
4.280807842550084e-04
5.707032656978118e-04
7.596404379079398e-04
1.011005916814769e-03
1.346111447643583e-03
1.785003588341068e-03
2.368567834682481e-03
3.136523459444512e-03
4.149322305487372e-03
5.476008667112960e-03
7.232374222028813e-03
9.522825848041878e-03
1.250816260692050e-02
1.637880941814183e-02
2.139097658313189e-02
2.784147982587133e-02
3.610195302810291e-02
4.657157783435364e-02
5.982502040217262e-02
7.644426995985469e-02
9.709437836182097e-02
1.225495503290334e-01
1.536372196150653e-01
1.911295413912116e-01
2.356800907770447e-01
2.875849572015188e-01
3.469349089209401e-01
4.132302699125097e-01
4.853389096476904e-01
5.615279218654822e-01
6.392954786778037e-01
7.156624157675628e-01
7.868873927289806e-01
8.495591789587363e-01
9.011269806420663e-01
9.402805950250084e-01
9.673700148246377e-01
9.841631349354169e-01
9.933203055795672e-01
9.976492409881769e-01
9.998090433465546e-01
###1.120000000000000e+01
-2.796557448056706e-11
4.763362420321332e-09
6.057804475944448e-10
7.189044615359948e-10
7.760288767991513e-10
1.817208181429227e-09
1.411210948200291e-09
1.470914172307122e-09
1.846143138572578e-09
1.826941703187202e-09
1.960872461272499e-09
2.138655468343551e-09
2.395603027657851e-09
2.676979856174078e-09
3.037775816928509e-09
3.490557351746009e-09
4.053531077446847e-09
4.800431340010885e-09
5.764258922046782e-09
7.014652236643747e-09
8.648589477613052e-09
1.080581764816857e-08
1.363171900189167e-08
1.735508444697954e-08
2.231420606447976e-08
2.889892526594255e-08
3.761872607497425e-08
4.935888393576231e-08
6.497272143927329e-08
8.573608635734846e-08
1.133912875017727e-07
1.501845573153044e-07
1.989598731432439e-07
2.642027600203897e-07
3.512182121518360e-07
4.672663771316866e-07
6.222558582986973e-07
8.289448800292653e-07
1.105620242309722e-06
1.473212411071814e-06
1.965125950929713e-06
2.621921412149481e-06
3.499150387803018e-06
4.670585844493376e-06
6.233728250219464e-06
8.321064894964025e-06
1.110849850366233e-05
1.483171256868017e-05
1.979592679534647e-05
2.646731813430462e-05
3.532159301823684e-05
4.721577048234793e-05
6.298699445985082e-05
8.417585055459988e-05
1.121893538135865e-04
1.496682871249128e-04
1.996200548950123e-04
2.663528847113394e-04
3.552127006018728e-04
4.731151646992764e-04
6.308929134837883e-04
8.399256745982006e-04
1.117930263896397e-03
1.488533989798089e-03
1.973622541224072e-03
2.618300656413213e-03
3.466048024907310e-03
4.583146106951964e-03
6.044810460846269e-03
7.977725583366192e-03
1.049476589684911e-02
1.376999595765031e-02
1.800858910631629e-02
2.348628090204991e-02
3.051879054050418e-02
3.950196535297289e-02
5.085270388664889e-02
6.517562734544229e-02
8.307173658381813e-02
1.052154939058973e-01
1.323937958219558e-01
1.654181938109363e-01
2.050271217394543e-01
2.518067470818278e-01
3.059400672493332e-01
3.673621034722138e-01
4.353957887085646e-01
5.086868312206628e-01
5.853071685796293e-01
6.625650636601630e-01
7.373995522253430e-01
8.061162271033151e-01
8.655135001873442e-01
9.134060471014295e-01
9.489321063366715e-01
9.728594788504330e-01
9.872449841342005e-01
9.948154338473524e-01
9.982480824002566e-01
9.998643051930074e-01
###1.160000000000000e+01
6.381711230999958e-12
4.761176428383069e-09
6.385462869477834e-10
7.663173759179239e-10
8.192433949471062e-10
1.863973095002553e-09
1.475456294093430e-09
1.557536055705389e-09
1.923711265854930e-09
1.934212838844370e-09
2.082112623496518e-09
2.284928054664844e-09
2.558426450972230e-09
2.869133502184028e-09
3.262787941063383e-09
3.756022576899156e-09
4.369046056275718e-09
5.184743589075230e-09
6.228834307380542e-09
7.591919481598039e-09
9.369420858734918e-09
1.171574133554213e-08
1.479042392856055e-08
1.884204713441416e-08
2.423499593685721e-08
3.140551285050419e-08
4.089673968792370e-08
5.367119033649092e-08
7.068751250297272e-08
9.328196559023782e-08
1.233954559935474e-07
1.634895639254611e-07
2.166671171563580e-07
2.878689969748071e-07
3.828356986592367e-07
5.095798128000423e-07
6.789641132033658e-07
9.049777906742156e-07
1.207792577375689e-06
1.610108741951315e-06
2.148979437502029e-06
2.868752802509362e-06
3.830992973681398e-06
5.116804036020657e-06
6.833365533704612e-06
9.127532071230546e-06
1.219267388746683e-05
1.629000767843782e-05
2.175506022185527e-05
2.910595164257579e-05
3.886735037398163e-05
5.198267932035088e-05
6.939106794749548e-05
9.278580303457785e-05
1.237273503121399e-04
1.651461778825421e-04
2.203532727733847e-04
2.941391350793262e-04
3.923929372834421e-04
5.227687346654697e-04
6.972250152339926e-04
9.283380166808275e-04
1.235609253601091e-03
1.645102000707807e-03
2.180751733942109e-03
2.892211905012564e-03
3.827054700240265e-03
5.057737986072946e-03
6.666097989574157e-03
8.790287282697090e-03
1.155229603414269e-02
1.514033228213036e-02
1.977438830382372e-02
2.575009329085963e-02
3.340438203391939e-02
4.315160278027531e-02
5.543760159799643e-02
7.088235878340542e-02
9.011365496992166e-02
1.138074658764197e-01
1.427627844511653e-01
1.777585427879646e-01
2.195015078213204e-01
2.684927720799716e-01
3.247925278306413e-01
3.881747820794550e-01
4.577735513120709e-01
5.320328853958179e-01
6.088110861454145e-01
6.852782586002761e-01
7.583111601421774e-01
8.243064753675184e-01
8.803242299684217e-01
9.245581994966565e-01
9.565924137854320e-01
9.775837410778273e-01
9.898087771722338e-01
9.960125713478446e-01
9.987079395514473e-01
9.999041197031390e-01
###1.200000000000001e+01
2.327525192444357e-11
4.750834300547239e-09
6.566358856021697e-10
7.800251639699825e-10
8.586380387046136e-10
1.895532589287237e-09
1.532471970548765e-09
1.624188068726577e-09
1.996606565304614e-09
2.033032330734560e-09
2.195368871022481e-09
2.409206631812382e-09
2.711222726854834e-09
3.053506023520401e-09
3.481079240996008e-09
4.016560118621290e-09
4.687508826126005e-09
5.575985419089845e-09
6.711903447076707e-09
8.194342788555239e-09
1.012475715259387e-08
1.267782737450342e-08
1.602490491993921e-08
2.043375901629861e-08
2.630265973066817e-08
3.411264619414382e-08
4.443873226855640e-08
5.834133591931545e-08
7.685011246232665e-08
1.014504132815476e-07
1.342416843980498e-07
1.779484916786985e-07
2.358991184972128e-07
3.136672310982499e-07
4.173591295059292e-07
5.558365334711727e-07
7.410415845833259e-07
9.882518836845091e-07
1.319715381037759e-06
1.760257346204769e-06
2.350753996079768e-06
3.140055307739610e-06
4.195796101074158e-06
5.607448179253909e-06
7.493347788636021e-06
1.001507703898084e-05
1.338672860354470e-05
1.789670481881605e-05
2.391486224758813e-05
3.201516667713471e-05
4.277791842128252e-05
5.723959175091684e-05
7.645484201422470e-05
1.022826629840263e-04
1.364593256085858e-04
1.822182835754921e-04
2.432299418713091e-04
3.247678509108614e-04
4.333616368908767e-04
5.774725561046378e-04
7.702407803788203e-04
1.025611606111719e-03
1.364996306588605e-03
1.817082901207855e-03
2.408029331238593e-03
3.192366511604994e-03
4.222063883080115e-03
5.576203961611233e-03
7.343859382917706e-03
9.675307396748822e-03
1.270159381321793e-02
1.662592806847814e-02
2.168453751858134e-02
2.819287281312197e-02
3.650857168872099e-02
4.706366062631568e-02
6.033786419991586e-02
7.696089980194065e-02
9.758313599884688e-02
1.228809005628378e-01
1.536526760911815e-01
1.906561100620283e-01
2.345386322436784e-01
2.857129629096296e-01
3.441102009203171e-01
4.093272505029426e-01
4.803126697713279e-01
5.553023550382815e-01
6.319733712505473e-01
7.073663249480334e-01
7.783437292648431e-01
8.414409500298121e-01
8.940043292711892e-01
9.346275275485875e-01
9.633306641419209e-01
9.816164482550894e-01
9.919236446248757e-01
9.969616253060892e-01
9.990571920620458e-01
9.999293542472265e-01
###1.240000000000001e+01
4.326607728535398e-11
4.734758095263664e-09
6.763898737954100e-10
8.123166069043889e-10
9.112056272828857e-10
1.932715892295765e-09
1.594189345984047e-09
1.689525758526473e-09
2.068986581517357e-09
2.133404842805944e-09
2.307985199246442e-09
2.545517445311324e-09
2.873618930849815e-09
3.247252474762700e-09
3.712149620352647e-09
4.294182164154697e-09
5.026293850876765e-09
5.992604850350448e-09
7.228736612398503e-09
8.840864803809611e-09
1.093845639939385e-08
1.371439670796377e-08
1.735900755612576e-08
2.215687322418619e-08
2.854610170725058e-08
3.704742754950272e-08
4.828931569389590e-08
6.341785177794082e-08
8.355989660857264e-08
1.103538562847491e-07
1.460782909694318e-07
1.937335606343927e-07
2.569909667301595e-07
3.418770322589658e-07
4.551471838316080e-07
6.065059168955343e-07
8.090408865018892e-07
1.079566758047499e-06
1.442181631166197e-06
1.925088200793755e-06
2.572348165713460e-06
3.438062649833404e-06
4.596799464516373e-06
6.147207133831014e-06
8.219714779448587e-06
1.099231741226654e-05
1.470210767434557e-05
1.966676449033641e-05
2.629732760317817e-05
3.522216248010002e-05
4.708857094667563e-05
6.303502606626595e-05
8.424482187986022e-05
1.127565905311885e-04
1.504983166043568e-04
2.010427832384577e-04
2.684399965153841e-04
3.585113423676555e-04
4.784908352460771e-04
6.377814540792404e-04
8.505767410337526e-04
1.132501255903486e-03
1.507047377183252e-03
2.005728870867397e-03
2.657079413194366e-03
3.520896269655957e-03
4.653794182138948e-03
6.142053963255296e-03
8.082201005704545e-03
1.063724727035691e-02
1.394851639096491e-02
1.823437936153371e-02
2.374735978757917e-02
3.082442785308736e-02
3.984249718527485e-02
5.125307345997865e-02
6.556606862216173e-02
8.342352499993393e-02
1.054907538242073e-01
1.324448954687273e-01
1.650734735071499e-01
2.041109597936401e-01
2.501290148610143e-01
3.034461429912353e-01
3.638541257008006e-01
4.307681297391368e-01
5.029455585982823e-01
5.784256879791727e-01
6.547174321479821e-01
7.287703638831996e-01
7.974577739977934e-01
8.575030165876781e-01
9.065720345614470e-01
9.436639790139446e-01
9.692200778753250e-01
9.850319266001029e-01
9.936518376315946e-01
9.977061358005426e-01
9.993188762634769e-01
9.999592668254358e-01
###1.280000000000001e+01
7.008539425879302e-11
4.727895933420497e-09
7.075317265606679e-10
8.450102696544781e-10
9.619846514347248e-10
1.959210909558650e-09
1.651114213775874e-09
1.765367037800737e-09
2.141623106925380e-09
2.236021066025519e-09
2.431907991846957e-09
2.690327487740894e-09
3.044218721796111e-09
3.448829158538222e-09
3.955584076793305e-09
4.589049933232702e-09
5.390404542449967e-09
6.442149318478049e-09
7.784065722071053e-09
9.535338252715406e-09
1.181288112309921e-08
1.483309484352708e-08
1.880247743435424e-08
2.402601962930746e-08
3.097763314506630e-08
4.022863698123517e-08
5.247769714229653e-08
6.894336484585467e-08
9.087059013797315e-08
1.200643051924549e-07
1.589941539134852e-07
2.109821801340862e-07
2.800493550450272e-07
3.727238802842582e-07
4.965170920172740e-07
6.619927987707956e-07
8.835849180468215e-07
1.179647069244756e-06
1.576539684484884e-06
2.106021225552037e-06
2.815753106573626e-06
3.765591001981607e-06
5.037720795233066e-06
6.740801967435769e-06
9.018883448400829e-06
1.206846365221622e-05
1.615034540431250e-05
2.161677019672780e-05
2.892379578251199e-05
3.875735946845231e-05
5.184019863154016e-05
6.941839907916840e-05
9.283420682054819e-05
1.243045456737397e-04
1.659716399786793e-04
2.217873525789531e-04
2.962012733844321e-04
3.956719716163147e-04
5.281508250790397e-04
7.040927708190715e-04
9.388798702080959e-04
1.249890747072926e-03
1.662895610185027e-03
2.212442793365769e-03
2.929710486535651e-03
3.880021821236878e-03
5.125152702559470e-03
6.758733839938557e-03
8.885520261260651e-03
1.168189242910441e-02
1.530013883916823e-02
1.997357093363842e-02
2.597246674706881e-02
3.365411053219168e-02
4.341718790472592e-02
5.573254303683717e-02
7.113548889396536e-02
9.028195858670750e-02
1.138477333581723e-01
1.425056492996719e-01
1.770286749577708e-01
2.181133831593837e-01
2.662545912827532e-01
3.216671571977308e-01
3.839813183298633e-01
4.524423172687271e-01
5.256068831974557e-01
6.013281067795799e-01
6.769745846536649e-01
7.494267930258696e-01
8.156158440369329e-01
8.724885676255850e-01
9.180554145857550e-01
9.517283989185321e-01
9.743312326099921e-01
9.879041580980839e-01
9.950527064685076e-01
9.982847189584804e-01
9.995129757516453e-01
9.999680033209936e-01
###1.320000000000001e+01
1.073374525122023e-10
4.724622854955847e-09
7.364038600479507e-10
8.723612451801782e-10
1.008369034659223e-09
1.994166955963271e-09
1.717280253938244e-09
1.838630736295856e-09
2.226215346199215e-09
2.342864471711358e-09
2.556401575026943e-09
2.843472936028272e-09
3.223354371631322e-09
3.664454895148028e-09
4.216056530791893e-09
4.908337741571318e-09
5.777185329801539e-09
6.919355051547800e-09
8.379063286436282e-09
1.028449042324198e-08
1.275683200119297e-08
1.604312341508715e-08
2.036411571619900e-08
2.605107578332847e-08
3.361616804601385e-08
4.368853587759545e-08
5.703135242865427e-08
7.495793312663318e-08
9.883813515573140e-08
1.306532105846947e-07
1.731040766041888e-07
2.298248714234662e-07
3.052607999394784e-07
4.064771886509951e-07
5.417924367930154e-07
7.227883213139287e-07
9.652723622174287e-07
1.289459102544328e-06
1.724055117142246e-06
2.304695539379558e-06
3.083181588949141e-06
4.125573023896120e-06
5.522640122356894e-06
7.393845065836391e-06
9.898615540906897e-06
1.325324133945131e-05
1.774541244237397e-05
2.376504414318085e-05
3.181807328977303e-05
4.265285686265625e-05
5.707663629064044e-05
7.645557140754228e-05
1.022974897384144e-04
1.370251279310636e-04
1.830161459866947e-04
2.446287238128234e-04
3.267639319594893e-04
4.365631511604214e-04
5.827628351846233e-04
7.769551725637415e-04
1.035848398385472e-03
1.378684727316643e-03
1.833757150250656e-03
2.438689642065666e-03
3.227781038173776e-03
4.272085202820178e-03
5.639049957332863e-03
7.429817191260052e-03
9.758364617481278e-03
1.281489911933121e-02
1.676241483455602e-02
2.185101328262823e-02
2.836848291932275e-02
3.669316991691418e-02
4.724534128749146e-02
6.051348038896386e-02
7.705904083324953e-02
9.754787975832979e-02
1.226637790563872e-01
1.530704752713958e-01
1.895182177330307e-01
2.326574073387734e-01
2.828989376361431e-01
3.403392916459880e-01
4.044513932763710e-01
4.742898734126323e-01
5.482341520569056e-01
6.239455278219923e-01
6.986786171833732e-01
7.692825047765842e-01
8.327961190166498e-01
8.864020655348435e-01
9.284901883772716e-01
9.588775287155057e-01
9.787367698528358e-01
9.902989967433152e-01
9.961770588270749e-01
9.987278040824427e-01
9.996529122386816e-01
9.999983155575015e-01
###1.360000000000001e+01
1.254724089328067e-10
4.720107096475916e-09
7.589905169755299e-10
9.074461721310282e-10
1.049027341003398e-09
2.036440480345293e-09
1.791941559055039e-09
1.916518989308459e-09
2.313987726791088e-09
2.451210301851819e-09
2.693398110145893e-09
3.002495182888620e-09
3.411858172744791e-09
3.891290608378981e-09
4.482181704432169e-09
5.268802587164517e-09
6.187009267475852e-09
7.427112725468123e-09
9.017654779478472e-09
1.109042467230185e-08
1.377494248093904e-08
1.735073608762460e-08
2.205518417558321e-08
2.824630637566620e-08
3.647817012647634e-08
4.745051056043984e-08
6.198487104974854e-08
8.151095609419583e-08
1.075259336224888e-07
1.422021445308834e-07
1.885071480502626e-07
2.504258101277629e-07
3.328361384194016e-07
4.434283536263487e-07
5.913751484464903e-07
7.893979480968727e-07
1.054818884603517e-06
1.409879615915795e-06
1.886010338232358e-06
2.522864470593162e-06
3.376902113053249e-06
4.521285186604522e-06
6.055857997581053e-06
8.112202299546443e-06
1.086669017722778e-05
1.455717149662219e-05
1.950168627972297e-05
2.613113648040545e-05
3.500585609460863e-05
4.694472603306400e-05
6.284585959950137e-05
8.421741973301436e-05
1.127235644474106e-04
1.510336020864218e-04
2.017985400411851e-04
2.697610348205400e-04
3.603895390748723e-04
4.815161374230341e-04
6.427828977033172e-04
8.569536668242300e-04
1.142245773080268e-03
1.519862631648891e-03
2.020794136899629e-03
2.686222602051043e-03
3.553379431380170e-03
4.699758641590499e-03
6.198542538334724e-03
8.159558142913763e-03
1.070536357446679e-02
1.404169301576804e-02
1.834241289626591e-02
2.387537512897432e-02
3.094442136746405e-02
3.995246180785322e-02
5.133748328777651e-02
6.560861754568871e-02
8.334549572793966e-02
1.052311867650112e-01
1.319462742402380e-01
1.641417879404393e-01
2.025403428824017e-01
2.477333662668997e-01
3.000389554135469e-01
3.594348359021338e-01
4.252124003043810e-01
4.962589844732482e-01
5.707509042164953e-01
6.462062674688577e-01
7.197663838199648e-01
7.882987808627945e-01
8.489691087815572e-01
8.992538881205797e-01
9.379231088518115e-01
9.651788131990534e-01
9.825062981675129e-01
9.922809000231284e-01
9.970726999599410e-01
9.990680550101908e-01
9.997591085765156e-01
9.999983155575015e-01
###1.400000000000001e+01
1.569870819641603e-10
4.706818858542952e-09
7.914431462889143e-10
9.335221259286754e-10
1.097467806250500e-09
2.084667498962747e-09
1.864901133521329e-09
1.997389663086543e-09
2.406801539694494e-09
2.567231493860806e-09
2.839925399725336e-09
3.168144308325674e-09
3.613377538876113e-09
4.132530232193209e-09
4.776163139766595e-09
5.624316588511388e-09
6.629110874345627e-09
7.975022529061619e-09
9.704364767988617e-09
1.195822784838768e-08
1.487612220352723e-08
1.876408088776527e-08
2.388380894585937e-08
3.062447880463647e-08
3.958874164096620e-08
5.153545201333061e-08
6.737696995609401e-08
8.864524969438215e-08
1.170005277015555e-07
1.548122592738589e-07
2.053343722420763e-07
2.729492629404850e-07
3.629893445383660e-07
4.838811687199520e-07
6.457304840368167e-07
8.623958891489406e-07
1.153030508241104e-06
1.542050940311496e-06
2.063800341111014e-06
2.762527634181144e-06
3.699794613800004e-06
4.956482267314211e-06
6.642332247109774e-06
8.902501529099926e-06
1.193180578174260e-05
1.599247958189342e-05
2.143567011183154e-05
2.873553331638406e-05
3.851510818063827e-05
5.167051913111465e-05
6.919959080782135e-05
9.276488789570883e-05
1.241998987605302e-04
1.664578735529168e-04
2.224709845416506e-04
2.974104092303449e-04
3.973591442985221e-04
5.309096107669627e-04
7.086603371346082e-04
9.447049692892802e-04
1.258844318293489e-03
1.674458047269925e-03
2.225374462082309e-03
2.956566585528562e-03
3.908594302013889e-03
5.165748170977662e-03
6.807246902481843e-03
8.952065155736336e-03
1.173154628217517e-02
1.536839494541804e-02
2.004742042549104e-02
2.605405410830044e-02
3.371069548618597e-02
4.344148534667461e-02
5.570598106146605e-02
7.103006084653003e-02
9.001061249276396e-02
1.133421439990989e-01
1.417016890667749e-01
1.757238832519767e-01
2.160889099942210e-01
2.633281266646282e-01
3.176569851010710e-01
3.789157877541536e-01
4.462213994107210e-01
5.182853172290359e-01
5.931004189640894e-01
6.680400908543987e-01
7.401831241195524e-01
8.064376388274336e-01
8.641350770754779e-01
9.110723209832340e-01
9.464000201291697e-01
9.706948487564027e-01
9.857093768210352e-01
9.939074200781137e-01
9.977791485132455e-01
9.993236934107025e-01
9.998332391579640e-01
9.999983155575015e-01
###1.440000000000001e+01
1.853432327212553e-10
4.701197342062977e-09
8.179602842846543e-10
9.751455339146827e-10
1.149276529525299e-09
2.135185229927317e-09
1.934227888690080e-09
2.085264285752417e-09
2.504020446657881e-09
2.684553099769395e-09
2.986812328793176e-09
3.344169693800828e-09
3.824138018533615e-09
4.387723120081393e-09
5.086969436319504e-09
6.003394639517789e-09
7.099728590491208e-09
8.561955330818063e-09
1.044150347834619e-08
1.289157873333666e-08
1.606157327678984e-08
2.029377470240921e-08
2.586328326668033e-08
3.320593120595371e-08
4.296510636071785e-08
5.597461717910446e-08
7.324564865332800e-08
9.642298158526410e-08
1.273343649346426e-07
1.685926719617674e-07
2.237268981238725e-07
2.975712940529238e-07
3.959815085223153e-07
5.281633399869638e-07
7.052303059358208e-07
9.424166478679559e-07
1.260757855759160e-06
1.687122903523184e-06
2.259067182301110e-06
3.025680647183023e-06
4.054633753018068e-06
5.434798329123831e-06
7.287290114458596e-06
9.772163470030686e-06
1.310449124718967e-05
1.757270095533825e-05
2.356532811619107e-05
3.160494047584813e-05
4.238025029761411e-05
5.687474123642951e-05
7.619567074074800e-05
1.021659014497664e-04
1.368335071781073e-04
1.834264271008050e-04
2.451979756511499e-04
3.278117264267571e-04
4.379720581986812e-04
5.851594866933391e-04
7.809534833687628e-04
1.040900550660223e-03
1.386539928541427e-03
1.843604387303133e-03
2.448923312278567e-03
3.251611112007874e-03
4.295689682409652e-03
5.672844246729141e-03
7.468548068954989e-03
9.811212473857626e-03
1.284248714606918e-02
1.680152966858018e-02
2.188505525079140e-02
2.839700117078183e-02
3.667747072063611e-02
4.717211920123544e-02
6.036208185391913e-02
7.678751800615197e-02
9.706512805435567e-02
1.218918381874646e-01
1.519406094825373e-01
1.878139462887897e-01
2.301582054503949e-01
2.794261852675867e-01
3.357207290245699e-01
3.987392550863113e-01
4.674250270253313e-01
5.403075668144510e-01
6.152064168140957e-01
6.893868957605968e-01
7.598793194355677e-01
8.236674241462293e-01
8.782910816310620e-01
9.218814812380857e-01
9.539743661910078e-01
9.754928880548007e-01
9.884100100522446e-01
9.952304118653836e-01
9.983300224284349e-01
9.995137951014567e-01
9.998854537273784e-01
9.999983155575015e-01
###1.480000000000001e+01
2.524421105131711e-10
4.693772315665210e-09
8.347387465700548e-10
1.017305136029428e-09
1.201061017017492e-09
2.227114224912394e-09
2.017635279416093e-09
2.178252095310877e-09
2.605596624808109e-09
2.820267824196303e-09
3.138490924728499e-09
3.529421927083229e-09
4.048297983059900e-09
4.658331873744919e-09
5.418330736121788e-09
6.408020503043547e-09
7.604769845721431e-09
9.191526953106706e-09
1.123438712297758e-08
1.389643565356403e-08
1.734566547932295e-08
2.194920565528220e-08
2.800650111639596e-08
3.600480152896838e-08
4.663308789940562e-08
6.080853298559209e-08
7.963641446825201e-08
1.048985464213459e-07
1.386120936057046e-07
1.836369663118875e-07
2.438272300230983e-07
3.244992751511081e-07
4.320928936709186e-07
5.766671426342689e-07
7.704503430977705e-07
1.030179278762868e-06
1.378911390740013e-06
1.846314056087501e-06
2.473583503724135e-06
3.314873978260735e-06
4.444619447162323e-06
5.960685859904342e-06
7.996594780829632e-06
1.072874362597996e-05
1.439421584354312e-05
1.931195104921541e-05
2.590842834770319e-05
3.476199061677154e-05
4.663054010823892e-05
6.260292744901968e-05
8.389405482189276e-05
1.125050785613044e-04
1.507268202259867e-04
2.020799276290681e-04
2.701739822099483e-04
3.611999396692163e-04
4.825647383831601e-04
6.446325683580176e-04
8.601965492252433e-04
1.146233704759022e-03
1.526244554686535e-03
2.028432382877368e-03
2.692950099668872e-03
3.573372118027414e-03
4.717149151337345e-03
6.223944530610622e-03
8.185988314775733e-03
1.074193556797831e-02
1.404363540600474e-02
1.834769821621295e-02
2.386359414078965e-02
3.091230020382063e-02
3.985358877161797e-02
5.115559213155670e-02
6.531649157034151e-02
8.289539944874780e-02
1.045178005409467e-01
1.308864057916022e-01
1.626633181565142e-01
2.004160623594954e-01
2.447382336932958e-01
2.960040191632380e-01
3.541991813013919e-01
4.188668252142491e-01
4.887707732953659e-01
5.622695712387717e-01
6.370157002066733e-01
7.101883818781660e-01
7.788020211192478e-01
8.399625512386527e-01
8.914397702801213e-01
9.317143108726933e-01
9.607000352984675e-01
9.796369499351333e-01
9.906690931474770e-01
9.962966044965732e-01
9.987557230562180e-01
9.996536887702785e-01
9.999219336455295e-01
9.999983155575015e-01
###1.520000000000001e+01
2.654818022170418e-10
4.689018658921317e-09
8.628264199937101e-10
1.058711620418714e-09
1.247572501599809e-09
2.278066049745446e-09
2.095354203627885e-09
2.271185493282200e-09
2.713225044286044e-09
2.948528104070307e-09
3.298743493431642e-09
3.724873531276725e-09
4.283230338854756e-09
4.943921059316651e-09
5.771978465989358e-09
6.839685532897457e-09
8.144217143469881e-09
9.866558145212805e-09
1.208710089578659e-08
1.497979183303219e-08
1.872933386912302e-08
2.373898383294067e-08
3.033304609028628e-08
3.904394335261205e-08
5.062026988015895e-08
6.606714433489647e-08
8.659572304594486e-08
1.141428275841370e-07
1.509274147360770e-07
2.000665262307673e-07
2.658218381296338e-07
3.539717061705334e-07
4.716554783315434e-07
6.298083916605013e-07
8.419448702417024e-07
1.126446126326034e-06
1.508601422376097e-06
2.021084323274860e-06
2.709160235490660e-06
3.632539680663174e-06
4.872992484106146e-06
6.538513511570382e-06
8.776794426497425e-06
1.178011749275772e-05
1.581320016652668e-05
2.122449796111098e-05
2.848636485256635e-05
3.823592447609899e-05
5.130385097030353e-05
6.890103839645648e-05
9.235992169488624e-05
1.238744601035483e-04
1.660020335366821e-04
2.225791378903148e-04
2.976033850497898e-04
3.978522528593489e-04
5.314680939980023e-04
7.098550853542776e-04
9.470082658484814e-04
1.261483015405959e-03
1.678950654277023e-03
2.230232070957698e-03
2.959059872227965e-03
3.923696642644963e-03
5.175437132676545e-03
6.822043868958157e-03
8.963766545057279e-03
1.174938435522363e-02
1.534041255317197e-02
2.001402513452163e-02
2.598962098867531e-02
3.360836437727378e-02
4.324907593435753e-02
5.540173962057512e-02
7.058124326636936e-02
8.936069328607101e-02
1.123783362751840e-01
1.403324083309000e-01
1.738741475890457e-01
2.135250520385172e-01
2.598204495742193e-01
3.130493548604759e-01
3.730631017171866e-01
4.392481228761216e-01
5.102036547992493e-01
5.841021711063737e-01
6.584622512568180e-01
7.303873632220884e-01
7.969240117001491e-01
8.553130930399967e-01
9.035952588933034e-01
9.406098618954959e-01
9.666391230174790e-01
9.831931268011832e-01
9.925442902694457e-01
9.971490163733094e-01
9.990815148632027e-01
9.997557131048699e-01
9.999472368157657e-01
9.999983155575015e-01
###1.560000000000001e+01
3.017837268520824e-10
4.696798910147323e-09
9.185178368245359e-10
1.097238118452554e-09
1.294336503625513e-09
2.324734509569779e-09
2.175963947061028e-09
2.373626858234254e-09
2.823312793992743e-09
3.079271492713277e-09
3.466340419877906e-09
3.929712673818574e-09
4.531594107530911e-09
5.248454562960640e-09
6.146365211019718e-09
7.299762108887632e-09
8.722158367797577e-09
1.059052092095215e-08
1.300749223738480e-08
1.614650374511967e-08
2.022573194912672e-08
2.567584496165292e-08
3.285354394914820e-08
4.234385201813802e-08
5.495413586521900e-08
7.178394222691200e-08
9.418308571669142e-08
1.242279429560652e-07
1.643666044065053e-07
2.180264907487807e-07
2.898511401895799e-07
3.862304673939552e-07
5.149719400003052e-07
6.880406039384805e-07
9.203068761458761e-07
1.232011963664010e-06
1.650913936152832e-06
2.212955629851551e-06
2.967898786441078e-06
3.981618668828586e-06
5.343865625244666e-06
7.174180781946547e-06
9.634469821643671e-06
1.293724962483408e-05
1.737369589543031e-05
2.332821505942785e-05
3.132232007211128e-05
4.205586343218042e-05
5.644561909089825e-05
7.581737267071027e-05
1.016662672167654e-04
1.363723925058403e-04
1.827831809892724e-04
2.450960311764208e-04
3.277021794851847e-04
4.380481134278618e-04
5.850639543701654e-04
7.812611665033468e-04
1.041983887961168e-03
1.387457084857079e-03
1.845730905907892e-03
2.450348181513289e-03
3.249034332022595e-03
4.304814655007088e-03
5.673325099403007e-03
7.470669229049620e-03
9.805747946021069e-03
1.283740646309960e-02
1.674107354235192e-02
2.180611004533209e-02
2.827139125380258e-02
3.649583038453274e-02
4.687460322045483e-02
5.992221094035416e-02
7.616846157231044e-02
9.619668794097615e-02
1.206554877281618e-01
1.502375275687221e-01
1.855753159699308e-01
2.271341856235244e-01
2.753915858954244e-01
3.305359189235719e-01
3.922725509936751e-01
4.598475283354550e-01
5.316601593227607e-01
6.057391883655315e-01
6.794820420138108e-01
7.499270537034847e-01
8.141999219559001e-01
8.697094091284948e-01
9.147767327532256e-01
9.486149435619659e-01
9.718472773709251e-01
9.862220658139266e-01
9.940881437364458e-01
9.978239813262312e-01
9.993281437613336e-01
9.998291828731958e-01
9.999645251586173e-01
9.999983155575015e-01
