# NLO BK equation solver 0.0-dev build  (build Feb 16 2026 17:52:53)
# Initial condition: MV model, Q_s0^2 = 0.0072769 GeV^2, \gamma = 1, coefficient of E inside Log is 1, x0=0.01, \Lambda_QCD = 0.241 GeV
# # LO Kernel RC:  Balitsky. NLO Kernel RC:  smallest dipole
# Nc=3, Nf=4
# Using RungeKutta method in K1
# Resumming double log
# Resumming single log, K_sub=0.65 resum rc: smallest
# BK K1 integration relative accuracy: 0.02# NLO BK as^2 terms: MC integration method: Vegas, points=1000000
# Kinematical constraint: none
# Target kinematical constraint: disabled

###1.000000000000000e-05
###1.160836920850890e+00
###100
###1.000000000000000e+00
###0.000000000000000e+00
2.353329585532308e-12
3.134649838431178e-12
4.174805374282369e-12
5.559336367517443e-12
7.401977079850506e-12
9.853921120448388e-12
1.311612141020815e-11
1.745561511893903e-11
2.322718561792734e-11
3.090209931473103e-11
4.110621857106721e-11
5.467053689658471e-11
7.269816748751254e-11
9.665311769737070e-11
1.284779013246266e-10
1.707493108721357e-10
2.268846684896830e-10
3.014148277816495e-10
4.003454122627022e-10
5.316346483821903e-10
7.058252048583387e-10
9.368793720435309e-10
1.243282605347369e-09
1.649501094868269e-09
2.187906153617393e-09
2.901313859307938e-09
3.846335180230204e-09
5.097793212527206e-09
6.754544652900000e-09
8.947148090431846e-09
1.184795975673939e-08
1.568441795078450e-08
2.075651334515189e-08
2.745975050705223e-08
3.631530789233443e-08
4.800962731604921e-08
6.344634566116477e-08
8.381436802909244e-08
1.106770327436168e-07
1.460888118017744e-07
1.927479245513239e-07
2.541957443348258e-07
3.350771095225746e-07
4.414798182067579e-07
5.813769524425655e-07
7.652025765709357e-07
1.006600206872002e-06
1.323394789838085e-06
1.738853426136899e-06
2.283318583177244e-06
2.996321114672444e-06
3.929310385986760e-06
5.149176865177254e-06
6.742790786115830e-06
8.822841569954225e-06
1.153527341590799e-05
1.506912886262146e-05
1.966858764557156e-05
2.564890968304034e-05
3.341654755195655e-05
4.349486673305147e-05
5.655694477590956e-05
7.346737239943835e-05
9.533551354978798e-05
1.235833774307915e-04
1.600321702998064e-04
2.070128074606048e-04
2.675072861959560e-04
3.453300002129733e-04
4.453610236881955e-04
5.738473905559927e-04
7.387938202989552e-04
9.504716940643698e-04
1.222085012784202e-03
1.570645401481663e-03
2.018126004669774e-03
2.592987635865240e-03
3.332201355408460e-03
4.283931566028465e-03
5.511094711907472e-03
7.096072625571104e-03
9.146937661185350e-03
1.180563816470293e-02
1.525869223542031e-02
1.975103060198358e-02
2.560368361689236e-02
3.323595854264583e-02
4.319248087418304e-02
5.617476291039514e-02
7.307545201378507e-02
9.501052632703932e-02
1.233396197258040e-01
1.596563655720242e-01
2.057183994150409e-01
2.632712277832463e-01
3.337067436338218e-01
4.175005632131519e-01
5.134233049837384e-01
6.176652857230933e-01
7.232819268880301e-01
###4.000000000000000e-01
-5.439250346196924e-12
5.441302580912282e-10
-2.106698640646937e-10
2.001175992020955e-09
5.546731097750543e-11
2.752024413926006e-10
4.604252560597886e-11
-5.289447938116758e-09
6.909844227493093e-11
6.584826313421145e-11
8.496050419106904e-11
1.045873119093642e-10
1.083941957424625e-10
1.604857275399918e-10
1.666547692201283e-10
2.143227621416496e-10
2.799083356571943e-10
3.579791204657916e-10
4.633785307574606e-10
6.015073961011290e-10
7.885476922530916e-10
1.037592910135091e-09
1.373078438547427e-09
1.809732998928492e-09
2.390995904237363e-09
3.158556615477843e-09
4.178112688345405e-09
5.529446455863065e-09
7.318919449912431e-09
9.685381448478875e-09
1.281858603519629e-08
1.696719444475457e-08
2.245574369866978e-08
2.969838991859058e-08
3.927713866814986e-08
5.193120905099590e-08
6.863449237644749e-08
9.068649822508088e-08
1.197798124491694e-07
1.581426040631063e-07
2.087047074651543e-07
2.753205787983186e-07
3.630352265419840e-07
4.784490653450134e-07
6.302391476647620e-07
8.297372956628872e-07
1.091872188193050e-06
1.435921244142869e-06
1.887094760559559e-06
2.479303098753033e-06
3.254561907124090e-06
4.270396105021851e-06
5.597572282018615e-06
7.335255710830285e-06
9.599267514571710e-06
1.255541200228188e-05
1.640842558659964e-05
2.142893664306806e-05
2.796091652218312e-05
3.644353556416905e-05
4.747560551232073e-05
6.177462977296942e-05
8.031403124632342e-05
1.043074944130278e-04
1.353440203300169e-04
1.754635944767145e-04
2.272026483234906e-04
2.939469075366088e-04
3.799041824967440e-04
4.909097205666872e-04
6.336548281115109e-04
8.174348849842350e-04
1.053786030432571e-03
1.358143277321448e-03
1.749825327809409e-03
2.254281885878511e-03
2.903929426889760e-03
3.743131837447232e-03
4.826486419203255e-03
6.228384495197446e-03
8.047425285335443e-03
1.040431778116270e-02
1.348010546427968e-02
1.748432755923653e-02
2.270648855352395e-02
2.953004236166244e-02
3.843374970687759e-02
5.003144275287311e-02
6.516235712590801e-02
8.484248394388341e-02
1.103895620602450e-01
1.432602443555098e-01
1.851750109258506e-01
2.378493937650685e-01
3.029700014575625e-01
3.815907963733597e-01
4.743813152170617e-01
5.813176143754281e-01
7.095849512318427e-01
9.557227204981602e-01
###8.000000000000000e-01
1.640862165719349e-10
5.679998524859242e-10
-1.565149475740919e-10
2.012459488702544e-09
8.926946198140329e-11
3.289659037902128e-10
6.803764901623759e-11
-5.201363105431468e-09
1.479036607895210e-10
1.524095538922541e-10
1.456128425349284e-10
1.858798986038782e-10
1.855928681158563e-10
2.233706452988024e-10
2.508671242917141e-10
2.920701403295565e-10
3.641347830222950e-10
4.468231263221892e-10
5.636018538829271e-10
7.135303299258624e-10
9.156537348972263e-10
1.182191687260151e-09
1.543445808411837e-09
2.013468314183575e-09
2.644507352665909e-09
3.474384447566135e-09
4.577121230389824e-09
6.036343627172526e-09
7.969701254396926e-09
1.052820629526576e-08
1.391366903017782e-08
1.839773575966736e-08
2.432098504569483e-08
3.215178372889030e-08
4.251697481144554e-08
5.621348200459737e-08
7.429253952307630e-08
9.817305481878644e-08
1.296989429019873e-07
1.712731461712293e-07
2.260894438221421e-07
2.983210518664932e-07
3.934902463629577e-07
5.187753113623400e-07
6.835178800554501e-07
9.000714411551802e-07
1.184949419477663e-06
1.558692524621935e-06
2.048805184233322e-06
2.693315885746951e-06
3.536785309545144e-06
4.642612738693299e-06
6.088273654368228e-06
7.984233697263969e-06
1.045094087287594e-05
1.367440404618364e-05
1.787899511299964e-05
2.336414963710122e-05
3.050490762901774e-05
3.978521145917351e-05
5.186678759298118e-05
6.753978185669364e-05
8.788609781311377e-05
1.142486854602140e-04
1.484028255352303e-04
1.926225590331240e-04
2.497080002442435e-04
3.234870095893996e-04
4.186408057943105e-04
5.420088882884130e-04
7.009239383999235e-04
9.060728026168427e-04
1.170570688366984e-03
1.512195545628087e-03
1.953235932973296e-03
2.522986917770889e-03
3.258509011445587e-03
4.212457420399596e-03
5.447163160319487e-03
7.049814653924371e-03
9.135187683770590e-03
1.184694254627353e-02
1.539660013425797e-02
2.002990220179434e-02
2.607884838565847e-02
3.399548407962873e-02
4.431779698598530e-02
5.773678125439975e-02
7.521879572998223e-02
9.789269034404670e-02
1.271983514059482e-01
1.646652411325970e-01
2.119773593597200e-01
2.707003158336300e-01
3.421225159289883e-01
4.266346746977361e-01
5.239031487809385e-01
6.321932691042534e-01
7.540525538783595e-01
9.628966014930490e-01
###1.200000000000000e+00
1.731162466061621e-10
5.941799574523510e-10
-6.703540145303906e-11
2.065468971623346e-09
1.361139521937388e-10
3.522683723838964e-10
1.041299258919921e-10
-5.098277455750100e-09
3.269575735042637e-10
2.271766227835138e-10
2.191782005553387e-10
2.647262359185323e-10
2.604966687609144e-10
3.021997283629667e-10
3.233591799763518e-10
3.555331614524210e-10
4.526372045237989e-10
5.497548805643284e-10
6.757211971525940e-10
8.398940028639778e-10
1.057203450600661e-09
1.347733114329570e-09
1.736126186965847e-09
2.247243335716448e-09
2.927131391091197e-09
3.823082409032291e-09
5.018398877931819e-09
6.592524778575243e-09
8.682923975950153e-09
1.144818877792964e-08
1.510952000155497e-08
1.996080280967390e-08
2.635398281556834e-08
3.482487804747680e-08
4.604422266700239e-08
6.087477527924490e-08
8.044650559833739e-08
1.063170977688498e-07
1.404908863811641e-07
1.855531952434144e-07
2.450052465997326e-07
3.233595812039435e-07
4.266476777084202e-07
5.626904358796745e-07
7.415599773896163e-07
9.767732775083113e-07
1.286409081905718e-06
1.692661288736477e-06
2.225416721516886e-06
2.927115276026336e-06
3.845262573235472e-06
5.049660405412477e-06
6.625448398725265e-06
8.694531886326520e-06
1.138464121134620e-05
1.490245255225542e-05
1.949438442015035e-05
2.549142949800755e-05
3.330529672830338e-05
4.346649096314094e-05
5.671389923455481e-05
7.391308441631256e-05
9.627238679682377e-05
1.252741002707044e-04
1.629104555630778e-04
2.117033329815393e-04
2.748076019793621e-04
3.564886324586529e-04
4.620428311688628e-04
5.993455353532069e-04
7.767787724854840e-04
1.005925392294385e-03
1.302360242776473e-03
1.686426433041037e-03
2.183520818536309e-03
2.826287340246292e-03
3.661220617730786e-03
4.745993369115784e-03
6.153558658149025e-03
7.984488467940479e-03
1.037463675125874e-02
1.348816254235057e-02
1.757208987811218e-02
2.291291621693766e-02
2.988672683158882e-02
3.901223944640674e-02
5.089247218250514e-02
6.628998344039395e-02
8.628319242473301e-02
1.120907794926680e-01
1.452168998708399e-01
1.871908511377569e-01
2.395340392747396e-01
3.035651820524715e-01
3.799321028669109e-01
4.681873250243398e-01
5.667411287968597e-01
6.722760035786786e-01
7.852148985064582e-01
9.680867789036759e-01
###1.600000000000000e+00
2.277937201375095e-10
6.087834709503014e-10
-3.016096503736484e-11
2.054395717487785e-09
5.814436642199582e-11
4.343198337568027e-10
2.258786204899611e-10
-4.959627191722617e-09
4.324321572899706e-10
3.560268359244321e-10
3.121939488190155e-10
3.690459715689631e-10
3.702652010642031e-10
4.001217470171291e-10
4.342294124321145e-10
4.785860056696467e-10
5.789620988141311e-10
6.746322155215219e-10
8.164667333348474e-10
9.965294322767086e-10
1.224363095514735e-09
1.547418209185702e-09
1.966308490539180e-09
2.517823331672580e-09
3.253795936419414e-09
4.223982628766560e-09
5.517321135580154e-09
7.218438561997388e-09
9.480829609801047e-09
1.246815335712608e-08
1.643498554279973e-08
2.168110563385537e-08
2.857621064948892e-08
3.774222245802540e-08
4.989261401658214e-08
6.595672714919241e-08
8.714834464403239e-08
1.151887849952307e-07
1.522482701528214e-07
2.011018298272549e-07
2.656076447370556e-07
3.506230568712573e-07
4.627682901979614e-07
6.105416725531182e-07
8.048323192720777e-07
1.060443409133335e-06
1.397090323639646e-06
1.838926483575894e-06
2.418353394188250e-06
3.182600442045987e-06
4.182615216879528e-06
5.495600170236233e-06
7.213592416571568e-06
9.472853366510174e-06
1.240737914677704e-05
1.625109117546041e-05
2.127127803103252e-05
2.783266346397135e-05
3.638942367871802e-05
4.752275116777950e-05
6.206787058556066e-05
8.096372709494627e-05
1.055745790674737e-04
1.375391841814249e-04
1.790317718090187e-04
2.329635657840837e-04
3.027957822515691e-04
3.933800965019933e-04
5.106531267309850e-04
6.636706455546632e-04
8.617408898608473e-04
1.118302350213519e-03
1.450891740598437e-03
1.883112400989945e-03
2.443879452669599e-03
3.169597195053939e-03
4.117452475248758e-03
5.350626707983952e-03
6.954046726644551e-03
9.043697913790876e-03
1.177724009367573e-02
1.534398729408373e-02
2.002949463963376e-02
2.615272701556111e-02
3.414770770540401e-02
4.459654221966643e-02
5.815476490394935e-02
7.568273549061336e-02
9.831123394000074e-02
1.273413687731318e-01
1.642935400387249e-01
2.106122357136622e-01
2.675936045787518e-01
3.361764020451127e-01
4.163283904789312e-01
5.067579617566795e-01
6.048361021430809e-01
7.063433998220900e-01
8.108260342163889e-01
9.723497993145571e-01
###2.000000000000000e+00
2.704116379521287e-10
6.315277260462839e-10
-2.893506478844518e-12
2.046572559039693e-09
9.299746934634919e-11
5.062478752316696e-10
3.015257540413773e-10
-4.859541609026199e-09
5.190420314413919e-10
4.576450134759629e-10
4.119901295887287e-10
4.774911887184184e-10
4.777608733215114e-10
4.984195976888297e-10
5.416406530891878e-10
5.895144709452504e-10
6.948319923855263e-10
8.046155651715421e-10
9.582260603109063e-10
1.151628703635141e-09
1.401906770639464e-09
1.750738011092990e-09
2.210353504182084e-09
2.806513683753056e-09
3.602814139923170e-09
4.652038929310036e-09
6.048584302730150e-09
7.892926360383499e-09
1.033948132259130e-08
1.357091757836859e-08
1.786426454671081e-08
2.352755307118435e-08
3.099068088326926e-08
4.091574065366946e-08
5.407745081380606e-08
7.148353768383059e-08
9.444969292038919e-08
1.248422868676838e-07
1.650413315778683e-07
2.180285362680155e-07
2.880315189069575e-07
3.803174894453031e-07
5.021024812535539e-07
6.626532042160947e-07
8.737935343241713e-07
1.151678425331666e-06
1.517869007816691e-06
1.998622227883559e-06
2.629132307860047e-06
3.461882919783141e-06
4.551608924946802e-06
5.984146425397336e-06
7.858237846444010e-06
1.032586209226186e-05
1.352976087911233e-05
1.773241643907422e-05
2.322182019664189e-05
3.041050644603004e-05
3.979031176171236e-05
5.200219403920627e-05
6.798810180068389e-05
8.876744001651122e-05
1.158823829437719e-04
1.511887077319255e-04
1.969662660776649e-04
2.566486368824431e-04
3.340451007475444e-04
4.346184637581194e-04
5.650810342987761e-04
7.357780066797609e-04
9.571041259927125e-04
1.244697438777756e-03
1.618228483598914e-03
2.104865452399422e-03
2.737656810046540e-03
3.557615145689366e-03
4.632730804533764e-03
6.033598413072235e-03
7.858125479851572e-03
1.023937637594599e-02
1.335640046090729e-02
1.743051665659803e-02
2.278196553567183e-02
2.977103816466460e-02
3.888335313965214e-02
5.076562038636709e-02
6.612353564119434e-02
8.590010373914601e-02
1.112699045462081e-01
1.435793542382979e-01
1.843104538239211e-01
2.347758780405038e-01
2.959929084516982e-01
3.684350754289705e-01
4.514277536046859e-01
5.429221452937439e-01
6.395382879326410e-01
7.365782609022630e-01
8.331246750975537e-01
9.760240061829164e-01
###2.400000000000000e+00
2.520847944626004e-10
6.275591497690224e-10
1.950269944742906e-11
2.067425123016417e-09
1.242727706147077e-10
5.467959937909278e-10
3.615562661754136e-10
-4.797448906407510e-09
5.938286127497282e-10
5.304472238061172e-10
4.802922308392270e-10
5.518953679668030e-10
5.696983076958141e-10
5.983089139227654e-10
6.716606846358424e-10
6.898417758139441e-10
8.119762131949998e-10
9.261278422482193e-10
1.093835101302682e-09
1.303127791372282e-09
1.574280098260759e-09
1.952085166351734e-09
2.453059254063626e-09
3.084562132172783e-09
3.957281928736692e-09
5.096376409974985e-09
6.607389476386876e-09
8.604656742616788e-09
1.125120296344853e-08
1.475300488986537e-08
1.939667604828168e-08
2.552180811606196e-08
3.360764426384294e-08
4.435505801583841e-08
5.861983919265298e-08
7.748335934898656e-08
1.023823543077634e-07
1.353428390270773e-07
1.789494428365686e-07
2.364398864652623e-07
3.124386172516843e-07
4.126490942853510e-07
5.449478055848311e-07
7.194277342330156e-07
9.489780060306412e-07
1.251243538326230e-06
1.649617956852105e-06
2.173020115752508e-06
2.859555042104323e-06
3.767417185437181e-06
4.955583328585486e-06
6.518417311370488e-06
8.564856946483870e-06
1.126105578735924e-05
1.476257425378303e-05
1.935965786160027e-05
2.536313158299994e-05
3.325044352147049e-05
4.354225429626711e-05
5.695061406766456e-05
7.454480060101366e-05
9.741277773275328e-05
1.273023524440347e-04
1.663419872000894e-04
2.169214251355175e-04
2.830374296192510e-04
3.689129549155347e-04
4.807231627559792e-04
6.260188345561178e-04
8.166344303955884e-04
1.064220535426261e-03
1.386731445596299e-03
1.806522910384512e-03
2.354537800585451e-03
3.068587638158055e-03
3.995161419800905e-03
5.213366165478284e-03
6.802724809949723e-03
8.875187024136042e-03
1.158391522143751e-02
1.512774219461168e-02
1.976426038535228e-02
2.584302438818604e-02
3.378475818036984e-02
4.411031841830481e-02
5.753234551089106e-02
7.480516936686549e-02
9.693653604616341e-02
1.251325610517594e-01
1.607383538393066e-01
2.051779653084690e-01
2.595736533412159e-01
3.246257458503620e-01
4.003194522686688e-01
4.853769612777483e-01
5.771232084745983e-01
6.716338785511210e-01
7.639959887083801e-01
8.530121609999163e-01
9.792545773374459e-01
###2.800000000000000e+00
2.304114045387405e-10
6.160456190001099e-10
5.285550908162874e-11
2.105884423514688e-09
1.838273984260699e-10
5.806274587085518e-10
4.183834986985139e-10
-4.718527704354410e-09
6.675175625389147e-10
6.149944975546349e-10
5.805733585975332e-10
6.402250545514398e-10
6.616088232358627e-10
6.911140116058526e-10
7.622138033626328e-10
7.913144333717673e-10
9.209691149943028e-10
1.046186673876782e-09
1.229212582734439e-09
1.457523672200106e-09
1.755441959299012e-09
2.167485506654885e-09
2.705414498540258e-09
3.396237515391598e-09
4.336560410220527e-09
5.569563014809510e-09
7.206519161603891e-09
9.366262149419092e-09
1.223491965357382e-08
1.602761569225142e-08
2.104786631922731e-08
2.768140042816693e-08
3.644696064309972e-08
4.809310285044734e-08
6.355990370617408e-08
8.400490903324398e-08
1.110081562501640e-07
1.467703614462184e-07
1.940865158865814e-07
2.564811368184189e-07
3.390110245685345e-07
4.478655247394136e-07
5.916493360974465e-07
7.813110656029628e-07
1.031000462296687e-06
1.359919910192357e-06
1.793488952989792e-06
2.363607890488227e-06
3.111506154205493e-06
4.101671426551982e-06
5.397938178723507e-06
7.103882076341662e-06
9.339836635873795e-06
1.228755821707154e-05
1.611750278590429e-05
2.115022107275245e-05
2.772392544930431e-05
3.638147737291941e-05
4.768444902388495e-05
6.242170057271959e-05
8.180064567019714e-05
1.069953336856544e-04
1.399849609449983e-04
1.831739357162652e-04
2.391315946676544e-04
3.124603250559364e-04
4.078289402275044e-04
5.322490189626876e-04
6.942569845724086e-04
9.072299088443164e-04
1.184372089637949e-03
1.546208394168897e-03
2.018018673763360e-03
2.635208964772018e-03
3.440548338347337e-03
4.487078235458844e-03
5.865651586677730e-03
7.666022887872348e-03
1.001566170728998e-02
1.308827698948221e-02
1.710591953463888e-02
2.236082805333746e-02
2.923925940231985e-02
3.821344421284380e-02
4.984872769325007e-02
6.491301428977057e-02
8.420895300082680e-02
1.087841178743945e-01
1.398694042404537e-01
1.787765352673216e-01
2.268293475030194e-01
2.849304747651799e-01
3.534215865364363e-01
4.318138447438628e-01
5.182900780431655e-01
6.096405749774503e-01
7.015748450976884e-01
7.891269703952403e-01
8.709390092930661e-01
9.821150843832398e-01
###3.200000000000000e+00
2.466325322659538e-10
6.258166154775389e-10
9.261829292541168e-11
2.088942104523095e-09
2.145791830377409e-10
6.349336747204894e-10
4.709789064434521e-10
-4.622974955216282e-09
7.539089641465118e-10
6.965594984215207e-10
6.823275456705863e-10
7.427696450179886e-10
7.579833960437124e-10
7.945533909195934e-10
8.729142720644002e-10
9.063391406332604e-10
1.043264612601898e-09
1.185967719407598e-09
1.379173809490048e-09
1.634874882421924e-09
1.960553581327529e-09
2.407801275623434e-09
2.978481644151445e-09
3.739396567298132e-09
4.749055981343472e-09
6.089506345409460e-09
7.863179959864348e-09
1.020620110694572e-08
1.331030217630194e-08
1.741827612370659e-08
2.284168301057067e-08
3.003408888088545e-08
3.953746362515093e-08
5.215736972375097e-08
6.893293088174115e-08
9.110342456031140e-08
1.203932130167092e-07
1.592081408972139e-07
2.105625753137128e-07
2.783106294290763e-07
3.679647938546802e-07
4.862387404568248e-07
6.425682815375879e-07
8.488180265361616e-07
1.120470773921717e-06
1.478611816716647e-06
1.950731861017499e-06
2.571957173787376e-06
3.387145269992994e-06
4.467553831335883e-06
5.882580912046898e-06
7.745683545948110e-06
1.019013240116920e-05
1.341515139664644e-05
1.760736737430776e-05
2.312095257687340e-05
3.032584199734828e-05
3.983599459896690e-05
5.225941219127051e-05
6.847356709702011e-05
8.983643589823142e-05
1.176239029138338e-04
1.540702333443673e-04
2.018829716114729e-04
2.638692570047224e-04
3.452519522826343e-04
4.512755996171061e-04
5.898502210797675e-04
7.705920955564071e-04
1.008690170577002e-03
1.319054971640735e-03
1.725091623510635e-03
2.255301687780671e-03
2.950100398306173e-03
3.857890533233102e-03
5.038865694938290e-03
6.596781978058654e-03
8.632530137060300e-03
1.129000815454570e-02
1.476536791264948e-02
1.930579547063071e-02
2.523873375941896e-02
3.299060245384427e-02
4.307872476830171e-02
5.611700549985799e-02
7.292389162390121e-02
9.433874454067345e-02
1.214405611787674e-01
1.554581162027447e-01
1.976500989217335e-01
2.491950972430812e-01
3.107591455815460e-01
3.823171252042668e-01
4.629137915193381e-01
5.502297073501310e-01
6.406452189408952e-01
7.296219050672205e-01
8.122541144272686e-01
8.871509480380981e-01
9.846625236542884e-01
###3.600000000000000e+00
2.855552523580621e-10
8.191920603715610e-10
1.095337656449977e-10
2.101157709946733e-09
2.560457511317957e-10
6.718494012270293e-10
5.282544527484074e-10
-4.551836628445805e-09
8.217291969518250e-10
7.833648061541527e-10
7.918932562398164e-10
8.441004802004340e-10
8.677403721180407e-10
9.118512894017839e-10
9.891384388902210e-10
1.033173755487383e-09
1.175091597185925e-09
1.326349879016684e-09
1.537615973189818e-09
1.825843047555795e-09
2.180013423713419e-09
2.663362758278446e-09
3.288733931797453e-09
4.111780746821862e-09
5.209165618014861e-09
6.662763257510502e-09
8.582984093189294e-09
1.112162620739406e-08
1.448654796049041e-08
1.893517617713825e-08
2.479871399696504e-08
3.259436404669300e-08
4.290264599726604e-08
5.658264223062387e-08
7.478513224646527e-08
9.883042093544197e-08
1.306152124619813e-07
1.727487158344160e-07
2.285520009345454e-07
3.020832896272484e-07
3.995209180799439e-07
5.281026816410744e-07
6.981143098593559e-07
9.224792649889382e-07
1.218197157513837e-06
1.608239295002894e-06
2.122595753786258e-06
2.799915304405521e-06
3.688981827010252e-06
4.868488522971696e-06
6.413894596235300e-06
8.449941683590201e-06
1.112389236375717e-05
1.465457655236272e-05
1.924714827725145e-05
2.529171196733067e-05
3.319664159605580e-05
4.365045541215519e-05
5.731690294205665e-05
7.517275107928033e-05
9.872815368417401e-05
1.294144775130056e-04
1.697132135916399e-04
2.226886612186211e-04
2.914134815278102e-04
3.818159872706339e-04
4.997821192389664e-04
6.541934370560935e-04
8.559808875853820e-04
1.122240020849731e-03
1.469840234984418e-03
1.925414681244775e-03
2.521154273042148e-03
3.302733021210115e-03
4.325221093706161e-03
5.658064022284354e-03
7.413792364408128e-03
9.710973432904772e-03
1.270929933472680e-02
1.662855422237990e-02
2.174287765892440e-02
2.841545557707945e-02
3.711555459815208e-02
4.840280663444030e-02
6.293140888866257e-02
8.157743097236390e-02
1.052001381111747e-01
1.348952530206684e-01
1.718737111247263e-01
2.173133433168568e-01
2.722258188894395e-01
3.370064942702914e-01
4.112595915899335e-01
4.935872825782245e-01
5.812234693772858e-01
6.702215801178456e-01
7.559138689959181e-01
8.335491907982184e-01
9.018165239777914e-01
9.869190605952394e-01
###4.000000000000000e+00
2.959427164571832e-10
8.370063000458389e-10
1.535035390871317e-10
2.129635885898093e-09
3.075175680886814e-10
7.160034923159771e-10
5.852484679950377e-10
-4.444931980994151e-09
9.125489076063990e-10
8.758458206491357e-10
9.223179896991784e-10
9.700472446883899e-10
9.880715298874272e-10
1.038299216319890e-09
1.117521558609338e-09
1.175578898882338e-09
1.331136097671327e-09
1.481094905609815e-09
1.725378989073052e-09
2.038003328182005e-09
2.426045836173137e-09
2.953137470157834e-09
3.631524514928427e-09
4.522647075497267e-09
5.715583648618187e-09
7.288839267908899e-09
9.369890949433497e-09
1.212187812309844e-08
1.576884721571538e-08
2.059015018528024e-08
2.694040397294453e-08
3.538493889018166e-08
4.656979396730270e-08
6.140142193936608e-08
8.116043575580777e-08
1.072440468877370e-07
1.417505964695727e-07
1.874984219361173e-07
2.481444408247585e-07
3.280098663200082e-07
4.339276741748065e-07
5.737577158508868e-07
7.587090424058238e-07
1.002687974861470e-06
1.324947085337324e-06
1.749923889279787e-06
2.310583148833025e-06
3.049328298537212e-06
4.019605936071620e-06
5.307856620158726e-06
6.996753481411762e-06
9.224387967692771e-06
1.215037154399679e-05
1.601784643812197e-05
2.105239801631837e-05
2.768493165017746e-05
3.636468438994036e-05
4.786473283831385e-05
6.290971991996971e-05
8.258952570101454e-05
1.085776156483291e-04
1.425016488252793e-04
1.870984551286923e-04
2.458258355272120e-04
3.220854999493273e-04
4.225616979489264e-04
5.538868941620597e-04
7.260523063074685e-04
9.513572129189035e-04
1.249161803262026e-03
1.638508978252453e-03
2.149509344094854e-03
2.818461870055089e-03
3.697091727457016e-03
4.847514510495731e-03
6.350337613632404e-03
8.324712982765150e-03
1.091111002017573e-02
1.428523487860252e-02
1.869128719919163e-02
2.443254951355752e-02
3.190830118148621e-02
4.163038111408220e-02
5.420174107905823e-02
7.031121119374305e-02
9.088614230913898e-02
1.167960074977347e-01
1.491423112476592e-01
1.890977035838510e-01
2.377288580408098e-01
2.958579631361939e-01
3.636039628297771e-01
4.401803508226153e-01
5.237848244026969e-01
6.112614074087070e-01
6.984201625398930e-01
7.805399361069277e-01
8.531301215897550e-01
9.150491526000739e-01
9.889104444859889e-01
###4.399999999999999e+00
2.881753011988183e-10
8.697648476886250e-10
1.822192296583380e-10
2.108626470840184e-09
3.466016912461371e-10
7.648023244830053e-10
6.452301903054356e-10
-4.340101453096678e-09
1.007150837430976e-09
9.529056787499929e-10
1.052609230174354e-09
1.104081436955989e-09
1.118262522360925e-09
1.174876419301954e-09
1.262472597857640e-09
1.324520583854700e-09
1.495342400517615e-09
1.659984127223911e-09
1.931668201578749e-09
2.271232157634939e-09
2.694122527000673e-09
3.269308122518284e-09
4.004570627299064e-09
4.973322530714401e-09
6.269504165001025e-09
7.974380308799995e-09
1.022968310741008e-08
1.321254682188392e-08
1.716652636060170e-08
2.239487113579324e-08
2.928579340407228e-08
3.842749264125253e-08
5.056089293715563e-08
6.665031396013040e-08
8.809799535829255e-08
1.164076932490054e-07
1.538824547618133e-07
2.035739745991424e-07
2.694984938856232e-07
3.562568574333504e-07
4.714497207653198e-07
6.235527316181080e-07
8.248618494464653e-07
1.090434946609689e-06
1.441570949826762e-06
1.904869987900189e-06
2.516236567212904e-06
3.322396525204406e-06
4.381895094859914e-06
5.789648192954928e-06
7.636496802434190e-06
1.007538366921946e-05
1.327885549407622e-05
1.751821517357396e-05
2.304142086156335e-05
3.032373507101046e-05
3.986338002088161e-05
5.252124947934615e-05
6.909773290885458e-05
9.080690083121225e-05
1.195031821527125e-04
1.570258672989389e-04
2.064234313666610e-04
2.715620215476496e-04
3.562449438115860e-04
4.679902321633390e-04
6.142473027570107e-04
8.062646714366574e-04
1.057887178226041e-03
1.390954554411987e-03
1.826973613859755e-03
2.399793403686361e-03
3.150496639659742e-03
4.137224241596711e-03
5.429917674829242e-03
7.120531492477041e-03
9.337543351737459e-03
1.224263882699853e-02
1.602951983564399e-02
2.096827460525398e-02
2.739161334437758e-02
3.573576782696247e-02
4.655448864541259e-02
6.049213026471627e-02
7.827033529644767e-02
1.008607705373898e-01
1.291295214620836e-01
1.641744702684591e-01
2.070988086689867e-01
2.588344068444860e-01
3.200328006081555e-01
3.904730420366472e-01
4.690133199933620e-01
5.534593969655367e-01
6.403187908392604e-01
7.252380553791745e-01
8.035452891861796e-01
8.710771231981761e-01
9.269440491355899e-01
9.906716697652047e-01
###4.800000000000000e+00
2.677161816761024e-10
8.763828466384558e-10
2.001558790819915e-10
2.119225191223652e-09
3.741734298301302e-10
8.116156519942318e-10
7.364938039474298e-10
-4.219808437699144e-09
1.113898891383610e-09
1.067174131692299e-09
1.192102300149367e-09
1.254639575831161e-09
1.265980024841471e-09
1.328851498879459e-09
1.422822374059916e-09
1.502848553429259e-09
1.672106587823981e-09
1.864412099985102e-09
2.160302359224180e-09
2.528154997312547e-09
2.975853210484923e-09
3.613726631028904e-09
4.417839705130369e-09
5.467593509460243e-09
6.874910031164469e-09
8.728737292923265e-09
1.117212388119063e-08
1.440871843233291e-08
1.869528879169756e-08
2.436564303309552e-08
3.184595155969053e-08
4.174161818590968e-08
5.490964162823069e-08
7.236607241678179e-08
9.565512731980419e-08
1.263921961013064e-07
1.670984819871706e-07
2.210894529773449e-07
2.927741887411614e-07
3.870793440783569e-07
5.123891806696346e-07
6.779112215948489e-07
8.971052737051534e-07
1.186479353277603e-06
1.569123749973473e-06
2.074322087951273e-06
2.741367405231855e-06
3.621660300985910e-06
4.779429602345314e-06
6.318492145137435e-06
8.339163619283989e-06
1.101079838788907e-05
1.452033949347846e-05
1.917079894050265e-05
2.523402207024455e-05
3.323595152185487e-05
4.372855616411628e-05
5.767078141706262e-05
7.594804033080830e-05
9.990834507844000e-05
1.316239746413593e-04
1.731565269524177e-04
2.278997539584366e-04
3.001919153559022e-04
3.942756652669548e-04
5.185961674654586e-04
6.815243392433038e-04
8.957292956605472e-04
1.176740208321044e-03
1.549178840172465e-03
2.037189933495585e-03
2.679038753663136e-03
3.520568048622574e-03
4.627336413852537e-03
6.077833529255974e-03
7.975894403300631e-03
1.046068136702814e-02
1.371572582033145e-02
1.795437709664727e-02
2.347317201278406e-02
3.063617270517319e-02
3.991503302733845e-02
5.190708351794622e-02
6.729167981189887e-02
8.682751740669349e-02
1.115111978759492e-01
1.422064927341896e-01
1.799817303662057e-01
2.258530579414043e-01
2.805946975003616e-01
3.446895327412784e-01
4.175425832663437e-01
4.976777320591186e-01
5.825333169119538e-01
6.683509280156138e-01
7.506706199031682e-01
8.249590943731477e-01
8.874541663476385e-01
9.375745863307644e-01
9.922014032371259e-01
###5.200000000000000e+00
3.085860901658340e-10
8.851168566851395e-10
2.003638679023576e-10
2.134001343943682e-09
4.210166354956677e-10
8.677532560200620e-10
8.265147940864099e-10
-4.085202824794370e-09
1.231306280000589e-09
1.205489073974745e-09
1.353508556914488e-09
1.424118327643368e-09
1.434122143674488e-09
1.491166956813130e-09
1.604917040863772e-09
1.697920564115633e-09
1.879251258322245e-09
2.092004532714903e-09
2.411986597524714e-09
2.811744722566252e-09
3.305778821759656e-09
3.988267347234450e-09
4.870571501909157e-09
6.013462633866322e-09
7.540806896114773e-09
9.552783619289147e-09
1.220438516578989e-08
1.571547083510724e-08
2.036589389691755e-08
2.651745844982522e-08
3.463792453498535e-08
4.535670164397283e-08
5.965057261692323e-08
7.859078075924444e-08
1.038956681810950e-07
1.372761661968338e-07
1.815069060096065e-07
2.401884494802485e-07
3.181096614055843e-07
4.207122602861993e-07
5.570681577246671e-07
7.372800034558041e-07
9.760319802754367e-07
1.291477497454744e-06
1.708640099280982e-06
2.259830299593595e-06
2.988032376112466e-06
3.949713651744871e-06
5.215807888718059e-06
6.899803832073979e-06
9.111320204838355e-06
1.203946513098639e-05
1.588753518518963e-05
2.099114863789522e-05
2.765252836975298e-05
3.645217470356964e-05
4.800087032587718e-05
6.336876407695414e-05
8.353515609072633e-05
1.100004415945806e-04
1.450738218245913e-04
1.910678935693879e-04
2.517670991405927e-04
3.320336177459958e-04
4.366038594259040e-04
5.749449175133522e-04
7.564860915737358e-04
9.954417162405479e-04
1.309218125466721e-03
1.725536342590518e-03
2.271454293006413e-03
2.989938279577475e-03
3.932493630512907e-03
5.172189675913038e-03
6.797108467290263e-03
8.923434391651837e-03
1.170303770720603e-02
1.534125623835476e-02
2.007233178821287e-02
2.622109423130205e-02
3.418135394159282e-02
4.446400873171553e-02
5.770478915537929e-02
7.462093231049183e-02
9.599241834227736e-02
1.228450950274151e-01
1.560207479242775e-01
1.965402099197673e-01
2.453254890437836e-01
3.029731256047682e-01
3.697525666387204e-01
4.447347749620838e-01
5.260831577897322e-01
6.109468143609054e-01
6.953086591104450e-01
7.747011831138669e-01
8.448077661540603e-01
9.023186409558385e-01
9.470211421283528e-01
9.935346180035084e-01
###5.600000000000001e+00
3.258792163241472e-10
8.802607082644153e-10
2.091265740141892e-10
2.161892585935428e-09
4.706219787365643e-10
9.334958441236792e-10
9.022675372432792e-10
-3.943379172287666e-09
1.368654098008620e-09
1.351210219752459e-09
1.535810310200137e-09
1.592363814510509e-09
1.614452953396455e-09
1.683576077201919e-09
1.803126248585212e-09
1.910603403195688e-09
2.102906019382940e-09
2.345106774955202e-09
2.688657126231403e-09
3.125306252165012e-09
3.664483876023874e-09
4.409513586900037e-09
5.369253548134602e-09
6.613644395507728e-09
8.272398929807640e-09
1.045844112687797e-08
1.333488594665989e-08
1.714567133968409e-08
2.219010520264048e-08
2.887000383399752e-08
3.768107968638920e-08
4.929984777634223e-08
6.481435466386937e-08
8.537842221514115e-08
1.128718980679191e-07
1.491406177761920e-07
1.972141103129536e-07
2.610285567662117e-07
3.457471034880308e-07
4.574266048623851e-07
6.058722790211917e-07
8.021479528401512e-07
1.062303064226079e-06
1.406306051127860e-06
1.861312575522364e-06
2.463005158533659e-06
3.258399385278386e-06
4.309510561681138e-06
5.695324774944928e-06
7.538373204984300e-06
9.960328973859453e-06
1.317125474554448e-05
1.739299981526650e-05
2.299793105182433e-05
3.032077254758238e-05
4.000407031946630e-05
5.272518944645313e-05
6.967084527206610e-05
9.193558052819444e-05
1.211892649334113e-04
1.599950318671366e-04
2.109584605191021e-04
2.782930626814447e-04
3.674354551138513e-04
4.836937397821165e-04
6.376773693107545e-04
8.399441927235949e-04
1.106513514166283e-03
1.456712809444270e-03
1.921835741424993e-03
2.532117283751040e-03
3.335657505386304e-03
4.389928855544182e-03
5.776787207141567e-03
7.594016843157736e-03
9.970977125742150e-03
1.307382224673019e-02
1.713059695898457e-02
2.239685778358489e-02
2.922665667651188e-02
3.804539043397660e-02
4.940049441122293e-02
6.396547172775256e-02
8.249270953989299e-02
1.057781082195570e-01
1.348679758509144e-01
1.705646669917965e-01
2.138368136433071e-01
2.654801860067212e-01
3.259175896965901e-01
3.951620738021173e-01
4.719697857798187e-01
5.541629945730990e-01
6.386167101118299e-01
7.211343338701134e-01
7.973134123683179e-01
8.631090614068284e-01
9.157344700994509e-01
9.553558703266058e-01
9.946826954517961e-01
###6.000000000000001e+00
3.544169716874227e-10
8.727108123691989e-10
2.499709146142240e-10
2.180874274699696e-09
5.327878373175775e-10
1.009535968361995e-09
1.012451965399600e-09
-3.728330109179616e-09
1.527138821485489e-09
1.512968724511544e-09
1.728045488118347e-09
1.792799803742738e-09
1.815260749895351e-09
1.883596205275376e-09
2.016492845803075e-09
2.144285085015367e-09
2.352432460741441e-09
2.619940413878845e-09
2.997013893802053e-09
3.473619809952711e-09
4.063204725216614e-09
4.873723961709559e-09
5.916515508244310e-09
7.275490504541057e-09
9.077008000482142e-09
1.144972773405251e-08
1.457282278028535e-08
1.871232101877483e-08
2.418471662422804e-08
3.143718913361040e-08
4.100611236128138e-08
5.360092234718995e-08
7.045177788575453e-08
9.278094988893996e-08
1.226661372200095e-07
1.620810354886313e-07
2.143484150956221e-07
2.837515786003029e-07
3.759261669130041e-07
4.975052695451199e-07
6.591633005209682e-07
8.730393104558944e-07
1.156622836746904e-06
1.531945317175077e-06
2.028476285579802e-06
2.685626396216922e-06
3.554831975355313e-06
4.704447881925898e-06
6.222071216549850e-06
8.240115361707209e-06
1.089419319518045e-05
1.441727375731963e-05
1.905167146087637e-05
2.521097766876482e-05
3.326589102409044e-05
4.392832113675865e-05
5.794798597899218e-05
7.664735258720989e-05
1.012430899603632e-04
1.335918930761584e-04
1.765483452357465e-04
2.330423067093265e-04
3.077481969633028e-04
4.067693633569063e-04
5.360409072887566e-04
7.074325632867746e-04
9.327837343990757e-04
1.230039630626847e-03
1.620747505967591e-03
2.140011642045599e-03
2.821636612629682e-03
3.719347678119782e-03
4.897097864743878e-03
6.446139506313829e-03
8.474747193917683e-03
1.112651351056287e-02
1.458256267245274e-02
1.909475522804963e-02
2.494141479875673e-02
3.250590816125933e-02
4.224478564890063e-02
5.474145996295569e-02
7.070791312575236e-02
9.092358367116134e-02
1.161970373414788e-01
1.475806424558575e-01
1.858299138714833e-01
2.318477488946695e-01
2.862786687620212e-01
3.493600182221778e-01
4.208411971861849e-01
4.991616066081954e-01
5.818332580073581e-01
6.654638601091664e-01
7.457865664934734e-01
8.184943797253122e-01
8.799004835749465e-01
9.277653308239121e-01
9.626589861342703e-01
9.956603303315752e-01
###6.400000000000001e+00
3.800505581271343e-10
9.018127361344678e-10
2.825930963451567e-10
2.189858966420622e-09
6.112639372174986e-10
1.088319568533430e-09
1.131530204158868e-09
-3.551857354758797e-09
1.684530292739563e-09
1.686024630085766e-09
1.945094939670232e-09
2.009758739421522e-09
2.031037413352097e-09
2.106920096340723e-09
2.256745346288289e-09
2.404652407533119e-09
2.631207863918325e-09
2.926390780856145e-09
3.339150278174294e-09
3.864250143206342e-09
4.507001508507555e-09
5.385919337878104e-09
6.522008608675840e-09
8.001411248815017e-09
9.961080755249183e-09
1.253628407599089e-08
1.592974434332341e-08
2.042610307875228e-08
2.636526475108115e-08
3.424142000268253e-08
4.463582716625260e-08
5.833704705688483e-08
7.660215440809745e-08
1.008545488328478e-07
1.333463660767712e-07
1.762048495989119e-07
2.330502859050340e-07
3.085557278401554e-07
4.088747879857462e-07
5.412875079037153e-07
7.174375670040279e-07
9.505554900889244e-07
1.259841332049665e-06
1.669424205377023e-06
2.211629560354270e-06
2.929705702617280e-06
3.880114091663117e-06
5.137845076757551e-06
6.800609995997639e-06
9.011547387670026e-06
1.192197665312499e-05
1.578955707713026e-05
2.088067161848634e-05
2.765316977150078e-05
3.651816149414514e-05
4.826626055939538e-05
6.372549112429057e-05
8.437143767310054e-05
1.115519298572727e-04
1.473412867766269e-04
1.949161548162082e-04
2.575485058843388e-04
3.404598023205341e-04
4.504795521361278e-04
5.942235163455002e-04
7.849661983144768e-04
1.035957283790072e-03
1.367323046367036e-03
1.802972272182865e-03
2.382235055821515e-03
3.142846078811750e-03
4.144596366017505e-03
5.458506804968562e-03
7.185855297563973e-03
9.446331080689867e-03
1.239842036429214e-02
1.623952552742499e-02
2.124579720981163e-02
2.771898757293583e-02
3.607391158263897e-02
4.679589475784531e-02
6.050497483482541e-02
7.794654017482860e-02
9.992687439204086e-02
1.272557692248822e-01
1.609877905449171e-01
2.018099554169275e-01
2.505417403929455e-01
3.076774124419649e-01
3.732387529570386e-01
4.467147152617453e-01
5.262223397457775e-01
6.089934274030337e-01
6.914154043786307e-01
7.692077974214709e-01
8.382416526153013e-01
8.952231397481081e-01
9.384829534464615e-01
9.690063250242589e-01
9.964884715268815e-01
###6.800000000000002e+00
4.124363240840759e-10
9.286257331712016e-10
3.037933678107388e-10
2.238051260891500e-09
6.714148561808897e-10
1.172492580859907e-09
1.250449906551324e-09
-3.367250406363393e-09
1.870253691043738e-09
1.874788551209273e-09
2.185074538984159e-09
2.248597489990755e-09
2.276164517004248e-09
2.361118338106667e-09
2.510898724018370e-09
2.682623599708779e-09
2.942809644674636e-09
3.268732091524547e-09
3.716778818782596e-09
4.293091121301817e-09
4.998522104266285e-09
5.950188899702472e-09
7.190074174132509e-09
8.800563192242449e-09
1.093290778219713e-08
1.372901655195158e-08
1.741721960757079e-08
2.229948602497981e-08
2.875090610261967e-08
3.730676730406020e-08
4.860149088051470e-08
6.350973508035687e-08
8.331655735565930e-08
1.096678237228641e-07
1.450020257829448e-07
1.916192662083233e-07
2.534664484748152e-07
3.356481090351176e-07
4.448655828691551e-07
5.891256972798463e-07
7.811491995881784e-07
1.035353557409734e-06
1.372847001973488e-06
1.819937452777343e-06
2.412321229293019e-06
3.197352482117037e-06
4.237076290560284e-06
5.614003066533362e-06
7.436291606192503e-06
9.860171872107623e-06
1.305355140240126e-05
1.730150484819523e-05
2.289727492857028e-05
3.034797958536171e-05
4.011122928993895e-05
5.305866365924216e-05
7.011687030031370e-05
9.292116507250687e-05
1.229747553583612e-04
1.625792277400819e-04
2.152897418612452e-04
2.847471256617623e-04
3.767789414045601e-04
4.990049063474878e-04
6.588145133594532e-04
8.710545852284793e-04
1.150501002687283e-03
1.519650346441498e-03
2.005098264474956e-03
2.650779199064250e-03
3.498690715008630e-03
4.614982849690218e-03
6.078779458556129e-03
8.001651392797286e-03
1.051605542413761e-02
1.379556555362129e-02
1.805528142189794e-02
2.359640068454966e-02
3.074528666122192e-02
3.994531177199712e-02
5.171481241357662e-02
6.670702723736133e-02
8.569823313014308e-02
1.095130963781482e-01
1.389611160644766e-01
1.750814128328119e-01
2.184864186384788e-01
2.698921315283078e-01
3.296339921247195e-01
3.974870072731935e-01
4.726954057103491e-01
5.530550618194883e-01
6.355497836400353e-01
7.164027369329541e-01
7.913638028394936e-01
8.565497288280500e-01
9.091185419432831e-01
9.479676377749504e-01
9.744777425270783e-01
9.971856637808904e-01
###7.200000000000002e+00
4.660232091340537e-10
9.560835033639857e-10
3.473612179828379e-10
2.265304273874011e-09
7.396823236296480e-10
1.274522705244327e-09
1.392619753571157e-09
-3.148441534041417e-09
2.062690767341922e-09
2.086851530538703e-09
2.455811705629673e-09
2.517784922466399e-09
2.545822757714931e-09
2.645617199328600e-09
2.805801109525843e-09
2.998692271228066e-09
3.287421904820667e-09
3.647213249051829e-09
4.135099064730366e-09
4.762698483098607e-09
5.536872879602184e-09
6.573875014248324e-09
7.922894951297929e-09
9.680537046289990e-09
1.200174167492797e-08
1.503865110921546e-08
1.904614167752539e-08
2.435294222646527e-08
3.136088714158846e-08
4.065674977989195e-08
5.293467826477552e-08
6.915310227850688e-08
9.064447554694123e-08
1.192910174371793e-07
1.577299166148442e-07
2.084499438513989e-07
2.757617495553411e-07
3.652414930283574e-07
4.842015890091832e-07
6.414029599545472e-07
8.508161562642904e-07
1.128141292510325e-06
1.496597393496763e-06
1.984838208519945e-06
2.632352965886681e-06
3.490991082051883e-06
4.628990578928686e-06
6.137273366696991e-06
8.135232757964415e-06
1.079413423680247e-05
1.429983331712369e-05
1.896748370361123e-05
2.512167395271508e-05
3.332326697840298e-05
4.408024324029473e-05
5.835778337434967e-05
7.719076029960901e-05
1.023878323229769e-04
1.356303615331084e-04
1.794729075269278e-04
2.378745125011676e-04
3.149133844451102e-04
4.170720437537741e-04
5.528549926604993e-04
7.304974013984524e-04
9.665802622408411e-04
1.277549493031369e-03
1.688504585227437e-03
2.229052365108485e-03
2.948050004988650e-03
3.892206792373822e-03
5.134571027549571e-03
6.762788856511023e-03
8.899913156127726e-03
1.169127125403990e-02
1.532660328602518e-02
2.004288288012393e-02
2.615939189315614e-02
3.403301196024756e-02
4.413696226839962e-02
5.701917171181580e-02
7.336413779938186e-02
9.397547808860132e-02
1.196933396682712e-01
1.513165594372653e-01
1.898566732491735e-01
2.358432248894057e-01
2.898657743395947e-01
3.520843746532789e-01
4.220386657892933e-01
4.986970516436887e-01
5.795711641642532e-01
6.614165661659871e-01
7.403588692282180e-01
8.122237103061879e-01
8.734328952980696e-01
9.216390853906903e-01
9.562964590576017e-01
9.791554847177881e-01
9.977739045444214e-01
###7.600000000000002e+00
5.709034889783963e-10
9.739796576977917e-10
3.980914227234090e-10
2.320023165866497e-09
8.442284821448378e-10
1.377694401879611e-09
1.536838631565811e-09
-2.902340282262621e-09
2.454820281628089e-09
2.326571233307272e-09
2.762286735334644e-09
2.825061126655118e-09
2.851538659112441e-09
2.959818437126525e-09
3.132711537734528e-09
3.356065424297898e-09
3.671833198844155e-09
4.067237191398210e-09
4.597248640478301e-09
5.287038942666991e-09
6.135974302903700e-09
7.262350512949737e-09
8.734557966136243e-09
1.064078715286550e-08
1.317665460940118e-08
1.647842462262652e-08
2.083589265946691e-08
2.660502715551010e-08
3.421891157221900e-08
4.432278129866195e-08
5.767060229671651e-08
7.531964575890351e-08
9.864824224746788e-08
1.297969494932003e-07
1.716237656508173e-07
2.268315065398420e-07
3.001132436895111e-07
3.975822317536554e-07
5.272198352777344e-07
6.986172292678921e-07
9.270557396262634e-07
1.229772363073064e-06
1.632165343746285e-06
2.165673860733718e-06
2.873759965815279e-06
3.813340535139949e-06
5.059480698877784e-06
6.712323327720714e-06
8.904224537186306e-06
1.182209252734394e-05
1.567287985326486e-05
2.080440448325516e-05
2.757648581742187e-05
3.660724852271051e-05
4.846730273756403e-05
6.421808603976132e-05
8.505169033420406e-05
1.128699546865222e-04
1.496427290547555e-04
1.981889318106549e-04
2.629082024857455e-04
3.483636891765445e-04
4.617582777509082e-04
6.125641541213221e-04
8.099580857104225e-04
1.072458588213861e-03
1.418323988137301e-03
1.875511515159320e-03
2.476876440838527e-03
3.276711013872665e-03
4.326712594002963e-03
5.707474900330499e-03
7.515774137937274e-03
9.887063396456111e-03
1.297997495016817e-02
1.700181240903813e-02
2.221073273553990e-02
2.894693181466637e-02
3.759694349995755e-02
4.866351753906738e-02
6.272385966447737e-02
8.049035385006161e-02
1.027932037277825e-01
1.304788713393853e-01
1.643236545094850e-01
2.053045629645201e-01
2.538512138453971e-01
3.104192419159764e-01
3.749736221571677e-01
4.468116464027426e-01
5.246323674773683e-01
6.056810626229824e-01
6.865199706565753e-01
7.632239509318756e-01
8.317625426070245e-01
8.889186762339834e-01
9.328519620745142e-01
9.635534626202062e-01
9.831175918816245e-01
9.982369493220747e-01
###8.000000000000002e+00
6.225710974775132e-10
1.029033938012760e-09
4.395190217411213e-10
2.355569195901142e-09
9.610219303180896e-10
1.496113472477269e-09
1.622749713175202e-09
-2.656652090096942e-09
2.689392171323224e-09
2.609691811907999e-09
3.100921152364849e-09
3.161805217506960e-09
3.197168012253991e-09
3.305953771573533e-09
3.500980088561963e-09
3.752737048472522e-09
4.097055628699618e-09
4.532780653100382e-09
5.114056465476109e-09
5.868942477869405e-09
6.798006849022011e-09
8.027715363680780e-09
9.632416922473852e-09
1.170838524249083e-08
1.446784331171831e-08
1.806166972293805e-08
2.279999563236492e-08
2.907622287354849e-08
3.735105883658638e-08
4.834041720397393e-08
6.284746348362165e-08
8.205847967703501e-08
1.073960341957601e-07
1.412754500592226e-07
1.868063582204441e-07
2.469180070864485e-07
3.267240215234406e-07
4.329370389104780e-07
5.742479509892523e-07
7.612114642147443e-07
1.010514424758075e-06
1.341059665161401e-06
1.780722471124255e-06
2.364072222338469e-06
3.138699575645362e-06
4.167336877773761e-06
5.532613398996560e-06
7.344641942349721e-06
9.750459154460565e-06
1.295430251483033e-05
1.718641290972823e-05
2.283128667887509e-05
3.028581828156789e-05
4.023614290050922e-05
5.331492018165995e-05
7.069884254417469e-05
9.373160382651536e-05
1.244733554150507e-04
1.651635470936287e-04
2.189253519701062e-04
2.906546620587484e-04
3.854271305462060e-04
5.112633116598475e-04
6.787362910128812e-04
8.980194227408568e-04
1.189736920255679e-03
1.574152259063714e-03
2.082377514612886e-03
2.750722640178199e-03
3.639490488713819e-03
4.805762359574887e-03
6.338212661676187e-03
8.343322906182501e-03
1.096967740825403e-02
1.439024762822363e-02
1.883105759901543e-02
2.457013610808339e-02
3.197243926262994e-02
4.145237928854777e-02
5.354121953877580e-02
6.884452492862728e-02
8.810285165669220e-02
1.121635283399384e-01
1.418756502747690e-01
1.779814499349946e-01
2.214194585302530e-01
2.724843601540493e-01
3.315095658746674e-01
3.982367133541948e-01
4.717300551224569e-01
5.504174718226140e-01
6.312985327843317e-01
7.107824986407051e-01
7.849512019248418e-01
8.499798659822078e-01
9.030371159625458e-01
9.428199980380506e-01
9.698284576919967e-01
9.864431109902693e-01
9.986281330837254e-01
###8.400000000000002e+00
6.774744995310530e-10
1.054748091997317e-09
5.069154569121552e-10
2.414199159842882e-09
1.046131045842752e-09
1.629403643290544e-09
1.813873129549244e-09
-2.366265692792931e-09
2.968254211525717e-09
2.898475270120903e-09
3.475027654202076e-09
3.536850710172005e-09
3.572408393190380e-09
3.697371557848846e-09
3.912997247648353e-09
4.187533472310961e-09
4.570472039003071e-09
5.052716968726892e-09
5.686974252719302e-09
6.510773803659068e-09
7.528555761502169e-09
8.871135709789395e-09
1.062454961126550e-08
1.288592862722758e-08
1.588527980397917e-08
1.979901488362050e-08
2.495426481371985e-08
3.178083876547779e-08
4.078053356424255e-08
5.273074245756940e-08
6.850698119965029e-08
8.941826946318002e-08
1.169506579748326e-07
1.538276719672235e-07
2.033976803583857e-07
2.688609071768507e-07
3.558085707964379e-07
4.716038665296136e-07
6.257021142863317e-07
8.297279786714200e-07
1.101905469503115e-06
1.463012981425745e-06
1.943614259799415e-06
2.581770890526490e-06
3.429547579278013e-06
4.556286025651026e-06
6.052837021874058e-06
8.040332855424393e-06
1.068192298864679e-05
1.420171109348387e-05
1.885427795790003e-05
2.507018374547665e-05
3.327602274413180e-05
4.424391803048781e-05
5.866971703868218e-05
7.786584338542267e-05
1.033147730077051e-04
1.373140227026989e-04
1.823422735852588e-04
2.418963093611231e-04
3.213798610114870e-04
4.264762852274851e-04
5.660921135701961e-04
7.520019920273458e-04
9.954714374454646e-04
1.319440957346504e-03
1.746419898677016e-03
2.310867249941143e-03
3.052913018121005e-03
4.039374787344788e-03
5.333100549350023e-03
7.031432047340698e-03
9.251377751448133e-03
1.215491172168402e-02
1.593092929677118e-02
2.082459954900366e-02
2.713367323341069e-02
3.524953220492419e-02
4.561330833884646e-02
5.878590913430189e-02
7.539571387738112e-02
9.621387014644245e-02
1.220959032652329e-01
1.538869500145550e-01
1.922836828578887e-01
2.381529737323405e-01
2.917140625316317e-01
3.530855961367480e-01
4.218147146381223e-01
4.967162265947440e-01
5.759567978166318e-01
6.563310302343335e-01
7.341331864130494e-01
8.055000515801144e-01
8.668664461689501e-01
9.158354579850368e-01
9.516231814073324e-01
9.752112792046820e-01
9.892096474900792e-01
9.989377273510098e-01
###8.800000000000002e+00
7.186808421774184e-10
1.105430255511906e-09
5.711694563156190e-10
2.472640860352199e-09
1.172250195275546e-09
1.773724342465878e-09
2.024771403865312e-09
-2.035806406012249e-09
3.254393327262744e-09
3.226094247821599e-09
3.888757015364554e-09
3.952937422314842e-09
3.994064552570754e-09
4.129314194314441e-09
4.372777591699843e-09
4.670905946053168e-09
5.089466604752494e-09
5.626856526251398e-09
6.320917819611107e-09
7.219596756798559e-09
8.336576148083467e-09
9.802505711858233e-09
1.171308871268842e-08
1.418261758268927e-08
1.744427123848720e-08
2.170623250115155e-08
2.731864182873579e-08
3.474433537414716e-08
4.453389549582702e-08
5.753347763844390e-08
7.469760483455232e-08
9.746708394141013e-08
1.273989208640100e-07
1.675465622060297e-07
2.215347693988244e-07
2.928539036515672e-07
3.876256945067760e-07
5.138957570809800e-07
6.820424442969676e-07
9.047597913555110e-07
1.202070295471362e-06
1.596726653560973e-06
2.122296518522578e-06
2.820737206939348e-06
3.748940591894027e-06
4.983789298575032e-06
6.624733497575138e-06
8.806134789430287e-06
1.170671195601918e-05
1.557584118769283e-05
2.069381253810057e-05
2.753900059807239e-05
3.657668778375440e-05
4.867023210712313e-05
6.458984890926313e-05
8.578841486249664e-05
1.139451927788435e-04
1.515186029662465e-04
2.013569379760911e-04
2.673096035656272e-04
3.553846818469038e-04
4.719141516924858e-04
6.267710689378047e-04
8.330333840806678e-04
1.103239750587283e-03
1.462802616329137e-03
1.936693420058096e-03
2.562931930549942e-03
3.386010266854109e-03
4.479462387821521e-03
5.912664836824005e-03
7.792101356396042e-03
1.024566699808952e-02
1.344978794720225e-02
1.761058528294559e-02
2.299426114393311e-02
2.991314988764962e-02
3.879095007140269e-02
5.009462242908701e-02
6.441117041010176e-02
8.238985668852518e-02
1.048357100300227e-01
1.326005885540122e-01
1.665128666879486e-01
2.072239473214195e-01
2.555149735387217e-01
3.115040153091666e-01
3.750977138905698e-01
4.456392182912885e-01
5.216897438268407e-01
6.011747512990803e-01
6.807056833890799e-01
7.565150014603506e-01
8.248425217943294e-01
8.824369572981122e-01
9.273619808687195e-01
9.593427884778617e-01
9.797918619897447e-01
9.914889767257774e-01
9.991956380742846e-01
###9.200000000000003e+00
7.642312269625848e-10
1.157349158925381e-09
6.521622249136430e-10
2.540147299890389e-09
1.288365681483819e-09
1.924293834468907e-09
2.253892044408725e-09
-1.682515028027775e-09
3.572212294871177e-09
3.585054152339207e-09
4.348033053522971e-09
4.417364185217261e-09
4.461277183197677e-09
4.606654684443275e-09
4.873392154024719e-09
5.210497666707330e-09
5.669011163051989e-09
6.261139643286786e-09
7.001525175642199e-09
8.007676070155053e-09
9.229536663652136e-09
1.083006635158160e-08
1.291585145770138e-08
1.560773064481762e-08
1.916172745057989e-08
2.380251677327494e-08
2.991168541456737e-08
3.799316572846079e-08
4.864508790671084e-08
6.279985431797419e-08
8.147165223228010e-08
1.062674093497146e-07
1.388150503686893e-07
1.825442474796126e-07
2.413663817273959e-07
3.191053855740477e-07
4.224276092751360e-07
5.601780330570491e-07
7.437752385814950e-07
9.869469140272744e-07
1.311853535749167e-06
1.743312042906367e-06
2.318293816279420e-06
3.083037449856026e-06
4.099884668898719e-06
5.453704437192658e-06
7.253903849212729e-06
9.648853170685087e-06
1.283458950169819e-05
1.709064899641833e-05
2.272222062523504e-05
3.026196440905226e-05
4.022139853766972e-05
5.356065703378722e-05
7.113208370866792e-05
9.454827870935412e-05
1.256976573732714e-04
1.672299486336985e-04
2.223868745059293e-04
2.954268030569009e-04
3.930063010507436e-04
5.221558166605024e-04
6.938593550457546e-04
9.226106057348668e-04
1.222289697911525e-03
1.621093188201019e-03
2.146513169877014e-03
2.840763764686152e-03
3.752572408718822e-03
4.963243850289342e-03
6.548708640879011e-03
8.625337549195162e-03
1.133301803427767e-02
1.486278734469879e-02
1.943911695127806e-02
2.534906421108757e-02
3.292122983880238e-02
4.261127856881551e-02
5.491096623867324e-02
7.042997619247897e-02
8.984694031319365e-02
1.139816809077852e-01
1.436806667991609e-01
1.797548505437426e-01
2.227903732848749e-01
2.734818552252293e-01
3.318154074561789e-01
3.974893916874702e-01
4.696347806265720e-01
5.465615663758326e-01
6.259741094017072e-01
7.043425421000474e-01
7.778673033132197e-01
8.429629229249995e-01
8.967197999306754e-01
9.376804402809867e-01
9.660632834289579e-01
9.836557991971759e-01
9.933481401051679e-01
9.993903485287912e-01
###9.600000000000003e+00
8.073475573774212e-10
1.224176335848454e-09
7.536170528060513e-10
2.654793793352491e-09
1.421999885393057e-09
2.103070877002527e-09
2.502504321326584e-09
-1.299191326968080e-09
3.930020622808370e-09
3.987252589397824e-09
4.858555405558528e-09
4.925692976725830e-09
4.978777239861294e-09
5.138017490494945e-09
5.434527340316840e-09
5.805851628250490e-09
6.310244651968438e-09
6.962878786616445e-09
7.778528018168246e-09
8.872615106471720e-09
1.021615555862081e-08
1.196583667853948e-08
1.424097412157295e-08
1.717965337108492e-08
2.105008896670261e-08
2.610770353403855e-08
3.275931412446111e-08
4.155426591137541e-08
5.315153213124176e-08
6.855828610156742e-08
8.888792206037418e-08
1.158960069612810e-07
1.513123921251895e-07
1.989532603158529e-07
2.628857278267766e-07
3.478300827446329e-07
4.605136773566876e-07
6.108532373345884e-07
8.114047228326687e-07
1.077030204015603e-06
1.432198061230766e-06
1.904054976591245e-06
2.533380448944314e-06
3.371067012749179e-06
4.485517472022228e-06
5.970297521001942e-06
7.946078652411151e-06
1.057666095569086e-05
1.407682424108917e-05
1.876005982957103e-05
2.495902335374956e-05
3.326323601809984e-05
4.424494221923528e-05
5.896029892856001e-05
7.835997378274889e-05
1.042380223409051e-04
1.386850363740562e-04
1.846037277157887e-04
2.456434563554614e-04
3.265110995664517e-04
4.345951995553731e-04
5.776802807878521e-04
7.679514582242260e-04
1.021537302945953e-03
1.353690834616978e-03
1.795605987106905e-03
2.377683754057431e-03
3.146475457830266e-03
4.155552822558625e-03
5.494236976069884e-03
7.245618226870030e-03
9.536659489386442e-03
1.251956820641576e-02
1.640178922718204e-02
2.142540802663796e-02
2.789932912267434e-02
3.616996145297754e-02
4.672359785444200e-02
6.007632006901614e-02
7.686130709419514e-02
9.778629414315448e-02
1.236595758079197e-01
1.553430798287440e-01
1.936134942949803e-01
2.389752218809235e-01
2.920245780652330e-01
3.525976352994932e-01
4.201990310704060e-01
4.937229107274916e-01
5.712547132529026e-01
6.502820063295812e-01
7.271681077886386e-01
7.981519174327775e-01
8.598490152888900e-01
9.097435270393078e-01
9.468562084548628e-01
9.718716974787270e-01
9.868883249540127e-01
9.948507440374004e-01
9.995440810885159e-01
###1.000000000000000e+01
8.648424198726488e-10
1.288594873823497e-09
8.491323015642887e-10
2.752192904100577e-09
1.575778285339507e-09
2.305053108680277e-09
2.777368162228250e-09
-8.590259245534483e-10
4.328324668746407e-09
4.441243684982982e-09
5.427451459097632e-09
5.494372714046825e-09
5.557085990177402e-09
5.727668206855982e-09
6.052855014124461e-09
6.466764285689650e-09
7.023836090896625e-09
7.743687138043126e-09
8.640715308228941e-09
9.832683187434593e-09
1.130693330416884e-08
1.322138506529108e-08
1.570367124519545e-08
1.891388898556664e-08
2.312948945425169e-08
2.864007273349105e-08
3.588514818628119e-08
4.546209422660930e-08
5.809061326700198e-08
7.486209075700316e-08
9.700624646639296e-08
1.264306734089665e-07
1.649815525432430e-07
2.168968578716817e-07
2.864654872699164e-07
3.792758743831883e-07
5.021994420189323e-07
6.663569466402651e-07
8.854186108143448e-07
1.175746753855403e-06
1.564162511273007e-06
2.080530424348162e-06
2.769612320646804e-06
3.687470840017542e-06
4.909331452193437e-06
6.538304744844786e-06
8.707678190785502e-06
1.159817460195564e-05
1.544588639254434e-05
2.060015967305716e-05
2.742643057885816e-05
3.657449452174061e-05
4.868631757763523e-05
6.492404144384211e-05
8.634502155380013e-05
1.149419997972554e-04
1.530305718146122e-04
2.038069789619905e-04
2.713490892451949e-04
3.608536724754734e-04
4.805470121587646e-04
6.390104312924245e-04
8.497553728088137e-04
1.130637431617798e-03
1.498508075314515e-03
1.987815276095798e-03
2.632076141417881e-03
3.482485162498727e-03
4.597773261598043e-03
6.076304239116145e-03
8.008171493379117e-03
1.053179089426831e-02
1.381300528050045e-02
1.807514031097394e-02
2.357912921158117e-02
3.065685476641283e-02
3.967163855730121e-02
5.114223963449598e-02
6.560767379003037e-02
8.371762227494253e-02
1.062016843565953e-01
1.338798334241083e-01
1.675920708255726e-01
2.080754736681714e-01
2.557535155655047e-01
3.111106166871755e-01
3.738169818744953e-01
4.431694311141638e-01
5.178349184456977e-01
5.956801331096214e-01
6.740147855722384e-01
7.491237888472199e-01
8.173294635528605e-01
8.755083917303726e-01
9.215531169177986e-01
9.549660035381656e-01
9.768527861928853e-01
9.895689599663368e-01
9.960522859969055e-01
9.996541212398773e-01
###1.040000000000000e+01
9.549936069900285e-10
1.368562687389695e-09
9.578038714409687e-10
2.848572147181201e-09
1.746537602389595e-09
2.526854774458564e-09
3.087928224353067e-09
-3.720163615050566e-10
4.770832449147113e-09
4.939860914432466e-09
6.058920264191221e-09
6.132150512408316e-09
6.195365081300313e-09
6.383906881068716e-09
6.739226606489524e-09
7.201405353628557e-09
7.826767203132523e-09
8.608292405934191e-09
9.600450102542706e-09
1.090140652587592e-08
1.251553470870675e-08
1.460486222463647e-08
1.731822048323846e-08
2.082376243223933e-08
2.541980182482753e-08
3.142571292017968e-08
3.931890119852259e-08
4.975080695078931e-08
6.350399900581902e-08
8.177551822594924e-08
1.059017732433009e-07
1.379650989241168e-07
1.799415083781036e-07
2.365333335688973e-07
3.124946470427235e-07
4.137007066095726e-07
5.478766078201785e-07
7.271721465948783e-07
9.665892491773836e-07
1.283948088946736e-06
1.708921559194818e-06
2.274189293317896e-06
3.029052536616363e-06
4.035188687936119e-06
5.375287557503149e-06
7.163396833249355e-06
9.546126600462911e-06
1.272344991128242e-05
1.695479101054170e-05
2.262888354521002e-05
3.014813315133625e-05
4.022967793078567e-05
5.359033021605558e-05
7.150828904943045e-05
9.516270303679062e-05
1.267676444921860e-04
1.688656764565311e-04
2.250221273341678e-04
2.997397024874214e-04
3.987901104926672e-04
5.312692063974328e-04
7.066975108480374e-04
9.399827510164628e-04
1.250914654948675e-03
1.658008015889487e-03
2.199312824358420e-03
2.911721302568084e-03
3.851423800824594e-03
5.082628748803648e-03
6.713204333088951e-03
8.841010381592615e-03
1.161710126221007e-02
1.522009197668530e-02
1.989125880605067e-02
2.591137544272715e-02
3.363277783593122e-02
4.343997841284328e-02
5.588064775103981e-02
7.151896294008908e-02
9.101307447165854e-02
1.151153020752630e-01
1.446502050249149e-01
1.804280278129927e-01
2.231361342099525e-01
2.731208167506561e-01
3.307019301284838e-01
3.954158478395725e-01
4.663267992845026e-01
5.418923569897817e-01
6.197630373418891e-01
6.971001145336719e-01
7.701543538727581e-01
8.353794520753905e-01
8.899481622524092e-01
9.321938253134411e-01
9.620795490055178e-01
9.810903179070447e-01
9.917710002342812e-01
9.970024850774333e-01
9.997514549253275e-01
###1.080000000000000e+01
1.024942591525111e-09
1.474614729687142e-09
1.040505743822147e-09
2.926412337338234e-09
1.906487560989368e-09
2.726202395302658e-09
3.357352498707695e-09
8.057981951152501e-11
5.142510729338166e-09
5.351381444475520e-09
6.582130675201764e-09
6.680039559771534e-09
6.768412948745662e-09
6.986410890933666e-09
7.389566536942068e-09
7.902631874198754e-09
8.594449077114956e-09
9.465958761656873e-09
1.055291899347189e-08
1.197594266206830e-08
1.374644792626326e-08
1.603169846150547e-08
1.899362743961858e-08
2.282008874179117e-08
2.783257441817804e-08
3.437995340361429e-08
4.298138481464522e-08
5.434960987679507e-08
6.933104228265439e-08
8.923678684139077e-08
1.155295522651771e-07
1.504781030502064e-07
1.962572428346984e-07
2.579842683202123e-07
3.408885987577207e-07
4.512987133033387e-07
5.978349659535233e-07
7.937357318926678e-07
1.055450983343728e-06
1.402629200660619e-06
1.867730217346129e-06
2.486832990485087e-06
3.314026310771001e-06
4.417324672455354e-06
5.887874114827122e-06
7.851067630729232e-06
1.046941210778673e-05
1.396278621398801e-05
1.861781633642061e-05
2.486536287869110e-05
3.314887116616772e-05
4.426170227082117e-05
5.899864106982902e-05
7.877790046703696e-05
1.048986870406158e-04
1.398206255048216e-04
1.863447628820233e-04
2.484417423929795e-04
3.310754697564859e-04
4.406576600593611e-04
5.872181526378144e-04
7.813134277029341e-04
1.039404899097589e-03
1.383348361996217e-03
1.833508452813081e-03
2.431732637324958e-03
3.218640711598016e-03
4.255756756936645e-03
5.613249394162995e-03
7.409220965671850e-03
9.749883198143655e-03
1.279869962787676e-02
1.674843105395199e-02
2.185975333655848e-02
2.843179015915906e-02
3.683971301998590e-02
4.748797012750543e-02
6.095315889397239e-02
7.782147364030893e-02
9.875778108237235e-02
1.245391343105551e-01
1.559741358412209e-01
1.938463552735681e-01
2.387851855268770e-01
2.910495746794833e-01
3.507650263557308e-01
4.173413365866183e-01
4.896134021538104e-01
5.658228207926026e-01
6.434307124132826e-01
7.194724757409260e-01
7.902170124416962e-01
8.522868362735850e-01
9.031997757799728e-01
9.417274402154084e-01
9.682798942216819e-01
9.846698992675109e-01
9.935650241923401e-01
9.977470722464108e-01
9.998155503400500e-01
###1.120000000000000e+01
1.053637076415420e-09
1.505817216975340e-09
1.090585440485888e-09
2.951211786736636e-09
1.964633071838957e-09
2.798074717750752e-09
3.438193827822421e-09
3.210206383085702e-10
5.218365946271617e-09
5.456909239463189e-09
6.684114960639579e-09
6.852720544092578e-09
7.017649041039646e-09
7.299019922711501e-09
7.766707217805652e-09
8.354341638501579e-09
9.123984200553400e-09
1.009432597999570e-08
1.129125444621383e-08
1.284813093174429e-08
1.478895111896175e-08
1.728569656270534e-08
2.052137962338129e-08
2.469799771254036e-08
3.015941698800872e-08
3.729643649703756e-08
4.666894905581860e-08
5.905496963959811e-08
7.537596618979692e-08
9.706651720542517e-08
1.257113006088008e-07
1.638310386964616e-07
2.139015830233458e-07
2.812821126427107e-07
3.717186496462147e-07
4.922182519885019e-07
6.523431803238424e-07
8.664876866335008e-07
1.152548720756949e-06
1.532652003237904e-06
2.041727988362908e-06
2.720106464310936e-06
3.626794568041154e-06
4.837164196595088e-06
6.451471057734810e-06
8.607587867693529e-06
1.148575913478073e-05
1.532729731455062e-05
2.044965364806015e-05
2.733081778800384e-05
3.645824395298243e-05
4.870884232303106e-05
6.496757512901520e-05
8.679797161885555e-05
1.156433631341780e-04
1.542259492978519e-04
2.056341786388147e-04
2.742747946861177e-04
3.656462587178108e-04
4.868206294965248e-04
6.489058235027584e-04
8.635421830973742e-04
1.148856727816598e-03
1.529024656266676e-03
2.026342070271212e-03
2.686885540450879e-03
3.555111185868506e-03
4.698480253953274e-03
6.193486845045153e-03
8.168964857038278e-03
1.073986795110325e-02
1.408308568817464e-02
1.840640625631156e-02
2.398910390489886e-02
3.115092908716932e-02
4.028962955247460e-02
5.182834107950702e-02
6.637183679182915e-02
8.452815443416997e-02
1.069666835754693e-01
1.344848749667335e-01
1.678554538051055e-01
2.078447771824576e-01
2.550065473093873e-01
3.094963450536292e-01
3.712519474213642e-01
4.395331108563329e-01
5.129538516340935e-01
5.895464138381876e-01
6.666002078763404e-01
7.410608623598554e-01
8.092591210396471e-01
8.680450969796012e-01
9.152908683320746e-01
9.502138204595166e-01
9.736456959846783e-01
9.876684182087355e-01
9.950123934907406e-01
9.983235278916723e-01
9.998728822275759e-01
###1.160000000000000e+01
1.085297306640320e-09
1.528311831720437e-09
1.134829135021496e-09
2.982662476440612e-09
2.022117574599272e-09
2.871853756968236e-09
3.518614003224588e-09
5.593743283433448e-10
5.299312738125342e-09
5.564475122308001e-09
6.794971412452727e-09
7.035372052313267e-09
7.278172403089505e-09
7.637600105796937e-09
8.160089783092379e-09
8.823147613050906e-09
9.678083124996012e-09
1.074997050186568e-08
1.206743273522767e-08
1.376993961002205e-08
1.589627896855570e-08
1.862501219449560e-08
2.215439028379050e-08
2.671054821339854e-08
3.266421345253632e-08
4.044159652368882e-08
5.065721483230527e-08
6.415169545528281e-08
8.193815640010808e-08
1.055746941207598e-07
1.368042993139223e-07
1.783920990849495e-07
2.331366330109276e-07
3.067132695755417e-07
4.054080821988993e-07
5.369898629976232e-07
7.120023878636247e-07
9.461496990610207e-07
1.258964628002945e-06
1.675236104348164e-06
2.232727625459377e-06
2.976282327956740e-06
3.970513844673569e-06
5.298678126893477e-06
7.071143845514919e-06
9.439908162420100e-06
1.260422190567175e-05
1.683003523699181e-05
2.246864367824580e-05
3.004811012063190e-05
4.010807127180517e-05
5.361391776124610e-05
7.155307074933214e-05
9.564636629344231e-05
1.274985357072461e-04
1.701198692111492e-04
2.269170410969793e-04
3.027723226259481e-04
4.037611381247252e-04
5.377197154236870e-04
7.168492562410968e-04
9.540284487884744e-04
1.269257431496574e-03
1.689092854141340e-03
2.238063706347008e-03
2.966711985889473e-03
3.923664394429654e-03
5.182645538380505e-03
6.827037972124975e-03
8.996936059566944e-03
1.181689252919131e-02
1.547743776856038e-02
2.020184859639068e-02
2.628902027136991e-02
3.407995225822712e-02
4.399427181454294e-02
5.647452454986347e-02
7.215144039748644e-02
9.165163954577164e-02
1.156508053841578e-01
1.449551360572336e-01
1.802994205203756e-01
2.224196911364242e-01
2.717864102735857e-01
3.284357721809097e-01
3.921194109924500e-01
4.619358219483141e-01
5.362770210487871e-01
6.129898654409810e-01
6.891978964238084e-01
7.618160565525964e-01
8.272681370444195e-01
8.826632128601331e-01
9.262612774411191e-01
9.577222365495116e-01
9.782552015662414e-01
9.901590212341121e-01
9.961691396840715e-01
9.987659078128444e-01
9.999068222075946e-01
###1.200000000000001e+01
1.109099716967210e-09
1.557180325965897e-09
1.172038020376193e-09
3.018743018398113e-09
2.059649873381969e-09
2.940008008004474e-09
3.599047125750499e-09
7.953151662751431e-10
5.386773113131650e-09
5.681269346202473e-09
6.918776051672622e-09
7.227903794214384e-09
7.543142136537760e-09
7.975220080705341e-09
8.570912992059623e-09
9.313468780621292e-09
1.025743968325315e-08
1.143661809986768e-08
1.288706491864115e-08
1.474678848871991e-08
1.707199528882646e-08
2.005285687718010e-08
2.390108556725378e-08
2.887305272862889e-08
3.535920547874229e-08
4.383495519726562e-08
5.496975685171570e-08
6.967123238196796e-08
8.905890376801262e-08
1.148287693042462e-07
1.488880979297996e-07
1.942664255096580e-07
2.541260901774433e-07
3.344881784654407e-07
4.422342722238128e-07
5.859714187363841e-07
7.773182405962005e-07
1.033419238612228e-06
1.375669245560663e-06
1.831639201035851e-06
2.442422184879837e-06
3.257649803907506e-06
4.348287769554152e-06
5.806211355830462e-06
7.753085026842682e-06
1.035634427383595e-05
1.383588179814543e-05
1.848609414517131e-05
2.469634353267622e-05
3.304291677991349e-05
4.413086010487536e-05
5.902274227017024e-05
7.881595846349657e-05
1.054060196211510e-04
1.405726470534600e-04
1.876434370310961e-04
2.503774677547064e-04
3.341835905107822e-04
4.457580407117329e-04
5.938421403337244e-04
7.916190158449056e-04
1.053564219969960e-03
1.401541293660682e-03
1.864837547715650e-03
2.470227402802027e-03
3.273144091883824e-03
4.326721097764896e-03
5.711474855789660e-03
7.517731401027764e-03
9.898097447676090e-03
1.298659208538805e-02
1.698843338124074e-02
2.214303968442588e-02
2.876954484285066e-02
3.722959157299942e-02
4.796255781069222e-02
6.143812362250832e-02
7.830448979286746e-02
9.920429267135369e-02
1.248164716281129e-01
1.559504134699917e-01
1.933002751170461e-01
2.375563007748229e-01
2.890991382900155e-01
3.478296111349712e-01
4.133176765057133e-01
4.844838553690811e-01
5.595119347300619e-01
6.360701738627111e-01
7.111627106823442e-01
7.816892876062248e-01
8.442150087752868e-01
8.961520160720282e-01
9.361558654116584e-01
9.643209048674577e-01
9.821862046831922e-01
9.922104886120586e-01
9.970849753234281e-01
9.991003692254574e-01
9.999320328366932e-01
###1.240000000000001e+01
1.141873671597541e-09
1.588245233955764e-09
1.212228722142394e-09
3.052335651052719e-09
2.124964245988333e-09
3.010187698252254e-09
3.679828806416706e-09
1.030129025078910e-09
5.477352337745863e-09
5.805453044192243e-09
7.051226075610974e-09
7.427098192554187e-09
7.816325637543258e-09
8.323834241989096e-09
8.996137118661682e-09
9.826767247476649e-09
1.086613956584825e-08
1.215793510354797e-08
1.374909846407998e-08
1.578110191185474e-08
1.832257095014393e-08
2.157636481231899e-08
2.577135158181326e-08
3.119313563293652e-08
3.826089686111604e-08
4.749823184653432e-08
5.963488872089002e-08
7.565685244805982e-08
9.679465681031522e-08
1.248925059111229e-07
1.620500925925040e-07
2.115757182101830e-07
2.770184438729341e-07
3.648240497175357e-07
4.824875216006557e-07
6.395651850716052e-07
8.488371720324012e-07
1.129086130753387e-06
1.503687605348934e-06
2.003251706406419e-06
2.672586454584902e-06
3.566664714888931e-06
4.763550499051296e-06
6.364328366660532e-06
8.503329696200613e-06
1.136460557781976e-05
1.519192922648798e-05
2.030982201414877e-05
2.715089181866919e-05
3.634373009733483e-05
4.856619924104508e-05
6.498642666525776e-05
8.682348566414339e-05
1.161652217041495e-04
1.549838791263754e-04
2.069572762956892e-04
2.762317415707967e-04
3.687852966682473e-04
4.919897509291698e-04
6.555914819767851e-04
8.738432296537160e-04
1.162927630679523e-03
1.546754394354045e-03
2.057560127905749e-03
2.724550761110280e-03
3.608442925807005e-03
4.767123558527151e-03
6.288257487828392e-03
8.269831384567682e-03
1.087758563545821e-02
1.425538136452996e-02
1.862413806809902e-02
2.423910191858152e-02
3.144086468773151e-02
4.061147505645858e-02
5.220813682043902e-02
6.673285305675838e-02
8.484395340434496e-02
1.071971654030757e-01
1.344758361015011e-01
1.674776367785512e-01
2.068546761468510e-01
2.532397838357294e-01
3.069157567868211e-01
3.676374097311080e-01
4.347939007455667e-01
5.071156961421351e-01
5.825925343739640e-01
6.587234687307512e-01
7.324299700071102e-01
8.006368277048154e-01
8.600907269254955e-01
9.085338481506170e-01
9.450303995987124e-01
9.700799317130492e-01
9.855117270260637e-01
9.938840836203120e-01
9.977994025890345e-01
9.993476294003851e-01
9.999642900134316e-01
###1.280000000000001e+01
1.176401231341353e-09
1.618823995895225e-09
1.258990898446138e-09
3.070170470748564e-09
2.191768331420674e-09
3.081539985344858e-09
3.760886303338685e-09
1.265325729539077e-09
5.579983674308453e-09
5.936991824419776e-09
7.196922156763336e-09
7.640736507335538e-09
8.106671607935376e-09
8.687880127143026e-09
9.440466974062121e-09
1.035988236764911e-08
1.150450891187612e-08
1.291730986917855e-08
1.466232675689383e-08
1.687925902670556e-08
1.964868870084868e-08
2.320018835121993e-08
2.777585091315344e-08
3.368704962116653e-08
4.138675650020481e-08
5.145524069524011e-08
6.468395898604199e-08
8.214809885789289e-08
1.051952282402507e-07
1.358410561036393e-07
1.763938483526439e-07
2.304545243592292e-07
3.020086816600885e-07
3.979514858308761e-07
5.265198804162265e-07
6.982269718336496e-07
9.271742846948875e-07
1.233928767232887e-06
1.644074327932938e-06
2.191633978085881e-06
2.925344974882530e-06
3.906252483194068e-06
5.219978074770973e-06
6.977763297413303e-06
9.328698023943343e-06
1.247476198976977e-05
1.668497811943427e-05
2.231860604228411e-05
2.985508582277830e-05
3.998105458648786e-05
5.345223222501003e-05
7.154835503136900e-05
9.564555084310741e-05
1.280180847882684e-04
1.708710574932826e-04
2.282270811652606e-04
3.046923094954419e-04
4.068654457242252e-04
5.428584356311580e-04
7.234653370905386e-04
9.641753203160314e-04
1.282968555457139e-03
1.706035158464596e-03
2.268713627248000e-03
3.002813646682326e-03
3.974753422093076e-03
5.247641321965168e-03
6.916565722404941e-03
9.087814511772525e-03
1.194081546441562e-02
1.562963736374806e-02
2.039143952945029e-02
2.649837611172274e-02
3.431292082494258e-02
4.423645726049624e-02
5.674576496408484e-02
7.237103640976256e-02
9.177975423131557e-02
1.156422780368565e-01
1.446313726878037e-01
1.795276507061120e-01
2.209566139278616e-01
2.694601151955577e-01
3.252151701800263e-01
3.878232834772940e-01
4.564948956180758e-01
5.297633003409715e-01
6.054433520558544e-01
6.808766948862867e-01
7.529422441891970e-01
8.186247069730941e-01
8.748915136870729e-01
9.198375102201168e-01
9.529401603875707e-01
9.750741820017287e-01
9.883055256181726e-01
9.952404480587514e-01
9.983584107529759e-01
9.995363017364223e-01
9.999704259349015e-01
###1.320000000000001e+01
1.213034053258632e-09
1.649521869965223e-09
1.305695255484640e-09
3.109318921215660e-09
2.266027950472963e-09
3.159550723230521e-09
3.848976826727884e-09
1.494544732132939e-09
5.690905634105263e-09
6.077248157534786e-09
7.350250639626886e-09
7.867157782612621e-09
8.405346976111828e-09
9.066782036871258e-09
9.903659394475882e-09
1.092213685284016e-08
1.217351729124138e-08
1.371909273346477e-08
1.562742861395650e-08
1.804395625192943e-08
2.102749773502136e-08
2.493686822494540e-08
2.992390789862646e-08
3.636299551932839e-08
4.475480120621709e-08
5.572864257519760e-08
7.015210813168422e-08
8.919010116554548e-08
1.143137706863701e-07
1.477568444762932e-07
1.920179962400203e-07
2.510563537185017e-07
3.292989810617128e-07
4.341789449933030e-07
5.746917599595997e-07
7.624401375507878e-07
1.013004726254132e-06
1.348867662371075e-06
1.798060494371727e-06
2.398370542815814e-06
3.202974353100630e-06
4.279430597000141e-06
5.721760888447848e-06
7.652572839678123e-06
1.023648912890101e-05
1.369655624367535e-05
1.832853532808828e-05
2.453069989648722e-05
3.283245551329713e-05
4.398683493122759e-05
5.883515397220707e-05
7.877833084410286e-05
1.053635581109197e-04
1.410775101961931e-04
1.883719462519443e-04
2.516488693167133e-04
3.360123734262104e-04
4.487470498358928e-04
5.987741408390951e-04
7.980094401513328e-04
1.063338859971312e-03
1.414626107733006e-03
1.880547847519749e-03
2.499767800068916e-03
3.307013452950238e-03
4.374640946483518e-03
5.771308914619130e-03
7.600401571969073e-03
9.976382793643820e-03
1.309353272098587e-02
1.711624146792085e-02
2.229873980403273e-02
2.893055534957372e-02
3.739609929176738e-02
4.811606678705842e-02
6.158754363935322e-02
7.836519084935133e-02
9.912512348518310e-02
1.245468719759921e-01
1.552917673367000e-01
1.921104991742653e-01
2.355998302064791e-01
2.861948663286260e-01
3.439642543018634e-01
4.083431745428744e-01
4.783672122833409e-01
5.523665870706691e-01
6.279924801134560e-01
7.024701160778893e-01
7.726512452095328e-01
8.356267954420190e-01
8.886259882102080e-01
9.301052125273230e-01
9.599483016835287e-01
9.793737386662106e-01
9.906323676542292e-01
9.963275307954232e-01
9.987850554630484e-01
9.996712662117538e-01
9.999988261945526e-01
###1.360000000000001e+01
1.254881701477435e-09
1.690576225802619e-09
1.356690473950058e-09
3.149367787077947e-09
2.338112952380294e-09
3.243490079714248e-09
3.943018842007383e-09
1.724063341764307e-09
5.805860796630109e-09
6.226413576599731e-09
7.514657155325368e-09
8.095770784919922e-09
8.719422535414175e-09
9.462482646183185e-09
1.038798876581743e-08
1.150809944057053e-08
1.287811583689153e-08
1.456699216820654e-08
1.665039949844882e-08
1.928008897046246e-08
2.253301984138814e-08
2.679393376344079e-08
3.222579251241936e-08
3.924347877709407e-08
4.838646810102762e-08
6.034749737029511e-08
7.607102721297893e-08
9.682533218691118e-08
1.242340366738867e-07
1.607249831127442e-07
2.090553608575498e-07
2.735341813533873e-07
3.590996434047443e-07
4.737698296787429e-07
6.273896673810125e-07
8.327680405192272e-07
1.107113805637607e-06
1.474912120045273e-06
1.967009563292560e-06
2.625479515598923e-06
3.507909701443271e-06
4.689636246405579e-06
6.273375669740707e-06
8.394712318040191e-06
1.123536406815551e-05
1.504059558547123e-05
2.013769627452270e-05
2.696665681436804e-05
3.611071987231222e-05
4.840010795787886e-05
6.476272977652721e-05
8.674016422279582e-05
1.160635666570092e-04
1.554476782706229e-04
2.076349962579268e-04
2.774106355474604e-04
3.704556849049849e-04
4.947713967482292e-04
6.601794074713183e-04
8.797899038367339e-04
1.172069328215827e-03
1.558839183029515e-03
2.071504626493154e-03
2.752347754370778e-03
3.639118302109624e-03
4.810635743648252e-03
6.341466783440091e-03
8.343412321832066e-03
1.094006350187827e-02
1.434080778772651e-02
1.872188275313300e-02
2.435438552014123e-02
3.154541608172058e-02
4.070058949431015e-02
5.226275024659166e-02
6.674586741656031e-02
8.472555034351788e-02
1.068887923677001e-01
1.339186734257637e-01
1.664569717888926e-01
2.052271521404342e-01
2.507666587772669e-01
3.034202102928463e-01
3.631232072618359e-01
4.291481451061401e-01
5.003410005396088e-01
5.748561638730991e-01
6.501693204034533e-01
7.234373499731009e-01
7.915197324054901e-01
8.516290868451851e-01
9.013056243230211e-01
9.393775969321461e-01
9.661181301514746e-01
9.830496763067804e-01
9.925559159325860e-01
9.971924141456310e-01
9.991113932498769e-01
9.997718488622700e-01
9.999988261945526e-01
###1.400000000000001e+01
1.302537385411246e-09
1.719322914563011e-09
1.409102212712047e-09
3.182310828914056e-09
2.411239186750803e-09
3.310394522873607e-09
4.044983078506022e-09
1.959208938693625e-09
5.929447394077304e-09
6.388829673386203e-09
7.705255040185573e-09
8.346031619160313e-09
9.046051923415419e-09
9.876895713054852e-09
1.089183907130715e-08
1.212167542539289e-08
1.362079561481274e-08
1.546033996317367e-08
1.773182364173586e-08
2.059349363686660e-08
2.414807128740323e-08
2.877977111012481e-08
3.469528546742589e-08
4.234240450106799e-08
5.230442217224912e-08
6.534190671645721e-08
8.248213699706887e-08
1.051171326257757e-07
1.350301447613880e-07
1.748457240846069e-07
2.276203154799298e-07
2.980740336234956e-07
3.916449254780281e-07
5.170717494935951e-07
6.850823746731081e-07
9.098000215980827e-07
1.210194761513074e-06
1.613145041427052e-06
2.152537542236070e-06
2.874745761223488e-06
3.842923861781418e-06
5.140320809978287e-06
6.880027000741731e-06
9.210949017943720e-06
1.233443151235947e-05
1.652026277770165e-05
2.212978827270975e-05
2.964799712262501e-05
3.972003742336680e-05
5.325617381075089e-05
7.128845284345138e-05
9.550630694410723e-05
1.278367082882866e-04
1.712697762196061e-04
2.288165724435146e-04
3.057453044163580e-04
4.083117192060937e-04
5.453300855824063e-04
7.275893537453687e-04
9.695209577319273e-04
1.291224600589962e-03
1.716770619988139e-03
2.280374104248992e-03
3.028205022204448e-03
4.001257947050727e-03
5.285509826461347e-03
6.961347307237485e-03
9.149849825555773e-03
1.198402527128087e-02
1.569007120151671e-02
2.045453171942741e-02
2.656657785395026e-02
3.435213623326516e-02
4.423783151949119e-02
5.668727995235985e-02
7.223247306927251e-02
9.146638162224002e-02
1.150830967918513e-01
1.437635343315040e-01
1.781298423101507e-01
2.188711878058844e-01
2.664523832401718e-01
3.211151145538508e-01
3.826648892144136e-01
4.501898569397448e-01
5.223645749532939e-01
5.971553523777896e-01
6.719170915286645e-01
7.437268730188454e-01
8.094961855933491e-01
8.666197740520063e-01
9.129498683610722e-01
9.477016324595362e-01
9.715145121851277e-01
9.861683619610015e-01
9.941311316912466e-01
9.978721364066088e-01
9.993556732237779e-01
9.998419595677497e-01
9.999988261945526e-01
###1.440000000000001e+01
1.336117794147723e-09
1.751886662840583e-09
1.453600517334988e-09
3.222126404622766e-09
2.488366093334458e-09
3.391773107708028e-09
4.148301478782896e-09
2.195471891125977e-09
6.055421468071720e-09
6.559112951567816e-09
7.896628783421109e-09
8.607212195064333e-09
9.390194692229246e-09
1.030944532796480e-08
1.142272439052978e-08
1.276522768601558e-08
1.440198183444302e-08
1.640207874479488e-08
1.887797351189307e-08
2.199331460004133e-08
2.587047343071263e-08
3.090543236772151e-08
3.734525736618452e-08
4.567694435495873e-08
5.653057006916563e-08
7.074189424148787e-08
8.942942045175170e-08
1.141204795258817e-07
1.467631626871375e-07
1.902284086001476e-07
2.478736465716631e-07
3.248589833197263e-07
4.272079504443462e-07
5.644216260867313e-07
7.482031496482033e-07
9.942048722297740e-07
1.323201146540880e-06
1.764724422905323e-06
2.356148019996290e-06
3.148471414379906e-06
4.210793654977651e-06
5.635496151095725e-06
7.546740930205729e-06
1.010845665423930e-05
1.354288318114593e-05
1.814786928015178e-05
2.432100448695481e-05
3.259831477317979e-05
4.369211419424187e-05
5.860226368619270e-05
7.847041993605926e-05
1.051528232221056e-04
1.407920215349044e-04
1.886636671572626e-04
2.521069857119362e-04
3.368688752131271e-04
4.498790902271720e-04
6.008161669732723e-04
8.015330471897597e-04
1.067825663554990e-03
1.421683617969928e-03
1.889452112305985e-03
2.508590682050948e-03
3.329218081984470e-03
4.395906197558088e-03
5.802046220615611e-03
7.634481869706199e-03
1.002419354459742e-02
1.311376906899874e-02
1.714677784573286e-02
2.232043758736782e-02
2.894358728789332e-02
3.735986696218927e-02
4.801855872241347e-02
6.140055363905970e-02
7.805718767450047e-02
9.859557862015195e-02
1.237166950892087e-01
1.540923041022012e-01
1.903164816851070e-01
2.330377921494369e-01
2.826374755184065e-01
3.392504438221606e-01
4.025415384578745e-01
4.714119740275875e-01
5.443710092880650e-01
6.192046980390032e-01
6.931642696473264e-01
7.632837317018565e-01
8.265578023396857e-01
8.806008893132379e-01
9.235903552493208e-01
9.551330264242228e-01
9.762020312763490e-01
9.887942703355970e-01
9.954110723131316e-01
9.984020666801962e-01
9.995373989548346e-01
9.998915970699419e-01
9.999988261945526e-01
###1.480000000000001e+01
1.396427341101593e-09
1.788982736649412e-09
1.506413174825301e-09
3.271657396492395e-09
2.567350113140922e-09
3.480904047433319e-09
4.250511858203923e-09
2.432627408688485e-09
6.227628224190633e-09
6.738316536215378e-09
8.103178512243703e-09
8.883305205074919e-09
9.752230125304384e-09
1.076962269630827e-08
1.197929596308331e-08
1.344158165914911e-08
1.522246812696445e-08
1.739943354369150e-08
2.009487024070605e-08
2.348034434441414e-08
2.770839170534267e-08
3.318074862735835e-08
4.019008789503578e-08
4.926817563865014e-08
6.109445421882437e-08
7.658748852260988e-08
9.696316814463143e-08
1.238958072517994e-07
1.595324406886137e-07
2.069691269535298e-07
2.699632507856125e-07
3.541111236958426e-07
4.660844709454272e-07
6.162012625885322e-07
8.173668815782666e-07
1.086663183217742e-06
1.447089413300864e-06
1.931050713739449e-06
2.579544738304764e-06
3.448849394391606e-06
4.614949219300966e-06
6.179609083251282e-06
8.279815831808632e-06
1.109560313329524e-05
1.487290971073180e-05
1.993889751108816e-05
2.673237686751898e-05
3.584544415421941e-05
4.805666232264478e-05
6.448487059599758e-05
8.636953878548603e-05
1.157596927027433e-04
1.550360057225734e-04
2.077834315596098e-04
2.776804924006051e-04
3.710485045529263e-04
4.955049732761530e-04
6.616620294140642e-04
8.825353426177912e-04
1.175428916405774e-03
1.564353945195078e-03
2.078086958207781e-03
2.757482968983520e-03
3.657280879482943e-03
4.825272805270744e-03
6.362965784150743e-03
8.364740557038770e-03
1.097059347828691e-02
1.433459125965570e-02
1.871709851487464e-02
2.432831458969344e-02
3.149540561715132e-02
4.057929893019958e-02
5.205302818825385e-02
6.641469994296750e-02
8.423284801931229e-02
1.061258305070071e-01
1.327969232172181e-01
1.649029858341431e-01
2.030121473601225e-01
2.477151020685870e-01
2.993037817981997e-01
3.577968861449624e-01
4.227063580168002e-01
4.927685206827555e-01
5.662980996052874e-01
6.409427512969360e-01
7.138531140922507e-01
7.820625864994446e-01
8.426842901793929e-01
8.935750378804787e-01
9.332628370384931e-01
9.617257105351220e-01
9.802475531140940e-01
9.909890560838795e-01
9.964418047548035e-01
9.988111612752441e-01
9.996710887739340e-01
9.999262715594774e-01
9.999988261945526e-01
###1.520000000000001e+01
1.439656646380699e-09
1.828625625075213e-09
1.561578797559934e-09
3.320932770517786e-09
2.650102960366955e-09
3.569144389303962e-09
4.364668546239578e-09
2.669029141565128e-09
6.372986333062786e-09
6.926968150668694e-09
8.318253250091355e-09
9.171166032407188e-09
1.013094211393115e-08
1.124162580973427e-08
1.259416341047173e-08
1.415372010126089e-08
1.608735210981535e-08
1.845437566453528e-08
2.138465193923448e-08
2.506355416705439e-08
2.967143544588717e-08
3.561977853274522e-08
4.324907670337417e-08
5.313525305861205e-08
6.602167712223633e-08
8.291284234139560e-08
1.051339870215546e-07
1.345206618252847e-07
1.734155460017127e-07
2.252274428988918e-07
2.940526155532549e-07
3.860665434656234e-07
5.085834875807517e-07
6.728602644658148e-07
8.930675671522401e-07
1.188000287464551e-06
1.582921771022089e-06
2.113494268137334e-06
2.824889985900281e-06
3.778874223410930e-06
5.058909766431814e-06
6.777821132874719e-06
9.085464865281408e-06
1.218110873166576e-05
1.633548683123487e-05
2.190916133081961e-05
2.938449116492242e-05
3.941617094702061e-05
5.285733737590857e-05
7.094379469360392e-05
9.505575732487427e-05
1.274283242201433e-04
1.706875129845210e-04
2.287871517640540e-04
3.057627424200924e-04
4.085524670963975e-04
5.455478934382003e-04
7.283419192676842e-04
9.712280181423137e-04
1.293129224206800e-03
1.720254753862548e-03
2.284020356199924e-03
3.028877562518350e-03
4.014327158433545e-03
5.292115186993314e-03
6.971789057446648e-03
9.156032066983765e-03
1.199441323310427e-02
1.565231808328652e-02
2.040848118384400e-02
2.648571710311985e-02
3.422952138949837e-02
4.402053382864292e-02
5.635258049705065e-02
7.174181589810748e-02
9.077032835557483e-02
1.140645569183169e-01
1.423303034720362e-01
1.762056708926650e-01
2.162123606044061e-01
2.628803372950652e-01
3.164259440330012e-01
3.767238916320883e-01
4.431311235147147e-01
5.142057399924083e-01
5.880892278798454e-01
6.623071683559186e-01
7.339273080315236e-01
8.000249881541065e-01
8.578651443638426e-01
9.055595745150231e-01
9.420038853349270e-01
9.675399018440543e-01
9.837130213995552e-01
9.928083910441319e-01
9.972643198837464e-01
9.991235260299722e-01
9.997682173942097e-01
9.999501798840066e-01
9.999988261945526e-01
###1.560000000000001e+01
1.470865322209395e-09
1.866080371913035e-09
1.613383132633232e-09
3.373706059219604e-09
2.733678862633818e-09
3.667999155166056e-09
4.481861108386699e-09
2.904653721371440e-09
6.529738509932287e-09
7.123397470065245e-09
8.548619600624254e-09
9.477503621581458e-09
1.052990052613485e-08
1.174127214451008e-08
1.320442062921271e-08
1.490291143605386e-08
1.700301145531624e-08
1.957207309116345e-08
2.275473920898159e-08
2.675053210712057e-08
3.176567212399496e-08
3.823202815871708e-08
4.653138127087569e-08
5.730144773219702e-08
7.134481443227202e-08
8.975571861391475e-08
1.139936384852708e-07
1.460588261160241e-07
1.885356229451920e-07
2.451263951799765e-07
3.203509641721948e-07
4.209706427904486e-07
5.550464771829084e-07
7.348847600917250e-07
9.759672841929562e-07
1.299086343309451e-06
1.731888767010393e-06
2.313812916793232e-06
3.094059501355205e-06
4.141182376854293e-06
5.546748206098929e-06
7.434987902865675e-06
9.970907606561975e-06
1.337420610036242e-05
1.794304193014944e-05
2.407530868573865e-05
3.230107052912867e-05
4.334266625101607e-05
5.813410214367751e-05
7.804607324490620e-05
1.046016134620046e-04
1.402414011807126e-04
1.878781361652520e-04
2.518413012946685e-04
3.365869422490910e-04
4.496883261252139e-04
6.003691391964840e-04
8.013466125725888e-04
1.068250225660917e-03
1.421773606329090e-03
1.890415689597769e-03
2.508495968920532e-03
3.324405908766115e-03
4.401536316200576e-03
5.799038224383666e-03
7.631814760976042e-03
1.001229877594580e-02
1.310036483484942e-02
1.707838389459940e-02
2.222827912525303e-02
2.880107716010052e-02
3.715638050000952e-02
4.769345720406289e-02
6.092720675199100e-02
7.739243492227489e-02
9.767960504741874e-02
1.224230914754721e-01
1.523245622993020e-01
1.879930241110319e-01
2.299110204924873e-01
2.785338180524372e-01
3.339781349775049e-01
3.959833431335366e-01
4.637467234163252e-01
5.356538146607506e-01
6.096763012449410e-01
6.832348224668815e-01
7.533461658321784e-01
8.171465492417710e-01
8.720888603818520e-01
9.165754336250117e-01
9.498614131164484e-01
9.726324278341076e-01
9.866630992567823e-01
9.943050024949557e-01
9.979148136826959e-01
9.993598723328820e-01
9.998381986620730e-01
9.999665459336635e-01
9.999988261945526e-01
