# NLO BK equation solver 0.0-dev build  (build Feb 16 2026 17:52:53)
# Initial condition: MV model, Q_s0^2 = 0.00708801 GeV^2, \gamma = 1, coefficient of E inside Log is 1, x0=0.01, \Lambda_QCD = 0.241 GeV
# # LO Kernel RC:  Balitsky. NLO Kernel RC:  smallest dipole
# Nc=3, Nf=4
# Using RungeKutta method in K1
# Resumming double log
# Resumming single log, K_sub=0.65 resum rc: smallest
# BK K1 integration relative accuracy: 0.02# NLO BK as^2 terms: MC integration method: Vegas, points=1000000
# Kinematical constraint: none
# Target kinematical constraint: disabled

###1.000000000000000e-05
###1.160836920850890e+00
###100
###1.000000000000000e+00
###0.000000000000000e+00
2.292243705106146e-12
3.053283060745009e-12
4.066439056422041e-12
5.415031481927791e-12
7.209842374369096e-12
9.598140777995256e-12
1.277566343566661e-11
1.700251597614326e-11
2.262427258270451e-11
3.009996689976372e-11
4.003921564557775e-11
5.325144205316377e-11
7.081112557309290e-11
9.414427200623822e-11
1.251429729040734e-10
1.663171344141895e-10
2.209953745229158e-10
2.935909384965550e-10
3.899535605930559e-10
5.178348938721848e-10
6.875039487407027e-10
9.125605933878658e-10
1.211010452295336e-09
1.606684641421459e-09
2.131114204667622e-09
2.826003833641320e-09
3.746495033595861e-09
4.965468701531310e-09
6.579215489685111e-09
8.714905049861880e-09
1.154041972603415e-08
1.527729415249219e-08
2.021773207963732e-08
2.674697187786307e-08
3.537266366213893e-08
4.676343113020157e-08
6.179945526877709e-08
8.163878051474886e-08
1.078041652839704e-07
1.422967532035290e-07
1.877447253632808e-07
2.475975309189332e-07
3.263794411757034e-07
4.300202319459403e-07
5.662860262851059e-07
7.453400492897729e-07
9.804716695638609e-07
1.289043147643280e-06
1.693717635077019e-06
2.224049993344236e-06
2.918544965316014e-06
3.827316434153035e-06
5.015518577696783e-06
6.567766720540192e-06
8.593825180378140e-06
1.123585153373075e-05
1.467797912579893e-05
1.915805079122368e-05
2.498314375387611e-05
3.254916118189399e-05
4.236588507122718e-05
5.508892447658731e-05
7.156043230305276e-05
9.286098409444499e-05
1.203756902992126e-04
1.558785047325317e-04
2.016398734399072e-04
2.605644469610979e-04
3.363677031236190e-04
4.338031999667757e-04
5.589560745958844e-04
7.196236925645083e-04
9.258115207905204e-04
1.190381978384059e-03
1.529907025130228e-03
1.965792598609295e-03
2.525765973202754e-03
3.245847219041309e-03
4.172964978554461e-03
5.368426727351605e-03
6.912516462154850e-03
8.910569651856548e-03
1.150096575638615e-02
1.486557791182386e-02
1.924331409050384e-02
2.494744409482452e-02
3.238737150124227e-02
4.209526485451409e-02
5.475730375174903e-02
7.124787629407003e-02
9.266233183221029e-02
1.203390408738185e-01
1.558535416458541e-01
2.009556488918115e-01
2.574051117323165e-01
3.266473520957456e-01
4.092716898642291e-01
5.042394272783328e-01
6.080033736604747e-01
7.138981431769940e-01
###4.000000000000000e-01
-1.732955238434427e-11
2.260806542697314e-11
1.879392910910672e-11
5.541367598085155e-11
5.876443022130784e-11
9.851396370114016e-09
2.380247309760896e-12
5.530458155257631e-11
7.396529642736585e-11
9.524960044622299e-11
7.544061156754343e-11
9.154924374673542e-11
1.042249395305625e-10
1.421361260732786e-10
1.684065744744908e-10
2.142139711385058e-10
2.679743357481676e-10
3.478546720496901e-10
4.476491226563194e-10
5.827644822050664e-10
7.654460446967474e-10
1.007824417542224e-09
1.328721755511807e-09
1.753522057922768e-09
2.319892359022843e-09
3.069007762932430e-09
4.060630962186944e-09
5.377592953765967e-09
7.119277642800191e-09
9.427181535259947e-09
1.247888415042810e-08
1.651888774049797e-08
2.186246503520662e-08
2.893379385524405e-08
3.828132149363109e-08
5.059605365866475e-08
6.688119457544624e-08
8.840514587161972e-08
1.167320190335586e-07
1.540989023829894e-07
2.033481647699335e-07
2.682493116098234e-07
3.537138749564096e-07
4.661368660090671e-07
6.140131808317822e-07
8.083627363348512e-07
1.063715247250633e-06
1.398894420763124e-06
1.838429126541993e-06
2.415429001716029e-06
3.170589144907575e-06
4.160319248368664e-06
5.453212707627934e-06
7.146125968414354e-06
9.351648013342156e-06
1.223167831565942e-05
1.598682709502064e-05
2.087711641595182e-05
2.724106246825143e-05
3.550585741118184e-05
4.625503830966748e-05
6.018581500753821e-05
7.824854815619397e-05
1.016246992325662e-04
1.318694685772307e-04
1.709596704074896e-04
2.213750116995950e-04
2.864124402305516e-04
3.701727793471987e-04
4.783405928199099e-04
6.174392589221734e-04
7.965439467572628e-04
1.026865407736670e-03
1.323509592694451e-03
1.705279521166798e-03
2.197093324373098e-03
2.830366361938766e-03
3.648444285795231e-03
4.704807260409098e-03
6.071266254787181e-03
7.843592743002427e-03
1.014720255216516e-02
1.314902575414075e-02
1.705888703137138e-02
2.215970611185232e-02
2.882901980200197e-02
3.754148945389356e-02
4.888685355513538e-02
6.370910846794021e-02
8.303324178084766e-02
1.081356726028993e-01
1.404995909888082e-01
1.818639495982720e-01
2.339954844400819e-01
2.986738756551180e-01
3.771039660096590e-01
4.701666497109539e-01
5.780902556426479e-01
7.080114699199432e-01
9.552834656104228e-01
###8.000000000000000e-01
-7.332028200999150e-12
4.323322517408017e-11
-6.229787793940135e-11
7.683305654145867e-11
8.511037803044537e-11
9.639651112856496e-09
3.040722089206768e-11
9.905214682382066e-11
1.357189258996476e-10
1.424088955623251e-10
1.215472405509023e-10
1.461268016557416e-10
1.616401321042107e-10
1.892439331308426e-10
2.153546801009590e-10
2.653670595112976e-10
3.262955884536632e-10
4.048489448389992e-10
5.128562812356375e-10
6.576802089640474e-10
8.604427942848725e-10
1.112781352613091e-09
1.458573050885669e-09
1.917097719972073e-09
2.528379942779357e-09
3.337354933455918e-09
4.407562349299854e-09
5.828101364647657e-09
7.710651904180834e-09
1.020489216680145e-08
1.350139101379037e-08
1.787270947503105e-08
2.365781445679026e-08
3.130933308082740e-08
4.143243512659538e-08
5.476482436532505e-08
7.240727021088084e-08
9.575916490347475e-08
1.264403141654243e-07
1.669433532671590e-07
2.203370542564136e-07
2.907358642357984e-07
3.834851590020809e-07
5.054530050256293e-07
6.660365818330190e-07
8.770897478821611e-07
1.154531768727939e-06
1.518831095284890e-06
1.996342142559504e-06
2.624524300893353e-06
3.446214854303158e-06
4.523781501684405e-06
5.932527806559252e-06
7.779542984897545e-06
1.018376229417170e-05
1.332511671372723e-05
1.742334506173982e-05
2.276824218011471e-05
2.972776390259846e-05
3.877237392908292e-05
5.054866294458308e-05
6.582213138608723e-05
8.565459092991607e-05
1.113478711019078e-04
1.446420868270936e-04
1.877491299207621e-04
2.433958723866161e-04
3.153206568681440e-04
4.080886056673051e-04
5.283778665565935e-04
6.833315007046522e-04
8.833899436375464e-04
1.141295019125761e-03
1.474555582057155e-03
1.904768390406592e-03
2.460881030370191e-03
3.178421823835123e-03
4.109362279356842e-03
5.314925962974726e-03
6.879682355447787e-03
8.913117033136506e-03
1.157063622792475e-02
1.504155616907026e-02
1.957789660215404e-02
2.550332853399848e-02
3.326426110415560e-02
4.339797409519393e-02
5.658022468474259e-02
7.378226849454442e-02
9.615757607600768e-02
1.251385924914235e-01
1.622658728482083e-01
2.092837842574382e-01
2.678381029590602e-01
3.393022610326312e-01
4.242035949678037e-01
5.222500893553346e-01
6.315768709559647e-01
7.542145346035906e-01
9.627773774798432e-01
###1.200000000000000e+00
3.955449357588766e-10
5.917293917931019e-11
-1.253297933838852e-10
1.059504371778035e-10
1.494340253204554e-10
9.426348473171283e-09
4.212794607952231e-11
1.439493485445933e-10
2.074563886393784e-10
1.949423072740594e-10
1.787792443536988e-10
1.946284107729706e-10
2.137790006936983e-10
2.403286830407316e-10
2.703151102710829e-10
3.128338297975118e-10
3.777884226528876e-10
4.697735910628114e-10
5.844637238745805e-10
7.474231164908078e-10
9.622295219247347e-10
1.233172869614304e-09
1.603974684466617e-09
2.100332218376926e-09
2.758774530894187e-09
3.633163388445916e-09
4.788405847502484e-09
6.320399773581503e-09
8.357581120018280e-09
1.105284616103075e-08
1.461744565473914e-08
1.934776179945892e-08
2.560942358943131e-08
3.389532996466714e-08
4.485666661369076e-08
5.929824902228742e-08
7.842487273973019e-08
1.037461938111307e-07
1.369967384537800e-07
1.808981928892959e-07
2.388078747839922e-07
3.152033176942504e-07
4.158868212117261e-07
5.482825077290863e-07
7.227054506687739e-07
9.520148508352602e-07
1.253584456737983e-06
1.649679472782820e-06
2.168797377481839e-06
2.853010051893045e-06
3.747545703382402e-06
4.921544214725726e-06
6.457378211608957e-06
8.473431534211431e-06
1.109617198757949e-05
1.452550285979320e-05
1.900235220038244e-05
2.484895235288924e-05
3.246644087465908e-05
4.237346594724576e-05
5.529024349883449e-05
7.205810844295478e-05
9.386133138213757e-05
1.221472539208260e-04
1.588449950296591e-04
2.064291951346821e-04
2.679770169506219e-04
3.476497842814726e-04
4.506068547102765e-04
5.845759431796273e-04
7.576252277206276e-04
9.813272905987965e-04
1.270638408892046e-03
1.645630721308580e-03
2.131059073180384e-03
2.759714659923615e-03
3.574713308301619e-03
4.634712505930830e-03
6.010860069867071e-03
7.801666055531993e-03
1.013732072717981e-02
1.319468484892094e-02
1.720076215177255e-02
2.244018173143842e-02
2.929044150060046e-02
3.826471910870832e-02
4.996343953616518e-02
6.515082474738935e-02
8.490540938912637e-02
1.104829541789348e-01
1.434053302931966e-01
1.852034309867339e-01
2.374774824971963e-01
3.016307512179326e-01
3.783475043051002e-01
4.672423358911231e-01
5.666337531449209e-01
6.729485921990578e-01
7.861752581973066e-01
9.681180917837979e-01
###1.600000000000000e+00
3.834229930358946e-10
1.059806405429374e-10
-1.119296431559827e-10
1.995637932430390e-10
1.549929895133916e-10
9.200863581374178e-09
9.791661192544084e-11
1.926446479728008e-10
2.941210542989078e-10
2.586311130905361e-10
2.360973545556956e-10
2.100772697654959e-10
2.794676827558482e-10
3.039397796892138e-10
3.318658548447621e-10
3.756206008794853e-10
4.442158182152864e-10
5.506901860579243e-10
6.728420191928796e-10
8.463938612459284e-10
1.076799789746934e-09
1.369895883221515e-09
1.772345303582201e-09
2.308518837662149e-09
3.017474311113550e-09
3.961827019316703e-09
5.211004861693947e-09
6.867588259899137e-09
9.070260696093577e-09
1.198417943732867e-08
1.584183820383663e-08
2.096031549936988e-08
2.773845712677942e-08
3.671288339371564e-08
4.858557941387404e-08
6.423077418606917e-08
8.497003628880803e-08
1.124287110607946e-07
1.484816654666706e-07
1.960895235518527e-07
2.589241712014468e-07
3.418412599783740e-07
4.511620836703071e-07
5.949507418264400e-07
7.844921965893674e-07
1.033739445710622e-06
1.361708572179899e-06
1.792576875808445e-06
2.357301348604523e-06
3.102769212612617e-06
4.077260086351647e-06
5.357483404979899e-06
7.032401902047102e-06
9.233965703342743e-06
1.209631509188419e-05
1.584417669000875e-05
2.074069331345529e-05
2.713929611057949e-05
3.548455637845463e-05
4.634399813822577e-05
6.053146787635920e-05
7.896117712068382e-05
1.029752431164180e-04
1.341775692062113e-04
1.746437803865953e-04
2.272727179014228e-04
2.954276476807813e-04
3.838261307644019e-04
4.983013373720008e-04
6.477080326619822e-04
8.413651392464299e-04
1.091758391244748e-03
1.416703730081104e-03
1.839102219435083e-03
2.387362063238393e-03
3.097660432068598e-03
4.024664530846859e-03
5.231149917871536e-03
6.801485256714281e-03
8.848499035053935e-03
1.152464391035877e-02
1.503549124288113e-02
1.963888062445284e-02
2.566674048852744e-02
3.354105198750255e-02
4.384657988258363e-02
5.724044841139062e-02
7.458281356249657e-02
9.702812834133244e-02
1.259030860872228e-01
1.627636026206501e-01
2.090579535646999e-01
2.661531204549745e-01
3.350473870044664e-01
4.157254012990768e-01
5.068815949887318e-01
6.057277225403022e-01
7.077809749257606e-01
8.122639388783288e-01
9.724700282058309e-01
###2.000000000000000e+00
3.853488471378983e-10
1.222824861694664e-10
-6.380479511507731e-11
2.244635035315524e-10
2.002319845305921e-10
8.989228193605181e-09
1.330388239052643e-10
2.284187210328184e-10
3.756389174075259e-10
3.186216445634116e-10
2.974984406305917e-10
2.779247532790247e-10
3.526040529832244e-10
3.639637317349720e-10
4.019358437314848e-10
4.470305673437610e-10
5.210939469758170e-10
6.350960193055167e-10
7.697617355773129e-10
9.507899888451762e-10
1.206253594500258e-09
1.520108450401534e-09
1.957335117278682e-09
2.536271641462072e-09
3.303830241866226e-09
4.325119595954116e-09
5.674915789837371e-09
7.467776688126871e-09
9.850289904821320e-09
1.300128728542339e-08
1.717519605029676e-08
2.271853352744789e-08
3.005395212262304e-08
3.977940179572229e-08
5.264056915865538e-08
6.960242387005566e-08
9.209492657081852e-08
1.218544380189030e-07
1.609601351107338e-07
2.126091839738604e-07
2.808186608892126e-07
3.708371538199647e-07
4.896035170796758e-07
6.458230393072216e-07
8.518594436803881e-07
1.122884340429631e-06
1.479732891259808e-06
1.948643398049680e-06
2.563384944878802e-06
3.375986898438920e-06
4.438128493045205e-06
5.835105583752445e-06
7.662642333653042e-06
1.006824504912840e-05
1.319455345036957e-05
1.729362647077108e-05
2.265396453116567e-05
2.966289990634039e-05
3.881443808564747e-05
5.072957112246591e-05
6.632729957192196e-05
8.660758900115039e-05
1.130861947382572e-04
1.475317438268173e-04
1.922296606816064e-04
2.505057890495225e-04
3.260813388913715e-04
4.243184507092849e-04
5.517621006389178e-04
7.185734590238570e-04
9.351256961845108e-04
1.216124251516998e-03
1.581424854984572e-03
2.057568251436952e-03
2.676927158392545e-03
3.480302967906575e-03
4.535065297999782e-03
5.906346939197416e-03
7.696109976742999e-03
1.003255311149800e-02
1.308991770027284e-02
1.710901149023266e-02
2.237543220765859e-02
2.927435078437105e-02
3.827363007692595e-02
5.002417905044195e-02
6.524026801911231e-02
8.486676116422497e-02
1.101035478612840e-01
1.423415349121420e-01
1.830823189188239e-01
2.336584755168142e-01
2.951246770141430e-01
3.680200001020243e-01
4.516291253869034e-01
5.438436646821593e-01
6.411148649565001e-01
7.385118886389599e-01
8.348577347266205e-01
9.762070609156162e-01
###2.400000000000000e+00
4.209309737792578e-10
1.220276151437092e-10
-5.431753876650706e-11
1.870272225459887e-10
2.172080698009443e-10
8.829506873846296e-09
1.385710138995156e-10
2.863542766943503e-10
4.538888673890399e-10
3.896514684658091e-10
3.742170590609501e-10
3.488691320478864e-10
4.267319385818635e-10
4.619947327189901e-10
4.716926869210210e-10
5.288566086499783e-10
6.076295428319732e-10
7.269889200938935e-10
8.782142941137269e-10
1.075463908215411e-09
1.349501011638090e-09
1.690020652718393e-09
2.163320598284088e-09
2.803912785714680e-09
3.617981307163341e-09
4.722104463484242e-09
6.182939021951146e-09
8.123502616539894e-09
1.070105822187249e-08
1.411314276394135e-08
1.862943502163735e-08
2.463318018992033e-08
3.258215835267081e-08
4.311528354514824e-08
5.704917614376466e-08
7.545827805271543e-08
9.985155943984560e-08
1.320937779587205e-07
1.745360954385417e-07
2.305984257154128e-07
3.046605392802793e-07
4.024166047568163e-07
5.314862605340908e-07
7.012950134952715e-07
9.253349864252323e-07
1.220195554275631e-06
1.608592068294017e-06
2.119173986451208e-06
2.788732399754440e-06
3.675118354069877e-06
4.833259468543024e-06
6.357646407083844e-06
8.353862738076279e-06
1.098371868812850e-05
1.440125062011518e-05
1.888708491135725e-05
2.475239899153440e-05
3.244487069674232e-05
4.249049832721360e-05
5.557867606378463e-05
7.275369432106773e-05
9.508533321297582e-05
1.242974001565102e-04
1.624009282974195e-04
2.118154364859539e-04
2.764192631057310e-04
3.603300763911627e-04
4.696257069219924e-04
6.116843318569558e-04
7.981313052641908e-04
1.040540710709252e-03
1.356064879856755e-03
1.767011981751214e-03
2.303847167759339e-03
3.003622818753781e-03
3.912493127604950e-03
5.109043255590633e-03
6.668031365468965e-03
8.704090378385510e-03
1.136659972684728e-02
1.484853672547272e-02
1.943222408832484e-02
2.543431812551959e-02
3.328721254368636e-02
4.350732484921196e-02
5.681382280278493e-02
7.397002560787869e-02
9.598748679746383e-02
1.241060662106597e-01
1.597294064382853e-01
2.042673968674974e-01
2.588790349291329e-01
3.242960940083323e-01
4.005148845794954e-01
4.862250198943004e-01
5.786506620019165e-01
6.736999884199155e-01
7.662562297012404e-01
8.549139078835961e-01
9.794700806194977e-01
###2.800000000000000e+00
4.641112069119816e-10
1.489694549573455e-10
-2.510412552477648e-11
2.178701402318866e-10
2.213326894510387e-10
8.643000608913159e-09
1.582519126518872e-10
3.397042088228914e-10
5.337554475173485e-10
4.305281376903194e-10
4.410442728739513e-10
4.204960484543550e-10
4.929189701591501e-10
5.355455598136104e-10
5.540403589454230e-10
6.240400223821947e-10
6.945609176131784e-10
8.295099778695400e-10
9.933097755352199e-10
1.209868327511716e-09
1.501257535571339e-09
1.872655110413226e-09
2.385408484923811e-09
3.075134600758270e-09
3.959344978038045e-09
5.154633464068261e-09
6.736708552131119e-09
8.835752799937432e-09
1.162734522106155e-08
1.531797536822729e-08
2.021022918081928e-08
2.671375803542810e-08
3.532792906953741e-08
4.674047697571094e-08
6.184982688940038e-08
8.182179162688894e-08
1.082773850422512e-07
1.432484020133223e-07
1.893150488681752e-07
2.501862061431563e-07
3.306277856819950e-07
4.368385020910805e-07
5.771260523807404e-07
7.617918341974939e-07
1.005518316738670e-06
1.326467542773428e-06
1.749389601262027e-06
2.305569645810719e-06
3.035250980489101e-06
4.002507746905041e-06
5.266214255209538e-06
6.930596264453313e-06
9.112494041368074e-06
1.198933107695979e-05
1.572825058983082e-05
2.064140410213706e-05
2.706417920152938e-05
3.551441170254062e-05
4.655055584983309e-05
6.094395116111284e-05
7.987136644586203e-05
1.044886193941678e-04
1.367439692127087e-04
1.789348936886418e-04
2.336394568730633e-04
3.053287314222823e-04
3.986103080802003e-04
5.203114542533624e-04
6.788434444583601e-04
8.873691014540619e-04
1.158949214985293e-03
1.513384969326813e-03
1.975786660541107e-03
2.581033205916660e-03
3.371449786772646e-03
4.399215079175105e-03
5.754952964762246e-03
7.524532076726915e-03
9.836544402167607e-03
1.286248965009653e-02
1.681669893686293e-02
2.202269610757326e-02
2.883180479725323e-02
3.772268284608902e-02
4.926176234122371e-02
6.423019777689924e-02
8.343511532212428e-02
1.079381476982773e-01
1.389990321409746e-01
1.780084350645793e-01
2.262360554356805e-01
2.846434181235298e-01
3.535795675665873e-01
4.325504175390045e-01
5.196734763048906e-01
6.116412067953495e-01
7.039915673874394e-01
7.915920086536007e-01
8.729267893331759e-01
9.823490840249933e-01
###3.200000000000000e+00
4.680140823700466e-10
1.749419339979823e-10
-1.394567433927275e-11
2.596701641224775e-10
2.674350474123213e-10
8.480414477974151e-09
2.205155492481304e-10
4.059780944507722e-10
6.261102743489095e-10
5.106119109404785e-10
4.997733970315998e-10
5.023276391003318e-10
5.733606711486039e-10
6.211949685558324e-10
6.427372178108300e-10
7.177947349047346e-10
7.972315092605504e-10
9.414430126812652e-10
1.118647368144975e-09
1.355948081306371e-09
1.671071543627939e-09
2.077452516866662e-09
2.629706401290786e-09
3.376012908850756e-09
4.343578987568557e-09
5.629267528307164e-09
7.339515736276228e-09
9.617093597815956e-09
1.264165527872466e-08
1.663404916755452e-08
2.193419158332486e-08
2.898265954933851e-08
3.832103282867576e-08
5.069431510430904e-08
6.708390601429609e-08
8.874304678405610e-08
1.174435007170756e-07
1.553936116973032e-07
2.053952879181314e-07
2.715220219659502e-07
3.589116171041550e-07
4.743507049825670e-07
6.269057185250560e-07
8.277979073388380e-07
1.093063709776136e-06
1.442530625687746e-06
1.903264978475878e-06
2.509471404069249e-06
3.305182548550262e-06
4.360843193589661e-06
5.740901212872834e-06
7.559255786702849e-06
9.945699893823085e-06
1.309388992173435e-05
1.718834810732484e-05
2.257350094594800e-05
2.961524444680542e-05
3.890176435939570e-05
5.103882394206624e-05
6.688542693615179e-05
8.775904107604703e-05
1.149247566190125e-04
1.505781839628561e-04
1.973235692098713e-04
2.579619295432214e-04
3.375942050327991e-04
4.413702891466234e-04
5.770675354036627e-04
7.540606774488248e-04
9.874059745725589e-04
1.291849918621501e-03
1.690013520995955e-03
2.210326456542856e-03
2.892587499839977e-03
3.784676898592781e-03
4.945870771063458e-03
6.479834468890004e-03
8.484142188005439e-03
1.110380618493277e-02
1.453227392074954e-02
1.900854802061759e-02
2.489752396309084e-02
3.258673274019488e-02
4.260122712282540e-02
5.555538736421249e-02
7.228621177298787e-02
9.363835385079043e-02
1.207094204801972e-01
1.547593754195427e-01
1.971274884714324e-01
2.489216171877652e-01
3.108597760713532e-01
3.829181204749692e-01
4.641127813464637e-01
5.520514668051952e-01
6.430004000538776e-01
7.322766510171460e-01
8.148299025824504e-01
8.891543002422198e-01
9.849048684244190e-01
###3.600000000000000e+00
4.882554206736019e-10
1.676606406169367e-10
-4.656809186118138e-11
2.874620055690404e-10
3.428376882579786e-10
8.327432456934643e-09
2.793422541954873e-10
4.811213243256691e-10
7.151136112233005e-10
5.909786867213981e-10
5.744432716810792e-10
5.882925479805795e-10
6.539163406096107e-10
7.156027546530075e-10
7.458273280103925e-10
8.205912258232596e-10
9.074519820714612e-10
1.064963724719051e-09
1.262920304741842e-09
1.520110202809842e-09
1.863198098004064e-09
2.301871002886396e-09
2.899409050325086e-09
3.706664479362639e-09
4.754687314547150e-09
6.151644589000216e-09
8.000908167724434e-09
1.046962485659443e-08
1.374512484268408e-08
1.806908499714881e-08
2.381617659407229e-08
3.145578580143182e-08
4.157447797866436e-08
5.500588315165978e-08
7.277455615649986e-08
9.627831720397686e-08
1.274213454163487e-07
1.686145864484896e-07
2.229372387390028e-07
2.947643282703888e-07
3.897480261893967e-07
5.152675465401259e-07
6.812360911942928e-07
8.998848683206964e-07
1.188682599061225e-06
1.569358410685643e-06
2.071508832255579e-06
2.732588676935502e-06
3.600688996970994e-06
4.753274475653626e-06
6.261420648419625e-06
8.249459502313754e-06
1.086079390797571e-05
1.430930864161926e-05
1.879595885400980e-05
2.470260371168235e-05
3.243119630070667e-05
4.264465594227605e-05
5.600334483684701e-05
7.346419399085109e-05
9.650625106641771e-05
1.265145645726386e-04
1.659605595099646e-04
2.177911973230177e-04
2.850674763752665e-04
3.735954940135026e-04
4.891554135866494e-04
6.405494101753249e-04
8.382817983704006e-04
1.099487286187462e-03
1.440856517288647e-03
1.888093147217586e-03
2.473442069926679e-03
3.241867080548218e-03
4.247966698401178e-03
5.558517862355639e-03
7.291247034788677e-03
9.556581294121350e-03
1.251689149887772e-02
1.638937996979577e-02
2.143968394620552e-02
2.807439059443174e-02
3.671785804730819e-02
4.794134534307810e-02
6.240329586482706e-02
8.099723465231515e-02
1.045868070470424e-01
1.342936214368030e-01
1.713561627454943e-01
2.170360619823742e-01
2.722596450128293e-01
3.374701843153316e-01
4.122634049043178e-01
4.951879994707007e-01
5.834029780394595e-01
6.728520011966990e-01
7.587264310896137e-01
8.361710904026971e-01
9.037939263437210e-01
9.871545411834014e-01
###4.000000000000000e+00
5.021713789323070e-10
1.860271877678998e-10
-1.926606969797781e-11
3.112356781095008e-10
3.763489264320985e-10
8.153734214743577e-09
3.453817069969702e-10
5.430355763410116e-10
7.868328691871619e-10
6.792726607965583e-10
6.666463867631310e-10
6.615472917009769e-10
7.402682767071278e-10
8.141907711868375e-10
8.555364608099503e-10
9.296870854266904e-10
1.037408653484408e-09
1.201048801578168e-09
1.415740728698550e-09
1.696078232589844e-09
2.066859064594518e-09
2.546084588419823e-09
3.193884773414699e-09
4.066496642424976e-09
5.209281901691209e-09
6.721267148690342e-09
8.724469310790341e-09
1.139647377193576e-08
1.494844012056717e-08
1.963362614005376e-08
2.586386247338219e-08
3.414773041698812e-08
4.512549840998647e-08
5.969671053248538e-08
7.896800543448065e-08
1.044771857992826e-07
1.382811587797090e-07
1.830074898117814e-07
2.420394905306053e-07
3.200861848305967e-07
4.233741431209844e-07
5.599023261637802e-07
7.405108289458530e-07
9.786468243802759e-07
1.293166479106255e-06
1.708003274118476e-06
2.255566976561056e-06
2.976903845352246e-06
3.924436463546394e-06
5.183596262022654e-06
6.832531437817110e-06
9.008807647923279e-06
1.186728305454548e-05
1.564653914141011e-05
2.056698006075619e-05
2.705108454555431e-05
3.554156514222987e-05
4.678315628687526e-05
6.149850174738412e-05
8.075416332753233e-05
1.062054736601407e-04
1.393876436546437e-04
1.830645879402965e-04
2.405709801314948e-04
3.152794722952758e-04
4.137605050520369e-04
5.425220609839686e-04
7.115026550501527e-04
9.325058832377155e-04
1.224977058270366e-03
1.607681915572553e-03
2.109928489934855e-03
2.768033048824075e-03
3.632890326990152e-03
4.766208937312236e-03
6.246256141502928e-03
8.196938988358583e-03
1.075134492973732e-02
1.408758828108560e-02
1.844812964953451e-02
2.412669004416141e-02
3.157150604259604e-02
4.124398887121426e-02
5.376234403812050e-02
6.982436024261818e-02
9.036229048936339e-02
1.162802941241089e-01
1.486796750837557e-01
1.887692786400461e-01
2.376958095723159e-01
2.961939714052471e-01
3.644083757889701e-01
4.415362060688849e-01
5.257350348970425e-01
6.137396998627799e-01
7.012478350658528e-01
7.834386052788156e-01
8.557425321490013e-01
9.169630982892513e-01
9.891450729215866e-01
###4.399999999999999e+00
5.111907789539905e-10
2.069704568121931e-10
-3.519322243653835e-12
3.497942210692642e-10
4.052065472838904e-10
8.016438474738946e-09
4.043011347736106e-10
6.217898370979411e-10
8.767222987194949e-10
7.730740661816356e-10
7.548240166137001e-10
7.470311013239871e-10
8.437054260401041e-10
9.146173620444377e-10
9.621276254017392e-10
1.052215831066656e-09
1.167140457455520e-09
1.350264752187299e-09
1.587125065710896e-09
1.890713361961836e-09
2.291434511882437e-09
2.813393543324410e-09
3.516044539886766e-09
4.460528332049043e-09
5.700719036718963e-09
7.339555721136448e-09
9.511297924968262e-09
1.240538530674653e-08
1.625973482817746e-08
2.133836579923226e-08
2.809253803600929e-08
3.708734128695648e-08
4.899158126273429e-08
6.480029856724994e-08
8.571851988092058e-08
1.134043744249611e-07
1.501053807369294e-07
1.986925381110862e-07
2.628656750928645e-07
3.477057903155888e-07
4.600603432526992e-07
6.086153078163726e-07
8.052298980221617e-07
1.064634246796053e-06
1.407357356301961e-06
1.859669314584136e-06
2.457064450400027e-06
3.244481542814192e-06
4.279416602273374e-06
5.655792357245721e-06
7.460018502942975e-06
9.843242684253678e-06
1.297433766092802e-05
1.711923152995650e-05
2.251987081773955e-05
2.964289343309807e-05
3.897745622671230e-05
5.135895561224463e-05
6.758126542417148e-05
8.883533026341511e-05
1.169632685901603e-04
1.536909235182866e-04
2.020915896531432e-04
2.659343766449739e-04
3.489601633582804e-04
4.585781704924179e-04
6.021089986186671e-04
7.907707366854921e-04
1.037831103730740e-03
1.365286565271634e-03
1.794245726981643e-03
2.357945624734177e-03
3.097345634298965e-03
4.069773920395430e-03
5.344869108104085e-03
7.012863672810505e-03
9.205127557237099e-03
1.207854766050997e-02
1.582783682699360e-02
2.072288165950932e-02
2.708504603937716e-02
3.540702750221092e-02
4.618524014090187e-02
6.008369588031196e-02
7.783399702058662e-02
1.004036989304026e-01
1.287218242334775e-01
1.638571275748183e-01
2.069638893553049e-01
2.590604357273649e-01
3.206602844087634e-01
3.915974346720222e-01
4.706849334895483e-01
5.556978618541663e-01
6.430175636854552e-01
7.281953135934915e-01
8.064682076277535e-01
8.736295462345316e-01
9.287613368396808e-01
9.908844961221274e-01
###4.800000000000000e+00
5.226720856220538e-10
2.327597658941032e-10
4.587826129503744e-11
3.161585534817195e-10
4.326148164440442e-10
7.867034751492216e-09
4.487961866245633e-10
6.740747280804370e-10
9.299816001286927e-10
8.430357965866002e-10
8.264746827548238e-10
8.160662636727855e-10
9.231546840561508e-10
1.005465716097568e-09
1.065090295652828e-09
1.163170770345316e-09
1.293824896566092e-09
1.488303640046786e-09
1.747053147569331e-09
2.076918608240670e-09
2.512671684972738e-09
3.081131637923075e-09
3.845141311849314e-09
4.866466879591879e-09
6.213376638986139e-09
7.992179591568936e-09
1.034718450071524e-08
1.348892617789282e-08
1.766657654416416e-08
2.317543675235605e-08
3.050251392234170e-08
4.027564771240895e-08
5.318844876112723e-08
7.033259793912089e-08
9.305756177298531e-08
1.231038897551228e-07
1.629832065592330e-07
2.157803128465977e-07
2.855894310791065e-07
3.778189217108985e-07
5.000763672542980e-07
6.618099723339662e-07
8.759370830793244e-07
1.158455636041271e-06
1.532207304428180e-06
2.025644271256173e-06
2.677657727000263e-06
3.537624231068777e-06
4.668841106891727e-06
6.174160368360908e-06
8.149285764484297e-06
1.076102935994994e-05
1.419327808658904e-05
1.874150234572812e-05
2.467391913506817e-05
3.250364238922354e-05
4.277682501264488e-05
5.642300264172240e-05
7.432200378639417e-05
9.779688924491030e-05
1.288939240300973e-04
1.695837286582251e-04
2.232618839495867e-04
2.941697878623884e-04
3.864895076299926e-04
5.085506313129160e-04
6.686024117210379e-04
8.792736416221325e-04
1.155463626290728e-03
1.521975608768174e-03
2.002671920936941e-03
2.634956173094533e-03
3.464939418633003e-03
4.556956773684590e-03
5.989408242170712e-03
7.864854451709214e-03
1.032461208985398e-02
1.354824774693785e-02
1.775043638502437e-02
2.322794446065560e-02
3.033219782980507e-02
3.959730770556651e-02
5.155863997749029e-02
6.691939979981516e-02
8.644539642403325e-02
1.111323712918094e-01
1.419104748955480e-01
1.798159693184141e-01
2.259120714902792e-01
2.810701684188384e-01
3.455943918790390e-01
4.189641669076912e-01
4.996467054944874e-01
5.850219556424736e-01
6.712175754029754e-01
7.537033664957502e-01
8.278590768363219e-01
8.899057016171436e-01
9.392770951166711e-01
9.924043725304641e-01
###5.200000000000000e+00
5.330942543471991e-10
2.615141234613710e-10
5.758210702960856e-11
3.067827698415512e-10
4.600692965725641e-10
7.784601886854345e-09
5.035533196032147e-10
7.282403222873809e-10
1.004431963383150e-09
9.168940273891486e-10
8.953961308359880e-10
8.946603614326629e-10
1.005356823430205e-09
1.096193307547068e-09
1.168037424044959e-09
1.275569061495995e-09
1.421394959418975e-09
1.634600026801182e-09
1.918508482713000e-09
2.277683616138220e-09
2.757632168719311e-09
3.370335079032615e-09
4.199977105530386e-09
5.307628453262913e-09
6.769068289646971e-09
8.700941345794872e-09
1.125437563122551e-08
1.465909104112720e-08
1.919389207417070e-08
2.517307950119615e-08
3.312116196740373e-08
4.373806743207103e-08
5.774308075291297e-08
7.635219712469081e-08
1.010447729481190e-07
1.336628871988316e-07
1.769994022789319e-07
2.344087510115643e-07
3.103525940817061e-07
4.106751251390642e-07
5.437515631249678e-07
7.198784582961107e-07
9.531776509258913e-07
1.261243939054064e-06
1.668853776250411e-06
2.207397337785589e-06
2.919357182216894e-06
3.859203637909089e-06
5.096548216899799e-06
6.743864298346584e-06
8.906947851862014e-06
1.177071445610990e-05
1.553572510481926e-05
2.053009638642476e-05
2.705079333038935e-05
3.566481186850069e-05
4.697833109213041e-05
6.202788036562602e-05
8.179125178958642e-05
1.077349734916270e-04
1.421415908433337e-04
1.872493415999878e-04
2.468085827933477e-04
3.256090126774007e-04
4.282971242437271e-04
5.642558411502840e-04
7.427669780415730e-04
9.779810236651644e-04
1.286712531483626e-03
1.696789681636234e-03
2.235050095194650e-03
2.943669574041989e-03
3.874240731072622e-03
5.099030844258736e-03
6.705561700444267e-03
8.809683411232550e-03
1.156403805109659e-02
1.517167466148358e-02
1.986830725308223e-02
2.597824057869638e-02
3.388371116302917e-02
4.416194058379300e-02
5.738264413543433e-02
7.429113974221055e-02
9.567468551431138e-02
1.225523176976071e-01
1.558446790321426e-01
1.965376075452998e-01
2.455841212912587e-01
3.036767360544977e-01
3.709251427940222e-01
4.464337226491217e-01
5.283167974293158e-01
6.136330565420185e-01
6.982990429606911e-01
7.777552944794414e-01
8.476392775690513e-01
9.046462214070824e-01
9.485936153047614e-01
9.937167443741374e-01
###5.600000000000001e+00
5.389053473996069e-10
2.680580354323444e-10
6.099359160786461e-11
3.582690072277541e-10
4.613822531587197e-10
7.642126760010812e-09
5.601042969746341e-10
7.808853647010572e-10
1.083936569782558e-09
9.999920219104126e-10
9.715970556505921e-10
9.810944854281421e-10
1.091131081984884e-09
1.191884209185806e-09
1.269458308444240e-09
1.396469034202214e-09
1.561206628973633e-09
1.790320552403623e-09
2.098896594140684e-09
2.496268587558391e-09
3.013764139144210e-09
3.681654266916287e-09
4.583451367302064e-09
5.785298808918442e-09
7.371205084824043e-09
9.468430679289771e-09
1.223973720293073e-08
1.593232518766313e-08
2.085247295197630e-08
2.734477331903501e-08
3.598103514707506e-08
4.750195986048375e-08
6.270682186074703e-08
8.290705556061617e-08
1.097346704604782e-07
1.451663977396646e-07
1.922746545219803e-07
2.547134509767954e-07
3.373301940192918e-07
4.465240713479876e-07
5.914442412824295e-07
7.833095727157704e-07
1.037618545293733e-06
1.373715078283751e-06
1.818439845643372e-06
2.406524115642783e-06
3.184467152357859e-06
4.212046793363228e-06
5.566524286078638e-06
7.370660385448755e-06
9.740568261447301e-06
1.288248082028133e-05
1.701545480500527e-05
2.250290065387080e-05
2.967504182164604e-05
3.915973256097040e-05
5.162752314876423e-05
6.823542114782431e-05
9.006752386342274e-05
1.187634679429570e-04
1.568528381170895e-04
2.068759187955004e-04
2.729911806015048e-04
3.605831687542835e-04
4.748601050949716e-04
6.263013405334956e-04
8.253875217798420e-04
1.088001749104050e-03
1.432946315920192e-03
1.891563187883205e-03
2.493888234069533e-03
3.287242329929639e-03
4.329410206314040e-03
5.701016823154397e-03
7.499780896292774e-03
9.854987317594021e-03
1.293307459620991e-02
1.696017469074659e-02
2.219393024780758e-02
2.898895031712204e-02
3.775644764022935e-02
4.911802491432408e-02
6.367530036606257e-02
8.221226012019407e-02
1.055318767626934e-01
1.346682922199416e-01
1.705152795189590e-01
2.139960772027847e-01
2.659364250076597e-01
3.268375821646295e-01
3.965822169607439e-01
4.739107499467208e-01
5.566223542297469e-01
6.414564596833416e-01
7.241984130278569e-01
8.003492682819188e-01
8.658438378071961e-01
9.179147270956114e-01
9.567911062322482e-01
9.948402922556441e-01
###6.000000000000001e+00
5.794637992944669e-10
2.844345507004503e-10
9.763261725686712e-11
3.770126730183207e-10
4.836192663557841e-10
7.459378305647882e-09
6.097557970072591e-10
8.351333965134938e-10
1.161038371838189e-09
1.082938276216136e-09
1.053572620184647e-09
1.073357824351041e-09
1.188939477055692e-09
1.289038377196154e-09
1.384098206308523e-09
1.518180167778996e-09
1.707865088429424e-09
1.959101237462563e-09
2.291464086957809e-09
2.724971257966397e-09
3.288520621334757e-09
4.017539954164117e-09
5.000517028623669e-09
6.302085464435412e-09
8.022212115753328e-09
1.029950897485276e-08
1.330837558935206e-08
1.731530289610143e-08
2.265481326893025e-08
2.970351571213375e-08
3.909611705839364e-08
5.159373133543691e-08
6.810435780718903e-08
9.003779966929410e-08
1.191965602193256e-07
1.577007613761725e-07
2.089201299498155e-07
2.768545427025668e-07
3.667455978282019e-07
4.856683488138820e-07
6.435572073846013e-07
8.526695754664853e-07
1.129973837457956e-06
1.496743785459541e-06
1.982261196632418e-06
2.624793740216346e-06
3.475155317379831e-06
4.599341166189669e-06
6.083029720681424e-06
8.059600850701643e-06
1.065803952626359e-05
1.410667016476955e-05
1.864634700514309e-05
2.467985877909161e-05
3.257314199171887e-05
4.302291175745476e-05
5.677130399551464e-05
7.511023089511904e-05
9.924298142770451e-05
1.309987763688051e-04
1.731931328703129e-04
2.286815402156123e-04
3.021001237036299e-04
3.994904091454478e-04
5.266637705694609e-04
6.953650439887361e-04
9.173603334635673e-04
1.210458517023419e-03
1.595710543157165e-03
2.108280356207652e-03
2.781703779644286e-03
3.669032318290297e-03
4.834571128132692e-03
6.368118133958408e-03
8.378523696300743e-03
1.100895782097556e-02
1.444097102109179e-02
1.892523259720762e-02
2.474173434779005e-02
3.227503799898170e-02
4.196794891786983e-02
5.448397610920654e-02
7.045548511799382e-02
9.069725438946274e-02
1.160259657661605e-01
1.474812244559204e-01
1.859148229785574e-01
2.321705573706922e-01
2.869333311332245e-01
3.504972933142736e-01
4.224925506416440e-01
5.013202644189647e-01
5.844612004371065e-01
6.684212358859647e-01
7.488798904744053e-01
8.214761562797638e-01
8.825135849283029e-01
9.297840632499292e-01
9.639491448504470e-01
9.958043415041368e-01
###6.400000000000001e+00
6.092856668862681e-10
3.537105718073509e-10
1.232941854526821e-10
3.868435640778188e-10
5.384915789388325e-10
7.332740417020297e-09
6.590255804444582e-10
8.868481738142482e-10
1.238442122738079e-09
1.155904341552636e-09
1.136878914136477e-09
1.167741944529039e-09
1.285834679057448e-09
1.394718042274888e-09
1.506530207824631e-09
1.647502906985155e-09
1.861014924513951e-09
2.134283462570095e-09
2.504050526510115e-09
2.971530358701357e-09
3.584909562441424e-09
4.380713703662380e-09
5.448354048379029e-09
6.861203785588827e-09
8.729752436794813e-09
1.120253257549425e-08
1.447041635517549e-08
1.881763655662829e-08
2.461393208066896e-08
3.226917643339555e-08
4.248205867105927e-08
5.604599812798619e-08
7.397873803286827e-08
9.780589409570854e-08
1.295089755550973e-07
1.713566551749884e-07
2.270780930534979e-07
3.010014779223319e-07
3.988638444230325e-07
5.284120236274535e-07
7.004795258016328e-07
9.285001616175497e-07
1.231058422952332e-06
1.631455263797350e-06
2.161803890665950e-06
2.864068453944551e-06
3.794161703179997e-06
5.024737130875273e-06
6.651282321726808e-06
8.817363161716144e-06
1.166829713120126e-05
1.545598944370631e-05
2.044552104801019e-05
2.708341377499171e-05
3.577552239623710e-05
4.729450003490668e-05
6.246495279262139e-05
8.272592295095072e-05
1.094171677293370e-04
1.445730644583487e-04
1.913341477948823e-04
2.529135920951255e-04
3.344601415490065e-04
4.427360466021890e-04
5.842664334196829e-04
7.721972211566156e-04
1.019668442738689e-03
1.346659955586064e-03
1.776711326854398e-03
2.349048207196229e-03
3.101264515197251e-03
4.092421145023216e-03
5.394013951341719e-03
7.105994999021343e-03
9.348578838327785e-03
1.227993979686825e-02
1.609842387558828e-02
2.107870311764949e-02
2.752550853858444e-02
3.585245567543742e-02
4.653401194707392e-02
6.027521649968443e-02
7.773750078531308e-02
9.976056145335271e-02
1.271664766918227e-01
1.609911063863521e-01
2.020335247172686e-01
2.510329958868187e-01
3.085248685053703e-01
3.745840814558281e-01
4.485751472503623e-01
5.285706286666539e-01
6.117623766241895e-01
6.944465363788642e-01
7.722944937000269e-01
8.411261413477271e-01
8.976810754762219e-01
9.403309323783873e-01
9.701528868746221e-01
9.966154514023031e-01
###6.800000000000002e+00
6.129382878922678e-10
3.797487339163668e-10
1.370974282847253e-10
3.881531620090118e-10
5.849617743040267e-10
7.210243063880854e-09
7.030723386876013e-10
9.549018791940343e-10
1.307323441119535e-09
1.219717738415598e-09
1.222311583806279e-09
1.257641707629332e-09
1.383815912993058e-09
1.505982181254402e-09
1.631401919087785e-09
1.792169351526297e-09
2.021836637203155e-09
2.327914974706806e-09
2.727804744675362e-09
3.235766635441845e-09
3.904787065665596e-09
4.771770990661550e-09
5.932175703271866e-09
7.465636967548243e-09
9.495063440973935e-09
1.218170215234672e-08
1.573101073701622e-08
2.045113552927395e-08
2.674264061777554e-08
3.505789188839154e-08
4.615767932897796e-08
6.088830251370366e-08
8.037014042639623e-08
1.062666149281909e-07
1.407350918256274e-07
1.862617940353757e-07
2.468795919782663e-07
3.273513287778964e-07
4.339331789478250e-07
5.751217516868777e-07
7.627158022538279e-07
1.011457793227572e-06
1.341681511449025e-06
1.779013214499683e-06
2.358621478578679e-06
3.126583032349566e-06
4.144437494470383e-06
5.492230212951877e-06
7.276262641674804e-06
9.651532784526181e-06
1.278089433947379e-05
1.694328405591256e-05
2.243043876325248e-05
2.973670485801357e-05
3.931556339527254e-05
5.202046527089089e-05
6.876846182016887e-05
9.116452868898639e-05
1.206966813262831e-04
1.596301515947156e-04
2.114663294582719e-04
2.798160177692979e-04
3.704083264948863e-04
4.908083569419626e-04
6.482921644461681e-04
8.576084603573566e-04
1.133367230150812e-03
1.497956217548974e-03
1.977616809321501e-03
2.616183144815125e-03
3.455397721060605e-03
4.561168927082887e-03
6.012578923320803e-03
7.920491566133558e-03
1.041696227197337e-02
1.367690555687623e-02
1.791526392729133e-02
2.343331065348161e-02
3.055917622591922e-02
3.973721535976855e-02
5.147266559764158e-02
6.650925909852436e-02
8.553688929764505e-02
1.094137551551921e-01
1.389603123179267e-01
1.751968644589386e-01
2.188497939128685e-01
2.705509761448534e-01
3.306645383037276e-01
3.990350071092704e-01
4.747419241352316e-01
5.555653702249868e-01
6.384267703003417e-01
7.194740156279168e-01
7.944043903105581e-01
8.593169499255169e-01
9.114081970002730e-01
9.496370201855929e-01
9.754845212050495e-01
9.972875964661184e-01
###7.200000000000002e+00
6.180159777036970e-10
3.966745959657410e-10
1.617656391992310e-10
4.097650746712545e-10
6.119044075487948e-10
7.088742303206603e-09
7.509788146116279e-10
1.017956305810722e-09
1.374505302426115e-09
1.289762238243101e-09
1.308104474415178e-09
1.356662551336450e-09
1.486716372365239e-09
1.621245035140632e-09
1.761770931786007e-09
1.940431900850787e-09
2.195876088170884e-09
2.528842345765191e-09
2.963081477313117e-09
3.516178857449053e-09
4.248412180263056e-09
5.193725174983030e-09
6.452828389977948e-09
8.120517353057699e-09
1.032258831823283e-08
1.324257611754985e-08
1.709809225568773e-08
2.222726131481995e-08
2.906413121820007e-08
3.809091027571692e-08
5.015424116184185e-08
6.615426370436729e-08
8.733025313464488e-08
1.154797145462435e-07
1.529737344470021e-07
2.025178669947958e-07
2.684815909132810e-07
3.561242474129382e-07
4.722419646056968e-07
6.261737717596495e-07
8.307881794558285e-07
1.102270743519054e-06
1.462855690760475e-06
1.940740976523252e-06
2.574510949727245e-06
3.414827064765417e-06
4.529186268188830e-06
6.006290644640172e-06
7.963324408120077e-06
1.056987288159616e-05
1.400657007874514e-05
1.858346408905729e-05
2.462109910794369e-05
3.266820478851755e-05
4.322853060042636e-05
5.724829337009307e-05
7.574791320601351e-05
1.005140992677784e-04
1.331987532843019e-04
1.763336324026280e-04
2.338134370623672e-04
3.096775431269156e-04
4.103189821201276e-04
5.441701466562607e-04
7.194009556014188e-04
9.524095832264836e-04
1.259608524306479e-03
1.665838799430162e-03
2.200383627345801e-03
2.912167153740261e-03
3.847444559800131e-03
5.079291253644962e-03
6.695220333252520e-03
8.817872559204593e-03
1.159193130433770e-02
1.520924291815342e-02
1.990316259385232e-02
2.600161654846672e-02
3.385703123211569e-02
4.394451528626869e-02
5.679833797809701e-02
7.320294677666608e-02
9.386853762416100e-02
1.196676879747647e-01
1.514106834901445e-01
1.900879976288546e-01
2.363443550613760e-01
2.906903793970768e-01
3.532976539294728e-01
4.237739976661664e-01
5.009097017737030e-01
5.822195035257272e-01
6.643712865239905e-01
7.434287710068560e-01
8.151874410665766e-01
8.760634402774160e-01
9.237522826815791e-01
9.577891874902228e-01
9.800273930957776e-01
9.978593454498684e-01
###7.600000000000002e+00
5.907724313643520e-10
4.512929418706499e-10
1.785992358422611e-10
4.329584630956440e-10
6.525471236282173e-10
6.965334918142553e-09
8.066289374318151e-10
1.085037430555375e-09
1.446752549280761e-09
1.368608004814640e-09
1.397475369302919e-09
1.458440908886430e-09
1.597426560736096e-09
1.741333722708360e-09
1.901381293573654e-09
2.096282896159971e-09
2.381517821252368e-09
2.749921581023731e-09
3.218892438054442e-09
3.819540719712294e-09
4.616305593505213e-09
5.647608787737184e-09
7.016580218505743e-09
8.828336799180292e-09
1.121451066180533e-08
1.439392210990408e-08
1.858158473781248e-08
2.415412504962980e-08
3.159453264752230e-08
4.138795416379168e-08
5.449389664963943e-08
7.188823021728369e-08
9.490713653927376e-08
1.255188192490367e-07
1.663079932932261e-07
2.202506538475502e-07
2.920531088631216e-07
3.875395094892854e-07
5.141071169684769e-07
6.820088427329906e-07
9.052874534826240e-07
1.201714959516914e-06
1.595612027366523e-06
2.117983478976286e-06
2.811326951765871e-06
3.731243057145494e-06
4.952024337035194e-06
6.571551845695446e-06
8.719644369482931e-06
1.158105417224556e-05
1.535835248356942e-05
2.039309229550838e-05
2.703963867660085e-05
3.590679377117415e-05
4.755503208340243e-05
6.303268164064580e-05
8.347235981388771e-05
1.108716388638203e-04
1.470564959692582e-04
1.948536835188926e-04
2.585989318375147e-04
3.428092283891833e-04
4.546055439796248e-04
6.034016560094741e-04
7.982892622463776e-04
1.057588094676858e-03
1.399553611349844e-03
1.851885092006914e-03
2.447103216326261e-03
3.239633501379477e-03
4.280626269990432e-03
5.651089203830705e-03
7.447356628701465e-03
9.804404078244176e-03
1.288101877463087e-02
1.688628769763875e-02
2.207276169844301e-02
2.879637905496817e-02
3.743304147603947e-02
4.848915749698214e-02
6.252965240005859e-02
8.037131880526538e-02
1.027451180395194e-01
1.305315435754157e-01
1.645169963820673e-01
2.056589294042812e-01
2.545011136691541e-01
3.114097526261941e-01
3.763645575035390e-01
4.487217048651342e-01
5.270051299880842e-01
6.084401136415063e-01
6.895251488234426e-01
7.662710821343535e-01
8.346292285639708e-01
8.913918395111339e-01
9.347774637516866e-01
9.648750895930271e-01
9.838664844407637e-01
9.983235960696923e-01
###8.000000000000002e+00
6.217069276178992e-10
4.685259704773006e-10
2.096140606504242e-10
4.645250810135741e-10
6.814392907657419e-10
6.849616859996404e-09
8.563179204349516e-10
1.141975656528148e-09
1.518716420715020e-09
1.448927886241631e-09
1.488302035756912e-09
1.558840126837490e-09
1.715218713324756e-09
1.870609453011759e-09
2.047939497186625e-09
2.265402976557800e-09
2.579609956754712e-09
2.978803805358818e-09
3.486541367547731e-09
4.146391659721850e-09
5.011078170662383e-09
6.137822596744659e-09
7.625502060371061e-09
9.594560352017216e-09
1.218888241108225e-08
1.563826704415434e-08
2.019093957539253e-08
2.624869047698055e-08
3.434056865354392e-08
4.497406202502017e-08
5.921666039450812e-08
7.812837879070447e-08
1.031602932763406e-07
1.364611376889806e-07
1.808514408702260e-07
2.396000952970394e-07
3.178007780364931e-07
4.218581422808000e-07
5.598678303330106e-07
7.430780026129194e-07
9.868157993313346e-07
1.310620467974046e-06
1.741139412882935e-06
2.312431035526195e-06
3.071293706871417e-06
4.078871229703869e-06
5.416954463140439e-06
7.193480386375033e-06
9.552177532511139e-06
1.269560278856075e-05
1.684869788455527e-05
2.239267811338663e-05
2.971080324293770e-05
3.948661863500501e-05
5.233938413883966e-05
6.943292098449203e-05
9.202714356067041e-05
1.223432451145657e-04
1.624128279671034e-04
2.153842685751338e-04
2.860761818498310e-04
3.795547969761244e-04
5.037240297341611e-04
6.690812888245668e-04
8.857690490410047e-04
1.174154139726031e-03
1.554566426991460e-03
2.057836294510210e-03
2.719889620236247e-03
3.601324321240663e-03
4.758475989231303e-03
6.280928328973828e-03
8.274354742445892e-03
1.088709470287668e-02
1.429265489233736e-02
1.872022627963237e-02
2.443631318140114e-02
3.183067939327128e-02
4.130340504795361e-02
5.338988477097380e-02
6.868177462624181e-02
8.803050610105095e-02
1.121797872924617e-01
1.420112216944897e-01
1.782776896605543e-01
2.218938913617240e-01
2.732841635550851e-01
3.326582930514110e-01
3.997967149170592e-01
4.738041583832702e-01
5.529227577500045e-01
6.341420288454006e-01
7.138087278964601e-01
7.879461353058339e-01
8.527250053572663e-01
9.053457461698395e-01
9.445639584275760e-01
9.709881928072351e-01
9.870793263224141e-01
9.986937257662186e-01
###8.400000000000002e+00
6.368136069530766e-10
4.962988668572227e-10
2.067821245036664e-10
4.933816315262605e-10
7.168793356876211e-10
6.744396038935149e-09
9.149089528487891e-10
1.197591253004248e-09
1.589170935065856e-09
1.532579871815480e-09
1.580599717362073e-09
1.666103184480932e-09
1.839192437254907e-09
2.003244508345638e-09
2.203805149936313e-09
2.435373179389152e-09
2.785329829505317e-09
3.224038226449645e-09
3.776533916026332e-09
4.495213725531739e-09
5.438270589856661e-09
6.664880971964880e-09
8.283177497806402e-09
1.042342960008466e-08
1.324283240579164e-08
1.698852799999162e-08
2.193633475767596e-08
2.852275151496449e-08
3.732299033618843e-08
4.887515372351987e-08
6.435600529489521e-08
8.492695326181037e-08
1.121563578037038e-07
1.483924487586116e-07
1.967174249396261e-07
2.607195980846657e-07
3.459166851640561e-07
4.593706881577232e-07
6.099131018839551e-07
8.099200422800409e-07
1.076109095322268e-06
1.429950844575126e-06
1.900680623315508e-06
2.525801417820323e-06
3.356791868767820e-06
4.460827069555030e-06
5.928254649116161e-06
7.877992586403121e-06
1.046880257444937e-05
1.392427576844660e-05
1.849287117255494e-05
2.459985628217364e-05
3.266170858465789e-05
4.344205576601286e-05
5.762989345324184e-05
7.651515223326760e-05
1.015301792359638e-04
1.350470567712892e-04
1.794242902955654e-04
2.381317905531318e-04
3.165403676224115e-04
4.202791790179013e-04
5.581554894394840e-04
7.418665752972562e-04
9.826486216247391e-04
1.303229376165538e-03
1.726052174488599e-03
2.285484914966801e-03
3.021193090334688e-03
4.000237849993504e-03
5.284844421362259e-03
6.973456169604356e-03
9.182214145326993e-03
1.207311541836648e-02
1.583536069557702e-02
2.071850251044667e-02
2.700580654204400e-02
3.511879269816606e-02
4.548188776345997e-02
5.865977754433896e-02
7.526851873262407e-02
9.619334140546879e-02
1.221801942018879e-01
1.541087458489843e-01
1.926881953674351e-01
2.387758679648969e-01
2.926619685520722e-01
3.543935181746454e-01
4.235385119025393e-01
4.989375011237878e-01
5.785766661874052e-01
6.592364166145521e-01
7.371538322379616e-01
8.084223985465340e-01
8.694748243713685e-01
9.179680801484957e-01
9.531862543453201e-01
9.762171527593829e-01
9.897440094734509e-01
9.989909219664418e-01
###8.800000000000002e+00
6.405604042786319e-10
5.904749116571798e-10
2.453002795566538e-10
5.272052171383078e-10
7.494206930289521e-10
6.641011364164239e-09
9.667359016064532e-10
1.284522084098665e-09
1.660832614967157e-09
1.612118378093072e-09
1.678601955758756e-09
1.778598545609448e-09
1.959917392472962e-09
2.146236877325333e-09
2.365166475586108e-09
2.624599897055908e-09
3.001121588661381e-09
3.483557024651782e-09
4.087762263968583e-09
4.869039080247174e-09
5.894472491277471e-09
7.232408246401787e-09
8.989388892450897e-09
1.131732448905386e-08
1.438373811361135e-08
1.845365181346070e-08
2.383056435736798e-08
3.099299943795694e-08
4.056173554508336e-08
5.312373632175036e-08
6.995600159461359e-08
9.232631849325241e-08
1.219568691063225e-07
1.614046702174640e-07
2.140222776411542e-07
2.837736779218399e-07
3.766753374153409e-07
5.003751973665400e-07
6.646671839485588e-07
8.830818444803846e-07
1.173939885011248e-06
1.560794445462831e-06
2.075729548121652e-06
2.760105964223868e-06
3.670457320964708e-06
4.880734989739845e-06
6.490556154134617e-06
8.631501214011092e-06
1.147865250735103e-05
1.527850410386851e-05
2.030703751187301e-05
2.703564287271663e-05
3.592043153611617e-05
4.781414304926101e-05
6.348054715490053e-05
8.435128357145249e-05
1.120570302710825e-04
1.491151263092015e-04
1.982592699325499e-04
2.633275898850992e-04
3.502787521037885e-04
4.653834923901968e-04
6.184211047744191e-04
8.224342807818863e-04
1.089848989148895e-03
1.445920267661670e-03
1.915557169045417e-03
2.536783912881957e-03
3.353430893018850e-03
4.439577958573031e-03
5.863824882720047e-03
7.733779290228208e-03
1.017713920233612e-02
1.336943893671586e-02
1.751863173473273e-02
2.289267891687894e-02
2.979310811262324e-02
3.867373945202812e-02
4.998252724766322e-02
6.431405429838538e-02
8.229984037279005e-02
1.048715703899267e-01
1.327575658518624e-01
1.668283723333912e-01
2.077426128184294e-01
2.562803911351506e-01
3.125973796307701e-01
3.765587424143938e-01
4.475137770440153e-01
5.240389639225329e-01
6.038874677340270e-01
6.836460868440084e-01
7.595051864867057e-01
8.276703884872377e-01
8.848981901557909e-01
9.293174896265332e-01
9.607330231030016e-01
9.806564480577512e-01
9.919330245220799e-01
9.992336249642083e-01
###9.200000000000003e+00
6.495922127074750e-10
6.144645835759553e-10
2.912929502601493e-10
5.512848843092370e-10
7.826651706769921e-10
6.552091785834950e-09
1.019751096964474e-09
1.386268433562288e-09
1.735624968333213e-09
1.692686458153467e-09
1.782026869133022e-09
1.894054327932328e-09
2.085847293251434e-09
2.296135835810119e-09
2.540951193501636e-09
2.823440972451814e-09
3.232596768168791e-09
3.760089348018438e-09
4.418806997506942e-09
5.270255183895593e-09
6.387028715093649e-09
7.843166693205450e-09
9.753537198332414e-09
1.228395449445970e-08
1.561953861628910e-08
2.004200930134818e-08
2.588888121654005e-08
3.367551641644853e-08
4.408015266278804e-08
5.775403520235231e-08
7.604921678272487e-08
1.003884178787855e-07
1.326437437412473e-07
1.756008285802763e-07
2.329158958595884e-07
3.089559324035873e-07
4.103159028209036e-07
5.452303782005110e-07
7.246001325827855e-07
9.632126310206942e-07
1.281144321440248e-06
1.704273487181062e-06
2.267760253438163e-06
3.017508061437977e-06
4.015142922526481e-06
5.342526076292070e-06
7.109556363283555e-06
9.461217432965235e-06
1.259022341478005e-05
1.677179010905246e-05
2.230828168081031e-05
2.972075884508680e-05
3.952073583697051e-05
5.264643759838560e-05
6.995062893955090e-05
9.302281591358586e-05
1.236996585956916e-04
1.646838256254123e-04
2.191160911756750e-04
2.912191622680077e-04
3.876258537396023e-04
5.152974977534508e-04
6.851029765766730e-04
9.115445483150374e-04
1.208344830643388e-03
1.603535762067636e-03
2.124731883949619e-03
2.813840087796902e-03
3.719313844898241e-03
4.922852446152987e-03
6.499694396616869e-03
8.567312403617376e-03
1.126538565803537e-02
1.478473076650523e-02
1.935131108300477e-02
2.525328916212588e-02
3.280935448609022e-02
4.250933306050660e-02
5.482221021035968e-02
7.036696506270450e-02
8.979838457541549e-02
1.140774800800159e-01
1.439149490286975e-01
1.801683432623270e-01
2.234271830199056e-01
2.743881494464847e-01
3.330565613487951e-01
3.991022602913805e-01
4.716475425378698e-01
5.490287603995019e-01
6.287629323193191e-01
7.072924098891854e-01
7.808077881369636e-01
8.456764054718765e-01
8.990231913753016e-01
9.394592150409612e-01
9.672896061627485e-01
9.843931172558392e-01
9.937137234389782e-01
9.994202719678161e-01
###9.600000000000003e+00
6.629476256968223e-10
6.504318471164459e-10
3.155758936480373e-10
5.825718256278090e-10
8.170557261910775e-10
6.461430962388777e-09
1.075271986642624e-09
1.449370237898484e-09
1.814208816110576e-09
1.780876489973905e-09
1.888173375597336e-09
2.013102461574638e-09
2.219381679640984e-09
2.450483637267313e-09
2.718838038982867e-09
3.036092448831274e-09
3.481827742251864e-09
4.052923384130067e-09
4.770121957770490e-09
5.704267314347909e-09
6.914711736217308e-09
8.499953698363539e-09
1.057912048030718e-08
1.332939470882349e-08
1.695577547541764e-08
2.176722863525637e-08
2.812776230838188e-08
3.659932726788996e-08
4.790640189822295e-08
6.279208461347606e-08
8.269208183369231e-08
1.091748590167930e-07
1.442982833309717e-07
1.910995916374909e-07
2.535572330639182e-07
3.364871561419693e-07
4.470866886935098e-07
5.943125323774936e-07
7.902643644126185e-07
1.050989955339683e-06
1.398676017594410e-06
1.861667418439646e-06
2.478668727629891e-06
3.300237334499018e-06
4.394107150749057e-06
5.850642150283634e-06
7.790775639553387e-06
1.037542675381071e-05
1.381528063016307e-05
1.841887740366250e-05
2.451638429046116e-05
3.268474919787592e-05
4.349704214510518e-05
5.798769962807733e-05
7.710176377552641e-05
1.026160553003609e-04
1.365712126741126e-04
1.819078110557026e-04
2.421898777744705e-04
3.220862786226138e-04
4.289416935582417e-04
5.705103331643403e-04
7.588167147680934e-04
1.009985384517884e-03
1.339201856709920e-03
1.777477694771236e-03
2.355305311203201e-03
3.118878483288305e-03
4.121754265838429e-03
5.453543287570785e-03
7.196828203959598e-03
9.479511282280343e-03
1.245381506525868e-02
1.632681508188077e-02
2.134289128957688e-02
2.781129644281510e-02
3.606944609217402e-02
4.663994418408203e-02
6.001356346139299e-02
7.683128951497800e-02
9.778058103729204e-02
1.238204422608123e-01
1.556606576137523e-01
1.941244923316432e-01
2.397294766967928e-01
2.930689217090484e-01
3.539872854991913e-01
4.219594103798189e-01
4.958690035069486e-01
5.738188620255267e-01
6.531205307702380e-01
7.301148165608722e-01
8.010215341590646e-01
8.624358725415657e-01
9.118830578945636e-01
9.484614889130099e-01
9.729428786008621e-01
9.875100962415854e-01
9.951476214943349e-01
9.995681957963178e-01
###1.000000000000000e+01
6.718914038712310e-10
6.799676686341609e-10
3.436394209770883e-10
6.132070176060208e-10
8.367881936286893e-10
6.366307587787549e-09
1.132869608050110e-09
1.518187998597056e-09
1.888902103655387e-09
1.877688097333308e-09
1.995996092022487e-09
2.136800045397959e-09
2.360096883000965e-09
2.609554543091200e-09
2.905536875208363e-09
3.259509711058999e-09
3.743256622886627e-09
4.372654893532145e-09
5.148200877105447e-09
6.163841567204027e-09
7.481647634160135e-09
9.208164480676258e-09
1.146988374937751e-08
1.446015526538084e-08
1.840379991824634e-08
2.363585127901210e-08
3.055683242430294e-08
3.977868515439429e-08
5.206674990159244e-08
6.827428301267666e-08
8.992457742722995e-08
1.187524430259295e-07
1.570133481330320e-07
2.080162627398144e-07
2.760964219280885e-07
3.665719720294603e-07
4.873016292467377e-07
6.480296699318215e-07
8.622946131169615e-07
1.147203914651373e-06
1.527569054772868e-06
2.034370689526283e-06
2.710307270517159e-06
3.610934806678165e-06
4.810627853751765e-06
6.409666293400964e-06
8.540904668000017e-06
1.138236385910857e-05
1.516559269709452e-05
2.023512238018427e-05
2.695329983129311e-05
3.595736239767105e-05
4.788961842797789e-05
6.388866219889836e-05
8.501012737981754e-05
1.132225738945710e-04
1.508006133362780e-04
2.009611276262598e-04
2.677118288739699e-04
3.562116930081781e-04
4.746155972042423e-04
6.315289226182867e-04
8.402510853432302e-04
1.118682011142537e-03
1.483547673264756e-03
1.969216702025930e-03
2.609149671757485e-03
3.454434175158970e-03
4.563707881878516e-03
6.035562416757168e-03
7.959943252506390e-03
1.047594191062368e-02
1.374957418821283e-02
1.800442486354532e-02
2.350354770797769e-02
3.057839232497225e-02
3.958486206861576e-02
5.107986599972083e-02
6.557130623782975e-02
8.372645131669827e-02
1.062472428891187e-01
1.341095788876170e-01
1.679959839236494e-01
2.086929125572923e-01
2.566520977434331e-01
3.122940797111766e-01
3.753465724042386e-01
4.450615661948102e-01
5.200971310491248e-01
5.983255804487102e-01
6.768821414348082e-01
7.520421338030074e-01
8.201104624020230e-01
8.779559398803076e-01
9.235241277086493e-01
9.564015972158800e-01
9.777814283974549e-01
9.900879301779129e-01
9.962906905065593e-01
9.996826899610258e-01
###1.040000000000000e+01
6.860913401191246e-10
6.978603575375314e-10
3.746012999109906e-10
6.647610111804004e-10
8.792515320031392e-10
6.283901639952183e-09
1.192734096604870e-09
1.585907609350448e-09
1.965544005167896e-09
1.974399424895361e-09
2.102750942204145e-09
2.267272518490765e-09
2.505775848325697e-09
2.781455603831478e-09
3.115761976247476e-09
3.494109000074034e-09
4.020887571190403e-09
4.705294142656043e-09
5.551087902671992e-09
6.656187996193064e-09
8.058702136660657e-09
9.969855539767928e-09
1.243217651956450e-08
1.568219245813425e-08
1.997159009103433e-08
2.566317216443896e-08
3.319313924804981e-08
4.323267249621475e-08
5.658591776329719e-08
7.424151227944504e-08
9.780372573667078e-08
1.291946054581784e-07
1.708882769092879e-07
2.264961070475430e-07
3.007244363026833e-07
3.994701524947538e-07
5.313069036693025e-07
7.068705534948104e-07
9.411980914397775e-07
1.252717249804760e-06
1.668969764317154e-06
2.223987037526817e-06
2.964657781168575e-06
3.952255923081593e-06
5.268883947410867e-06
7.025034952774368e-06
9.366904915001152e-06
1.249155674152048e-05
1.665434556413992e-05
2.223852443356817e-05
2.964215033485996e-05
3.957124292353716e-05
5.274091966630029e-05
7.040853363869330e-05
9.374690493625087e-05
1.249461539468509e-04
1.665264677915267e-04
2.220180688057956e-04
2.959179472721086e-04
3.939134234762394e-04
5.250758082212325e-04
6.988943334151876e-04
9.301113054250218e-04
1.238556360061975e-03
1.642599477826066e-03
2.180306600787013e-03
2.888353550997443e-03
3.823041833630825e-03
5.048556635878998e-03
6.672846053696055e-03
8.794018937331892e-03
1.156325437670289e-02
1.516032706554401e-02
1.982626305640350e-02
2.584382923010147e-02
3.356610328988557e-02
4.336859457971323e-02
5.584195150378150e-02
7.151417500870995e-02
9.106404004689164e-02
1.152199388791466e-01
1.449523517292823e-01
1.809210808046425e-01
2.238675597818425e-01
2.741494747987969e-01
3.320206019338607e-01
3.970820835318258e-01
4.683508449469851e-01
5.442591880252462e-01
6.224762639808641e-01
6.999822400380106e-01
7.730279611300842e-01
8.380585026355425e-01
8.922500633637074e-01
9.339991644391565e-01
9.633556755340311e-01
9.818905534616779e-01
9.922019387404896e-01
9.971932682400634e-01
9.997687836596069e-01
###1.080000000000000e+01
7.378698503985405e-10
7.143536893936250e-10
4.027853943514257e-10
6.713313844314235e-10
9.088454494214662e-10
6.206846757189519e-09
1.252978153884114e-09
1.644279872570877e-09
2.051419153173900e-09
2.072552625920260e-09
2.206734525335662e-09
2.400154800811371e-09
2.659722281452937e-09
2.965127977569799e-09
3.325457212253181e-09
3.746037062166030e-09
4.313913301786732e-09
5.058219396513593e-09
5.981260323591835e-09
7.183027383504193e-09
8.643499149289926e-09
1.078777476852386e-08
1.346737957408893e-08
1.700239309287725e-08
2.166836476234517e-08
2.786031401481858e-08
3.605486516904781e-08
4.697424863143287e-08
6.149588231319479e-08
8.073460531892589e-08
1.063889999265057e-07
1.405870124394061e-07
1.860325253836219e-07
2.466684909562570e-07
3.276439738557281e-07
4.354578297521756e-07
5.794517703102422e-07
7.713044743663748e-07
1.027618320229528e-06
1.368402025212329e-06
1.824117998533962e-06
2.432232949178991e-06
3.244162069797270e-06
4.327648597147149e-06
5.773056995579660e-06
7.702180463718247e-06
1.027654535590791e-05
1.371373691696717e-05
1.829587268977847e-05
2.444816142276367e-05
3.260979233175047e-05
4.356102973572598e-05
5.809881680431295e-05
7.761008643204405e-05
1.033998963958462e-04
1.378960108324827e-04
1.838754905470578e-04
2.452827432900265e-04
3.270649967611613e-04
4.355535769779345e-04
5.807851375012124e-04
7.732355695989924e-04
1.029208324302803e-03
1.370655466723526e-03
1.817734703713117e-03
2.412359072183510e-03
3.194951420917688e-03
4.227229516127117e-03
5.579405708786861e-03
7.369475708347002e-03
9.704272623808331e-03
1.274758030653704e-02
1.669311393290483e-02
2.180102406155436e-02
2.837349855725745e-02
3.678248554437465e-02
4.743451461230178e-02
6.094074777079385e-02
7.785352269879382e-02
9.885640668358216e-02
1.247017523487886e-01
1.563542410097537e-01
1.944347980170730e-01
2.396309586965788e-01
2.921971981426713e-01
3.522154107386949e-01
4.191365250017294e-01
4.917548396533610e-01
5.682836892412769e-01
6.461915629060274e-01
7.223487640927874e-01
7.930236298975519e-01
8.548464127812654e-01
9.053490866381030e-01
9.433693954163576e-01
9.694055925209062e-01
9.853512251261844e-01
9.939178300872890e-01
9.978967159803989e-01
9.998327608006633e-01
###1.120000000000000e+01
7.562294935267487e-10
7.182386134974874e-10
4.333219427602634e-10
7.052824189064374e-10
9.466978837026620e-10
6.137998324875193e-09
1.315560876478078e-09
1.713376397174593e-09
2.152504040835271e-09
2.173681124185680e-09
2.321372825397133e-09
2.539398203463914e-09
2.818709995095044e-09
3.156236646818650e-09
3.532009088203765e-09
4.020382644432910e-09
4.627226650510610e-09
5.433017750115702e-09
6.441308939765504e-09
7.747653885012185e-09
9.355703397996502e-09
1.166968754950815e-08
1.458554739964577e-08
1.843086240527372e-08
2.350652573910814e-08
3.024030681666747e-08
3.916194851771114e-08
5.104246168387838e-08
6.683998981699723e-08
8.780237753687869e-08
1.157445727227538e-07
1.530142447273474e-07
2.025664957175453e-07
2.687191461027713e-07
3.570901779377622e-07
4.748229220905171e-07
6.321718456471179e-07
8.419040150461470e-07
1.122382232679206e-06
1.495305338697367e-06
1.994458433964132e-06
2.660889771606540e-06
3.551415628805387e-06
4.740546566510399e-06
6.328002318734846e-06
8.447756604907646e-06
1.127854281456683e-05
1.506143582038924e-05
2.010559682023166e-05
2.688558837085025e-05
3.588406496746698e-05
4.796523960662352e-05
6.401330708569213e-05
8.556213197809144e-05
1.140586782882463e-04
1.521960883648804e-04
2.030356734694116e-04
2.709710498110453e-04
3.614411875986276e-04
4.815056617125806e-04
6.422076930257356e-04
8.551627798356648e-04
1.138358506006483e-03
1.516004739283326e-03
2.010295276916289e-03
2.667275116708201e-03
3.531395942606794e-03
4.670123875233424e-03
6.159924173565811e-03
8.130331198217610e-03
1.069613032943864e-02
1.403515888086657e-02
1.835611564065773e-02
2.393807710219350e-02
3.110423910158919e-02
4.024367915976635e-02
5.179523003119988e-02
6.638884633429165e-02
8.459884778429348e-02
1.071153347881823e-01
1.346997402052304e-01
1.683169362412407e-01
2.085319688351635e-01
2.559669813010501e-01
3.107614128274943e-01
3.728362723984797e-01
4.414571302719705e-01
5.152046261604745e-01
5.920797512369794e-01
6.693915353224510e-01
7.439189091471619e-01
8.119948521319060e-01
8.704823205329265e-01
9.172829265771825e-01
9.516947002528992e-01
9.746293796741686e-01
9.882435944934590e-01
9.952986432652700e-01
9.984399664280267e-01
9.998819207355865e-01
###1.160000000000000e+01
7.819527126840833e-10
7.375316772369351e-10
4.431985394198907e-10
7.395516146840231e-10
9.894549911458927e-10
6.066563116579688e-09
1.376025438872942e-09
1.787764729916289e-09
2.239003690802501e-09
2.275195499638780e-09
2.443850051211303e-09
2.685155348083124e-09
2.983630292146216e-09
3.351175004110432e-09
3.763928078837146e-09
4.297443412327037e-09
4.960768134347381e-09
5.834035416600228e-09
6.931747033880086e-09
8.352762772049214e-09
1.011972991749110e-08
1.261890178457864e-08
1.578747518677639e-08
1.997509655273896e-08
2.549813801954042e-08
3.282560469876310e-08
4.253510377803149e-08
5.548027466300170e-08
7.265827946040887e-08
9.550508751766758e-08
1.259481430541643e-07
1.665770270290123e-07
2.206223670313375e-07
2.928144924805020e-07
3.892896994522095e-07
5.179107423619960e-07
6.899122210642724e-07
9.192816214394521e-07
1.226291869016158e-06
1.634619684989785e-06
2.181526767213781e-06
2.912155795731941e-06
3.889102828563589e-06
5.194694304043529e-06
6.938344260703140e-06
9.268603861121805e-06
1.238229812939018e-05
1.654615491736917e-05
2.210114197558168e-05
2.957448807281392e-05
3.949703521121389e-05
5.282462224010246e-05
7.054147339965505e-05
9.433924685214195e-05
1.258264332955628e-04
1.679799231367459e-04
2.241873975899203e-04
2.993161562709016e-04
3.993801760186971e-04
5.321685106633694e-04
7.099043231048674e-04
9.454073370249119e-04
1.258482322465099e-03
1.675826235236265e-03
2.221774240347542e-03
2.946973356661175e-03
3.899941592056288e-03
5.154561973950797e-03
6.794142170480247e-03
8.959734442788771e-03
1.177572251924581e-02
1.543333213280695e-02
2.015770719652383e-02
2.624753067282570e-02
3.404531741505692e-02
4.396225038599627e-02
5.646348553975540e-02
7.220035013694462e-02
9.176624098687954e-02
1.158527542757631e-01
1.452313904664273e-01
1.808424629792327e-01
2.232057091125911e-01
2.728558215955669e-01
3.298150400401224e-01
3.938278600209231e-01
4.639726442924893e-01
5.386250829260206e-01
6.155824370386801e-01
6.920046237959284e-01
7.646384417350007e-01
8.299105095845785e-01
8.849642409679020e-01
9.280952260392994e-01
9.590473734740133e-01
9.791077904405247e-01
9.906395366865267e-01
9.963985507795035e-01
9.988552456512209e-01
9.999171904868660e-01
###1.200000000000001e+01
8.068434393831191e-10
7.652706603417887e-10
4.656394971576970e-10
7.741789905919521e-10
1.034022865072158e-09
5.999504745905060e-09
1.447809656468067e-09
1.863569087323601e-09
2.328382999046690e-09
2.382584804854189e-09
2.563343845084128e-09
2.830144075363125e-09
3.158449085648113e-09
3.555216003074916e-09
4.008229724035475e-09
4.590009085225597e-09
5.316086690341315e-09
6.261343348130579e-09
7.453584869350020e-09
9.001168151743593e-09
1.093980897176193e-08
1.364189213948476e-08
1.709027031803933e-08
2.164547852465657e-08
2.765718871522039e-08
3.562760112997541e-08
4.620220001562386e-08
6.030237540456193e-08
7.899594164754844e-08
1.038977417533641e-07
1.370815891897039e-07
1.813811987833768e-07
2.402668759967037e-07
3.191548239206125e-07
4.245102874000428e-07
5.650935793248130e-07
7.531516393139926e-07
1.004089478669028e-06
1.340023179191423e-06
1.787492603121314e-06
2.386896006205564e-06
3.188288656251811e-06
4.260467066461188e-06
5.694220208949001e-06
7.610408957443904e-06
1.017259920227769e-05
1.359893631252202e-05
1.818294528489236e-05
2.430351172824237e-05
3.253905896400400e-05
4.348225561021639e-05
5.818674792875860e-05
7.774479886777330e-05
1.040246970059495e-04
1.388127581069606e-04
1.853930799282211e-04
2.475194177608589e-04
3.305638160586493e-04
4.411892444494787e-04
5.880837145502851e-04
7.844476129247298e-04
1.044688445929833e-03
1.390552782089784e-03
1.851347432746934e-03
2.453807980395442e-03
3.253403818680051e-03
4.303331474480089e-03
5.683889244006977e-03
7.486136534778414e-03
9.862837418809165e-03
1.294872109316939e-02
1.694949282367312e-02
2.210592721983457e-02
2.873872316002657e-02
3.720940909871748e-02
4.795001335724285e-02
6.145487485911020e-02
7.838994451408109e-02
9.936392301286945e-02
1.250755182265110e-01
1.562933574627661e-01
1.939255520793611e-01
2.384405071312845e-01
2.902784347962437e-01
3.493293843792605e-01
4.151464207263705e-01
4.866299765639526e-01
5.619462882262082e-01
6.387145649164777e-01
7.139692340732556e-01
7.844521849811622e-01
8.467519573979951e-01
8.983093874694978e-01
9.378347054522946e-01
9.654981077193174e-01
9.829189816765392e-01
9.926085032129496e-01
9.972672900289099e-01
9.991682007416380e-01
9.999396629243225e-01
###1.240000000000001e+01
8.401579165493632e-10
7.900182609394305e-10
4.975540729143894e-10
8.103113207500127e-10
1.072224994548106e-09
5.934058759040972e-09
1.516712590673509e-09
1.942593092127344e-09
2.419105929881586e-09
2.494274181128956e-09
2.696962617941246e-09
2.990815270514854e-09
3.339387211980220e-09
3.774752305956202e-09
4.264171087770914e-09
4.898461072185915e-09
5.685272060857262e-09
6.717794441674815e-09
8.014774509187133e-09
9.699435304888152e-09
1.181991603854821e-08
1.474434077775356e-08
1.849726157164210e-08
2.345342554889475e-08
2.999733025390464e-08
3.867128625836826e-08
5.018572888242815e-08
6.552929865480967e-08
8.591060758098661e-08
1.130437687215947e-07
1.492301166018828e-07
1.975491565957390e-07
2.618343018243938e-07
3.479675120099770e-07
4.630605591194075e-07
6.167441025920383e-07
8.224583372764113e-07
1.097067322526963e-06
1.464813604708521e-06
1.955316933419026e-06
2.612619201687941e-06
3.491816638605954e-06
4.669002952649960e-06
6.243954111356107e-06
8.350070809626368e-06
1.116803472177041e-05
1.493873013078305e-05
1.998644741215435e-05
2.673286796390310e-05
3.580901350012495e-05
4.787727169831345e-05
6.409428664381426e-05
8.569054524463368e-05
1.147075221937053e-04
1.531359399037587e-04
2.045994713777218e-04
2.732393803171798e-04
3.650132403403537e-04
4.872568092649839e-04
6.496314303912538e-04
8.664555598694927e-04
1.153811260564660e-03
1.535592574339836e-03
2.043926223527422e-03
2.708053725957574e-03
3.588855180299345e-03
4.744142027493695e-03
6.261658567317660e-03
8.239797516424075e-03
1.084507746040396e-02
1.422143872351421e-02
1.859065255120641e-02
2.421017783603778e-02
3.142203212017230e-02
4.060722376708074e-02
5.222124631922027e-02
6.678335025502508e-02
8.496554092149917e-02
1.074053564683746e-01
1.347937395514409e-01
1.678813394626409e-01
2.075711269613551e-01
2.542301707059834e-01
3.082130490156134e-01
3.692552187993023e-01
4.367353217189127e-01
5.093617078040759e-01
5.850986205171792e-01
6.614062873749407e-01
7.352194876176892e-01
8.033292256360226e-01
8.625141884362532e-01
9.105483508376504e-01
9.465556140805370e-01
9.711187344743900e-01
9.861374748179884e-01
9.942117831137146e-01
9.979456684131449e-01
9.994019219986492e-01
9.999582039545533e-01
###1.280000000000001e+01
8.527066757064430e-10
8.209414974420615e-10
5.180411180096038e-10
8.505715218895819e-10
1.115383023091405e-09
5.875503280407859e-09
1.589243927994033e-09
2.023035726354373e-09
2.515970242970345e-09
2.599438466041769e-09
2.836362094903498e-09
3.154096407793656e-09
3.524690828083612e-09
4.000729954500898e-09
4.534989599706693e-09
5.224470078862730e-09
6.082918742342459e-09
7.202931684284070e-09
8.612488288473273e-09
1.044590305773944e-08
1.276797057614012e-08
1.593398760992974e-08
2.001802646934474e-08
2.540998393446719e-08
3.253278636117011e-08
4.197764170193655e-08
5.451164106233690e-08
7.121753488542068e-08
9.342763803003753e-08
1.230141371134449e-07
1.624837196766491e-07
2.152008637428914e-07
2.854190733080373e-07
3.794731375336677e-07
5.052532730777855e-07
6.733387545494764e-07
8.984114630170722e-07
1.199077369865330e-06
1.601788548345906e-06
2.139574608675023e-06
2.860573398322569e-06
3.825425575876407e-06
5.118206043969319e-06
6.848652511246094e-06
9.164312692838879e-06
1.226462666575475e-05
1.641475063870051e-05
2.197390236286486e-05
2.941041014097944e-05
3.941313339857991e-05
5.272247318509571e-05
7.060618787222474e-05
9.445179299481140e-05
1.264897437805793e-04
1.689275079694325e-04
2.257646673641155e-04
3.015763265488806e-04
4.029487522822806e-04
5.379585808249287e-04
7.173251996538122e-04
9.566076897015253e-04
1.273682113052103e-03
1.694728986582867e-03
2.255018776359857e-03
2.986462253765125e-03
3.955555965459406e-03
5.225389426964312e-03
6.891172116080915e-03
9.059928150345264e-03
1.191146890725557e-02
1.560042208954453e-02
2.036508027355076e-02
2.647963268838895e-02
3.430802273380833e-02
4.425081659385310e-02
5.678575660960024e-02
7.245659640710184e-02
9.194337278521526e-02
1.159017711282856e-01
1.450130750258153e-01
1.800060594615353e-01
2.217650785473630e-01
2.705548346287976e-01
3.266249353252481e-01
3.895557770060784e-01
4.585444568468387e-01
5.321031971651141e-01
6.080048620752218e-01
6.835769898935234e-01
7.556991690447169e-01
8.212346124938033e-01
8.771926967138596e-01
9.217075554548153e-01
9.543177482157524e-01
9.759842208803542e-01
9.888345826547998e-01
9.955063455025622e-01
9.984705095965702e-01
9.995745159132652e-01
9.999715273991733e-01
###1.320000000000001e+01
8.976266277457725e-10
8.335496023544743e-10
5.433592116670451e-10
8.808952285412651e-10
1.161757066681526e-09
5.821900031757855e-09
1.658003886652782e-09
2.106705742749053e-09
2.614803207132292e-09
2.717699359093785e-09
2.977036625339869e-09
3.321678209633167e-09
3.726429980548486e-09
4.237577081221619e-09
4.822198816653743e-09
5.569743672953161e-09
6.507087706467541e-09
7.729224900967694e-09
9.257126989298451e-09
1.124857104154392e-08
1.378542936074766e-08
1.721620736169692e-08
2.166136227789244e-08
2.752697755256573e-08
3.528264011790273e-08
4.556505450282193e-08
5.921835271114872e-08
7.741382185767713e-08
1.016193153318902e-07
1.338888791369252e-07
1.769534345226685e-07
2.344999471642356e-07
3.111974837457525e-07
4.139744259784903e-07
5.514663750355679e-07
7.353424074895715e-07
9.817276904050113e-07
1.311011828949817e-06
1.752113657268625e-06
2.341933468776253e-06
3.132941213507725e-06
4.192261400045872e-06
5.612177498539973e-06
7.513978407870776e-06
1.006070997164953e-05
1.347199460853800e-05
1.804103939065877e-05
2.416322433703490e-05
3.236216163659745e-05
4.338575931976004e-05
5.806354526677747e-05
7.778595261193436e-05
1.041093267059033e-04
1.394686973170569e-04
1.863427532408190e-04
2.490763417533502e-04
3.327730570156075e-04
4.446832548384973e-04
5.936957149933555e-04
7.916995989421858e-04
1.055590451952752e-03
1.405179217789933e-03
1.869155905699134e-03
2.486203585225561e-03
3.290870947084210e-03
4.355995007191113e-03
5.749920520901051e-03
7.576402404151122e-03
9.950840917876213e-03
1.306754824887196e-02
1.709301673160282e-02
2.228060031120662e-02
2.892333646328859e-02
3.740628238424477e-02
4.815202463819583e-02
6.165697333432372e-02
7.848824750612673e-02
9.933329099278192e-02
1.248627013577192e-01
1.557391280561182e-01
1.926728460854518e-01
2.365027252593249e-01
2.873964486954059e-01
3.454830706577708e-01
4.101851736169187e-01
4.805109190991670e-01
5.547832389429374e-01
6.305998992044650e-01
7.051735551906821e-01
7.753629341380103e-01
8.381420353995374e-01
8.907947841727045e-01
9.318257174748300e-01
9.611833632340034e-01
9.801641482729191e-01
9.910758365487123e-01
9.965413346071013e-01
9.988706991104161e-01
9.996984181895252e-01
9.999898099320433e-01
###1.360000000000001e+01
9.245609912883337e-10
8.566152384142616e-10
5.703839413694670e-10
9.259072760416201e-10
1.196864109916846e-09
5.769931060402613e-09
1.729829205459811e-09
2.194930793822193e-09
2.718217928377056e-09
2.838800476034312e-09
3.121928686624466e-09
3.496500609580079e-09
3.959137396721263e-09
4.487004074178867e-09
5.126277597638595e-09
5.937975920351792e-09
6.958740790266667e-09
8.282980521074695e-09
9.945898243822165e-09
1.211632931753980e-08
1.487770989417246e-08
1.859959958371784e-08
2.343845057807769e-08
2.981992049268927e-08
3.826435802276001e-08
4.946162037004159e-08
6.433923946755724e-08
8.417036263635875e-08
1.105504175632629e-07
1.457545932913320e-07
1.927480372793567e-07
2.555842686132346e-07
3.393880297850513e-07
4.517128980349813e-07
6.020737399779435e-07
8.032913792429786e-07
1.073030838784600e-06
1.433746325684888e-06
1.917263878551510e-06
2.564311964613788e-06
3.432305557784075e-06
4.595504730481878e-06
6.155357263571268e-06
8.245997920806222e-06
1.104739264144675e-05
1.480159820602157e-05
1.983193506137460e-05
2.657570672707205e-05
3.561142708676206e-05
4.776361452267717e-05
6.394896715954394e-05
8.569722351511629e-05
1.147466199129134e-04
1.537703589680029e-04
2.055109174152556e-04
2.747362077663991e-04
3.671018864011489e-04
4.905900679421352e-04
6.549757450494594e-04
8.733823817795245e-04
1.164225140547447e-03
1.549340348539785e-03
2.060157754003277e-03
2.738988870291331e-03
3.623367749427459e-03
4.792785833313536e-03
6.321278275751074e-03
8.321400156706306e-03
1.091773088068796e-02
1.431988701292814e-02
1.870519753390794e-02
2.434608511012054e-02
3.155100845943962e-02
4.072850076625067e-02
5.232233752353340e-02
6.684652523670667e-02
8.488995136338630e-02
1.071472367214385e-01
1.342878248384313e-01
1.669759316722177e-01
2.058682018528508e-01
2.517673685105786e-01
3.047319613113352e-01
3.647552701716174e-01
4.310964568541161e-01
5.025804219669437e-01
5.773370977715020e-01
6.528154554212870e-01
7.261308126213938e-01
7.941625923226688e-01
8.540402631364260e-01
9.033372892101997e-01
9.409495496107798e-01
9.672150478789148e-01
9.837292836781832e-01
9.929213271493805e-01
9.973574165157142e-01
9.991659591414982e-01
9.997804633944929e-01
1.000003993653116e+00
###1.400000000000001e+01
9.429358967472100e-10
8.807137557402466e-10
5.954256450006521e-10
9.667569749102029e-10
1.254396814769666e-09
5.728184815040596e-09
1.802911447057061e-09
2.281270774620880e-09
2.817566466158825e-09
2.967795505267447e-09
3.276721502716853e-09
3.675391205729321e-09
4.177598467552643e-09
4.751465203813844e-09
5.447366323883286e-09
6.329855040544847e-09
7.432246409628696e-09
8.873081438851355e-09
1.068493521175473e-08
1.304087362518583e-08
1.604821115410982e-08
2.009245254969645e-08
2.535920178675280e-08
3.230456376907241e-08
4.149942246120300e-08
5.369415704163764e-08
6.990873488916539e-08
9.153174819250351e-08
1.202913839861897e-07
1.586999312113658e-07
2.100053669255967e-07
2.786355773576590e-07
3.702245614082478e-07
4.930382087167088e-07
6.575342752216285e-07
8.777887960624361e-07
1.173211195605577e-06
1.568496537674637e-06
2.098618897697244e-06
2.808561420228288e-06
3.761462339922926e-06
5.038996626482141e-06
6.753300005223030e-06
9.051584711034433e-06
1.213351428913491e-05
1.626515531672079e-05
2.180389378862551e-05
2.923200834946393e-05
3.919148571047467e-05
5.258407736691500e-05
7.043102863657188e-05
9.440904735188684e-05
1.264599957316991e-04
1.695119019521670e-04
2.266105864960816e-04
3.029653694123107e-04
4.048547002755029e-04
5.410239038065520e-04
7.222706211232587e-04
9.629656534126518e-04
1.283313461591145e-03
1.707254734541889e-03
2.269117387806217e-03
3.015152624428017e-03
3.986251117816626e-03
5.268770952690960e-03
6.942843120485574e-03
9.130305820334892e-03
1.196552796172222e-02
1.567431481775629e-02
2.044504276847757e-02
2.656882729284540e-02
3.437183634672933e-02
4.428561465424805e-02
5.677299771239675e-02
7.236699180848692e-02
9.167456062740348e-02
1.153942339743483e-01
1.441901730282854e-01
1.787244387344911e-01
2.195948990863687e-01
2.675524340358746e-01
3.225338874207806e-01
3.843991363658687e-01
4.522429021510034e-01
5.246974894520564e-01
5.996971087005349e-01
6.745803283615550e-01
7.463918758407825e-01
8.120715834866717e-01
8.689202745854143e-01
9.148447803054919e-01
9.491309413882499e-01
9.724831761975502e-01
9.867493277660794e-01
9.944320182353354e-01
9.980011938323067e-01
9.993947461587805e-01
9.998468899075482e-01
1.000003993653116e+00
###1.440000000000001e+01
9.702781622303880e-10
8.963838526158717e-10
6.393476674376147e-10
1.003219606466091e-09
1.300781000501927e-09
5.683163195664006e-09
1.881561761198892e-09
2.375130162947195e-09
2.924569505229100e-09
3.100950748787353e-09
3.436453907089947e-09
3.868878573194378e-09
4.406242355496903e-09
5.025390112004339e-09
5.785883109532331e-09
6.742220565761990e-09
7.943440978401554e-09
9.505082077389318e-09
1.147473420514008e-08
1.403481399566473e-08
1.731466338694024e-08
2.170598722416139e-08
2.743791143237765e-08
3.499961792198981e-08
4.501117614171041e-08
5.829791314655648e-08
7.596860192756648e-08
9.954459625024160e-08
1.309131903107171e-07
1.728387156079841e-07
2.288566096622915e-07
3.038495081968131e-07
4.039804818395636e-07
5.382934633326619e-07
7.183156518732808e-07
9.594165081694526e-07
1.283151013741110e-06
1.716406152638893e-06
2.297713272223582e-06
3.076999175186765e-06
4.123097593346396e-06
5.526492106136242e-06
7.410880489979759e-06
9.938189162258227e-06
1.332876123447948e-05
1.787639653976617e-05
2.397473039675055e-05
3.215793604676800e-05
4.313265843663186e-05
5.789384062784546e-05
7.756962583206453e-05
1.040040041605959e-04
1.393520668593216e-04
1.868332413970582e-04
2.498135515308273e-04
3.340021805077303e-04
4.463272514893464e-04
5.964137559792614e-04
7.961176309408385e-04
1.061197029556059e-03
1.413772649921250e-03
1.879986580876536e-03
2.497458112632321e-03
3.316582325999294e-03
4.381667111759359e-03
5.786567459176029e-03
7.618018940191055e-03
1.000770965941336e-02
1.310197278731227e-02
1.713686273640561e-02
2.232007279434236e-02
2.895799983271252e-02
3.739693541297920e-02
4.808741501443139e-02
6.151467417578624e-02
7.822882985558138e-02
9.885058249904684e-02
1.240832499800004e-01
1.545836894362402e-01
1.909870323031287e-01
2.338456727487482e-01
2.838348843791614e-01
3.407752950832945e-01
4.043823752575979e-01
4.735663824203230e-01
5.468000492270533e-01
6.218010765715519e-01
6.958340629851741e-01
7.659112634365576e-01
8.290528291804180e-01
8.827799041422222e-01
9.253466538620140e-01
9.564232787014318e-01
9.770511478894029e-01
9.892878073564836e-01
9.956568482356336e-01
9.985031287148688e-01
9.995669493869052e-01
9.998954190702171e-01
1.000003993653116e+00
###1.480000000000001e+01
9.905283622737204e-10
9.206770032469847e-10
6.807334399657001e-10
1.043919187376046e-09
1.348854394941723e-09
5.641721060365479e-09
1.954913891484135e-09
2.466774294951272e-09
3.028991027728077e-09
3.240471608242867e-09
3.604765537496099e-09
4.068980738020008e-09
4.650102050621920e-09
5.328949967234637e-09
6.144862499016861e-09
7.183022589158265e-09
8.488222259499898e-09
1.018287219263006e-08
1.231963778870540e-08
1.510187427754034e-08
1.867168106451302e-08
2.344835986548138e-08
2.968554840397220e-08
3.792165666604714e-08
4.882489102238553e-08
6.330103719605566e-08
8.256733081619843e-08
1.082771953169809e-07
1.425017457620572e-07
1.882812575921979e-07
2.494612140236272e-07
3.314249293816390e-07
4.409082047673627e-07
5.878522558857566e-07
7.849015259940209e-07
1.048974623996168e-06
1.403726196936038e-06
1.878776066242857e-06
2.516467662433122e-06
3.371933843815951e-06
4.520662751339651e-06
6.062838774300005e-06
8.134284764225337e-06
1.091358810003677e-05
1.464421360132130e-05
1.965037965089658e-05
2.636544433656440e-05
3.537846961493105e-05
4.747305296555283e-05
6.373763446769430e-05
8.542471072859071e-05
1.145589596176269e-04
1.535310724969346e-04
2.058792922409393e-04
2.753188058568947e-04
3.681049427002987e-04
4.918596122037196e-04
6.571869875909726e-04
8.770760314796944e-04
1.168777892765136e-03
1.556483736394663e-03
2.068828669804376e-03
2.746747075913708e-03
3.644374567626040e-03
4.812128445917016e-03
6.349336284895261e-03
8.350897454933734e-03
1.095827702539549e-02
1.433343842167866e-02
1.871491952832661e-02
2.433821888098943e-02
3.152243796102840e-02
4.063467007273228e-02
5.214631886562552e-02
6.656000357823308e-02
8.444399325920013e-02
1.064305501206424e-01
1.332233123275555e-01
1.654610782003530e-01
2.037638476629946e-01
2.486081860677872e-01
3.005983165911019e-01
3.594268652550966e-01
4.246548877116506e-01
4.950117041059530e-01
5.688090269057993e-01
6.435754764311024e-01
7.165189665989379e-01
7.846444659002716e-01
8.450913411947302e-01
8.956343452492022e-01
9.348805751977576e-01
9.628842042078116e-01
9.809873023548422e-01
9.914043160348600e-01
9.966409603340659e-01
9.988898713681562e-01
9.996933979890399e-01
9.999292647889647e-01
1.000003993653116e+00
###1.520000000000001e+01
1.018066846388540e-09
9.359672180017416e-10
7.080213849357118e-10
1.067446145248893e-09
1.403492807236248e-09
5.608240594771520e-09
2.036579049433325e-09
2.562219441984209e-09
3.148407164470189e-09
3.383555085499337e-09
3.781935868375758e-09
4.281064877001851e-09
4.913976984538303e-09
5.638993940051258e-09
6.522229526657813e-09
7.650695613716090e-09
9.071731962857538e-09
1.090395453497960e-08
1.322760968281938e-08
1.624985788373066e-08
2.014034998603767e-08
2.533013691153370e-08
3.214512774128438e-08
4.108729887076771e-08
5.296518478011445e-08
6.874354868735579e-08
8.974694943260738e-08
1.177947671871761e-07
1.551507532171882e-07
2.051669472179527e-07
2.720175427155198e-07
3.615913220477145e-07
4.813506426338928e-07
6.421673980972892e-07
8.579087364156344e-07
1.147256726804688e-06
1.536030696492927e-06
2.057028176832038e-06
2.756834454321924e-06
3.696018632613645e-06
4.957860914132105e-06
6.652557283153200e-06
8.930064189950990e-06
1.198663016583078e-05
1.609199318088127e-05
2.160267144090562e-05
2.899643934185653e-05
3.892458088189219e-05
5.224883500947260e-05
7.016900034680234e-05
9.406746256096766e-05
1.261738255774710e-04
1.691246060046039e-04
2.268135811012035e-04
3.033252625583275e-04
4.055378236779577e-04
5.418099238156050e-04
7.238072889629947e-04
9.657310180408440e-04
1.286525267396795e-03
1.712513683632209e-03
2.275048574047955e-03
3.018551108066344e-03
4.000553338159101e-03
5.280122335743783e-03
6.960646992499471e-03
9.145110610593003e-03
1.198682152394074e-02
1.566202500453456e-02
2.041560796798643e-02
2.650725104592332e-02
3.427268652807833e-02
4.409627233886465e-02
5.647177039950978e-02
7.192121009033413e-02
9.102516246580761e-02
1.144225998234123e-01
1.428205242379149e-01
1.768414364835887e-01
2.170503217024579e-01
2.638745201160931e-01
3.178227190970091e-01
3.784523904961731e-01
4.451715913268676e-01
5.165292204386420e-01
5.906668280692629e-01
6.649637381691128e-01
7.365798336130480e-01
8.025515870857617e-01
8.601730039770843e-01
9.074909795814289e-01
9.434894826257445e-01
9.685716843335646e-01
9.843530950647440e-01
9.931552829735693e-01
9.974240996680847e-01
9.991841560990091e-01
9.997849092786305e-01
9.999524711321010e-01
1.000003993653116e+00
###1.560000000000001e+01
1.042955353233673e-09
9.633706635867474e-10
7.465255702623590e-10
1.109552343221412e-09
1.457119628792651e-09
5.581028098804118e-09
2.123061536428855e-09
2.667054763393072e-09
3.272422386077983e-09
3.534934922657203e-09
3.965457212846823e-09
4.503354182167206e-09
5.174486794981467e-09
5.965924088604190e-09
6.909515927947141e-09
8.148708997912298e-09
9.690298257617588e-09
1.167526005163793e-08
1.420323611009093e-08
1.748369513711710e-08
2.172308512207597e-08
2.736376821508206e-08
3.477653582929706e-08
4.451881274345117e-08
5.746091439905313e-08
7.466293521113109e-08
9.756976349360745e-08
1.281742190817345e-07
1.689626954158172e-07
2.236096720242237e-07
2.966619158063779e-07
3.946066687583608e-07
5.256385625823535e-07
7.016679405050071e-07
9.379735036744509e-07
1.255039715509073e-06
1.681314319921564e-06
2.252830903572452e-06
3.020799123401747e-06
4.052195607388611e-06
5.438523903356062e-06
7.300806900598574e-06
9.805384209308218e-06
1.316739808137581e-05
1.768442276661279e-05
2.375024284314983e-05
3.189077467716259e-05
4.282480013244794e-05
5.750183743880198e-05
7.724205475802781e-05
1.035711866774489e-04
1.389381155780607e-04
1.862572089305798e-04
2.497997493346560e-04
3.340650800716462e-04
4.465764393648078e-04
5.965856053904808e-04
7.967705510484179e-04
1.062746109077872e-03
1.415240684336209e-03
1.882883232408901e-03
2.499887115501719e-03
3.314598573123470e-03
4.388262041501724e-03
5.788396007323083e-03
7.622918851216721e-03
1.000497417944261e-02
1.309836792282836e-02
1.709399045888179e-02
2.224509398876459e-02
2.883540716402735e-02
3.721644727844142e-02
4.779177000417095e-02
6.107570568920459e-02
7.760670973281615e-02
9.797998303436536e-02
1.228365092123565e-01
1.528799914884149e-01
1.887142428193540e-01
2.308384162332035e-01
2.796387863939314e-01
3.354799080317292e-01
3.978181218193891e-01
4.658823428408547e-01
5.380590917044376e-01
6.123161802481875e-01
6.859105724121898e-01
7.559639940291915e-01
8.196004915491167e-01
8.742920336786355e-01
9.183790079003606e-01
9.512172473735643e-01
9.735488866663511e-01
9.872126330986297e-01
9.945921960425158e-01
9.980422418252394e-01
9.994062694728514e-01
9.998506091147644e-01
9.999683083387291e-01
1.000003993653116e+00
