# NLO BK equation solver 0.0-dev build  (build Feb 16 2026 17:52:53)
# Initial condition: MV model, Q_s0^2 = 0.0066481 GeV^2, \gamma = 1, coefficient of E inside Log is 1, x0=0.01, \Lambda_QCD = 0.241 GeV
# # LO Kernel RC:  Balitsky. NLO Kernel RC:  smallest dipole
# Nc=3, Nf=4
# Using RungeKutta method in K1
# Resumming double log
# Resumming single log, K_sub=0.65 resum rc: smallest
# BK K1 integration relative accuracy: 0.02# NLO BK as^2 terms: MC integration method: Vegas, points=1000000
# Kinematical constraint: none
# Target kinematical constraint: disabled

###1.000000000000000e-05
###1.160836920850890e+00
###100
###1.000000000000000e+00
###0.000000000000000e+00
2.149977690099253e-12
2.863783832206336e-12
3.814059225020664e-12
5.078952491567965e-12
6.762370082856431e-12
9.002440924214955e-12
1.198275353607223e-11
1.594727032855845e-11
2.122011773843500e-11
2.823183990561827e-11
3.755421824272340e-11
4.994643986801292e-11
6.641629764489486e-11
8.830129362474351e-11
1.173760884224978e-10
1.559948131497596e-10
2.072794981532716e-10
2.753694846568095e-10
3.657514484966223e-10
4.856959434549115e-10
6.448346431729885e-10
8.559233524241674e-10
1.135850193027975e-09
1.506967224465034e-09
1.998848545153636e-09
2.650610483051778e-09
3.513972236178857e-09
4.657291415130779e-09
6.170882480631964e-09
8.174022416027845e-09
1.082417410072277e-08
1.432912282397172e-08
1.896293697690027e-08
2.508694546178494e-08
3.317729155219192e-08
4.386110142584973e-08
5.796392843927772e-08
7.657194405753285e-08
1.011133980841605e-07
1.334652349920969e-07
1.760925202087854e-07
2.322306159740183e-07
3.061229988206381e-07
4.033314184332183e-07
5.311400005225702e-07
6.990811988886165e-07
9.196195895929196e-07
1.209039860305794e-06
1.588598594744373e-06
2.086016358864458e-06
2.737408133787574e-06
3.589777530220423e-06
4.704234991378058e-06
6.160144268902625e-06
8.060457258217490e-06
1.053851233001613e-05
1.376701000854741e-05
1.796903452411236e-05
2.343260588866247e-05
3.052905801503858e-05
3.973653729483217e-05
5.166996895311637e-05
6.711924838898042e-05
8.709790280148066e-05
1.129051046385721e-04
1.462047547605705e-04
1.891264620902389e-04
2.443947285027948e-04
3.154946419470228e-04
4.068850781671074e-04
5.242740710640348e-04
6.749759810493750e-04
8.683768288795246e-04
1.116543267496550e-03
1.435022903949701e-03
1.843900027915679e-03
2.369192459832026e-03
3.044703672285931e-03
3.914481305834272e-03
5.036080654303277e-03
6.484891619755739e-03
8.359861567597049e-03
1.079103449871910e-02
1.394942550444378e-02
1.805984764183710e-02
2.341738069678423e-02
3.040816542073121e-02
3.953502265981157e-02
5.144785335293089e-02
6.697756169290248e-02
8.716985599738181e-02
1.133109675103267e-01
1.469301073809408e-01
1.897524346832473e-01
2.435615128238817e-01
3.099150748290422e-01
3.896535917469709e-01
4.821730477206814e-01
5.845441384908296e-01
6.907916416756690e-01
###4.000000000000000e-01
5.220203596641391e-08
7.577736159063369e-12
2.545608301238911e-11
-1.818877873389017e-08
7.281416986199866e-10
3.091395770370011e-11
4.317694555233555e-09
9.401526887673825e-11
7.442716191220130e-11
1.024627556088661e-10
5.744251179401022e-11
9.692886111691420e-11
1.084286706097086e-10
1.290574218495488e-10
1.528670867446339e-10
1.957094068820219e-10
2.405765378264497e-10
3.091460419724387e-10
4.092080059865999e-10
5.326638224711970e-10
7.033123837205140e-10
9.281710659202841e-10
1.227276631271056e-09
1.623218525378413e-09
2.143771105686128e-09
2.839322350712032e-09
3.766879371387739e-09
5.003427395072088e-09
6.639117278067245e-09
8.802648212690669e-09
1.166929938215498e-08
1.545803203484190e-08
2.046801577091885e-08
2.709204510676230e-08
3.584542427103699e-08
4.741116900709036e-08
6.267834813139156e-08
8.282863513829028e-08
1.094022510408318e-07
1.444672556702174e-07
1.906495509779080e-07
2.515006808131185e-07
3.316505045870586e-07
4.371247696723562e-07
5.758032314141989e-07
7.580780655933360e-07
9.976019481656655e-07
1.311928182418704e-06
1.724135198176042e-06
2.265269607793233e-06
2.973702468393324e-06
3.901386106783641e-06
5.114552829982629e-06
6.702895800654369e-06
8.770910951221556e-06
1.147226784569934e-05
1.499391029394037e-05
1.958023286640266e-05
2.554914819379169e-05
3.330065788207780e-05
4.338145471787194e-05
5.644787536432522e-05
7.338925964122882e-05
9.531260562974722e-05
1.236764809864807e-04
1.603412318310157e-04
2.076228563491997e-04
2.686213034967031e-04
3.471747392268686e-04
4.486306009544967e-04
5.790930848940916e-04
7.470701793568784e-04
9.631132318038237e-04
1.241355751554140e-03
1.599429189334237e-03
2.060778405063472e-03
2.654770081576828e-03
3.422290966504590e-03
4.413419689488335e-03
5.696020662148400e-03
7.360792348038675e-03
9.520808417286922e-03
1.233959087104861e-02
1.601219071780019e-02
2.080604204208591e-02
2.707638681689716e-02
3.527467840905188e-02
4.596123308466442e-02
5.994027120979394e-02
7.818405806946102e-02
1.019466550035370e-01
1.326621354297739e-01
1.720623256645545e-01
2.219591238867149e-01
2.842446804692553e-01
3.603927443038291e-01
4.517904942061557e-01
5.594862546890397e-01
6.921524074877613e-01
9.526620422166960e-01
###8.000000000000000e-01
5.195705984287965e-08
2.218928431287457e-11
5.461456852904091e-11
-1.818321311679728e-08
7.055892051296578e-10
2.905319011956194e-11
4.243912849851650e-09
1.286876619484910e-10
1.562902897309769e-10
1.607174278062423e-10
1.221386457897356e-10
1.504029508176099e-10
1.531808736972127e-10
1.782638593195614e-10
2.004766994097202e-10
2.417160590595522e-10
2.916903417674208e-10
3.616316803715021e-10
4.620170071745075e-10
5.959645656597470e-10
7.798662913502828e-10
1.017997945293142e-09
1.340509127903657e-09
1.765873971360345e-09
2.328417532433831e-09
3.074541834200060e-09
4.063848893404438e-09
5.386381621216336e-09
7.156254545321513e-09
9.491314420088685e-09
1.259371859805856e-08
1.668605073388307e-08
2.210351030721842e-08
2.927101062355262e-08
3.875075934794336e-08
5.128004488619831e-08
6.780279576395247e-08
8.962965279292005e-08
1.184263866252764e-07
1.564450211755729e-07
2.065051028193429e-07
2.724759328007145e-07
3.594466745630163e-07
4.739647563640796e-07
6.244935313300452e-07
8.223951927438709e-07
1.082709005217292e-06
1.424240550957103e-06
1.872044867563093e-06
2.461136213905259e-06
3.232035422865436e-06
4.242210672005272e-06
5.563883568817015e-06
7.297574010339784e-06
9.551019035945194e-06
1.249734783905480e-05
1.634106413211497e-05
2.135325440572790e-05
2.788011752332599e-05
3.636220377391128e-05
4.740689050785201e-05
6.173247731591667e-05
8.033468912320958e-05
1.044308133669852e-04
1.356529276970981e-04
1.760840485109846e-04
2.282723758138066e-04
2.957305526987934e-04
3.827306164172241e-04
4.955531274880235e-04
6.408841887033885e-04
8.285264666547204e-04
1.070455521866167e-03
1.383059081107987e-03
1.786639810849416e-03
2.308239294145265e-03
2.981594739032042e-03
3.855220403310594e-03
4.986667702991407e-03
6.455911861187231e-03
8.369565961449664e-03
1.086051069551829e-02
1.412374452393844e-02
1.838806336835504e-02
2.396373613542956e-02
3.127255301524004e-02
4.082734379688833e-02
5.327314076781071e-02
6.954329811942607e-02
9.074803691805479e-02
1.182825398267789e-01
1.536941952330982e-01
1.987628461464354e-01
2.551785287494988e-01
3.245593406067059e-01
4.077659708072593e-01
5.050338428036254e-01
6.152197378633215e-01
7.412383610887981e-01
9.606159330059886e-01
###1.200000000000000e+00
5.160688132110548e-08
-2.774905642096628e-11
9.596072529742889e-11
-1.814569418951182e-08
7.229754091375503e-10
7.463964336034993e-11
4.164943410441687e-09
1.537331494566708e-10
2.122684812627792e-10
2.228844137109023e-10
1.598955973549340e-10
1.735651018424452e-10
1.857329395598490e-10
2.106802167583853e-10
2.365848818088196e-10
2.643079610351386e-10
3.193621831404806e-10
3.951322145454395e-10
5.025816675142210e-10
6.407202209130066e-10
8.352761339971970e-10
1.098475036677091e-09
1.443499644063902e-09
1.900494071688967e-09
2.505590884917098e-09
3.309521051350619e-09
4.380502992215888e-09
5.800865929326899e-09
7.709324050533811e-09
1.023286961969633e-08
1.359109456575231e-08
1.802394314352292e-08
2.387539265397527e-08
3.163180358498445e-08
4.189834710555331e-08
5.546722815838822e-08
7.336489739004673e-08
9.701990725891072e-08
1.282125727573403e-07
1.694510495444458e-07
2.237418524906512e-07
2.953068027400590e-07
3.897129247939439e-07
5.140394582700504e-07
6.775409226787766e-07
8.925346876297883e-07
1.175447763387034e-06
1.546839485331313e-06
2.033685197084750e-06
2.675155031915878e-06
3.514534142557055e-06
4.615084868060156e-06
6.055990197425535e-06
7.948339463590769e-06
1.040665282575031e-05
1.362264278618065e-05
1.782173084718180e-05
2.330404435658648e-05
3.044799683172971e-05
3.974078356901783e-05
5.185253290738161e-05
6.757997692311605e-05
8.802910379027326e-05
1.145523880121622e-04
1.489682681635197e-04
1.936092984251523e-04
2.513254064220688e-04
3.260521489793169e-04
4.226159986161034e-04
5.482727499843801e-04
7.105263469521524e-04
9.204486921585505e-04
1.191879282530363e-03
1.543711360456454e-03
1.999169862517925e-03
2.589148245413427e-03
3.354029933809241e-03
4.349217384697802e-03
5.641614202383188e-03
7.324762188482399e-03
9.522128610209235e-03
1.239240685096698e-02
1.616035698884991e-02
2.109409052162881e-02
2.755084001287329e-02
3.601830892580598e-02
4.707403702849729e-02
6.144724611274462e-02
8.018746737325481e-02
1.045136265133103e-01
1.359095460514513e-01
1.759569755150254e-01
2.263091926245347e-01
2.884727840679649e-01
3.634164243625324e-01
4.511008325791124e-01
5.503133585134354e-01
6.579765699416492e-01
7.746326227332873e-01
9.662080130744339e-01
###1.600000000000000e+00
5.130258129829824e-08
-4.195170187660108e-11
6.743474825772148e-11
-1.815981725180308e-08
7.897032270465198e-10
1.134800756562321e-10
4.056689808926321e-09
1.910133079814767e-10
2.625785970993239e-10
2.742274059536788e-10
2.120779906427340e-10
2.043634553460615e-10
2.253138318238102e-10
2.491967415235263e-10
2.705702621994090e-10
2.955446667976628e-10
3.491079499687624e-10
4.315193869442426e-10
5.493150839758306e-10
6.921674628514293e-10
9.035843044961820e-10
1.185644348042279e-09
1.556168622286947e-09
2.051871002234021e-09
2.700841912506105e-09
3.564686531118756e-09
4.731283217686718e-09
6.251445370172663e-09
8.307592654565383e-09
1.104518924878153e-08
1.467518195794052e-08
1.947063153755841e-08
2.580733881167715e-08
3.420033046120601e-08
4.531916350208685e-08
6.002259776895227e-08
7.941251368309122e-08
1.050515376147610e-07
1.388716391622190e-07
1.835970483871993e-07
2.424882776829108e-07
3.201779537086977e-07
4.226821739782121e-07
5.577198458074220e-07
7.353599409974504e-07
9.690563838456873e-07
1.276726918374650e-06
1.680664799803437e-06
2.210303675183149e-06
2.909116529777005e-06
3.823576510294031e-06
5.023427883003048e-06
6.595225073220391e-06
8.661607691644813e-06
1.134553238901070e-05
1.485917060375850e-05
1.945078855376920e-05
2.545196673692594e-05
3.327958201620471e-05
4.346401608794378e-05
5.676852122987446e-05
7.405310784526578e-05
9.656902519679536e-05
1.258398460443241e-04
1.637881357582635e-04
2.131513223883961e-04
2.770735153691116e-04
3.599926710834312e-04
4.673597603549171e-04
6.075175560760515e-04
7.891513904605689e-04
1.024121112687014e-03
1.329029467627885e-03
1.725623156561289e-03
2.239992294635561e-03
2.907011909378305e-03
3.777218655677911e-03
4.910794912002503e-03
6.386526160154997e-03
8.312024008562107e-03
1.083464082687267e-02
1.413175140326102e-02
1.846912247986186e-02
2.415061517799463e-02
3.158542950960928e-02
4.132742373719155e-02
5.401376652855389e-02
7.046746699034284e-02
9.182014546133895e-02
1.193763374275323e-01
1.546560326104933e-01
1.991822436407188e-01
2.544192532481843e-01
3.214952194181045e-01
4.006798932451187e-01
4.910129930614003e-01
5.900938167132482e-01
6.937737507042037e-01
8.016683234012819e-01
9.707463429730104e-01
###2.000000000000000e+00
5.101069183645710e-08
-2.163285076640967e-11
1.201960941039604e-10
-1.814446788828027e-08
7.249754862072133e-10
1.308432868360141e-10
3.971106430974148e-09
2.411478806854972e-10
2.933621037151622e-10
3.304847911635915e-10
2.440531488530653e-10
2.629162339246355e-10
2.569699277599801e-10
2.829395510948749e-10
3.056040271920168e-10
3.343801574014496e-10
3.859055996310873e-10
4.772319207095108e-10
6.014745051468665e-10
7.530310186450347e-10
9.842770110304093e-10
1.282603805563237e-09
1.682677076343426e-09
2.216469527464989e-09
2.920379624024991e-09
3.850539013882062e-09
5.114674725531952e-09
6.745459908134843e-09
8.964719099122855e-09
1.193277425646705e-08
1.585474938472022e-08
2.104416080690806e-08
2.790017331841382e-08
3.699123014510239e-08
4.903159365521065e-08
6.496645101560447e-08
8.598066800253767e-08
1.137909328687194e-07
1.504664920463714e-07
1.989802731393441e-07
2.629045905860539e-07
3.472478087386304e-07
4.585950869721330e-07
6.053029903277217e-07
7.983887486529457e-07
1.052513183843971e-06
1.387196330401749e-06
1.826866981970865e-06
2.403313208969462e-06
3.164934383859976e-06
4.161841846330691e-06
5.470555520283723e-06
7.186285263794668e-06
9.443874757618587e-06
1.237523995931060e-05
1.621845280657333e-05
2.124472159599470e-05
2.781895937444128e-05
3.640252892560706e-05
4.757762082804216e-05
6.220465123801976e-05
8.122503644508654e-05
1.060537437306042e-04
1.383892058130436e-04
1.802853084527154e-04
2.349481741052837e-04
3.058463695528637e-04
3.979870737152433e-04
5.175374444946788e-04
6.740672077199052e-04
8.772910727035160e-04
1.140983094195678e-03
1.483852900960648e-03
1.931079656782256e-03
2.512386438274181e-03
3.267168542230968e-03
4.256391126499285e-03
5.547044898946139e-03
7.230441857215573e-03
9.429829967989706e-03
1.231534248504689e-02
1.609419540852306e-02
2.106131162336455e-02
2.757608457303267e-02
3.608696740810637e-02
4.721767545834959e-02
6.165988848266665e-02
8.032695101941000e-02
1.044038753138253e-01
1.352560391139065e-01
1.743799490076303e-01
2.231964849148705e-01
2.829238076676532e-01
3.541280221138216e-01
4.365056441291772e-01
5.282248266452528e-01
6.260490878989091e-01
7.252780055664251e-01
8.250190959772613e-01
9.746296088073710e-01
###2.400000000000000e+00
5.079797484199317e-08
7.660019172433556e-12
1.158085397464487e-10
-1.812135949306970e-08
7.328550802300210e-10
1.397065522419229e-10
3.876969055509723e-09
2.688330432844111e-10
3.744381625579409e-10
3.872412285430543e-10
2.949015817611123e-10
3.185900235089192e-10
3.014643064140050e-10
3.236104934917692e-10
3.559231850954052e-10
3.837922496288150e-10
4.340680104298392e-10
5.363962796799367e-10
6.673767467649366e-10
8.332709324823858e-10
1.077705573909786e-09
1.397646502491324e-09
1.827652914728094e-09
2.409899016726481e-09
3.160097330298533e-09
4.167097025480952e-09
5.529464440730994e-09
7.281340590452291e-09
9.692376979177240e-09
1.290035760885991e-08
1.714624255709035e-08
2.276174982856013e-08
3.018260027972555e-08
4.002602930510271e-08
5.306739225599757e-08
7.034515973408618e-08
9.313211534365926e-08
1.232924068098453e-07
1.630862371934227e-07
2.157324980826952e-07
2.851243549382903e-07
3.767357154855227e-07
4.977084999418356e-07
6.571465334937004e-07
8.671253164800482e-07
1.143607011619569e-06
1.507881143737750e-06
1.986608278033238e-06
2.614478958804149e-06
3.444893344640917e-06
4.532229775091856e-06
5.960574421169647e-06
7.834337098861698e-06
1.030231945796459e-05
1.350681533431349e-05
1.771390311626374e-05
2.322031628529372e-05
3.042866078056432e-05
3.984947622678525e-05
5.212551052812530e-05
6.822688658319872e-05
8.917743434058881e-05
1.165779120369810e-04
1.523341641881905e-04
1.986644209565857e-04
2.592697633743964e-04
3.379971097524125e-04
4.405194388406211e-04
5.738119624143978e-04
7.487996635950261e-04
9.763196390615237e-04
1.272528896820354e-03
1.658367633370539e-03
2.162719600256264e-03
2.820014562766929e-03
3.674199916881006e-03
4.797700092960907e-03
6.265575596306809e-03
8.182608099919038e-03
1.069100393245070e-02
1.398161949524953e-02
1.829629372723421e-02
2.396401717228500e-02
3.139033673602502e-02
4.107394663691280e-02
5.370278406765375e-02
7.002137177489473e-02
9.101239646942820e-02
1.179038202813330e-01
1.520856858790918e-01
1.949878886137450e-01
2.478755954974536e-01
3.116635642075437e-01
3.863561276595346e-01
4.710812444320865e-01
5.632913895633379e-01
6.591562278508776e-01
7.537166284769131e-01
8.457579949972163e-01
9.780276347339072e-01
###2.800000000000000e+00
5.108658960186066e-08
1.733436149168940e-11
1.737123507210673e-10
-1.808909086476962e-08
7.801542170851876e-10
1.986242615958334e-10
3.840084857277450e-09
3.332075008662253e-10
4.283971771600236e-10
4.602558110935609e-10
3.672830571009336e-10
3.828248630860707e-10
3.579374305626696e-10
3.936451896562072e-10
4.241864748753166e-10
4.563511511756492e-10
5.057108893534747e-10
6.127566107213447e-10
7.526727888387128e-10
9.340680713849412e-10
1.194720011101193e-09
1.542557011086804e-09
2.005374444308017e-09
2.635249181718399e-09
3.445950723363906e-09
4.540131850011094e-09
5.999809325418347e-09
7.883928404789272e-09
1.049402374957379e-08
1.395563323959021e-08
1.855438581543324e-08
2.463668880634178e-08
3.267260810531440e-08
4.335050518046011e-08
5.747756862462806e-08
7.620736812147440e-08
1.009195680819341e-07
1.336309119799279e-07
1.768256786851941e-07
2.339892728090866e-07
3.093393219296734e-07
4.088758485835260e-07
5.403607385910270e-07
7.137054684796419e-07
9.421497830781159e-07
1.243052169831123e-06
1.639777229200854e-06
2.161236149070910e-06
2.845549983506252e-06
3.751407047291273e-06
4.938045258731607e-06
6.497891498767144e-06
8.545752393375795e-06
1.124566767433681e-05
1.475124484619007e-05
1.935979470089188e-05
2.539012919579727e-05
3.330729386020738e-05
4.365816310363815e-05
5.715789968475969e-05
7.490397626372750e-05
9.799959705935167e-05
1.282554268568069e-04
1.678437767949252e-04
2.191514069866117e-04
2.864111992299985e-04
3.739298864492845e-04
4.881524488177685e-04
6.369046547149465e-04
8.326844003350076e-04
1.087608071021119e-03
1.420472775538835e-03
1.854753155773358e-03
2.423704560904139e-03
3.166504828564432e-03
4.132970143673777e-03
5.407535447234994e-03
7.074312804862409e-03
9.252911803902112e-03
1.210696848863209e-02
1.584852765900965e-02
2.075512955461394e-02
2.719388814131763e-02
3.561577773729516e-02
4.656698891262442e-02
6.079869343396323e-02
7.910223587340254e-02
1.025149409924573e-01
1.322928016781487e-01
1.698111201311930e-01
2.164029828634859e-01
2.731237356619156e-01
3.405314320246725e-01
4.181735359300883e-01
5.045423017069450e-01
5.965603180954134e-01
6.899715768066542e-01
7.797200461471445e-01
8.644101065789396e-01
9.810324153530834e-01
###3.200000000000000e+00
5.078073933404081e-08
5.899101671013988e-11
1.489776452104274e-10
-1.805575933314621e-08
7.850939973377030e-10
2.659626328616287e-10
3.789555059886239e-09
3.924826497527826e-10
4.760170423728286e-10
5.406971838509491e-10
4.500988144092442e-10
4.514147766149633e-10
4.244972772330827e-10
4.679079209693861e-10
5.037728532558772e-10
5.279417995313485e-10
5.842954111082179e-10
7.052391858103570e-10
8.514184360670338e-10
1.050042806020938e-09
1.328146941939462e-09
1.702782497629307e-09
2.200164261482541e-09
2.885961714400531e-09
3.763129037916007e-09
4.950055029135941e-09
6.526925018302848e-09
8.552972835742559e-09
1.137430984758237e-08
1.512124720388150e-08
2.009378906303377e-08
2.667711544416356e-08
3.538774284106433e-08
4.695826519711863e-08
6.229160354846849e-08
8.258903104274174e-08
1.093937240658077e-07
1.448876605197109e-07
1.917950362075717e-07
2.538636551709939e-07
3.357307303129672e-07
4.439038075528323e-07
5.868653794038684e-07
7.755214303825233e-07
1.024079131280785e-06
1.351699181282422e-06
1.783922315686800e-06
2.352213077951753e-06
3.098376143135721e-06
4.087095516290026e-06
5.382859259183617e-06
7.088081321073501e-06
9.326969785975549e-06
1.228199647349909e-05
1.612017796007279e-05
2.117178517213952e-05
2.778107946681231e-05
3.648532867804185e-05
4.786705528105334e-05
6.272987516477886e-05
8.230513810063753e-05
1.077935090949704e-04
1.412346730773401e-04
1.851014230410167e-04
2.419846049604462e-04
3.166978108340036e-04
4.140894797895523e-04
5.414722775065677e-04
7.075917888267669e-04
9.267152448420884e-04
1.212588274578596e-03
1.586653544486104e-03
2.075583645300556e-03
2.717089053385872e-03
3.556087312271907e-03
4.648768182045011e-03
6.092481605154756e-03
7.981715596904313e-03
1.045225480265637e-02
1.368957704171884e-02
1.792967789990615e-02
2.348731437791670e-02
3.076761137599782e-02
4.026873316849890e-02
5.258193755058133e-02
6.851867019710989e-02
8.890810685368759e-02
1.148305388219419e-01
1.475444855202310e-01
1.883857974725142e-01
2.385525226305477e-01
2.988669408019137e-01
3.694821625169203e-01
4.495512455353524e-01
5.369803684231340e-01
6.282377349193335e-01
7.187946998198841e-01
8.036222586463302e-01
8.812630266053229e-01
9.837042785490580e-01
###3.600000000000000e+00
5.046331307088226e-08
6.606224509457655e-11
1.432931553128661e-10
-1.804016046335904e-08
8.506213818276493e-10
3.197686225775896e-10
3.742550094051627e-09
4.619387566250483e-10
5.754252397439198e-10
6.256242638056349e-10
5.277992404326875e-10
5.282917654241365e-10
4.994967981259976e-10
5.406269514177993e-10
5.843632927475724e-10
6.140682093515984e-10
6.776045075256132e-10
8.085765234921088e-10
9.658969483584446e-10
1.183185577634199e-09
1.479334424093104e-09
1.885947357006210e-09
2.415512224799204e-09
3.162929313932747e-09
4.113404179143015e-09
5.399117354650714e-09
7.106980758827789e-09
9.304685448099315e-09
1.233744353650051e-08
1.639158300735635e-08
2.177891137855022e-08
2.890329801745608e-08
3.834259507712017e-08
5.088152374377769e-08
6.751308116346269e-08
8.953729823681281e-08
1.186211332231124e-07
1.571551876605920e-07
2.080893488358220e-07
2.755207643604973e-07
3.645069234843729e-07
4.820984485859920e-07
6.376150724979029e-07
8.429728798807980e-07
1.113601123763814e-06
1.470435459118990e-06
1.941481364756066e-06
2.561188226602234e-06
3.375285337025000e-06
4.454972388151045e-06
5.870763088155095e-06
7.735936581598043e-06
1.018501112071463e-05
1.342216421994633e-05
1.762809001554328e-05
2.316873511161742e-05
3.042097260572486e-05
3.999699850968188e-05
5.252385780047725e-05
6.890100573220579e-05
9.051045340017993e-05
1.186664676395098e-04
1.556703042621372e-04
2.043142518846134e-04
2.674322943742029e-04
3.505107697580440e-04
4.589666763233016e-04
6.011307598124047e-04
7.867736997200080e-04
1.032162232226091e-03
1.352774063499647e-03
1.773145954463053e-03
2.323386875620937e-03
3.046422035831475e-03
3.993140592644299e-03
5.227291864203675e-03
6.859585577173368e-03
8.996668377137539e-03
1.179111913520857e-02
1.545179224214110e-02
2.024126002721483e-02
2.651082012718319e-02
3.470593957988134e-02
4.537038763081808e-02
5.913973639684203e-02
7.687938353856397e-02
9.944789969963859e-02
1.279522561722135e-01
1.636362094151472e-01
2.077669886658374e-01
2.613802004246255e-01
3.250390155795366e-01
3.984977806038091e-01
4.804985360069650e-01
5.684428416389535e-01
6.584449042571761e-01
7.458050508775729e-01
8.256251170817231e-01
8.965030055002062e-01
9.860703696060356e-01
###4.000000000000000e+00
5.019423793989325e-08
1.235346217813108e-10
1.667290336082165e-10
-1.798661438329948e-08
9.176081602781200e-10
3.797625924639941e-10
3.701538567663042e-09
5.298609273782021e-10
6.650900189849660e-10
6.933540878187013e-10
6.148430352089125e-10
6.092725430629321e-10
5.817592858870731e-10
6.246886718677802e-10
6.773963921466944e-10
7.092721546081652e-10
7.818223167648808e-10
9.227711584758861e-10
1.094200110537382e-09
1.328053354765221e-09
1.653647100287813e-09
2.090451869103418e-09
2.664191905857081e-09
3.469969256822982e-09
4.501529971317821e-09
5.895602998596032e-09
7.744640486295540e-09
1.012566190340061e-08
1.339623641757071e-08
1.778034132887260e-08
2.361938306974930e-08
3.133661852495408e-08
4.157102656579126e-08
5.517403583443235e-08
7.320256943469646e-08
9.710480877796972e-08
1.286816808801986e-07
1.705084492249123e-07
2.258750414966164e-07
2.990764685539384e-07
3.958934712954139e-07
5.237905750499707e-07
6.929999788798212e-07
9.166475341909656e-07
1.211424460705185e-06
1.600265822203303e-06
2.113918531059389e-06
2.790013294361588e-06
3.678727113948499e-06
4.858512441776886e-06
6.406212267265493e-06
8.448038190529568e-06
1.112897774353932e-05
1.467677279257825e-05
1.928947861047142e-05
2.537172839993164e-05
3.333739713740262e-05
4.387875931182318e-05
5.768036058220442e-05
7.574228929881898e-05
9.960612553298167e-05
1.307503920818268e-04
1.717328686881849e-04
2.257075430194605e-04
2.958151498074601e-04
3.882593454840036e-04
5.091377597424984e-04
6.678371943806447e-04
8.754053304409617e-04
1.150214184346809e-03
1.509860184314456e-03
1.982125689737557e-03
2.601119252687671e-03
3.415315099906140e-03
4.482494342607300e-03
5.875755379318186e-03
7.716501839646365e-03
1.012850832975911e-02
1.328084032397754e-02
1.740786699524732e-02
2.279869438889942e-02
2.984299034754686e-02
3.902653145611365e-02
5.093889268819891e-02
6.625589930360634e-02
8.589454657857543e-02
1.107262705028154e-01
1.418710992204818e-01
1.805442365512714e-01
2.279125657785613e-01
2.848345761536468e-01
3.515781844659107e-01
4.275212121261680e-01
5.109834420991647e-01
5.989434648378292e-01
6.872459777963918e-01
7.711110685500531e-01
8.458763959468268e-01
9.102765963001750e-01
9.881656437052331e-01
###4.399999999999999e+00
4.989906482447108e-08
1.015299706726898e-10
1.952348136874311e-10
-1.795981765812972e-08
9.367667928106603e-10
4.584290348939234e-10
3.689118978506687e-09
6.085324472216024e-10
7.556213789627044e-10
7.350488772800227e-10
7.070347095948563e-10
7.040350656628391e-10
6.701269610278273e-10
7.275172309096078e-10
7.747396429915348e-10
8.156359478951159e-10
8.989983853265613e-10
1.054434346052469e-09
1.236118010701927e-09
1.492403829129964e-09
1.845633347863814e-09
2.317208899652659e-09
2.941950642113693e-09
3.811622171709732e-09
4.930714111405826e-09
6.442620737217505e-09
8.441321299113154e-09
1.103297473331740e-08
1.455794469487848e-08
1.929931633413902e-08
2.562124448180814e-08
3.399503003967860e-08
4.508625218730907e-08
5.986349104434808e-08
7.941184081658436e-08
1.053518833201799e-07
1.396392688797891e-07
1.850853534648772e-07
2.452612117650112e-07
3.247452724410702e-07
4.301469772677063e-07
5.693032738450939e-07
7.534926473995246e-07
9.968182681068783e-07
1.318352023753156e-06
1.742313606259382e-06
2.302759163217412e-06
3.040607455124182e-06
4.011355294750705e-06
5.301195660965166e-06
6.994413969050184e-06
9.230384069792706e-06
1.216735337973272e-05
1.605837552382875e-05
2.112092096630684e-05
2.780293450755213e-05
3.656095968115608e-05
4.817285922096757e-05
6.339081886892964e-05
8.332539192858695e-05
1.096949899353379e-04
1.441771132977879e-04
1.896022751223751e-04
2.495316787212850e-04
3.274596946801154e-04
4.303830088816269e-04
5.651601756101761e-04
7.423996304121717e-04
9.745388597183826e-04
1.282331676148818e-03
1.685636073245382e-03
2.216036642021878e-03
2.911816722086097e-03
3.827826580311091e-03
5.029420095430772e-03
6.601404761285642e-03
8.671306639640573e-03
1.138690280855906e-02
1.493364309093005e-02
1.957108898392922e-02
2.561813703051413e-02
3.350177691422808e-02
4.374901022601387e-02
5.699347371793790e-02
7.394738386804636e-02
9.557059588326622e-02
1.227426766275754e-01
1.565791796871543e-01
1.982426915113690e-01
2.487841775676133e-01
3.088501566345146e-01
3.784121471183147e-01
4.564685040195620e-01
5.409559952162845e-01
6.284647784025582e-01
7.146563844495560e-01
7.947711845698345e-01
8.644513760891589e-01
9.226677561389025e-01
9.900126664472537e-01
###4.800000000000000e+00
4.963844903388446e-08
4.849049267159119e-11
2.279566424881539e-10
-1.791933282010844e-08
9.900952812411010e-10
5.244721580442307e-10
3.640175191241140e-09
7.071182806947311e-10
8.628840027222539e-10
8.303383957054625e-10
8.011515623045556e-10
7.972284249034127e-10
7.618888385575903e-10
8.233313098988437e-10
8.775743661129866e-10
9.280926266416239e-10
1.020788712965115e-09
1.185866616761278e-09
1.386981890142221e-09
1.666728252366360e-09
2.049419494836670e-09
2.561241954050840e-09
3.245728879820332e-09
4.179939814726478e-09
5.396221215025464e-09
7.030421216273770e-09
9.190301735817925e-09
1.201033858450005e-08
1.582034183614394e-08
2.096003234055802e-08
2.781124880843547e-08
3.688862517071365e-08
4.891232125558008e-08
6.494915014539756e-08
8.616563785564035e-08
1.143388674236924e-07
1.515857288318367e-07
2.009659023096978e-07
2.663945932918859e-07
3.527818082585019e-07
4.674957137394162e-07
6.189901141843392e-07
8.195813162908610e-07
1.084806172438920e-06
1.435267012559060e-06
1.897763401129223e-06
2.509401836152312e-06
3.315374618884978e-06
4.376435907311136e-06
5.787221907168655e-06
7.640838378801645e-06
1.009101295056320e-05
1.331038631372234e-05
1.758023776545672e-05
2.314143016897930e-05
3.048766183311048e-05
4.012537756767912e-05
5.292586897396710e-05
6.971660369204180e-05
9.173671577721864e-05
1.209004555895613e-04
1.591030062630789e-04
2.094881064498103e-04
2.760641851959658e-04
3.627389385270675e-04
4.773758920157217e-04
6.277160341320994e-04
8.256962751951280e-04
1.085301607919727e-03
1.429965646109622e-03
1.882112174584469e-03
2.477338430770111e-03
3.258802167953763e-03
4.288075959191824e-03
5.639110602198258e-03
7.408365470628782e-03
9.732607169687862e-03
1.278204978418714e-02
1.676149519090056e-02
2.195584077060813e-02
2.871574353749151e-02
3.750476838333756e-02
4.889189511654136e-02
6.354998567543063e-02
8.222753778105263e-02
1.059199999319446e-01
1.355003872400195e-01
1.720646181694728e-01
2.167072013746420e-01
2.703252444403116e-01
3.333693149464170e-01
4.054757250206844e-01
4.852711735369120e-01
5.703446068733992e-01
6.569719030344593e-01
7.406798358418060e-01
8.168240397470348e-01
8.814279474152474e-01
9.337677703861155e-01
9.916311337441138e-01
###5.200000000000000e+00
4.935134252101106e-08
3.404819381238990e-11
2.385437161551540e-10
-1.788320309578556e-08
1.027103462766563e-09
5.869260931732784e-10
3.613437359164676e-09
7.847613213473243e-10
9.420598617160225e-10
9.187131722093023e-10
8.937602273611792e-10
8.912119420096454e-10
8.643532511277707e-10
9.233607746180656e-10
9.868736805162438e-10
1.045876613460228e-09
1.147298648817290e-09
1.325821560812715e-09
1.552712503750903e-09
1.853022550964898e-09
2.268472485302375e-09
2.823379002748185e-09
3.569195266611286e-09
4.579033048012202e-09
5.900714789733321e-09
7.659906773781480e-09
1.000178373390299e-08
1.307317599183764e-08
1.719709317807461e-08
2.276500299081136e-08
3.019350868152554e-08
4.003782603575662e-08
5.308916538536918e-08
7.048358716106766e-08
9.352851083565219e-08
1.241330918366382e-07
1.646162002839502e-07
2.182868036721443e-07
2.894478342905461e-07
3.834625194127573e-07
5.082651166863504e-07
6.732501808961606e-07
8.918427252513454e-07
1.180991320731078e-06
1.563177628968887e-06
2.068005519523775e-06
2.735875333861518e-06
3.616817047950266e-06
4.777648001879574e-06
6.321948601879883e-06
8.351258737607225e-06
1.103779565683060e-05
1.456930491737222e-05
1.925787975229715e-05
2.537112711121627e-05
3.345376408335002e-05
4.406768949950890e-05
5.818826274652962e-05
7.672758918500047e-05
1.010701214737094e-04
1.333454823138795e-04
1.756946052915215e-04
2.316126649820146e-04
3.056108080682912e-04
4.020535898606117e-04
5.297821175729402e-04
6.975042331972332e-04
9.186406803452890e-04
1.208954920856945e-03
1.594771075002251e-03
2.101375586613610e-03
2.768833859531313e-03
3.645605772979989e-03
4.800766697866423e-03
6.317141980946472e-03
8.303913489172162e-03
1.090902159805887e-02
1.432472830025942e-02
1.877652192236427e-02
2.457685007215872e-02
3.210740181711236e-02
4.187040500184096e-02
5.447431360128729e-02
7.063072065693039e-02
9.111321686052391e-02
1.169489607888697e-01
1.489970294834300e-01
1.883181502197656e-01
2.359026920335735e-01
2.924806521256038e-01
3.583226085634782e-01
4.326886637083645e-01
5.138567008729334e-01
5.990886811649769e-01
6.844098424482589e-01
7.652944400084510e-01
8.372898026471955e-01
8.968662667136769e-01
9.436478283239970e-01
9.930389108624985e-01
###5.600000000000001e+00
4.905654106515691e-08
3.865576503533715e-10
2.619905173307413e-10
-1.783599171608035e-08
1.087765090041061e-09
6.533152297780395e-10
3.594646574187625e-09
8.944569876587010e-10
1.045511034087837e-09
1.028429101487516e-09
1.007097322577727e-09
1.012392167402446e-09
9.799498276698992e-10
1.043853700525302e-09
1.118732356222233e-09
1.179802307900797e-09
1.297910763960164e-09
1.490742414445040e-09
1.739102770151306e-09
2.069648009819888e-09
2.521763923807564e-09
3.126136737109818e-09
3.936915268493508e-09
5.030813965950783e-09
6.467097038052243e-09
8.370783768183431e-09
1.091327799076003e-08
1.425101567048359e-08
1.870469014432123e-08
2.473586103824892e-08
3.280608783268655e-08
4.348257672005663e-08
5.765120833233336e-08
7.652428523574997e-08
1.015529796874164e-07
1.348177076466322e-07
1.788202829207872e-07
2.371837284050160e-07
3.145737124274133e-07
4.169365742793167e-07
5.528036657442602e-07
7.325567967201915e-07
9.708176543136760e-07
1.286262175201268e-06
1.703257931615329e-06
2.254479279973149e-06
2.984255656022300e-06
3.947545178865382e-06
5.218541276610131e-06
6.909473443075394e-06
9.132990999238191e-06
1.208038865220397e-05
1.595697085841991e-05
2.110926692626198e-05
2.783367754648070e-05
3.673238951649530e-05
4.842972741577519e-05
6.401350271149966e-05
8.449760060908449e-05
1.114262619866877e-04
1.471728995519098e-04
1.941345658060933e-04
2.562199281198029e-04
3.384933809932054e-04
4.458481805325853e-04
5.881861915246827e-04
7.753079169672264e-04
1.022279701752207e-03
1.346776951524165e-03
1.778503003540280e-03
2.345696694064727e-03
3.093383450870512e-03
4.076017106991819e-03
5.370462653287658e-03
7.069510913002806e-03
9.295560720512165e-03
1.220917399067011e-02
1.602554907514532e-02
2.099184390444443e-02
2.744903554992708e-02
3.581012674001589e-02
4.661527589708069e-02
6.051257320146514e-02
7.824583945924832e-02
1.006153602999273e-01
1.286664592406126e-01
1.632278788843380e-01
2.053190417008758e-01
2.557993146372363e-01
3.152249890040977e-01
3.836469915137279e-01
4.599722551534544e-01
5.421390509698478e-01
6.271164998021784e-01
7.107347217312713e-01
7.884932881576739e-01
8.561996472252329e-01
9.108267260129713e-01
9.523891652310617e-01
9.942546998944121e-01
###6.000000000000001e+00
4.877475295614402e-08
4.033517216577379e-10
3.067857533022432e-10
-1.778655369549048e-08
1.139541236017417e-09
7.192187832857533e-10
3.615470169680758e-09
1.009625663061303e-09
1.170266688114340e-09
1.149990301513771e-09
1.131196706296568e-09
1.144076352452544e-09
1.117437406916922e-09
1.186219402524228e-09
1.265183195450405e-09
1.339870543028107e-09
1.473347620266760e-09
1.684659260351328e-09
1.954683382379237e-09
2.319977151936952e-09
2.810602400017467e-09
3.467008433879677e-09
4.349073918157506e-09
5.534386759547382e-09
7.097004790877584e-09
9.164617907148856e-09
1.192658220211142e-08
1.555173739781490e-08
2.036570307996670e-08
2.690332203934272e-08
3.566617865350421e-08
4.725379681694685e-08
6.262905050883338e-08
8.311429290580668e-08
1.103078619347120e-07
1.464871904353266e-07
1.943109105370632e-07
2.578142787746424e-07
3.420174740661547e-07
4.535222489164094e-07
6.014967375908984e-07
7.974284110184947e-07
1.057118892638445e-06
1.401507522159938e-06
1.856703834025580e-06
2.458930820034483e-06
3.256819996981785e-06
4.310762423257922e-06
5.703102445041649e-06
7.555644177520850e-06
9.993578264711030e-06
1.322900156358073e-05
1.748733495876909e-05
2.315330629747937e-05
3.055443119810934e-05
4.035788609377440e-05
5.325963106896140e-05
7.046856094216050e-05
9.311751133668600e-05
1.229191805025776e-04
1.625248101259416e-04
2.146345905137439e-04
2.836019748408377e-04
3.750966877843247e-04
4.946012635692411e-04
6.532181240786741e-04
8.619549100618936e-04
1.137736127414643e-03
1.500344266925084e-03
1.983065435030673e-03
2.617585298576275e-03
3.454287623171168e-03
4.553932026388116e-03
6.002369515787745e-03
7.902552131919007e-03
1.039118715746743e-02
1.364269214826704e-02
1.789592083306101e-02
2.342064390287523e-02
3.058740257223345e-02
3.984036504065415e-02
5.175700066416609e-02
6.702323574664650e-02
8.641421549971971e-02
1.107454041434835e-01
1.410727816021605e-01
1.781877959886820e-01
2.230384454361170e-01
2.763559940087524e-01
3.384954862118447e-01
4.092656412931097e-01
4.872382597626120e-01
5.700293142819645e-01
6.543446958784047e-01
7.358868173207255e-01
8.102588655277506e-01
8.735764589888503e-01
9.233756641881267e-01
9.600662129033679e-01
9.952924016314221e-01
###6.400000000000001e+00
4.856294086858921e-08
4.344102424891789e-10
3.550910542757152e-10
-1.771972627793519e-08
1.196411240735928e-09
8.400357537121270e-10
3.628141264659196e-09
1.129568248591429e-09
1.302357039286214e-09
1.282038962599873e-09
1.260421277930790e-09
1.285516658835701e-09
1.261407312241902e-09
1.339840461420653e-09
1.424719578827784e-09
1.512928463307457e-09
1.668453724475352e-09
1.892833315534718e-09
2.195319497901488e-09
2.590861970472638e-09
3.127960930035935e-09
3.842874874356160e-09
4.801438298132108e-09
6.088253022955644e-09
7.785376798261600e-09
1.003350753727452e-08
1.303759418891156e-08
1.696674264638924e-08
2.218200423987702e-08
2.927550638092012e-08
3.878090709351909e-08
5.136015946836035e-08
6.806775542803195e-08
9.031988540097137e-08
1.198790972577524e-07
1.592140363322924e-07
2.112221259644384e-07
2.803300903806257e-07
3.719978128074526e-07
4.934717292354393e-07
6.547322001966091e-07
8.684016401889193e-07
1.151678801800096e-06
1.527636998417425e-06
2.024838477292131e-06
2.683257505109954e-06
3.555913693417553e-06
4.709662278256198e-06
6.235854091435978e-06
8.266613600453342e-06
1.094117226554761e-05
1.449467254145738e-05
1.917544385678866e-05
2.540963282161577e-05
3.356050279148531e-05
4.436898490969452e-05
5.860755019573647e-05
7.762222173449135e-05
1.026752769252481e-04
1.356756000467962e-04
1.795778995551657e-04
2.374165539310966e-04
3.140428864056430e-04
4.157973344794702e-04
5.488469552933054e-04
7.255993987582227e-04
9.584241367817211e-04
1.266203412813228e-03
1.671146619518547e-03
2.210507293882630e-03
2.919716965262599e-03
3.854912278080238e-03
5.083909350986128e-03
6.701815743518293e-03
8.823267104476890e-03
1.159902441791104e-02
1.521936218497596e-02
1.994777239379530e-02
2.607655574486765e-02
3.400691464616752e-02
4.421506605890790e-02
5.731403686146733e-02
7.402469043767161e-02
9.515136714921828e-02
1.215144513899644e-01
1.541761825921015e-01
1.938677075402958e-01
2.414583140112271e-01
2.975318028031655e-01
3.622323222061071e-01
4.351096411250881e-01
5.144069587364233e-01
5.974450384333411e-01
6.807081072436126e-01
7.598363380154552e-01
8.305839680012338e-01
8.894703780032343e-01
9.345824642299831e-01
9.667573230197639e-01
9.961864825757393e-01
###6.800000000000002e+00
4.829250990675877e-08
4.448625911959551e-10
4.471773920321705e-10
-1.765748087141211e-08
1.256097506824163e-09
9.348725039826121e-10
3.665742408204130e-09
1.253507190342673e-09
1.433134961076754e-09
1.420187226426225e-09
1.396791385954002e-09
1.431393735743129e-09
1.417607351725777e-09
1.503370193344070e-09
1.599114412264018e-09
1.703382155345708e-09
1.878385002810573e-09
2.122595916756310e-09
2.455167864772812e-09
2.888844071934929e-09
3.477717341235488e-09
4.254378400723927e-09
5.297985057702463e-09
6.696722958786834e-09
8.538534284125506e-09
1.098455357765967e-08
1.424558743502208e-08
1.851767747694413e-08
2.416595865405142e-08
3.187633410278596e-08
4.218266334790605e-08
5.584730157191877e-08
7.400191447763486e-08
9.817206622564725e-08
1.303103937841082e-07
1.731160677203169e-07
2.296777625139420e-07
3.049357990453913e-07
4.047601268403251e-07
5.371486531650471e-07
7.129685230387690e-07
9.460350683076407e-07
1.255221114464294e-06
1.665760729124923e-06
2.209216089299679e-06
2.929336420706452e-06
3.884335744476262e-06
5.148076826201781e-06
6.821647511605044e-06
9.049004587981756e-06
1.198514469693809e-05
1.589012692853151e-05
2.103830123439837e-05
2.790172808684331e-05
3.688446109673530e-05
4.880791439586090e-05
6.452904430402482e-05
8.555028837124719e-05
1.132740709451548e-04
1.498334137674940e-04
1.985200689624919e-04
2.627294835062817e-04
3.478766356952976e-04
4.610578767181110e-04
6.091730901295844e-04
8.060819753741993e-04
1.065668759628317e-03
1.408990094553384e-03
1.860916376635097e-03
2.463003896595220e-03
3.254790093742705e-03
4.298730422977261e-03
5.670052557028371e-03
7.474477772682654e-03
9.838304170456105e-03
1.292765805547956e-02
1.694981007195694e-02
2.219344663946318e-02
2.897423391028603e-02
3.772409048523392e-02
4.895188525289398e-02
6.330290847780640e-02
8.153344397484615e-02
1.044700322848912e-01
1.329314018755926e-01
1.679712436119931e-01
2.102526774134389e-01
2.605493141916716e-01
3.192788528265991e-01
3.863710548348549e-01
4.610932998272437e-01
5.413902569415009e-01
6.242964334329046e-01
7.061279700608309e-01
7.825229974876572e-01
8.494668956617875e-01
9.039169546196294e-01
9.445239954121041e-01
9.725440478740632e-01
9.969340428634068e-01
###7.200000000000002e+00
4.803764039748952e-08
4.865472407573772e-10
4.893283166604044e-10
-1.758897902380895e-08
1.321402513946239e-09
1.030970084788007e-09
3.691670705400152e-09
1.382794572604700e-09
1.572640004090181e-09
1.564424988576413e-09
1.547393101923183e-09
1.593901416101674e-09
1.583763962477764e-09
1.681166361399463e-09
1.787481260818713e-09
1.910343989642466e-09
2.109441897489514e-09
2.375561943990669e-09
2.739361651013161e-09
3.215226607550715e-09
3.856823283381801e-09
4.706827398223879e-09
5.843315796945508e-09
7.360345082806964e-09
9.363214638985078e-09
1.201861603319673e-08
1.556594014505878e-08
2.020881499501098e-08
2.637376899002608e-08
3.471836093582245e-08
4.590217454203581e-08
6.074206352906695e-08
8.045851179264571e-08
1.067483768850227e-07
1.417088377842534e-07
1.882716053127043e-07
2.498301176474089e-07
3.317945076413031e-07
4.405526216839497e-07
5.849251662903200e-07
7.766658217566164e-07
1.031007527976173e-06
1.368729201854651e-06
1.817155507465198e-06
2.411435616557960e-06
3.199474122028067e-06
4.245111511114866e-06
5.629997050080881e-06
7.466072879387502e-06
9.910548111808504e-06
1.313558721534429e-05
1.743083331583480e-05
2.309501371182760e-05
3.065420260360974e-05
4.055864177209716e-05
5.371874991151058e-05
7.108634369942723e-05
9.433424456883024e-05
1.250244162079367e-04
1.655394975968503e-04
2.195405101532731e-04
2.908269995847681e-04
3.854476490414428e-04
5.113318153182544e-04
6.761843466871165e-04
8.955036086676587e-04
1.184744366536857e-03
1.567517472703046e-03
2.071484750458741e-03
2.742934838727602e-03
3.625836808013301e-03
4.789666298238360e-03
6.317562842954670e-03
8.326400544035731e-03
1.095515783338185e-02
1.438605925858686e-02
1.884418443350543e-02
2.464430315528124e-02
3.212696237648067e-02
4.175388405787396e-02
5.406503632165028e-02
6.973917835333625e-02
8.956293096893389e-02
1.143765448607360e-01
1.449941641929126e-01
1.824483758162517e-01
2.273237432184410e-01
2.802759113000580e-01
3.415477949569197e-01
4.108354749399423e-01
4.871314918406357e-01
5.680910569849781e-01
6.505075386884708e-01
7.305374721732376e-01
8.039204478915218e-01
8.669179540896660e-01
9.169628107988734e-01
9.532776054089628e-01
9.775053967498418e-01
9.975525903910097e-01
###7.600000000000002e+00
4.777379991179878e-08
5.068475285464204e-10
5.396583948890041e-10
-1.751682884849816e-08
1.411656550840878e-09
1.125869718810173e-09
3.736735094329594e-09
1.520615051557104e-09
1.713586387998032e-09
1.725922714763563e-09
1.705003411617731e-09
1.773503165382654e-09
1.765527555707187e-09
1.875035576123537e-09
1.992934690598216e-09
2.135006524392226e-09
2.356395680516143e-09
2.651243760369507e-09
3.050790248176633e-09
3.572104435091253e-09
4.272014188768694e-09
5.201965144983267e-09
6.437665776080788e-09
8.088718659001288e-09
1.026634772813330e-08
1.315664592607608e-08
1.701043327555356e-08
2.205804741436110e-08
2.877689752960131e-08
3.782002648999977e-08
4.996622803763098e-08
6.608400704880091e-08
8.752467189720589e-08
1.161179193740467e-07
1.541533329084894e-07
2.048352355462657e-07
2.718607699708221e-07
3.611661262669014e-07
4.797076171457650e-07
6.371835170089432e-07
8.463935481211799e-07
1.124084292022913e-06
1.493110868196374e-06
1.983223850061872e-06
2.633420404825687e-06
3.496156300286871e-06
4.641712323233595e-06
6.160091452229882e-06
8.175424848915099e-06
1.085970904645658e-05
1.440428897643874e-05
1.913200630089498e-05
2.536596305186671e-05
3.369601151163345e-05
4.462180085434279e-05
5.915438918864162e-05
7.834779079631046e-05
1.040681889236793e-04
1.380558273321990e-04
1.829627041978676e-04
2.428708689443505e-04
3.220284470583749e-04
4.271741834700727e-04
5.671515467393433e-04
7.505951035351887e-04
9.947376307033497e-04
1.316903192812715e-03
1.743293275236005e-03
2.304785272717158e-03
3.052820246281823e-03
4.036150205080665e-03
5.331784160197812e-03
7.031346575773158e-03
9.263909894720363e-03
1.218146027067778e-02
1.598337122340648e-02
2.091415076464094e-02
2.731436445585096e-02
3.554958231352422e-02
4.611232978405225e-02
5.957180857493422e-02
7.664035192411552e-02
9.812660123081779e-02
1.248846139385572e-01
1.577104565524088e-01
1.976056420864864e-01
2.450569647369066e-01
3.005989896257016e-01
3.642816828383049e-01
4.355535656138887e-01
5.131416035807259e-01
5.944177195403739e-01
6.759705133239162e-01
7.538777595012476e-01
8.240061186727716e-01
8.829561795404581e-01
9.286696093211629e-01
9.609280015062138e-01
9.817220667597497e-01
9.980684576103669e-01
###8.000000000000002e+00
4.753895303907596e-08
5.438581320029893e-10
6.015822293718716e-10
-1.743969263672576e-08
1.475050901986182e-09
1.259026816316680e-09
3.782851182184818e-09
1.673037812976003e-09
1.869340375262916e-09
1.886991024610208e-09
1.844022439566200e-09
1.955246792834857e-09
1.961012469981320e-09
2.079023034976607e-09
2.217727220352093e-09
2.365709155644422e-09
2.638266615643255e-09
2.947013874289955e-09
3.389918862599706e-09
3.961444363311274e-09
4.726659112840659e-09
5.742430345729245e-09
7.092614648551368e-09
8.883873672783888e-09
1.125644608063289e-08
1.439319018322057e-08
1.857931671238977e-08
2.407691192296199e-08
3.140966417628558e-08
4.121686775221782e-08
5.440323111803336e-08
7.192442474670710e-08
9.522592456869167e-08
1.263485269692995e-07
1.677461551161214e-07
2.229125997393799e-07
2.959144858783426e-07
3.932853608795599e-07
5.225393534684439e-07
6.943563382615937e-07
9.227288648779349e-07
1.226087430830934e-06
1.629503607639364e-06
2.165416477299961e-06
2.877077124158878e-06
3.822118582114446e-06
5.077681409858031e-06
6.743555899067357e-06
8.956253422201041e-06
1.190561115779787e-05
1.580345746657791e-05
2.100888507247231e-05
2.787391493682068e-05
3.705925464840987e-05
4.911664544655529e-05
6.516991039972657e-05
8.639182967903688e-05
1.148552747968084e-04
1.525011344035871e-04
2.022818805341290e-04
2.687470225814737e-04
3.566353339536723e-04
4.734485633999090e-04
6.290909754534411e-04
8.331127355788917e-04
1.104776318278419e-03
1.463322575319107e-03
1.937969207090423e-03
2.562912797379707e-03
3.395300218420061e-03
4.489120205503894e-03
5.929294844405628e-03
7.816793766895491e-03
1.029339964633600e-02
1.352530174069119e-02
1.772944814815306e-02
2.317036459206599e-02
3.021635591422393e-02
3.925616843231938e-02
5.081489528498388e-02
6.548926826654983e-02
8.402085361961847e-02
1.072370826011222e-01
1.360006223397081e-01
1.710795245368221e-01
2.134351074464534e-01
2.634351363320619e-01
3.214792028998382e-01
3.874176796559657e-01
4.604513280458076e-01
5.390367339682925e-01
6.202894710086292e-01
7.006215469995679e-01
7.760970512151466e-01
8.427647995985977e-01
8.976129245627795e-01
9.391065660794169e-01
9.675627559128197e-01
9.852754181473715e-01
9.984879351060650e-01
###8.400000000000002e+00
4.727629607530860e-08
5.785821718040196e-10
6.572693987993122e-10
-1.736099506425834e-08
1.551354535802790e-09
1.378719007714040e-09
3.823988394286654e-09
1.812806768790330e-09
2.038568381960045e-09
2.060425853894945e-09
2.031790729473896e-09
2.146815121018316e-09
2.168464052782295e-09
2.304298659602695e-09
2.458040879252057e-09
2.629710002220939e-09
2.927393514123488e-09
3.274278884472539e-09
3.758663921668803e-09
4.385478971879149e-09
5.223293714333641e-09
6.331647107847446e-09
7.801899345543061e-09
9.751535818007963e-09
1.233872607953807e-08
1.575180180852766e-08
2.030131755180985e-08
2.628454960053577e-08
3.427562365538211e-08
4.495344496868906e-08
5.925545015318315e-08
7.830425830872291e-08
1.036586676748582e-07
1.375361280647230e-07
1.826004833807978e-07
2.426736144890842e-07
3.222269467738388e-07
4.284182612149746e-07
5.694032625404948e-07
7.569499187965844e-07
1.006387994863394e-06
1.337892006809310e-06
1.779103159884570e-06
2.365410448062430e-06
3.144648007375652e-06
4.180353887309607e-06
5.557376313270739e-06
7.385659389005984e-06
9.816524893878376e-06
1.305857654653920e-05
1.734708213552324e-05
2.308096328025751e-05
3.064494141653083e-05
4.077619339200008e-05
5.408870315420553e-05
7.182612802109893e-05
9.529705004306120e-05
1.268053580685561e-04
1.685074714681169e-04
2.236950882868824e-04
2.974397150785048e-04
3.950086342289945e-04
5.247669625303795e-04
6.977159507184662e-04
9.245320702363837e-04
1.226645062043117e-03
1.625443164142737e-03
2.153289237772205e-03
2.848137333822055e-03
3.773360902169411e-03
4.988449232559733e-03
6.586875589638375e-03
8.679616129470583e-03
1.142187562564614e-02
1.499518339623413e-02
1.963447419240782e-02
2.562495203587091e-02
3.336304797531443e-02
4.326186352733619e-02
5.587713392473307e-02
7.183190561720391e-02
9.189494750676346e-02
1.169067524648602e-01
1.477322331523112e-01
1.850964100286336e-01
2.298943179857119e-01
2.824227607451035e-01
3.428736941347378e-01
4.108989363511142e-01
4.854517997471033e-01
5.647264276726313e-01
6.456041271688306e-01
7.243818939224529e-01
7.971474424680788e-01
8.601938676129602e-01
9.109283478596786e-01
9.483499281697758e-01
9.732717699944121e-01
9.882407460178901e-01
9.988278878415748e-01
###8.800000000000002e+00
4.703045032889137e-08
6.251561675173495e-10
7.117184137484906e-10
-1.727068804030300e-08
1.629571451891182e-09
1.495766729228989e-09
3.886922800046176e-09
1.974928269608218e-09
2.206174370934592e-09
2.244527893886010e-09
2.227764966247358e-09
2.346977898642294e-09
2.391403603274925e-09
2.538291942911440e-09
2.715078353353512e-09
2.920449288662062e-09
3.243969069548535e-09
3.632768729007963e-09
4.159984600732850e-09
4.849206832189789e-09
5.764735277998975e-09
6.974278627424315e-09
8.578186280323700e-09
1.070020264703291e-08
1.351774569149596e-08
1.723246424175618e-08
2.217196953978628e-08
2.869865712285698e-08
3.740152959214146e-08
4.902818369861217e-08
6.454399644936264e-08
8.527309943041917e-08
1.128708454170309e-07
1.497524891178674e-07
1.988332425028339e-07
2.642882065938833e-07
3.510023704192184e-07
4.668339850713401e-07
6.207218843287861e-07
8.255202630689662e-07
1.098081257398064e-06
1.460509738009104e-06
1.943245613150567e-06
2.584985333344575e-06
3.438911722578192e-06
4.574292219125482e-06
6.085174419225639e-06
8.092853763059005e-06
1.076462084770400e-05
1.433007864542166e-05
1.905065962543435e-05
2.536828600314923e-05
3.370776772456745e-05
4.488556571566348e-05
5.958826151122381e-05
7.919211684277688e-05
1.051567857714468e-04
1.400382858089102e-04
1.862401551692831e-04
2.474262578966565e-04
3.292366592447214e-04
4.375370859925667e-04
5.816276418434084e-04
7.737520292691388e-04
1.025788709795968e-03
1.361519200797077e-03
1.804691635876461e-03
2.391143553435332e-03
3.162912029066025e-03
4.190011420330117e-03
5.538010528871183e-03
7.309309219097646e-03
9.625738818754117e-03
1.265649650157875e-02
1.659986375371287e-02
2.171135552645127e-02
2.829004564793167e-02
3.676828929231839e-02
4.758124589246424e-02
6.131352432547926e-02
7.861482471295747e-02
1.002751356360543e-01
1.271460413574768e-01
1.600802894871004e-01
1.997574526457442e-01
2.469921779904092e-01
3.019853064301145e-01
3.647251245755453e-01
4.346508704734376e-01
5.104670672880719e-01
5.901203615885188e-01
6.702890825309042e-01
7.471879189604879e-01
8.169982260115888e-01
8.762984295034304e-01
9.229510417074412e-01
9.564774501215038e-01
9.781431902840954e-01
9.906924403250089e-01
9.990979103306923e-01
###9.200000000000003e+00
4.678781216720313e-08
6.688423018701241e-10
7.714177265099793e-10
-1.719008837765538e-08
1.723614819311536e-09
1.602846840145711e-09
3.959235188103986e-09
2.138706345849745e-09
2.395069239593376e-09
2.438592613932653e-09
2.440735736087227e-09
2.570811836918049e-09
2.628564104554260e-09
2.796612832089602e-09
2.991807789900391e-09
3.228895282681001e-09
3.587091004614301e-09
4.016638149372088e-09
4.596619613004757e-09
5.352306546743069e-09
6.354344674419492e-09
7.674183751132828e-09
9.423944565537776e-09
1.174108532697519e-08
1.480643883405383e-08
1.883987000615939e-08
2.421772526897998e-08
3.133480470256326e-08
4.077958986156711e-08
5.346377319369722e-08
7.033077364004875e-08
9.288608250547195e-08
1.229314728781351e-07
1.631094808782309e-07
2.165733012995390e-07
2.879256725505509e-07
3.825122950225220e-07
5.088773548592314e-07
6.769241014582032e-07
9.006355673655578e-07
1.198584835960297e-06
1.595003428599796e-06
2.123487375429073e-06
2.826243482669643e-06
3.762356586037921e-06
5.007487202533560e-06
6.666153294184132e-06
8.872057961649522e-06
1.180995350012370e-05
1.573248103184876e-05
2.093057312210968e-05
2.789396974213075e-05
3.709178025849941e-05
4.942722533331485e-05
6.567300642907390e-05
8.734426957761287e-05
1.160975277453655e-04
1.546883580838986e-04
2.058741370409852e-04
2.737055496202498e-04
3.644430970538595e-04
4.846111951814206e-04
6.445592532138561e-04
8.578870308532818e-04
1.137748397109886e-03
1.510561646992641e-03
2.002640301780510e-03
2.653548139594580e-03
3.509787686112396e-03
4.648491119835360e-03
6.141740509745059e-03
8.101721580214761e-03
1.066127398252768e-02
1.400519614045177e-02
1.834792924504556e-02
2.396756519378748e-02
3.117748334431892e-02
4.044595029762559e-02
5.222943756765185e-02
6.713884785785885e-02
8.584576772026889e-02
1.091732574785767e-01
1.379590298835187e-01
1.730449491048092e-01
2.150623749510575e-01
2.647089021531903e-01
3.220860644464748e-01
3.869750746733217e-01
4.586062409743711e-01
5.354222245099896e-01
6.151354565592261e-01
6.942621385318212e-01
7.689859026981695e-01
8.356280945837162e-01
8.910987880517824e-01
9.337382812140131e-01
9.635730290281215e-01
9.822684127202359e-01
9.927013848925077e-01
9.993196295746199e-01
###9.600000000000003e+00
4.655959567592420e-08
7.187147842874996e-10
8.412000736758748e-10
-1.711156705614697e-08
1.811351399048479e-09
1.725354108782471e-09
4.042937720513272e-09
2.315197135362127e-09
2.584090036920883e-09
2.650628482091966e-09
2.668557458714101e-09
2.804314856065395e-09
2.883295515051142e-09
3.072283709260232e-09
3.294568879312355e-09
3.561963399184663e-09
3.958053762019367e-09
4.442039866431086e-09
5.070035775221258e-09
5.899284349644175e-09
6.996687982636065e-09
8.437330092295978e-09
1.034681980214247e-08
1.287123913567453e-08
1.621643955662830e-08
2.059258913030905e-08
2.645432540457390e-08
3.420817835327702e-08
4.446386934233731e-08
5.826558827703225e-08
7.664784431355908e-08
1.011945333150950e-07
1.339255426872069e-07
1.777001904278550e-07
2.359652222331744e-07
3.137873818310375e-07
4.169694938271933e-07
5.549116951877262e-07
7.383249470691176e-07
9.829528957467579e-07
1.308799968796194e-06
1.742617740940223e-06
2.321320836888287e-06
3.091568063805641e-06
4.117885906230244e-06
5.484146964293872e-06
7.305664299853794e-06
9.730099235504493e-06
1.296146457928296e-05
1.727924293373892e-05
2.300520927352788e-05
3.067836296301769e-05
4.082961345432697e-05
5.444814653570857e-05
7.240048276035262e-05
9.636673130052475e-05
1.282241452635547e-04
1.709052849879689e-04
2.276091522331007e-04
3.027937200175204e-04
4.034053733053211e-04
5.367051008259597e-04
7.141528316217359e-04
9.508946446648194e-04
1.261453637617510e-03
1.675124705440511e-03
2.220908524241572e-03
2.942645974713528e-03
3.891435866129889e-03
5.152292392035795e-03
6.804144381879952e-03
8.969368431052196e-03
1.179333433135405e-02
1.547558325686136e-02
2.024978259349218e-02
2.641455640960678e-02
3.430194481261166e-02
4.440974486742196e-02
5.722005151052453e-02
7.336843422394931e-02
9.354632257599482e-02
1.186020841482152e-01
1.493563323687017e-01
1.866301630687103e-01
2.310010058432777e-01
2.830145335005142e-01
3.426899038411694e-01
4.095781140574706e-01
4.826930749922455e-01
5.602274338246404e-01
6.396857586249042e-01
7.174584597379189e-01
7.897323516819545e-01
8.530226261751666e-01
9.046270874052980e-01
9.433555806807974e-01
9.697201443505431e-01
9.857289840385943e-01
9.943277009802135e-01
9.994904454848603e-01
###1.000000000000000e+01
4.631517684385374e-08
7.742299910205673e-10
8.843503858119951e-10
-1.700528970910482e-08
1.921520228079844e-09
1.868688008355105e-09
4.139344883040757e-09
2.501192387247929e-09
2.786778224781461e-09
2.875484667008967e-09
2.908172745802872e-09
3.053889853986971e-09
3.154983063268871e-09
3.371343675175958e-09
3.616198262671467e-09
3.921451588318182e-09
4.354711236022578e-09
4.883580115320655e-09
5.583820432978628e-09
6.493544397985431e-09
7.695583423931517e-09
9.257249959393527e-09
1.135196207781156e-08
1.410112151116914e-08
1.774577839428412e-08
2.250763542451264e-08
2.888835974125545e-08
3.733953998752955e-08
4.848432922222293e-08
6.351708611941691e-08
8.356046982330132e-08
1.102793843592365e-07
1.459399824031057e-07
1.936495125996191e-07
2.571734958774410e-07
3.420700633752708e-07
4.546564226301303e-07
6.053351576795585e-07
8.057838018624738e-07
1.073201109316363e-06
1.429698396743847e-06
1.904710616018748e-06
2.538566740772831e-06
3.383218640915087e-06
4.508919041581074e-06
6.008986488296548e-06
8.010059695991812e-06
1.067560779738195e-05
1.423107367949695e-05
1.898574522899861e-05
2.529551203711121e-05
3.375401690419933e-05
4.496034546670210e-05
5.999864971494388e-05
7.983996293317923e-05
1.063482902091831e-04
1.416308674390622e-04
1.888499522930549e-04
2.516548076808886e-04
3.349696228697969e-04
4.464869908310269e-04
5.942981994053715e-04
7.910703224525910e-04
1.053637756690838e-03
1.398006200343402e-03
1.856576612757287e-03
2.461424989358820e-03
3.260808136316040e-03
4.310809065825529e-03
5.705093224022579e-03
7.529723081373956e-03
9.918088059898206e-03
1.302826778622129e-02
1.707642963737390e-02
2.231484655173192e-02
2.906372872163847e-02
3.767589132109379e-02
4.867325768994761e-02
6.256824726526788e-02
8.001519149025461e-02
1.017369926342140e-01
1.285681546955078e-01
1.613385509927161e-01
2.008234846045169e-01
2.475369360305672e-01
3.018815340572049e-01
3.637434333225038e-01
4.324665446182765e-01
5.068314532246584e-01
5.848079931149883e-01
6.636953054867573e-01
7.398054492385833e-01
8.093884371254136e-01
8.691928738077788e-01
9.169196948520354e-01
9.518757393314170e-01
9.750098241364857e-01
9.886080817710028e-01
9.956342473019664e-01
9.996196235909464e-01
###1.040000000000000e+01
4.608570846516825e-08
8.287186793964470e-10
9.114263725656373e-10
-1.691685201013629e-08
2.030752348861741e-09
2.020733959578154e-09
4.247144238652178e-09
2.703137811246593e-09
3.005664042954644e-09
3.107771711573279e-09
3.162220794314293e-09
3.324520640936040e-09
3.454303303299595e-09
3.684987812664020e-09
3.966053136616258e-09
4.310474958617966e-09
4.788070615743264e-09
5.375134355010159e-09
6.142681537266358e-09
7.138660870681212e-09
8.454299749463082e-09
1.016192237309649e-08
1.244558014026319e-08
1.544084880813646e-08
1.941046269293097e-08
2.459721328616158e-08
3.154341688652658e-08
4.075441678769993e-08
5.287796033321203e-08
6.925152998638831e-08
9.110687202847978e-08
1.202127395701266e-07
1.590780466579735e-07
2.110810253928138e-07
2.803357137396363e-07
3.730345403740370e-07
4.959719340787355e-07
6.605929401107782e-07
8.797981711410539e-07
1.172260461615765e-06
1.562375782124051e-06
2.082687076530809e-06
2.777432718199693e-06
3.703856812182535e-06
4.939222640782830e-06
6.586547449453069e-06
8.785671657405418e-06
1.171777177482567e-05
1.562947306617918e-05
2.086835506523503e-05
2.782322239781294e-05
3.715088127632731e-05
4.952264331833692e-05
6.613429947588379e-05
8.806280824041275e-05
1.173884754244310e-04
1.564546281328489e-04
2.086932843398686e-04
2.782479906787596e-04
3.705420221529794e-04
4.941189338368174e-04
6.579325750755518e-04
8.759903606382110e-04
1.167015303714433e-03
1.548574975076576e-03
2.056497661193790e-03
2.726088833671824e-03
3.610437409603724e-03
4.771252573723546e-03
6.310839514273733e-03
8.323406893119223e-03
1.095385354105172e-02
1.437364484241636e-02
1.881580566024642e-02
2.455278555360980e-02
3.192635518196284e-02
4.131022180857032e-02
5.325070797116199e-02
6.828887877011509e-02
8.709636626252452e-02
1.104130993224291e-01
1.390836173012645e-01
1.739088420241092e-01
2.156248223090902e-01
2.646564908118555e-01
3.212717977366198e-01
3.852004653846410e-01
4.555779331676539e-01
5.309486277232177e-01
6.090765090490793e-01
6.870932062572274e-01
7.612487886117478e-01
8.279260123726903e-01
8.841376946048015e-01
9.280271096126506e-01
9.593738327994111e-01
9.795265998963291e-01
9.909834250933505e-01
9.966730614480560e-01
9.997218557443007e-01
###1.080000000000000e+01
4.585632832393186e-08
8.643937111174901e-10
9.844378595570913e-10
-1.680294609987019e-08
2.141469795342400e-09
2.177887853348195e-09
4.360743964051550e-09
2.915480066731543e-09
3.241073656248418e-09
3.358868277871942e-09
3.430150353223811e-09
3.609346288355082e-09
3.768602708799775e-09
4.024650795109829e-09
4.340315631266406e-09
4.724763452809181e-09
5.251869097511750e-09
5.900643750653047e-09
6.746855277794983e-09
7.838930107865506e-09
9.276541083078477e-09
1.114820613074040e-08
1.363687938376358e-08
1.690353198596723e-08
2.122210777909864e-08
2.687638851092707e-08
3.443897298058138e-08
4.448835734768854e-08
5.767292221947425e-08
7.551524174517463e-08
9.935418403512440e-08
1.310583568369857e-07
1.734409326826211e-07
2.301501326594967e-07
3.057148408495818e-07
4.069181890720812e-07
5.412786795194272e-07
7.211703989829987e-07
9.610647593805458e-07
1.280904769185673e-06
1.708102356762456e-06
2.278157656409882e-06
3.039924096402170e-06
4.056457729267684e-06
5.412713667177633e-06
7.222558383015316e-06
9.640165380537248e-06
1.286639773753759e-05
1.717159698261566e-05
2.294543671366209e-05
3.061311008535597e-05
4.090301434022724e-05
5.456225515985425e-05
7.291144676625102e-05
9.715309738726466e-05
1.295860382578300e-04
1.728295052065915e-04
2.306290711070367e-04
3.076356829647162e-04
4.098382956104045e-04
5.467101198488327e-04
7.281673962397217e-04
9.696799292684383e-04
1.291956479862053e-03
1.714367345578508e-03
2.276433410161308e-03
3.016875137093208e-03
3.994182870924870e-03
5.275688707348973e-03
6.973487141084295e-03
9.190105629910494e-03
1.208272317780631e-02
1.583652850264881e-02
2.070300084273509e-02
2.697416524578940e-02
3.501453038921172e-02
4.521725237694752e-02
5.815610270659001e-02
7.439968403710703e-02
9.462241550455028e-02
1.195919564762553e-01
1.501498645232632e-01
1.870647289768128e-01
2.310168872864546e-01
2.823405812177611e-01
3.411504962765137e-01
4.070100674572921e-01
4.788423081814119e-01
5.549735587779757e-01
6.329598878781096e-01
7.098013413985002e-01
7.817445803848637e-01
8.453234046741435e-01
8.978828653304380e-01
9.380041678941871e-01
9.659264769299161e-01
9.833520021571009e-01
9.929248997482315e-01
9.974892987454363e-01
9.997965995884390e-01
###1.120000000000000e+01
4.564120391766634e-08
9.200884502177735e-10
1.060422287166721e-09
-1.666242270505398e-08
2.266382388696308e-09
2.340597254625996e-09
4.480404125548594e-09
3.138443191577082e-09
3.490472591574304e-09
3.626095534820581e-09
3.724679482354126e-09
3.917649398716828e-09
4.101923644741962e-09
4.388673387132959e-09
4.741907041870893e-09
5.172896917900262e-09
5.753107724678311e-09
6.469688303851369e-09
7.399837875207139e-09
8.596305951645569e-09
1.016979909785690e-08
1.221740387104116e-08
1.493062663781691e-08
1.849853232053920e-08
2.319116263256000e-08
2.935513247099790e-08
3.759834773065681e-08
4.855865801547752e-08
6.290518873852412e-08
8.236832284370181e-08
1.083357396454020e-07
1.429095697637997e-07
1.891368372986723e-07
2.510232718399348e-07
3.334891651715217e-07
4.440324194385042e-07
5.909289231739813e-07
7.875894183244718e-07
1.050173769620290e-06
1.400143425565264e-06
1.868049934760919e-06
2.493036849549607e-06
3.328436087583365e-06
4.444231773313239e-06
5.933812990339760e-06
7.922785331554447e-06
1.058161555240707e-05
1.413298004601493e-05
1.887245888696733e-05
2.523735024594647e-05
3.369395980838626e-05
4.504481467743437e-05
6.012981251580366e-05
8.039960017029149e-05
1.071895979273613e-04
1.430650559106054e-04
1.909067429684933e-04
2.548592071592350e-04
3.400977980125461e-04
4.532258324908751e-04
6.047391898028530e-04
8.056063162379351e-04
1.072932390954854e-03
1.429534566969073e-03
1.896739952219183e-03
2.518142193723738e-03
3.336137068830619e-03
4.414772783534037e-03
5.827765124891174e-03
7.697696061002215e-03
1.013527864560029e-02
1.331105629064737e-02
1.742493618580223e-02
2.274725609549750e-02
2.958960558199851e-02
3.833960093507476e-02
4.941022267902235e-02
6.340154162188322e-02
8.090836293501211e-02
1.026079098237752e-01
1.292847906399333e-01
1.617720038000473e-01
2.008031172296230e-01
2.469920590637076e-01
3.005560450819511e-01
3.614701489671697e-01
4.291120006122419e-01
5.021900223089055e-01
5.788203129437178e-01
6.563746994900513e-01
7.317515564024274e-01
8.012364712509596e-01
8.615723662275436e-01
9.104515629446556e-01
9.469078061235942e-01
9.716143321617089e-01
9.865681562338935e-01
9.944984814855300e-01
9.981256775456963e-01
9.998534185376434e-01
###1.160000000000000e+01
4.544516262378084e-08
9.887206189963443e-10
1.143870683900045e-09
-1.653808674688168e-08
2.415781474506716e-09
2.525776872506546e-09
4.622236014034925e-09
3.377295530944943e-09
3.760146572615920e-09
3.909928065344291e-09
4.032491711662530e-09
4.244590698721436e-09
4.465730114333957e-09
4.781697685256500e-09
5.174393328096294e-09
5.656878039833053e-09
6.294062737635399e-09
7.085307920604095e-09
8.108540371757049e-09
9.419832227965635e-09
1.114095764377259e-08
1.337888751262749e-08
1.634012232994977e-08
2.022941716332503e-08
2.533870209489996e-08
3.206438618221473e-08
4.104377582714417e-08
5.300020336671157e-08
6.863277562211859e-08
8.985307024996014e-08
1.181633314869654e-07
1.558811569892052e-07
2.063205060102460e-07
2.738670740039402e-07
3.639238697590967e-07
4.846891134617493e-07
6.453350146221008e-07
8.604132800583550e-07
1.147823213835198e-06
1.531122910406212e-06
2.043829885193143e-06
2.729123900957717e-06
3.645773950443696e-06
4.870884104194544e-06
6.507471604060859e-06
8.694245052897652e-06
1.161963607450607e-05
1.552880688313364e-05
2.074873938440329e-05
2.776615752947264e-05
3.709267425718959e-05
4.961851201670483e-05
6.627696351301135e-05
8.866544718553274e-05
1.182757557149172e-04
1.579436907696989e-04
2.108521801149968e-04
2.816046712883288e-04
3.759018761043201e-04
5.010747719725378e-04
6.687264844421679e-04
8.909354562417873e-04
1.186600676922319e-03
1.580889222067076e-03
2.097206964725219e-03
2.783467853016659e-03
3.686120428406738e-03
4.875244384478433e-03
6.431091453891190e-03
8.487672860012830e-03
1.116454300768829e-02
1.464557543579501e-02
1.914684181621583e-02
2.495755892137149e-02
3.240933365922230e-02
4.191290887110910e-02
5.390286754731070e-02
6.900282005898135e-02
8.782821868936422e-02
1.110628803854865e-01
1.394992702140086e-01
1.739558821592606e-01
2.151189956344514e-01
2.635266924241985e-01
3.192821100141575e-01
3.821881834860878e-01
4.514495017769453e-01
5.255546231182594e-01
6.024189087450197e-01
6.792528532192784e-01
7.528889636406554e-01
8.197022658278230e-01
8.766718619460506e-01
9.218797340856173e-01
9.548026503516631e-01
9.765135513629234e-01
9.892467858254290e-01
9.957588402365218e-01
9.986137236629630e-01
9.998955542196629e-01
###1.200000000000001e+01
4.522998702158980e-08
1.056904202899839e-09
1.237809916502582e-09
-1.642203506090292e-08
2.536824293124267e-09
2.706193789855214e-09
4.776882952192636e-09
3.630018182225579e-09
4.043612490814624e-09
4.209530290917007e-09
4.359059387101984e-09
4.599407901383502e-09
4.849768753710906e-09
5.203467790192726e-09
5.640312992312803e-09
6.178487851195735e-09
6.885863174628694e-09
7.750561820357340e-09
8.874409273409562e-09
1.031296931243526e-08
1.219568160974024e-08
1.464210271366438e-08
1.787352767970555e-08
2.211331069020350e-08
2.768033222553647e-08
3.501725174013854e-08
4.480940381369777e-08
5.784943019923316e-08
7.489379527602148e-08
9.802162321596091e-08
1.289246509382074e-07
1.700722484779912e-07
2.251259489686135e-07
2.988657874833963e-07
3.972844819138575e-07
5.292557146667905e-07
7.049773039775374e-07
9.402923451679368e-07
1.254875641614534e-06
1.674935691316242e-06
2.236962473870059e-06
2.988695876088028e-06
3.994913068468325e-06
5.340400529317745e-06
7.139063135328853e-06
9.544385172559138e-06
1.276351258509605e-05
1.706777664617414e-05
2.281789368657463e-05
3.055573570735471e-05
4.084354879120393e-05
5.466738580310355e-05
7.306006074614594e-05
9.779134480265258e-05
1.305133592205928e-04
1.743653905485667e-04
2.328650630312720e-04
3.111098015889324e-04
4.153943557207492e-04
5.538240504137693e-04
7.392108827166897e-04
9.848704608404889e-04
1.311642326544451e-03
1.747246795694104e-03
2.317260826363657e-03
3.074343183638632e-03
4.069305813121898e-03
5.378709293437776e-03
7.089641071146702e-03
9.348496980213825e-03
1.228366244420719e-02
1.609385263460000e-02
2.101088817349272e-02
2.734420351141879e-02
3.544530889207480e-02
4.574293749729299e-02
5.870716848223675e-02
7.497119552504806e-02
9.517207610807463e-02
1.199982282478500e-01
1.502409465793570e-01
1.866989222968669e-01
2.300053476674900e-01
2.806118314364532e-01
3.384835468461734e-01
4.032649667737245e-01
4.739649682640809e-01
5.488661186663548e-01
6.256940240977097e-01
7.015228956992039e-01
7.731657070418255e-01
8.371122444104384e-01
8.906359872426475e-01
9.322123060153986e-01
9.617603964111341e-01
9.807041122211946e-01
9.914603794164549e-01
9.967606007318597e-01
9.989854847233348e-01
9.999248832962229e-01
###1.240000000000001e+01
4.502741332462810e-08
1.131803181967593e-09
1.331602967814210e-09
-1.627815519277504e-08
2.701424451557621e-09
2.892132043289489e-09
4.946568908485459e-09
3.900639531413993e-09
4.356606380057666e-09
4.532348517839678e-09
4.706433156600398e-09
4.974361971199926e-09
5.266053224347620e-09
5.656728555229744e-09
6.141215511405684e-09
6.739273808521393e-09
7.516523065881628e-09
8.469551195870656e-09
9.703661719143881e-09
1.128146683450351e-08
1.334133910603066e-08
1.601471217370910e-08
1.953985932487390e-08
2.416558239565802e-08
3.023412220296818e-08
3.824172096115648e-08
4.891432891894713e-08
6.313668917182981e-08
8.172581552462812e-08
1.069466895087969e-07
1.406958188338014e-07
1.855992752213614e-07
2.456975117258631e-07
3.262527045334970e-07
4.338075253463402e-07
5.781048407856500e-07
7.703969799299267e-07
1.027929918433094e-06
1.372423516858592e-06
1.832842059091432e-06
2.449100410153425e-06
3.274077818430315e-06
4.378949112813040e-06
5.857062089125668e-06
7.834656486867197e-06
1.048020256142101e-05
1.402356462147769e-05
1.876392891067505e-05
2.510333263105023e-05
3.363236294030352e-05
4.498095208012346e-05
6.023292578736491e-05
8.054379926495140e-05
1.078591425804499e-04
1.440144996768702e-04
1.924778040197966e-04
2.571389615215251e-04
3.436303929579915e-04
4.589062691339977e-04
6.119801520554724e-04
8.167730435854414e-04
1.088183664502760e-03
1.449022531261305e-03
1.929808588598010e-03
2.558505292869013e-03
3.392899070306038e-03
4.488318678343333e-03
5.928243500925278e-03
7.807633034430603e-03
1.028483122465196e-02
1.349866601049858e-02
1.766253849299819e-02
2.302531178633854e-02
2.991596243312388e-02
3.870729432900159e-02
4.984742761944178e-02
6.383637118508478e-02
8.131876491356994e-02
1.029513115495821e-01
1.294211096267170e-01
1.615131622957472e-01
1.999994622876116e-01
2.454471285273197e-01
2.982148707405297e-01
3.581219392498878e-01
4.246460290920053e-01
4.965930006917915e-01
5.720497156888084e-01
6.485680535686468e-01
7.231222678678081e-01
7.925266610058495e-01
8.534535434244908e-01
9.034833424625567e-01
9.415022825096029e-01
9.678508802991340e-01
9.842612345022729e-01
9.932750028191053e-01
9.975488064846652e-01
9.992652597644581e-01
9.999489015601748e-01
###1.280000000000001e+01
4.483082512612884e-08
1.208405951152648e-09
1.484233153539553e-09
-1.611475180725005e-08
2.848470241983635e-09
3.091574380254095e-09
5.134634974343242e-09
4.195406893374253e-09
4.683903682929103e-09
4.880739724640641e-09
5.078539688692947e-09
5.379131938456917e-09
5.713203503764399e-09
6.144535993872762e-09
6.681473361095408e-09
7.345559922914128e-09
8.197274005144642e-09
9.247279734904979e-09
1.060259609037588e-08
1.233313943124048e-08
1.458236616696865e-08
1.750456731031452e-08
2.135179445039573e-08
2.640205548723073e-08
3.301775176659664e-08
4.175624998090974e-08
5.340392769021186e-08
6.890743583954424e-08
8.919159307159120e-08
1.167101388586364e-07
1.535688592999765e-07
2.025902200199739e-07
2.682131218470981e-07
3.562322096353580e-07
4.738101041518207e-07
6.316578820274178e-07
8.421438837859631e-07
1.124080605772016e-06
1.501434911103334e-06
2.006258397459234e-06
2.682262822808422e-06
3.587780585167117e-06
4.801374640189108e-06
6.425951455197082e-06
8.600369808813977e-06
1.151127570050225e-05
1.541163505225246e-05
2.063393388061366e-05
2.762271301765775e-05
3.702462539853679e-05
4.954278441252953e-05
6.636588016818930e-05
8.880008328129317e-05
1.189643878191315e-04
1.589015950175048e-04
2.124428909381175e-04
2.839021637946436e-04
3.794624023694702e-04
5.068186045565539e-04
6.760264990105509e-04
9.020902214161680e-04
1.201727213383308e-03
1.599857822543029e-03
2.130059635364865e-03
2.822768392493104e-03
3.741357830215956e-03
4.945978407613182e-03
6.527540410070482e-03
8.588978179338329e-03
1.130202772524376e-02
1.481593946328454e-02
1.935955884488237e-02
2.519825778118548e-02
3.268318701812575e-02
4.220736226062705e-02
5.423890149730985e-02
6.930333742800245e-02
8.805955623361560e-02
1.111765857455228e-01
1.393407054830500e-01
1.733160547492484e-01
2.138534645812004e-01
2.614313090515207e-01
3.163078043174339e-01
3.781591264668834e-01
4.462735871293512e-01
5.192716003624107e-01
5.950372221856504e-01
6.709780067001679e-01
7.439880105418624e-01
8.109436057759756e-01
8.687207939793357e-01
9.152393996796061e-01
9.498039259953814e-01
9.731461899530899e-01
9.872584129377396e-01
9.947485057133341e-01
9.981633021698405e-01
9.994736649716647e-01
9.999674618249919e-01
###1.320000000000001e+01
4.463742151981506e-08
1.292243661687252e-09
1.591988661685956e-09
-1.594998021335491e-08
3.014683695535774e-09
3.305670049587568e-09
5.327550112710169e-09
4.505622702583405e-09
5.034993938749227e-09
5.251477506215298e-09
5.477989604083469e-09
5.813151104749180e-09
6.185643448873505e-09
6.669665251087754e-09
7.263753163270304e-09
7.997209639568705e-09
8.935468520497978e-09
1.008907264326278e-08
1.157485099117921e-08
1.347406601053278e-08
1.592279147333190e-08
1.912523950057898e-08
2.332480798928047e-08
2.883168150866786e-08
3.605162258313413e-08
4.558914039186436e-08
5.830433899487152e-08
7.521810543542531e-08
9.734967704974026e-08
1.274121409082620e-07
1.676474495493646e-07
2.211802637794896e-07
2.928698740878304e-07
3.890913468776524e-07
5.176796876255346e-07
6.903697413455414e-07
9.208212656878980e-07
1.229656384823878e-06
1.643182483512326e-06
2.196823848293622e-06
2.938663699203521e-06
3.932918602234546e-06
5.266106574973000e-06
7.051717470647503e-06
9.443459062135206e-06
1.264660045863964e-05
1.694161449744761e-05
2.269472053724978e-05
3.039947602083800e-05
4.076483511295097e-05
5.457264721175847e-05
7.312909056534366e-05
9.790075886521003e-05
1.312069433370083e-04
1.753119293989075e-04
2.344524507912454e-04
3.133746077060356e-04
4.189062533561155e-04
5.595412607495431e-04
7.464197060295519e-04
9.958305443456782e-04
1.326360022462573e-03
1.765271167174644e-03
2.349385012977552e-03
3.111860783880723e-03
4.122045955184268e-03
5.445168690138817e-03
7.180378932922935e-03
9.438463042081839e-03
1.240574709311773e-02
1.624234237398088e-02
2.119264936965227e-02
2.754002211262335e-02
3.565702680575754e-02
4.595755131020594e-02
5.892895954190449e-02
7.512140920793130e-02
9.520524223906839e-02
1.198587718994086e-01
1.497604312641276e-01
1.856578714550847e-01
2.282514784532582e-01
2.779394599172592e-01
3.348671237158837e-01
3.985494779949562e-01
4.680952643822191e-01
5.419239261244230e-01
6.177486258423177e-01
6.928455975618544e-01
7.640731120661147e-01
8.283884767771689e-01
8.829132528652374e-01
9.259390749323629e-01
9.571756159270799e-01
9.777174703702252e-01
9.897616777881716e-01
9.959327987154940e-01
9.986333947640244e-01
9.996231286527630e-01
9.999868379088122e-01
###1.360000000000001e+01
4.444927289101950e-08
1.377706124779187e-09
1.710368157942400e-09
-1.578164609839410e-08
3.188846578931549e-09
3.534043035534546e-09
5.552866865934227e-09
4.836811372636493e-09
5.408773141205787e-09
5.646849147108806e-09
5.904899836739521e-09
6.276732129788770e-09
6.696280361470762e-09
7.233358715746394e-09
7.895143313551668e-09
8.700921847790965e-09
9.732069496930968e-09
1.099756406384346e-08
1.262709524960598e-08
1.470704053507664e-08
1.738619187833812e-08
2.088237098618299e-08
2.546942069586493e-08
3.151420166190248e-08
3.935821230506820e-08
4.976921763787455e-08
6.365037663536818e-08
8.209717646418258e-08
1.062682945405154e-07
1.391090431338767e-07
1.830489746587872e-07
2.415270447562480e-07
3.199051296738091e-07
4.251329846244976e-07
5.657872990041106e-07
7.548078770533592e-07
1.007199929276265e-06
1.345577273633749e-06
1.798886812552685e-06
2.406164719828254e-06
3.220604993673101e-06
4.312407658350479e-06
5.777539602779654e-06
7.740577350439621e-06
1.037186021505180e-05
1.389770612127400e-05
1.862707696650116e-05
2.496588999489269e-05
3.346028712871980e-05
4.488882822206270e-05
6.011800399165726e-05
8.058657353883195e-05
1.079310019280264e-04
1.446970308528140e-04
1.934013418104840e-04
2.586887624402816e-04
3.458142532024008e-04
4.623111015602381e-04
6.175210629578386e-04
8.237515440396388e-04
1.098738163393542e-03
1.463038307691538e-03
1.946489501672242e-03
2.589381120698667e-03
3.427803245638726e-03
4.537462773198712e-03
5.989163008189123e-03
7.890337264719242e-03
1.036098268664582e-02
1.360174263716670e-02
1.778449078948403e-02
2.316984033473235e-02
3.005988958295523e-02
3.884774915590077e-02
4.996879313860039e-02
6.392993235865269e-02
8.130185496430391e-02
1.027657672235121e-01
1.290076403547739e-01
1.606871898967532e-01
1.985310634212430e-01
2.431838428977269e-01
2.949506306445085e-01
3.538579081078129e-01
4.192469698721909e-01
4.900482621678643e-01
5.644905976019932e-01
6.401218368787797e-01
7.141147010047686e-01
7.833237814666525e-01
8.448299461131514e-01
8.960406428511544e-01
9.356229543182658e-01
9.636805892996652e-01
9.816359538948948e-01
9.918372466019911e-01
9.968788545209867e-01
9.989965136888065e-01
9.997377765380184e-01
9.999990668948044e-01
###1.400000000000001e+01
4.426322185347772e-08
1.464532491921623e-09
1.828929707340729e-09
-1.559709381638872e-08
3.365937105614165e-09
3.780407886840880e-09
5.797527013632269e-09
5.190782886400176e-09
5.806497681414327e-09
6.070373669560117e-09
6.365426659262613e-09
6.781374168271577e-09
7.244727821597409e-09
7.836850654533313e-09
8.568524150246359e-09
9.456526821415542e-09
1.058738857342711e-08
1.198223293728403e-08
1.376590697630010e-08
1.604082137034787e-08
1.897272156638743e-08
2.278754719345172e-08
2.780336653725996e-08
3.438826035302973e-08
4.296113422903052e-08
5.432740416344414e-08
6.948547990081024e-08
8.961648726438306e-08
1.160131144706501e-07
1.518808578868217e-07
1.998802509670644e-07
2.638037178653717e-07
3.495149638815739e-07
4.645882790755292e-07
6.185291504187779e-07
8.254641305854891e-07
1.101883946462983e-06
1.472846660669538e-06
1.970046182449766e-06
2.636363464905410e-06
3.530649462926326e-06
4.730122238529784e-06
6.340143960105743e-06
8.498960245583483e-06
1.139391862542744e-05
1.527523388609036e-05
2.048406975034081e-05
2.746789422650169e-05
3.683306101689569e-05
4.943080538101720e-05
6.622745221463835e-05
8.880426316899709e-05
1.189811175961917e-04
1.595597014031423e-04
2.133238730300595e-04
2.853590493495073e-04
3.814922824836803e-04
5.100262949923961e-04
6.812142987485489e-04
9.086337205880765e-04
1.211595449799807e-03
1.612778731178111e-03
2.144826067205696e-03
2.851752364831053e-03
3.772771146320310e-03
4.990264985122008e-03
6.581257820084402e-03
8.661692756008522e-03
1.136101346955059e-02
1.489640340635750e-02
1.944970102607809e-02
2.529982997755456e-02
3.276664936595817e-02
4.226584076354806e-02
5.425359367850405e-02
6.925317650728573e-02
8.785598427136514e-02
1.107517674362152e-01
1.386284603102670e-01
1.721222694820801e-01
2.119327052526221e-01
2.586382148997443e-01
3.124487785500432e-01
3.732445998248651e-01
4.402075493387040e-01
5.120766964938728e-01
5.869034383621188e-01
6.620928130998347e-01
7.347265269932525e-01
8.017072938728020e-01
8.602659205941875e-01
9.081266409979996e-01
9.443399819590063e-01
9.693878681888163e-01
9.849720671996062e-01
9.935444618228971e-01
9.976268813918406e-01
9.992703896642401e-01
9.998183485517180e-01
9.999990668948044e-01
###1.440000000000001e+01
4.409133397678055e-08
1.574184089393706e-09
1.952561133704336e-09
-1.539510478891123e-08
3.561654172423816e-09
4.032014561317125e-09
6.068637169058790e-09
5.568013270486685e-09
6.222067556839327e-09
6.521667640019080e-09
6.857811531681953e-09
7.313432566942021e-09
7.830901385126564e-09
8.485707169977905e-09
9.285348264449559e-09
1.027121293244584e-08
1.150960283482389e-08
1.304213251519610e-08
1.499573860769112e-08
1.748457852850294e-08
2.069369471804834e-08
2.485846911309189e-08
3.033724558222695e-08
3.752136051319598e-08
4.688281618578784e-08
5.930194122614569e-08
7.585373702460705e-08
9.782079769876496e-08
1.266932743660987e-07
1.658349291084374e-07
2.182854511243711e-07
2.881885148244713e-07
3.819374876847388e-07
5.078549544070654e-07
6.763443669649047e-07
9.029868352994492e-07
1.205810569718003e-06
1.612665040472593e-06
2.158043498276424e-06
2.889444079108577e-06
3.871581714309182e-06
5.189589826958142e-06
6.959356076921652e-06
9.333617360763380e-06
1.251945253222926e-05
1.679287122435603e-05
2.253003875916735e-05
3.022500128790393e-05
4.054803570427918e-05
5.443519760584096e-05
7.295952144822866e-05
9.785406638742968e-05
1.311502284143163e-04
1.759137374006975e-04
2.352480755640768e-04
3.146970337021949e-04
4.207114860004427e-04
5.624524434451847e-04
7.511341656705647e-04
1.001724047434068e-03
1.335250807590507e-03
1.776717748941060e-03
2.361675100261322e-03
3.138265011510862e-03
4.148880226115119e-03
5.483420304418837e-03
7.225038385712461e-03
9.498970008039622e-03
1.244439480991580e-02
1.629532193387931e-02
2.124501960031195e-02
2.759107402509237e-02
3.567082524182175e-02
4.592294635806615e-02
5.882245115961449e-02
7.491098983998176e-02
9.479378094757282e-02
1.191742967304611e-01
1.487287629073671e-01
1.840703599032447e-01
2.258601650900065e-01
2.746021829172740e-01
3.303972597010121e-01
3.929844658702137e-01
4.613777315839502e-01
5.341179321535245e-01
6.090999855803849e-01
6.835894746207881e-01
7.546305776717037e-01
8.191850534705382e-01
8.746903599078106e-01
9.191936754070822e-01
9.521387927103523e-01
9.743608345688912e-01
9.877901769941991e-01
9.949361342709926e-01
9.982114802340919e-01
9.994742732145198e-01
9.998750013932771e-01
9.999990668948044e-01
###1.480000000000001e+01
4.392911980632695e-08
1.688998545083513e-09
2.088352503688502e-09
-1.519088897966383e-08
3.771926649288201e-09
4.309765180472822e-09
6.363935193943215e-09
5.976524185677043e-09
6.677209368778660e-09
7.004537105992240e-09
7.380847253422446e-09
7.883678813421674e-09
8.457878116979506e-09
9.182965561408131e-09
1.006409129517637e-08
1.114612687770158e-08
1.250517772494301e-08
1.418730879869783e-08
1.632638315977529e-08
1.904839322844134e-08
2.255958545226097e-08
2.710058824904000e-08
3.309250973413385e-08
4.092819901464144e-08
5.115437331409037e-08
6.472072717874833e-08
8.279494266788328e-08
1.067879466026504e-07
1.383970274924928e-07
1.811068739070864e-07
2.384220387877081e-07
3.148793449652069e-07
4.174545801989230e-07
5.553117720241676e-07
7.397194730138959e-07
9.880275475579319e-07
1.319829887021541e-06
1.766165227351220e-06
2.364535154351154e-06
3.167641851354513e-06
4.246424598698881e-06
5.694770858224892e-06
7.640565962381198e-06
1.025191853650411e-05
1.375792359125522e-05
1.846372173348426e-05
2.478268167840068e-05
3.326007001701220e-05
4.463418642478756e-05
5.994375068788514e-05
8.036740940853923e-05
1.078149757532473e-04
1.445376166611117e-04
1.939062262445503e-04
2.593503199322592e-04
3.469358992776360e-04
4.637891512343319e-04
6.199709536357095e-04
8.277816697402654e-04
1.103684158858421e-03
1.470607324130036e-03
1.955948988656829e-03
2.598529970472416e-03
3.450602517321196e-03
4.558545827592180e-03
6.019573642913650e-03
7.923433957560542e-03
1.040601363794036e-02
1.362024894528694e-02
1.780480800507316e-02
2.317794078124313e-02
3.005179972206320e-02
3.878140846045400e-02
4.982816079988893e-02
6.368602814760073e-02
8.091380703490370e-02
1.021284805050855e-01
1.280385789774850e-01
1.593130532791378e-01
1.965270015370017e-01
2.403026729294518e-01
2.910547111126623e-01
3.487728915703918e-01
4.130442222827968e-01
4.827030589287788e-01
5.561145088371985e-01
6.310136898751265e-01
7.045546966518292e-01
7.737787382308599e-01
8.357359220170980e-01
8.881028082757456e-01
9.292780099057205e-01
9.590764685789896e-01
9.786622465666889e-01
9.901525769954584e-01
9.960604845320674e-01
9.986644912834058e-01
9.996247434580086e-01
9.999146980154565e-01
9.999990668948044e-01
###1.520000000000001e+01
4.377522061835383e-08
1.800189004931658e-09
2.234474886523117e-09
-1.497341416807043e-08
4.000147583538873e-09
4.603716543565666e-09
6.685117354590648e-09
6.389135817631827e-09
7.162443333022808e-09
7.525222819100907e-09
7.939972248084515e-09
8.496419471190820e-09
9.130918980104375e-09
9.935185657440681e-09
1.090150733309622e-08
1.209051706674302e-08
1.357525946466340e-08
1.542262562218398e-08
1.776437089313911e-08
2.074058644386017e-08
2.458251285506354e-08
2.954693148009775e-08
3.608726932247616e-08
4.463384627734530e-08
5.580437563592410e-08
7.063759714281228e-08
9.037563558578289e-08
1.165852148250835e-07
1.511542069868683e-07
1.978148875296570e-07
2.604144845632551e-07
3.441468779298291e-07
4.563705172031737e-07
6.073312838382586e-07
8.093249762298548e-07
1.081360747311582e-06
1.445147078425907e-06
1.934805619021641e-06
2.591531395780732e-06
3.473348035443219e-06
4.658691217006956e-06
6.250484018346247e-06
8.390617996379515e-06
1.126303054655136e-05
1.512223313696032e-05
2.030352103673517e-05
2.726254540303196e-05
3.660176710973953e-05
4.913793540464100e-05
6.600986759187853e-05
8.852110913607533e-05
1.187799040863342e-04
1.592690620597781e-04
2.136889375332347e-04
2.858352236527718e-04
3.823411675529238e-04
5.110659736963032e-04
6.830622293097090e-04
9.117981351695197e-04
1.215352750072591e-03
1.618687909842377e-03
2.151762890195580e-03
2.856892527221821e-03
3.789524950213715e-03
5.004339990626594e-03
6.601614926022728e-03
8.681255167577707e-03
1.138842388385466e-02
1.489143267402211e-02
1.943287831802344e-02
2.525713074480689e-02
3.269181876368444e-02
4.210819642616384e-02
5.399245818662957e-02
6.885616305978225e-02
8.727124015337626e-02
1.098690437952678e-01
1.373558353614424e-01
1.703847433979212e-01
2.094954659655904e-01
2.552534659216884e-01
3.079783025026996e-01
3.675406417766945e-01
4.333727865025426e-01
5.041224836491833e-01
5.780039745510127e-01
6.525771947853157e-01
7.249330791965293e-01
7.921219878320275e-01
8.513410004394902e-01
9.005210610140135e-01
9.384134502888376e-01
9.652093084086371e-01
9.823601949401233e-01
9.921170112572489e-01
9.969609566729891e-01
9.990119378601310e-01
9.997347197415872e-01
9.999422592062992e-01
9.999990668948044e-01
###1.560000000000001e+01
4.362931851269020e-08
1.923781478412473e-09
2.391090288349016e-09
-1.473903326380927e-08
4.237963417287492e-09
4.915076493284333e-09
7.026455517410422e-09
6.850953430949256e-09
7.674449776427966e-09
8.078540578704647e-09
8.540006701790404e-09
9.149147295068912e-09
9.854121257948241e-09
1.073813322079404e-08
1.180182968367369e-08
1.304477482236934e-08
1.473231639981789e-08
1.675673472543279e-08
1.932095640356801e-08
2.257476604200898e-08
2.677707009662005e-08
3.219820503120168e-08
3.934194182915586e-08
4.867665280339118e-08
6.087431363770140e-08
7.709077992575210e-08
9.864830242275538e-08
1.272899457724769e-07
1.650548011408093e-07
2.160896594039710e-07
2.846106091310575e-07
3.761963360551614e-07
4.990428321346186e-07
6.643705819753461e-07
8.856906153949316e-07
1.183825592489219e-06
1.582731662517678e-06
2.120075546917422e-06
2.841034659399771e-06
3.809621156414910e-06
5.112062062926612e-06
6.862062271622025e-06
9.215412755741482e-06
1.237589090012560e-05
1.662313019109602e-05
2.232774589888145e-05
2.999177929464855e-05
4.028017051987679e-05
5.409369063681952e-05
7.268682388886893e-05
9.749290286476175e-05
1.308338234045799e-04
1.754568746251037e-04
2.354250666343140e-04
3.149158187266272e-04
4.212088019387122e-04
5.629286286407675e-04
7.521980975011669e-04
1.003781996749348e-03
1.337468280297994e-03
1.780490983788768e-03
2.365455728757348e-03
3.138491233504266e-03
4.158429660903146e-03
5.488723186635968e-03
7.233340332774416e-03
9.502269004107614e-03
1.245047330583717e-02
1.626193370107931e-02
2.118576184260476e-02
2.749019900290501e-02
3.551985867547198e-02
4.566337370759019e-02
5.842917894440967e-02
7.434543982537202e-02
9.399816638214181e-02
1.180246325474284e-01
1.471301257247983e-01
1.819452148675586e-01
2.229666516992896e-01
2.706960786472662e-01
3.253471519351530e-01
3.866641691508259e-01
4.539195505123033e-01
5.255871034781034e-01
5.997111360931469e-01
6.737268287294714e-01
7.446633536890391e-01
8.096306865485071e-01
8.659891973359091e-01
9.119551095275461e-01
9.466437138341607e-01
9.705968989353242e-01
9.855148134913225e-01
9.937381237262009e-01
9.976757968701543e-01
9.992758796042536e-01
9.998142202479163e-01
9.999611875609414e-01
9.999990668948044e-01
