# NLO BK equation solver 0.0-dev build  (build Feb 16 2026 17:52:53)
# Initial condition: MV model, Q_s0^2 = 0.00698345 GeV^2, \gamma = 1, coefficient of E inside Log is 1, x0=0.01, \Lambda_QCD = 0.241 GeV
# # LO Kernel RC:  Balitsky. NLO Kernel RC:  smallest dipole
# Nc=3, Nf=4
# Using RungeKutta method in K1
# Resumming double log
# Resumming single log, K_sub=0.65 resum rc: smallest
# BK K1 integration relative accuracy: 0.02# NLO BK as^2 terms: MC integration method: Vegas, points=1000000
# Kinematical constraint: none
# Target kinematical constraint: disabled

###1.000000000000000e-05
###1.160836920850890e+00
###100
###1.000000000000000e+00
###0.000000000000000e+00
2.258428204895249e-12
3.008240601361411e-12
4.006450377878076e-12
5.335148179026250e-12
7.103481769784199e-12
9.456547660832573e-12
1.258719505918431e-11
1.675169247893120e-11
2.229051614459646e-11
2.965592797197449e-11
3.944855152810578e-11
5.246586932109864e-11
6.976650993016766e-11
9.275544251887170e-11
1.232968462390929e-10
1.638636007513722e-10
2.177352198032671e-10
2.892598438487509e-10
3.842009110466309e-10
5.101957209849660e-10
6.773617941906229e-10
8.990983716924047e-10
1.193145456477583e-09
1.582982604543876e-09
2.099675709416504e-09
2.784314229250817e-09
3.691226214090991e-09
4.892217411736162e-09
6.482157981234594e-09
8.586341549874908e-09
1.137017383777617e-08
1.505192136927340e-08
1.991947726411317e-08
2.635239680228887e-08
3.485084117316773e-08
4.607357044404369e-08
6.088778104844025e-08
8.043443378950132e-08
1.062138231376379e-07
1.401975715688515e-07
1.849750888774331e-07
2.439449374619826e-07
3.215646459437111e-07
4.236765132516033e-07
5.579320955060113e-07
7.343446884833261e-07
9.660076141603889e-07
1.270027002573763e-06
1.668731675286371e-06
2.191240496321102e-06
2.875490181188868e-06
3.770855326026542e-06
4.941528945117986e-06
6.470878105935722e-06
8.467047867585374e-06
1.107009959555594e-05
1.446144908745506e-05
1.887543120981938e-05
2.461459345382000e-05
3.206899909635741e-05
4.174091064446106e-05
5.427626700138521e-05
7.050479999803905e-05
9.149114851880746e-05
1.185999965640505e-04
1.535791397868635e-04
1.986655492803857e-04
2.567210571877698e-04
3.314063819868096e-04
4.274050421894104e-04
5.507125472431484e-04
7.090114673801162e-04
9.121600504716776e-04
1.172831598622470e-03
1.507354641066549e-03
1.936821052695770e-03
2.488551920864612e-03
3.198040674784797e-03
4.111531543065094e-03
5.289440768063369e-03
6.810890116347834e-03
8.779698434722594e-03
1.133226691611378e-02
1.464789291828428e-02
1.896214281666064e-02
2.458397751801344e-02
3.191729628956852e-02
4.148733462439569e-02
5.397172130516714e-02
7.023463052163204e-02
9.135981553640027e-02
1.186735871150342e-01
1.537410055821906e-01
1.983068487024516e-01
2.541377264821876e-01
3.227073511469974e-01
4.046665239252343e-01
4.990811495935763e-01
6.025501976088520e-01
7.085673807593542e-01
###4.000000000000000e-01
4.219478465805960e-10
7.831626492380843e-12
1.198025362653791e-10
-2.094823334856402e-10
1.431520617733663e-11
-9.467264696086494e-11
-4.898686240927009e-09
5.414118730220142e-11
3.348319761827968e-11
6.562931641216886e-11
8.895926160072272e-11
4.091583227959326e-11
1.585870025763444e-10
2.525492142101134e-10
4.590479898504067e-10
3.074772950212967e-08
7.261290528751738e-10
6.002978522388627e-10
6.337139136632096e-10
7.464996356936364e-10
8.909045825142975e-10
1.114710252688506e-09
1.418200122652481e-09
1.831798259223473e-09
2.383114160481607e-09
3.115661961856733e-09
4.090490325859619e-09
5.385392901660336e-09
7.097514575565255e-09
9.369068469015951e-09
1.237252931313062e-08
1.634964951305648e-08
2.160891468994363e-08
2.856523323640934e-08
3.775740670637637e-08
4.989236955083386e-08
6.591174686167818e-08
8.707035946901723e-08
1.150365259095966e-07
1.518633842777928e-07
2.004009456884637e-07
2.643059574580898e-07
3.484903428950007e-07
4.592647177068099e-07
6.049209235497404e-07
7.963672357261275e-07
1.047869228613477e-06
1.378157482353460e-06
1.811114968837408e-06
2.379397830672713e-06
3.123326520635977e-06
4.097599037651517e-06
5.371887065184387e-06
7.039302690297862e-06
9.212622715620216e-06
1.204909741674551e-05
1.574631315411792e-05
2.056439051302961e-05
2.683296145760048e-05
3.497637758946961e-05
4.556135859679947e-05
5.928216207279690e-05
7.707340689154564e-05
1.000987541805346e-04
1.298847082424637e-04
1.683861595074683e-04
2.180395705486278e-04
2.820914059627017e-04
3.645840305970946e-04
4.711136360265961e-04
6.080974180391322e-04
7.844767929560282e-04
1.011299962176619e-03
1.303396849402787e-03
1.679351302493847e-03
2.163651685224456e-03
2.787067504627479e-03
3.592564363411609e-03
4.632607126893932e-03
5.977972731290768e-03
7.725059766651906e-03
9.988161959497744e-03
1.294251606318916e-02
1.678937809143496e-02
2.180812225149331e-02
2.836877516580374e-02
3.693361140435548e-02
4.809793341296187e-02
6.267469371601019e-02
8.165471786905876e-02
1.063256612446325e-01
1.381308281152658e-01
1.787874450534085e-01
2.300384799619362e-01
2.936635059174321e-01
3.708849505674642e-01
4.627077270497111e-01
5.696207893763245e-01
6.997251735867592e-01
9.540806048780610e-01
###8.000000000000000e-01
3.877916841112483e-10
6.720582993575655e-12
7.163431761957823e-11
-1.889548586254055e-10
2.888306788071436e-11
-8.986257184338122e-11
-4.918072642976690e-09
8.151040810878820e-11
4.875809339597279e-11
1.151110332238339e-10
1.283952508020284e-10
1.163752799990225e-10
2.504065669056712e-10
4.304367618734543e-10
8.095733803762958e-10
2.832746450853675e-08
1.260370153139009e-09
9.442813853862222e-10
9.166991504155468e-10
9.997123062965701e-10
1.138110775815846e-09
1.366936281490629e-09
1.681579885558199e-09
2.121238649485492e-09
2.711839660389086e-09
3.496803232263422e-09
4.551508760769545e-09
5.944282381401072e-09
7.788793140187503e-09
1.024357389063098e-08
1.348786138036762e-08
1.778623493060258e-08
2.347086268816189e-08
3.099828012852183e-08
4.094618935923377e-08
5.407464377473726e-08
7.141288221819205e-08
9.432572360777757e-08
1.246760439685619e-07
1.645849644537603e-07
2.172020058287148e-07
2.864864387269003e-07
3.778258166393569e-07
4.980459853011897e-07
6.561355097625516e-07
8.640077357126750e-07
1.137167438989843e-06
1.496127305542496e-06
1.966301131115344e-06
2.584900601754408e-06
3.394239033895446e-06
4.454926040825324e-06
5.842948499497954e-06
7.661359670866878e-06
1.002967159099755e-05
1.312324237208772e-05
1.715792349509016e-05
2.242117494854145e-05
2.927435654323829e-05
3.818301547049188e-05
4.977679028939761e-05
6.481539872187616e-05
8.434326858815979e-05
1.096410240972493e-04
1.424223588328061e-04
1.848551173940043e-04
2.396455794505019e-04
3.104510278427345e-04
4.017662473712458e-04
5.201742884565955e-04
6.726791830093644e-04
8.696000876347535e-04
1.123430187513522e-03
1.451353557785504e-03
1.874754811155104e-03
2.421847211652510e-03
3.127786398633207e-03
4.043608212358802e-03
5.229200201152653e-03
6.768035475095509e-03
8.772054335641311e-03
1.137674498998787e-02
1.479040090489887e-02
1.924390874239752e-02
2.506329268963930e-02
3.268309067268021e-02
4.262847615279750e-02
5.556807787401093e-02
7.244351387852462e-02
9.436127317370352e-02
1.227513802585933e-01
1.591292852580188e-01
2.052170328045866e-01
2.626228548247837e-01
3.327872880515442e-01
4.163055897547298e-01
5.131912480503509e-01
6.221031523357295e-01
7.460996086598927e-01
9.615639954765305e-01
###1.200000000000000e+00
3.886034974393523e-10
1.365331569802334e-11
6.640024148505680e-11
-1.978552791826534e-10
1.567191056689761e-11
-6.990760215532363e-11
-4.909439284815608e-09
1.115384535621489e-10
1.534656963887670e-10
1.192884506342625e-10
1.695567267616117e-10
1.828951305367256e-10
3.768172881008336e-10
6.042597361125327e-10
1.152663380488971e-09
2.614801212744859e-08
1.758396414628913e-09
1.290850898126339e-09
1.205418293767630e-09
1.255915401821499e-09
1.406135082745903e-09
1.637689200206113e-09
1.969168697617620e-09
2.442482099224130e-09
3.077326596103411e-09
3.919508899510851e-09
5.055055766265231e-09
6.558720613324217e-09
8.550822246037241e-09
1.120305711258562e-08
1.471081457231398e-08
1.936038731724134e-08
2.550897386454299e-08
3.365382324351018e-08
4.442180133327080e-08
5.863441100959736e-08
7.741567078083955e-08
1.022363636799777e-07
1.351639298952744e-07
1.784378785393386e-07
2.354906075248710e-07
3.106471231859326e-07
4.097768893521681e-07
5.403140242645098e-07
7.119528806101880e-07
9.377357482197228e-07
1.234595607953522e-06
1.624871373226567e-06
2.135853571112119e-06
2.809460334563078e-06
3.690460674359006e-06
4.845780318453066e-06
6.358566800156019e-06
8.342550821729168e-06
1.092545516937394e-05
1.430189055342031e-05
1.870862333089699e-05
2.446327538609184e-05
3.196266161031377e-05
4.171897078387499e-05
5.442999285520531e-05
7.093334128669352e-05
9.239197110352223e-05
1.202255654680997e-04
1.563467112578281e-04
2.031887408070437e-04
2.637375740190650e-04
3.421459107698448e-04
4.434275379565743e-04
5.752255503410706e-04
7.454331434888592e-04
9.654887093615849e-04
1.250026648239547e-03
1.618747064769160e-03
2.096088916385544e-03
2.713744714803842e-03
3.515131767946151e-03
4.556870326769788e-03
5.908889684923264e-03
7.668531982370480e-03
9.965188232607879e-03
1.295916888529039e-02
1.688846108250762e-02
2.202893611135976e-02
2.874558698788173e-02
3.754088222390736e-02
4.900619078068422e-02
6.388024586627793e-02
8.321982394653782e-02
1.082249918743552e-01
1.404053188720096e-01
1.812845383950330e-01
2.324522190562781e-01
2.952859595125610e-01
3.706105857692625e-01
4.581872616789958e-01
5.567197862393577e-01
6.631537183392117e-01
7.782153981303274e-01
9.669187134213757e-01
###1.600000000000000e+00
3.736887584768391e-10
5.895668223703334e-11
7.371072911120744e-11
-1.976448651566835e-10
1.135768343764365e-12
-7.769067456357598e-11
-4.924262685251355e-09
1.418326452459933e-10
1.793534289568156e-10
1.432609543222895e-10
2.195211263334035e-10
2.576327244439138e-10
4.772782109950363e-10
7.768685268033211e-10
1.478059717278044e-09
2.420359679444952e-08
2.195731370598001e-09
1.631377915811471e-09
1.504428302460271e-09
1.541494280652511e-09
1.687531276614238e-09
1.929927001281278e-09
2.288857758184643e-09
2.790252134769197e-09
3.473077069737302e-09
4.381325714851288e-09
5.608031891635185e-09
7.233678156497108e-09
9.387364576100210e-09
1.225441541384417e-08
1.605102234647562e-08
2.108076748263700e-08
2.774197391189197e-08
3.655619848841584e-08
4.821222133191481e-08
6.359604410804956e-08
8.394878430209280e-08
1.108593326827391e-07
1.465756489555643e-07
1.935165258796833e-07
2.554167702104404e-07
3.369702994598926e-07
4.445743761727614e-07
5.864116845987336e-07
7.728175108079777e-07
1.018152028022351e-06
1.340903321776585e-06
1.765407365063678e-06
2.321071901731564e-06
3.054811396494809e-06
4.014380773818393e-06
5.273632829412299e-06
6.923263958594942e-06
9.089153629732481e-06
1.190811048201094e-05
1.559651900774353e-05
2.041273668482939e-05
2.671105803987939e-05
3.492466007870675e-05
4.561378732125263e-05
5.956990088297928e-05
7.770015198900224e-05
1.013105188627202e-04
1.319760894924446e-04
1.718275426739501e-04
2.236024190213760e-04
2.906219191921972e-04
3.775662541102360e-04
4.901200759829595e-04
6.370057105257793e-04
8.272316923401690e-04
1.073466126721829e-03
1.392810765569790e-03
1.807835997491058e-03
2.346495057846933e-03
3.043940141708491e-03
3.954147707343045e-03
5.139012993154261e-03
6.680124581745626e-03
8.689620156800984e-03
1.131985891033735e-02
1.475090409099343e-02
1.926263905106614e-02
2.516292316142428e-02
3.287291082941516e-02
4.295789030460091e-02
5.606302833218524e-02
7.302582293734847e-02
9.495951025727734e-02
1.231470273540928e-01
1.591316600543705e-01
2.043666716806419e-01
2.602324321325378e-01
3.277324297873006e-01
4.070330067124663e-01
4.970336311152860e-01
5.953340849490362e-01
6.978910938100983e-01
8.044593098523306e-01
9.713011306517360e-01
###2.000000000000000e+00
3.521616711794364e-10
9.104497117644310e-11
8.840410858846520e-11
-2.300300305457391e-10
5.288961836352085e-11
-1.771272521887814e-10
-4.906856039529906e-09
1.591821671779344e-10
2.105868675765359e-10
2.012315526588035e-10
2.706659432784994e-10
3.356078290667273e-10
5.776125676024158e-10
9.387636132139153e-10
1.766602157278856e-09
2.245549345669741e-08
2.631053682305262e-09
1.967046568411749e-09
1.804882987453612e-09
1.830456108587671e-09
1.979503536185202e-09
2.232801197442376e-09
2.624794104188683e-09
3.161913560926445e-09
3.899692084441296e-09
4.885806253200143e-09
6.209267631399431e-09
7.967772330246657e-09
1.029949544573808e-08
1.340048566171331e-08
1.751047724385955e-08
2.295730533261635e-08
3.016733168320838e-08
3.971314013157994e-08
5.233991981784529e-08
6.900090815419829e-08
9.106602708713431e-08
1.202496673638606e-07
1.589933851491037e-07
2.099150963198000e-07
2.771033551293848e-07
3.656281164472101e-07
4.824908315607978e-07
6.365651242530246e-07
8.391739944801360e-07
1.105890834288097e-06
1.456886098293730e-06
1.918821074005313e-06
2.523512510849906e-06
3.323065887485197e-06
4.368780500046432e-06
5.742041235691523e-06
7.541970691011355e-06
9.907747410180257e-06
1.298701791357955e-05
1.701825046638493e-05
2.228725307016517e-05
2.918598379814894e-05
3.818891608182831e-05
4.991268002163400e-05
6.525090608615649e-05
8.519062925184112e-05
1.111964425306222e-04
1.450157213383206e-04
1.890469976527774e-04
2.463397898739620e-04
3.206203032551159e-04
4.171750347406375e-04
5.424070427121242e-04
7.063075754685949e-04
9.188929698582475e-04
1.194980838190363e-03
1.553713453656809e-03
2.021154226758473e-03
2.629165522066208e-03
3.417335933315458e-03
4.450426356124504e-03
5.797074156822278e-03
7.551774293614168e-03
9.843628232883027e-03
1.284445339797062e-02
1.676736133579629e-02
2.192658429564106e-02
2.866660735564656e-02
3.746473237678443e-02
4.894962320850346e-02
6.381785755462110e-02
8.298883169314021e-02
1.076278450097210e-01
1.390649611800597e-01
1.788146382170631e-01
2.282176903471617e-01
2.883688236723663e-01
3.598554511612252e-01
4.421635086839605e-01
5.334300551281638e-01
6.304533895000342e-01
7.286439783556551e-01
8.272476657978607e-01
9.750758247511617e-01
###2.400000000000000e+00
3.728459851414492e-10
1.779462412871754e-11
1.066809340287535e-10
-2.236966380277994e-10
7.480651343064811e-11
-1.716872591700250e-10
-4.897572547600973e-09
1.686024047145060e-10
2.355467229695610e-10
2.352803527196276e-10
3.335118425386666e-10
4.047275880018243e-10
6.629929855944209e-10
1.099465429661771e-09
2.034374350772502e-09
2.088266704028891e-08
3.030063277189911e-09
2.293850818412101e-09
2.104929502555587e-09
2.125765089907130e-09
2.280551447893496e-09
2.558269497235700e-09
2.979669267374511e-09
3.560884358105860e-09
4.360802946972469e-09
5.425793119353998e-09
6.862405389679787e-09
8.763522777154373e-09
1.128837102750652e-08
1.464463923335979e-08
1.909843303814685e-08
2.499804438291302e-08
3.280918829124982e-08
4.314765883160367e-08
5.682920249807299e-08
7.489559148988515e-08
9.881207667776201e-08
1.304755143445404e-07
1.725030500870516e-07
2.277729411024536e-07
3.007102990537130e-07
3.968400957140942e-07
5.238060371687128e-07
6.912245356785623e-07
9.115466154709048e-07
1.201614332891965e-06
1.583582224019294e-06
2.086434203171282e-06
2.744888375465576e-06
3.616440581338196e-06
4.756694369886035e-06
6.255201092136649e-06
8.220377254058643e-06
1.080593898965923e-05
1.417188865047906e-05
1.858175764526048e-05
2.435057263930771e-05
3.191238837635778e-05
4.179135988869304e-05
5.466237589674412e-05
7.153543048729142e-05
9.349046191470531e-05
1.221653495778732e-04
1.595080229045103e-04
2.082045652547187e-04
2.716895251895684e-04
3.541166539333619e-04
4.614661200624607e-04
6.009725335721295e-04
7.840205784094121e-04
1.021861420664299e-03
1.331585275453564e-03
1.734836829655202e-03
2.261421877272224e-03
2.947740654003795e-03
3.838640560885810e-03
5.010017858077844e-03
6.538739092633698e-03
8.533618775074171e-03
1.114197298515851e-02
1.455663212730804e-02
1.902485274241523e-02
2.489847736510947e-02
3.256118428302827e-02
4.254182947755735e-02
5.553187202166926e-02
7.227872547082173e-02
9.376594061823605e-02
1.211996952559836e-01
1.559108070092687e-01
1.993620484171822e-01
2.527217485399882e-01
3.167723448050121e-01
3.916216106896345e-01
4.761520151495193e-01
5.678420586880969e-01
6.629115963499725e-01
7.565169420250034e-01
8.475641051751707e-01
9.783850758906203e-01
###2.800000000000000e+00
3.456882445708152e-10
1.837814539784562e-11
1.172966410756882e-10
-2.229205724790507e-10
9.259227723937767e-11
-1.669246014359960e-10
-4.883573613463687e-09
2.046235840235356e-10
2.599881642807256e-10
2.788035836431235e-10
3.904082804027919e-10
4.859336916162632e-10
7.703604752414773e-10
1.257738976940822e-09
2.285763957007160e-09
1.946909859749038e-08
3.399938994385751e-09
2.611426202807757e-09
2.408568121293737e-09
2.431236228547612e-09
2.601095899157142e-09
2.904717400549821e-09
3.356875430182396e-09
3.986519868201907e-09
4.854776444362290e-09
6.007645870530586e-09
7.562026072884305e-09
9.625053473184822e-09
1.236229161613352e-08
1.600553058829504e-08
2.082431722616457e-08
2.721650147822539e-08
3.568012763379498e-08
4.688712131543959e-08
6.171987345083946e-08
8.130786783354609e-08
1.072426315119783e-07
1.416244535590889e-07
1.872041198897430e-07
2.472072781077872e-07
3.264155392553298e-07
4.308525732225627e-07
5.688542331433247e-07
7.508416147539533e-07
9.905033258944814e-07
1.306132199353907e-06
1.721928884885201e-06
2.269655105215131e-06
2.987030376854016e-06
3.937551509798176e-06
5.181538048343658e-06
6.817589627449630e-06
8.964723111101572e-06
1.179201210356052e-05
1.547320389335693e-05
2.030220729490150e-05
2.662505100802763e-05
3.491911877051858e-05
4.576774091530906e-05
5.991499273989234e-05
7.849291233240061e-05
1.026903020840352e-04
1.343418149931098e-04
1.756223523293538e-04
2.295334711023658e-04
2.999436649569042e-04
3.915134670855019e-04
5.109881178599238e-04
6.665716625589469e-04
8.711508868477464e-04
1.137438873902429e-03
1.485048743172239e-03
1.938444030550633e-03
2.531676115179687e-03
3.306033074059163e-03
4.312594084272692e-03
5.639128398157315e-03
7.372098001950466e-03
9.635111845543574e-03
1.259609736875883e-02
1.647022220406286e-02
2.154040189879463e-02
2.819619379343620e-02
3.686207472993401e-02
4.812175219191741e-02
6.272160558744577e-02
8.145416359099242e-02
1.053538823847835e-01
1.356454889241273e-01
1.736410456899682e-01
2.207037578820379e-01
2.778035890659444e-01
3.453679389522975e-01
4.230354087258716e-01
5.091249031030313e-01
6.005728372601066e-01
6.932008174791622e-01
7.820676025143904e-01
8.658850108367718e-01
9.813288815352985e-01
###3.200000000000000e+00
3.695108071264488e-10
1.944651594736453e-12
1.380300513164392e-10
-1.990264352008233e-10
1.016197587655867e-10
-1.343427461861516e-10
-4.878977364506406e-09
2.141654762623201e-10
2.913450174358947e-10
3.161443167381148e-10
4.463563894777785e-10
5.642029992790180e-10
8.763148319126236e-10
1.411674416371866e-09
2.515148973823109e-09
1.818911387236201e-08
3.737348450168163e-09
2.917851099499399e-09
2.708908941830955e-09
2.743001831890419e-09
2.927782803520728e-09
3.261851846225790e-09
3.755937328223019e-09
4.440497578985234e-09
5.380880276862734e-09
6.635910019839294e-09
8.320900721421983e-09
1.055792534652510e-08
1.352573655893635e-08
1.747470948734010e-08
2.269894909252201e-08
2.963166446058416e-08
3.880230008911597e-08
5.093457022837413e-08
6.703690007770582e-08
8.828551537025748e-08
1.164308004936385e-07
1.537709559754683e-07
2.032155260483461e-07
2.683708957427969e-07
3.544285715348860e-07
4.679385849784877e-07
6.179584272253568e-07
8.158936515661098e-07
1.076641511779856e-06
1.420233751163403e-06
1.873109202358768e-06
2.469924904521765e-06
3.251956231941796e-06
4.289083201377268e-06
5.647011213076975e-06
7.435049565689260e-06
9.781547157085961e-06
1.287500656688182e-05
1.690359054357410e-05
2.219626846637753e-05
2.913265344078684e-05
3.823635903398021e-05
5.016003554019155e-05
6.572542962404097e-05
8.619828638287868e-05
1.128964956610963e-04
1.478643112601971e-04
1.936208793446632e-04
2.532907403528208e-04
3.314564558361303e-04
4.332748376248820e-04
5.663601289502652e-04
7.399639323897922e-04
9.687639024276468e-04
1.267023305180050e-03
1.657216461074740e-03
2.166942641205337e-03
2.835042170642539e-03
3.708363488231823e-03
4.844646132251253e-03
6.344550968637793e-03
8.305563625493586e-03
1.086672513761223e-02
1.421850937608441e-02
1.860064986469686e-02
2.433081020596062e-02
3.183136044993274e-02
4.159047641045481e-02
5.422241748827437e-02
7.053252195855736e-02
9.134715013551749e-02
1.177422039119289e-01
1.509418430358558e-01
1.922093677645569e-01
2.427795924616612e-01
3.033822127407482e-01
3.740916144557522e-01
4.540748202336191e-01
5.411430378845670e-01
6.318025933978620e-01
7.215928764882675e-01
8.056037560921495e-01
8.824775672554241e-01
9.839461805892893e-01
###3.600000000000000e+00
3.686604661464838e-10
2.476033055322899e-12
1.603516359870762e-10
-2.005319072482212e-10
1.163081184014870e-10
-1.220014264026674e-10
-4.858350646500135e-09
2.318778785440254e-10
3.210743928125059e-10
3.641976289079173e-10
4.979185992340335e-10
6.398909007601842e-10
9.725714525577603e-10
1.556824041027328e-09
2.733168881586855e-09
1.704015307466266e-08
4.048738016733982e-09
3.215269512260091e-09
3.011690970470726e-09
3.057716969699791e-09
3.266988235791059e-09
3.633818458823261e-09
4.172760291415128e-09
4.922019359301839e-09
5.945267997736658e-09
7.308329400136034e-09
9.131158740183023e-09
1.156987337860264e-08
1.478585811452022e-08
1.906652442460651e-08
2.473261447906569e-08
3.224948654770812e-08
4.219556725132745e-08
5.535383861927452e-08
7.282434135730708e-08
9.587875081172409e-08
1.264445069265989e-07
1.669852934189884e-07
2.206506093787672e-07
2.914265382098057e-07
3.849593338659631e-07
5.083621846450858e-07
6.715459327773530e-07
8.869308028815232e-07
1.170741416930198e-06
1.544945967696778e-06
2.038374823912811e-06
2.689052943086136e-06
3.542010153698836e-06
4.674300812197657e-06
6.157585339051309e-06
8.112829242691991e-06
1.067876083950071e-05
1.406577183306213e-05
1.847803793723405e-05
2.428301491063765e-05
3.189890697997901e-05
4.190018743164948e-05
5.501697336440650e-05
7.215776000896769e-05
9.473613215491492e-05
1.242211866171942e-04
1.628945609879386e-04
2.136385852897891e-04
2.797543988001957e-04
3.665885212359307e-04
4.798933689537056e-04
6.282458345352307e-04
8.220799578016124e-04
1.078029905370835e-03
1.412192759670529e-03
1.850149502455336e-03
2.423070606353018e-03
3.175039820038974e-03
4.159091289822166e-03
5.441181346888460e-03
7.133618921652461e-03
9.347934907716527e-03
1.223936563716001e-02
1.602226733839828e-02
2.096253471428301e-02
2.741258318857996e-02
3.583211852420707e-02
4.676567406866566e-02
6.086191551730665e-02
7.897794420779110e-02
1.019676095078146e-01
1.309280935997305e-01
1.670655061160990e-01
2.115753559947094e-01
2.655302235282562e-01
3.294004070810753e-01
4.028846667615003e-01
4.847136580717359e-01
5.722410811231540e-01
6.616269633885843e-01
7.482455886119458e-01
8.273128860532136e-01
8.975126564249637e-01
9.862694766804161e-01
###4.000000000000000e+00
3.278482226706248e-10
-1.967985275615780e-11
1.925748203351878e-10
-2.301939179770483e-10
1.211839478478118e-10
-1.128982301168914e-10
-4.842144768538349e-09
2.427738131541311e-10
2.705420786209410e-10
3.989899040762324e-10
5.579772223316350e-10
7.171376625622908e-10
1.075755348776799e-09
1.698560260524215e-09
2.929690254528651e-09
1.600269319998645e-08
4.336176206518422e-09
3.510088820347504e-09
3.317586137641615e-09
3.379020327637041e-09
3.614870996770498e-09
4.021680658530145e-09
4.614016915445373e-09
5.431843431963352e-09
6.545714460894572e-09
8.031419496211242e-09
1.001085114616609e-08
1.265652193930422e-08
1.614944851085103e-08
2.078935639752530e-08
2.693783469016119e-08
3.509076541132527e-08
4.587991402474741e-08
6.016021206403548e-08
7.912014395509994e-08
1.041443711367586e-07
1.373355590203148e-07
1.813692489188567e-07
2.396448391709166e-07
3.165500073176348e-07
4.182241596266035e-07
5.524468299142896e-07
7.299917564162187e-07
9.644597474973028e-07
1.273524810753329e-06
1.681246786334604e-06
2.219181343480926e-06
2.928848774714127e-06
3.859686864125957e-06
5.096342361216637e-06
6.717735523834539e-06
8.857370069442238e-06
1.166498703269915e-05
1.537547263886921e-05
2.021198904741836e-05
2.658281648659961e-05
3.495106712655657e-05
4.594975627668549e-05
6.038936357086068e-05
7.928286658107970e-05
1.042054704520726e-04
1.367909028350919e-04
1.795997325403989e-04
2.358990042011294e-04
3.092388047644926e-04
4.057809361050384e-04
5.319408344041060e-04
6.973824194975919e-04
9.138805237619152e-04
1.200234034870531e-03
1.574627613776049e-03
2.066079524273954e-03
2.709686476768308e-03
3.555360831069090e-03
4.662988597448616e-03
6.110022772567309e-03
8.013879706135093e-03
1.050849470946817e-02
1.376449769479503e-02
1.802110593951054e-02
2.357150432648171e-02
3.080424534919841e-02
4.021758663112519e-02
5.240783441980498e-02
6.805799870701203e-02
8.807210213543983e-02
1.133181473687546e-01
1.449039364910524e-01
1.839994342143095e-01
2.317024931908259e-01
2.889022498855803e-01
3.557871744855917e-01
4.316800858857634e-01
5.149131770328464e-01
6.024159201381928e-01
6.900909933907973e-01
7.732409420653514e-01
8.473088514620259e-01
9.111091601638194e-01
9.883318006017435e-01
###4.399999999999999e+00
3.314016735185435e-10
1.089288281583175e-11
1.738002364331203e-10
-2.196698190536966e-10
1.376204977316931e-10
-1.181834740000216e-10
-4.826811905292609e-09
2.608552648236475e-10
2.519689266828978e-10
4.829625292345166e-10
6.180791056297305e-10
7.863564186657760e-10
1.178591909987134e-09
1.840003636873874e-09
3.113935720099828e-09
1.507362975655271e-08
4.604837133210671e-09
3.792636837543049e-09
3.631997763934286e-09
3.710942772794886e-09
3.970709102283342e-09
4.426472830051159e-09
5.079540060088636e-09
5.974298903046892e-09
7.186452650122886e-09
8.806409846216984e-09
1.095797106024272e-08
1.382724966381471e-08
1.762179096500936e-08
2.265526747897489e-08
2.932985434039690e-08
3.817578040374047e-08
4.988559477023863e-08
6.538343957453694e-08
8.595561048123721e-08
1.131549057812376e-07
1.492021366839600e-07
1.970301343515690e-07
2.603372053578252e-07
3.439303454427534e-07
4.544971632032976e-07
6.005440147979514e-07
7.937869899377301e-07
1.049134321027699e-06
1.385884168074760e-06
1.830303347314343e-06
2.416991898737791e-06
3.191463326373419e-06
4.207849505144844e-06
5.559408510738030e-06
7.332579419898921e-06
9.674875669694776e-06
1.274942109579006e-05
1.681661263128786e-05
2.212267977649635e-05
2.912003253702406e-05
3.832310401718021e-05
5.042576031433685e-05
6.633618646407904e-05
8.717530158582820e-05
1.147074101377541e-04
1.507539330380970e-04
1.981716442532742e-04
2.606625539799738e-04
3.420843564913010e-04
4.494659347741066e-04
5.900121334084423e-04
7.745803064019953e-04
1.016465966719608e-03
1.336786203911701e-03
1.756177348328912e-03
2.307373239315526e-03
3.029918028416703e-03
3.980050553992849e-03
5.225257671612925e-03
6.854384630692313e-03
8.993135504978539e-03
1.179685524619575e-02
1.545399238396032e-02
2.022857560684897e-02
2.644300197278960e-02
3.452332935808593e-02
4.500519253306394e-02
5.853721445270679e-02
7.582565958696945e-02
9.782305185695787e-02
1.254024972769064e-01
1.596593332969897e-01
2.017179533766744e-01
2.525368308044526e-01
3.128316642676489e-01
3.824714568609484e-01
4.604205405180481e-01
5.446212964789066e-01
6.316396418785133e-01
7.172043148078997e-01
7.966345618235537e-01
8.656696024768575e-01
9.233580115731350e-01
9.901537639999217e-01
###4.800000000000000e+00
3.305707580929572e-10
2.639286604130720e-11
1.824170729450070e-10
-2.030647776688516e-10
1.464697169828978e-10
-1.047634126634298e-10
-4.792618270185373e-09
2.713276395323869e-10
2.818511613429895e-10
5.186078546008441e-10
6.724445737416167e-10
8.711565618273097e-10
1.275903650845316e-09
1.977036274904635e-09
3.281299359851439e-09
1.424078644981319e-08
4.861872462962220e-09
4.075789720483681e-09
3.942374600986778e-09
4.045727918085326e-09
4.352675106243353e-09
4.854440621656554e-09
5.572663294576186e-09
6.550563457443850e-09
7.874128062552172e-09
9.636829834753448e-09
1.197849242348902e-08
1.509536829192607e-08
1.921550906000120e-08
2.467837196226511e-08
3.192424251749835e-08
4.152825524484238e-08
5.423340402288736e-08
7.106347332262303e-08
9.340499771812401e-08
1.229608091078395e-07
1.621395427686222e-07
2.140884044072182e-07
2.828849550566268e-07
3.737819912500025e-07
4.940730875286389e-07
6.530423498992222e-07
8.634557804762924e-07
1.141577962745900e-06
1.508697362442262e-06
1.993415167553059e-06
2.633567597780793e-06
3.479124692966837e-06
4.589695761224979e-06
6.067615300656754e-06
8.008012341604627e-06
1.057345660763081e-05
1.394278925681652e-05
1.840449367611957e-05
2.422982135385699e-05
3.192046609478257e-05
4.204680709309675e-05
5.537568327488742e-05
7.292055966530324e-05
9.592629662687071e-05
1.263623789407509e-04
1.662587664129651e-04
2.188199064449117e-04
2.882081139234785e-04
3.786611544069465e-04
4.981532013275026e-04
6.547526484345250e-04
8.606995436311084e-04
1.130943049580508e-03
1.489269251013489e-03
1.958903150257237e-03
2.576625341541011e-03
3.387095087528458e-03
4.453347664853290e-03
5.851268673687329e-03
7.681554159695086e-03
1.007991084717426e-02
1.322295754274638e-02
1.731980074016610e-02
2.265874501646165e-02
2.959372555839625e-02
3.858665556638573e-02
5.021276385586976e-02
6.516975535321159e-02
8.418375844804001e-02
1.082458049928753e-01
1.382233254262582e-01
1.751905158184656e-01
2.201915735003996e-01
2.740290459306938e-01
3.372607483249165e-01
4.093892836708007e-01
4.890367161046909e-01
5.737613136312525e-01
6.598742552845073e-01
7.429589057050638e-01
8.184484670397155e-01
8.824633258579171e-01
9.343339409114105e-01
9.917458388146787e-01
###5.200000000000000e+00
3.690961123289247e-10
3.451075519948014e-11
1.888150400913287e-10
-2.267073978935326e-10
1.381971615415679e-10
-8.201527775303511e-11
-4.750039970056698e-09
3.040853099369690e-10
3.281157766982705e-10
5.560270930011265e-10
7.362051556010779e-10
9.513877303914977e-10
1.371799204409467e-09
2.116557387552056e-09
3.449137815175267e-09
1.348272015267746e-08
5.100979832937960e-09
4.357047727575547e-09
4.252309097472748e-09
4.392230166760924e-09
4.740717314883021e-09
5.302507316025023e-09
6.092846610862684e-09
7.162921868499175e-09
8.607173272229993e-09
1.052632822159721e-08
1.307424649217066e-08
1.646192822555851e-08
2.093526690144144e-08
2.687009543091979e-08
3.473844322722748e-08
4.515100184880136e-08
5.895589375350886e-08
7.724107727008467e-08
1.015104031093751e-07
1.336260714878606e-07
1.761979696523469e-07
2.326712781007595e-07
3.075099766940874e-07
4.063443993614317e-07
5.372638808402330e-07
7.103492268087030e-07
9.395524355632289e-07
1.242449350067902e-06
1.643052154292125e-06
2.171944259616079e-06
2.870893116005775e-06
3.794565586905696e-06
5.008659140612608e-06
6.625625299443125e-06
8.750288492001143e-06
1.156177678606050e-05
1.525645660972896e-05
2.015431572532671e-05
2.655327799865679e-05
3.501053273809609e-05
4.616218395764817e-05
6.085233111012155e-05
8.021225866492919e-05
1.056277321191791e-04
1.392947356811873e-04
1.834810594367864e-04
2.417734704379025e-04
3.188510585024154e-04
4.193907531672512e-04
5.524001184603231e-04
7.269216245602351e-04
9.567195024524430e-04
1.258574865064949e-03
1.659238506667966e-03
2.184829636558762e-03
2.876666431925981e-03
3.784656027329836e-03
4.979709874477981e-03
6.546689525878551e-03
8.597996943348660e-03
1.128281188102179e-02
1.479796850376034e-02
1.937460537553709e-02
2.532647402498475e-02
3.304010373944798e-02
4.301304887590676e-02
5.585963609658267e-02
7.232227512264376e-02
9.314239544753267e-02
1.193453788948660e-01
1.517753399182296e-01
1.914812537930926e-01
2.393917792681422e-01
2.961576413098352e-01
3.621253715025399e-01
4.364605431002005e-01
5.174378665864804e-01
6.022769025643889e-01
6.870686799236110e-01
7.673370449219961e-01
8.387066654059887e-01
8.977452933844532e-01
9.441168027996776e-01
9.931317511802306e-01
###5.600000000000001e+00
3.682808765512214e-10
4.734144392037671e-11
1.865284998961511e-10
-2.106821832846267e-10
1.502160574839292e-10
-5.815659583188993e-11
-4.730973007724930e-09
3.387057195948594e-10
3.725823770186176e-10
6.027058424238864e-10
8.000296027262117e-10
1.028776247181399e-09
1.478952129227946e-09
2.248135261336628e-09
3.610530038303258e-09
1.281788558593532e-08
5.330683253507718e-09
4.634577179825062e-09
4.568805423812087e-09
4.751635459537106e-09
5.148863639791170e-09
5.773116814903274e-09
6.643485863142577e-09
7.814320055040534e-09
9.390051810235915e-09
1.148561900989960e-08
1.425420500438772e-08
1.793528697055878e-08
2.279779583157176e-08
2.924585933011311e-08
3.779067341978741e-08
4.910063245948692e-08
6.409408232056772e-08
8.396790629596056e-08
1.103280649873709e-07
1.452402398057792e-07
1.915091466407549e-07
2.529218078947591e-07
3.343520381242616e-07
4.418774623138873e-07
5.844097591984036e-07
7.729526664605050e-07
1.022712552851146e-06
1.353023605625525e-06
1.790041827646643e-06
2.367448015784942e-06
3.130833899479008e-06
4.140433279338996e-06
5.468538514129054e-06
7.238505567554400e-06
9.565581514864501e-06
1.264919850630505e-05
1.670354022612981e-05
2.208311491040265e-05
2.911833797462456e-05
3.842521263053460e-05
5.071431878134045e-05
6.691453120289991e-05
8.829019556649985e-05
1.163842938202489e-04
1.536464466471691e-04
2.026066133444738e-04
2.672866707183871e-04
3.529250031443485e-04
4.647083257465685e-04
6.127779826119096e-04
8.072733862454350e-04
1.063668037500104e-03
1.400772214632512e-03
1.848525591420845e-03
2.436316773529153e-03
3.210411427609515e-03
4.226661723267907e-03
5.564090036043675e-03
7.317395556239945e-03
9.612337724092335e-03
1.261089580248386e-02
1.653314028641008e-02
2.163053976318978e-02
2.824709698081666e-02
3.679834539751386e-02
4.782014362168851e-02
6.196150651072695e-02
8.001057782290247e-02
1.027175786895563e-01
1.311305695480963e-01
1.660614465767736e-01
2.085094041450956e-01
2.592880023241504e-01
3.188632637248993e-01
3.873574025085433e-01
4.636007643384075e-01
5.455383582606331e-01
6.300870739216621e-01
7.131636321136445e-01
7.903159108649255e-01
8.574301936986288e-01
9.115704029782672e-01
9.527729359015221e-01
9.943318716758477e-01
###6.000000000000001e+00
3.164480596903059e-10
6.936151717258622e-11
1.943702306306726e-10
-1.947280647733643e-10
1.693088716000102e-10
-3.100135881120097e-11
-4.700768602482520e-09
3.628011753558574e-10
4.120781514227871e-10
6.473271992673666e-10
8.636807000254127e-10
1.114256598505263e-09
1.588072444387331e-09
2.379962983245684e-09
3.766394133495467e-09
1.222500766892604e-08
5.552655937892042e-09
4.915850439300326e-09
4.891691489656159e-09
5.118285977799410e-09
5.574363361993572e-09
6.266748444914983e-09
7.223213737654606e-09
8.506085278357935e-09
1.022898598203971e-08
1.251258716640525e-08
1.552438947894442e-08
1.951964441388412e-08
2.481209529678196e-08
3.181689069590551e-08
4.110011838369658e-08
5.338915674394767e-08
6.968403959365170e-08
9.127742197727465e-08
1.199225435453277e-07
1.578760490272508e-07
2.081919894891077e-07
2.750058118844676e-07
3.635686452376450e-07
4.806550255823756e-07
6.359049726739545e-07
8.413639905858643e-07
1.113669916940826e-06
1.474048034166969e-06
1.950990233581275e-06
2.581630223404604e-06
3.415985869897724e-06
4.519930315498761e-06
5.974121985455444e-06
7.913077338687199e-06
1.046189010667118e-05
1.384661677908742e-05
1.829807309701050e-05
2.421037759733845e-05
3.195034579332387e-05
4.219846672896986e-05
5.572597847850253e-05
7.362415894500162e-05
9.724058313765223e-05
1.283131643726778e-04
1.695756337097543e-04
2.238514193406578e-04
2.956400004629489e-04
3.908067897291318e-04
5.151114683278153e-04
6.799631779714444e-04
8.967290910635591e-04
1.182677052858032e-03
1.558927464736232e-03
2.059068084602931e-03
2.715819665210583e-03
3.581008375384697e-03
4.716959157838844e-03
6.211377440733325e-03
8.169865421400210e-03
1.073182301128036e-02
1.407362421715202e-02
1.843917458758362e-02
2.410167618180623e-02
3.143468368434122e-02
4.088575027590768e-02
5.302469702328969e-02
6.853880433823537e-02
8.825065339244129e-02
1.129176528639134e-01
1.436010154229151e-01
1.810718970582275e-01
2.262540797305910e-01
2.798382480276644e-01
3.420871700964676e-01
4.128803794796977e-01
4.907319827512774e-01
5.732572867304623e-01
6.571179313532489e-01
7.381115922165165e-01
8.118840996110469e-01
8.746514198747534e-01
9.240019708657925e-01
9.603794869643004e-01
9.953599050214540e-01
###6.400000000000001e+00
3.251109621123808e-10
8.280299672315928e-11
1.953904431315262e-10
-1.768030863007523e-10
1.945135165685691e-10
-7.244327211790677e-12
-4.659651836009267e-09
3.935649414832468e-10
4.536396639546607e-10
6.960382774269738e-10
9.286593714515496e-10
1.201463847408128e-09
1.687490154567508e-09
2.511888799470445e-09
3.916545430105648e-09
1.170272051235511e-08
5.765577412877929e-09
5.198792996201214e-09
5.221112361767990e-09
5.501393510584105e-09
6.017494385198623e-09
6.787958874398020e-09
7.836695647626780e-09
9.243859772020617e-09
1.112291835245824e-08
1.360954476000081e-08
1.689069010972635e-08
2.123457082682175e-08
2.698900899351017e-08
3.460200543132873e-08
4.468822401999853e-08
5.804389145402131e-08
7.575320170207626e-08
9.923342018038172e-08
1.303708094106262e-07
1.716473445172300e-07
2.263727406791828e-07
2.990751891655655e-07
3.954486467795476e-07
5.229967564669434e-07
6.921618854483624e-07
9.161471045809913e-07
1.213141945635571e-06
1.606493743018999e-06
2.127261174328139e-06
2.816386757370511e-06
3.728704842384672e-06
4.936693790435480e-06
6.529760015702483e-06
8.654444989942886e-06
1.144862216372786e-05
1.516643113513314e-05
2.005628322776925e-05
2.655811191644660e-05
3.507739176537223e-05
4.636774085805029e-05
6.126889379478586e-05
8.105155580184652e-05
1.071563228991108e-04
1.415391022368691e-04
1.872468848863597e-04
2.474358974817020e-04
3.271350597676327e-04
4.328984453726263e-04
5.711495318536601e-04
7.546643871458603e-04
9.961705489390665e-04
1.315010398154132e-03
1.734690168577674e-03
2.292859057573655e-03
3.026088166233611e-03
3.991883488313665e-03
5.259781416135157e-03
6.927161149171084e-03
9.110660918252987e-03
1.196463443634135e-02
1.568103269501982e-02
2.052822988459014e-02
2.680166876837115e-02
3.490564896075438e-02
4.531817796910744e-02
5.864381960082406e-02
7.560572469405544e-02
9.705634632940448e-02
1.237526907056529e-01
1.567616624693863e-01
1.967952128824391e-01
2.446939695198774e-01
3.009969729100235e-01
3.657684317797115e-01
4.386262141914925e-01
5.177599699195338e-01
6.004941219886403e-01
6.832796934409867e-01
7.618531484183706e-01
8.320290029386765e-01
8.904010987398899e-01
9.351113123484197e-01
9.670121364707599e-01
9.962329495094995e-01
###6.800000000000002e+00
3.043302927260221e-10
1.044287529593141e-10
2.052450997802849e-10
-1.503327431414941e-10
2.308584810703937e-10
6.878669199345568e-11
-4.618609619066321e-09
4.398233103626993e-10
5.167176653727434e-10
7.659508421265264e-10
1.010186352675021e-09
1.305048673912397e-09
1.820602520049386e-09
2.664775752792275e-09
4.078390688454669e-09
1.125597224675567e-08
5.985037966276611e-09
5.495471696022842e-09
5.570419548809482e-09
5.910007443025872e-09
6.494539912594849e-09
7.347805252574299e-09
8.501518442345875e-09
1.004229758462801e-08
1.209209174099486e-08
1.480166563403435e-08
1.837511530814965e-08
2.309729759783382e-08
2.935385581784183e-08
3.763096043579172e-08
4.859317464230756e-08
6.311226112009959e-08
8.235935788672331e-08
1.078953925563811e-07
1.417482288167881e-07
1.866537386336261e-07
2.461979471205552e-07
3.253376511181793e-07
4.302601821219898e-07
5.692429343148384e-07
7.536368553813304e-07
9.979429919749322e-07
1.322005274872135e-06
1.751569864026839e-06
2.320428058421400e-06
3.073858457890824e-06
4.071867837301773e-06
5.394439071787767e-06
7.140317403006668e-06
9.470587673990147e-06
1.253523909877871e-05
1.662140408709077e-05
2.199525835445332e-05
2.914956255966807e-05
3.853135030890238e-05
5.097741790800395e-05
6.740755870253905e-05
8.927636526237992e-05
1.181463565201310e-04
1.562020120681764e-04
2.068498308683119e-04
2.736109855629183e-04
3.621094536994908e-04
4.796414599274619e-04
6.333877408636946e-04
8.376555575695697e-04
1.106655798483475e-03
1.462012133432445e-03
1.929771720245902e-03
2.552206242406172e-03
3.369822186596187e-03
4.446684885188611e-03
5.859883324038430e-03
7.717248262184863e-03
1.014705052001894e-02
1.331931793811342e-02
1.744431570698506e-02
2.281195241894803e-02
2.974425799050620e-02
3.867447600484644e-02
5.011291659951841e-02
6.469633448575644e-02
8.317931227919552e-02
1.064395705892100e-01
1.352301567557521e-01
1.706098608143437e-01
2.132155726986492e-01
2.637956694100203e-01
3.227236351387052e-01
3.898448257684131e-01
4.645048261264880e-01
5.445953758180919e-01
6.271671962026132e-01
7.085091073920023e-01
7.843533761640522e-01
8.507506598008509e-01
9.047167929377231e-01
9.449679860477248e-01
9.727517783154016e-01
9.969712794610420e-01
###7.200000000000002e+00
3.265392258273940e-10
1.330302942875860e-10
2.319674391000082e-10
-1.498870987549300e-10
3.031826296219616e-10
1.207455750845877e-10
-4.536939834259975e-09
5.323722644917845e-10
6.208704017073023e-10
8.843136202273190e-10
1.124239297548401e-09
1.466186694570022e-09
1.986326003603354e-09
2.854337745860044e-09
4.277465191835331e-09
1.089843801484567e-08
6.244145860092741e-09
5.832140381676775e-09
5.966297429699906e-09
6.371468150132238e-09
7.029370943953160e-09
7.975236224659398e-09
9.244565018175806e-09
1.093048095406724e-08
1.316919368371895e-08
1.611713397635370e-08
2.000811483522817e-08
2.514458288557107e-08
3.194032159089949e-08
4.093871996937224e-08
5.286346898084496e-08
6.864408688811885e-08
8.956921339299171e-08
1.173420800561082e-07
1.541596272620970e-07
2.030145551990429e-07
2.678266521989226e-07
3.540222836964666e-07
4.683016278691765e-07
6.197838254292209e-07
8.208672451418113e-07
1.087428826476133e-06
1.441265381936791e-06
1.910479343422920e-06
2.532223096249394e-06
3.356389484404271e-06
4.448805791040196e-06
5.897505146834328e-06
7.811675747001885e-06
1.036849820120515e-05
1.373232957348572e-05
1.822518448992116e-05
2.413462300977526e-05
3.201146373248381e-05
4.234860635952587e-05
5.607355705887080e-05
7.420247082743371e-05
9.838149499558016e-05
1.303187652758035e-04
1.724673874897087e-04
2.285969868333248e-04
3.026642340987348e-04
4.009132160008762e-04
5.315262717724289e-04
7.024712031371942e-04
9.297598966548843e-04
1.229207189905996e-03
1.625041379445001e-03
2.145975037268545e-03
2.839384992588128e-03
3.750038697229728e-03
4.949167181348743e-03
6.521836776738657e-03
8.587222456948653e-03
1.128650309788786e-02
1.480512544525204e-02
1.937387478998969e-02
2.530297678066608e-02
3.294300763183963e-02
4.275746670782466e-02
5.528596742494598e-02
7.119625659533162e-02
9.128083777492285e-02
1.164138129859852e-01
1.473553550946928e-01
1.851381445776663e-01
2.303197569788241e-01
2.835290448308166e-01
3.449664691895416e-01
4.142463729797184e-01
4.904394208588348e-01
5.711500991355102e-01
6.531930391140497e-01
7.327349298302025e-01
8.055786445024709e-01
8.680507866624324e-01
9.176490982895013e-01
9.536459052152060e-01
9.776719248098849e-01
9.975858827547611e-01
###7.600000000000002e+00
3.475235794218199e-10
2.033126533873105e-10
2.539144754330099e-10
-1.162143988776829e-10
3.567118715202220e-10
1.865333533852024e-10
-4.440114014252695e-09
6.546544047491693e-10
7.561051932056984e-10
1.034725134105489e-09
1.294809760041486e-09
1.645523746904962e-09
2.179479145335319e-09
3.073709247863215e-09
4.503493659290894e-09
1.063156235113726e-08
6.529050706289120e-09
6.203701730447013e-09
6.401558069996983e-09
6.877872197115050e-09
7.617866639385382e-09
8.670257884166693e-09
1.005963082616679e-08
1.190533293418338e-08
1.434636901462979e-08
1.755911917447547e-08
2.179407305177829e-08
2.739576001726019e-08
3.476246921334489e-08
4.454706808175985e-08
5.751375674519822e-08
7.466618553594134e-08
9.743318120943850e-08
1.276513805101583e-07
1.676969260239657e-07
2.209035160871584e-07
2.914522490730980e-07
3.853661297172806e-07
5.098837001867779e-07
6.750353904050433e-07
8.944182913307669e-07
1.185432848014267e-06
1.571927673777871e-06
2.084785539748407e-06
2.764593614896465e-06
3.666454257593990e-06
4.862816251397866e-06
6.450531942474589e-06
8.550587790701789e-06
1.135710948448828e-05
1.505290877482949e-05
1.999369598741004e-05
2.649547494762742e-05
3.517177287837069e-05
4.656723035170460e-05
6.171008053687467e-05
8.172482865993202e-05
1.084634888539493e-04
1.438074111958796e-04
1.904878986692433e-04
2.527083264014526e-04
3.348775760592513e-04
4.439443677817224e-04
5.890706620442402e-04
7.791013190090573e-04
1.031885671630617e-03
1.365050009226350e-03
1.805606033322980e-03
2.385325788786352e-03
3.156952148032296e-03
4.170060125807421e-03
5.503532828533149e-03
7.250815201291571e-03
9.543516597161569e-03
1.253649766745879e-02
1.643117904513878e-02
2.147908664048648e-02
2.801339175726417e-02
3.641205759372756e-02
4.716913467648971e-02
6.085279599915339e-02
7.815894772746834e-02
9.991779113679040e-02
1.269866274572784e-01
1.601296159560808e-01
2.003404556235444e-01
2.480833284205517e-01
3.038548585327301e-01
3.676712522494570e-01
4.388971583013596e-01
5.163390216548421e-01
5.973358197721947e-01
6.784834095749959e-01
7.558984758685630e-01
8.255013490608109e-01
8.839549424722255e-01
9.292571278262008e-01
9.612326031517846e-01
9.818549567309601e-01
9.980926651701184e-01
###8.000000000000002e+00
3.787045108897959e-10
2.202927567984960e-10
2.908243917369209e-10
-7.144717042984746e-11
4.273149085200550e-10
2.766752299338884e-10
-4.332453791549427e-09
8.100971794210378e-10
9.442133909226389e-10
1.224490331840630e-09
1.506102627217638e-09
1.868413025499700e-09
2.419019191425958e-09
3.331508672851673e-09
4.768236588281888e-09
1.045460028140244e-08
6.856997365244496e-09
6.618152804380374e-09
6.889314718319179e-09
7.440192235577781e-09
8.271898538064021e-09
9.432724563538630e-09
1.095872529530082e-08
1.298105455020820e-08
1.564425719523420e-08
1.914554369897151e-08
2.375649603344983e-08
2.983734502988404e-08
3.786462966020910e-08
4.848674430071788e-08
6.258903729631090e-08
8.124603616975248e-08
1.060210129518823e-07
1.389011013560376e-07
1.824839060901671e-07
2.404536452840758e-07
3.172563599156826e-07
4.196411706453379e-07
5.553698000455745e-07
7.355059501627489e-07
9.749397365327508e-07
1.292773189684457e-06
1.715184884303488e-06
2.275870687767638e-06
3.019728043817822e-06
4.007021695151236e-06
5.317974780039649e-06
7.058714474484166e-06
9.363885316232598e-06
1.244596795476173e-05
1.650887733518326e-05
2.194425369474494e-05
2.910089325159321e-05
3.866220509204136e-05
5.123051628771361e-05
6.794462191903358e-05
9.005269495605780e-05
1.196284414520949e-04
1.587473172528895e-04
2.104522268775629e-04
2.794320288636386e-04
3.705955170145299e-04
4.916553411822547e-04
6.528512012322086e-04
8.640279052750143e-04
1.144996142648902e-03
1.515507231979767e-03
2.005412422810829e-03
2.649969626690849e-03
3.507718518931144e-03
4.633437323174984e-03
6.114181550040920e-03
8.052596976306971e-03
1.059333084745371e-02
1.390484701045285e-02
1.820735610931422e-02
2.377273838858200e-02
3.095793308142844e-02
4.016776804551719e-02
5.192801091625291e-02
6.683112019738718e-02
8.560461761514736e-02
1.090982081390043e-01
1.381663192409672e-01
1.735559915489463e-01
2.162085700654507e-01
2.664829841859285e-01
3.247294848737965e-01
3.907677195809615e-01
4.637200651384546e-01
5.421197167097789e-01
6.230581428742279e-01
7.029646591547749e-01
7.779477639330116e-01
8.441063988239389e-01
8.984893068491198e-01
9.396100279414212e-01
9.678124052762825e-01
9.853789173648424e-01
9.985053569743282e-01
###8.400000000000002e+00
4.205932082586966e-10
2.685526125129338e-10
3.339427753381202e-10
-2.820717377546926e-12
5.251710756980373e-10
4.018651887522783e-10
-4.174129702772094e-09
1.006777612204585e-09
1.180979345996676e-09
1.474043660310273e-09
1.770097200391843e-09
2.144954736209220e-09
2.710983172135125e-09
3.642071750642801e-09
5.085907773193029e-09
1.037581136225730e-08
7.239549794563832e-09
7.094046800944811e-09
7.442115726040650e-09
8.076930527612099e-09
9.007874163596312e-09
1.028751902770123e-08
1.196194071899243e-08
1.417545241528345e-08
1.708493384222980e-08
2.090412382839747e-08
2.592663371906697e-08
3.254686014399308e-08
4.128855614298820e-08
5.279899690744323e-08
6.813793130187713e-08
8.843617982427464e-08
1.154027836136454e-07
1.512000276114459e-07
1.986377920599563e-07
2.618188834779265e-07
3.454612378752609e-07
4.571166353427253e-07
6.051372180981129e-07
8.016853741844539e-07
1.063102706700382e-06
1.410403761957859e-06
1.872211059936582e-06
2.485503208713534e-06
3.299729429275109e-06
4.381243033043064e-06
5.818375731931210e-06
7.727928362238279e-06
1.025892846484003e-05
1.364553058928461e-05
1.811376509763026e-05
2.409599412473108e-05
3.197706426721213e-05
4.251757283463533e-05
5.638452541129405e-05
7.483895367965733e-05
9.926897280907648e-05
1.319871528748983e-04
1.752889786279410e-04
2.325698428074410e-04
3.090316964580663e-04
4.101533511386477e-04
5.445307988066467e-04
7.234895071469346e-04
9.580519560856222e-04
1.270217545738940e-03
1.681912745046781e-03
2.226192289019701e-03
2.942157856641730e-03
3.894572057809870e-03
5.143926813592009e-03
6.785638535223040e-03
8.932775963835047e-03
1.174290705300901e-02
1.540049998734173e-02
2.014336566831222e-02
2.626615433132256e-02
3.414818740662320e-02
4.422363934161236e-02
5.704601269018161e-02
7.323582775187937e-02
9.354218078527445e-02
1.188361057436535e-01
1.499595613344106e-01
1.876277928981634e-01
2.327278730290420e-01
2.854867975414656e-01
3.461103996232653e-01
4.141995730118966e-01
4.886376105131683e-01
5.676947195536818e-01
6.482315791049992e-01
7.265671280889536e-01
7.988372478795291e-01
8.613918000348455e-01
9.116896489886305e-01
9.487763903313933e-01
9.734757473015035e-01
9.883220604175669e-01
9.988437811071479e-01
###8.800000000000002e+00
4.240784258666486e-10
2.874633697095142e-10
3.682781717340905e-10
4.115134181177883e-11
5.702143690230457e-10
4.743527102237318e-10
-4.068862241017289e-09
1.099423225559569e-09
1.303789407871881e-09
1.629054199346206e-09
1.952521582850472e-09
2.343726641323970e-09
2.927139540834899e-09
3.877561834027179e-09
5.328676849660834e-09
1.026221628926416e-08
7.553827387012466e-09
7.506707009219702e-09
7.935888758062911e-09
8.660315082884252e-09
9.701801366793035e-09
1.111074674210483e-08
1.294932821753012e-08
1.537010879811935e-08
1.854359861068517e-08
2.270572050306115e-08
2.817600785122364e-08
3.538830591360033e-08
4.489374506037051e-08
5.743843983819758e-08
7.413027160675935e-08
9.622057248999490e-08
1.255795368166281e-07
1.645208021431636e-07
2.162042071141446e-07
2.850438307293608e-07
3.762361685645610e-07
4.979881774969019e-07
6.594913707356139e-07
8.740836609007474e-07
1.159672458678594e-06
1.539243030739466e-06
2.044286834167766e-06
2.715456007466881e-06
3.607150496932503e-06
4.792329401955555e-06
6.368415588964236e-06
8.464239709907659e-06
1.124464981142586e-05
1.496731903000242e-05
1.988415574235287e-05
2.647009942449427e-05
3.515360569806954e-05
4.677667128738459e-05
6.208148045699539e-05
8.246555070736691e-05
1.094973117297026e-04
1.456627502930145e-04
1.936007631524352e-04
2.570519554392665e-04
3.418061429645982e-04
4.539559311700656e-04
6.030422069080274e-04
8.016760020916667e-04
1.062065610462592e-03
1.408674527208592e-03
1.865679885265273e-03
2.469886986221586e-03
3.264270576870904e-03
4.320502632106297e-03
5.705240769025019e-03
7.522699311309248e-03
9.897080204775624e-03
1.299959662108795e-02
1.703208401855414e-02
2.225311472361058e-02
2.897069226373428e-02
3.759827086648968e-02
4.859467652552098e-02
6.253902306068577e-02
8.007549628002528e-02
1.019865248226273e-01
1.291395929153987e-01
1.623680511149029e-01
2.023388604166351e-01
2.498569742894817e-01
3.050597031250166e-01
3.679394456144473e-01
4.378984756883110e-01
5.135671354961172e-01
5.929688237485312e-01
6.727745887799041e-01
7.492223163203938e-01
8.185391475584021e-01
8.773665245631157e-01
9.236121332580197e-01
9.568372533659283e-01
9.783100942603021e-01
9.907550445158084e-01
9.991143840820184e-01
###9.200000000000003e+00
4.479911006290067e-10
2.949414892961636e-10
3.874924577473474e-10
3.950768142526895e-11
6.332981673100707e-10
5.590765551965133e-10
-3.956206419695394e-09
1.203121974791131e-09
1.442698447621210e-09
1.793141784435609e-09
2.148589906833733e-09
2.555374445962446e-09
3.158408172917149e-09
4.126687622642978e-09
5.589779978273161e-09
1.020868461253440e-08
7.889185239776960e-09
7.946409910538273e-09
8.463388542996654e-09
9.289741829618464e-09
1.044396538354422e-08
1.198906146711255e-08
1.401066371628199e-08
1.665657036668286e-08
2.011821104369976e-08
2.465526954414098e-08
3.061172861810831e-08
3.846840536191122e-08
4.880894026069868e-08
6.247704996286465e-08
8.064328143748594e-08
1.046930670249990e-07
1.366410760969434e-07
1.790576902629528e-07
2.353722977398274e-07
3.104143988560180e-07
4.098670791247662e-07
5.426786124881315e-07
7.189619322657001e-07
9.533378474012481e-07
1.265393656366156e-06
1.680478774178887e-06
2.233049501014256e-06
2.967890598356420e-06
3.944780232581419e-06
5.244334252135369e-06
6.973651374750578e-06
9.274748511362353e-06
1.233040845520316e-05
1.642422347653042e-05
2.183642717646893e-05
2.908976519099656e-05
3.866011621656506e-05
5.148195471506939e-05
6.837755729504167e-05
9.089666791040219e-05
1.208196505454972e-04
1.607977451352326e-04
2.138659414890495e-04
2.841439534153357e-04
3.780748812575929e-04
5.024106132538517e-04
6.677491623355988e-04
8.881313892562779e-04
1.177020561419554e-03
1.561545487493801e-03
2.068447668013534e-03
2.738559635953931e-03
3.619027030959784e-03
4.788946120215331e-03
6.321574880419463e-03
8.330481619582643e-03
1.095183832814313e-02
1.437138386203729e-02
1.880892449373774e-02
2.454333417764605e-02
3.189832142892159e-02
4.132176060492538e-02
5.329545392028211e-02
6.842130046689007e-02
8.736890666258776e-02
1.109485423789055e-01
1.400146516454236e-01
1.753911074804126e-01
2.176762446878170e-01
2.675951167230531e-01
3.251676743208365e-01
3.901668631393131e-01
4.617930763885228e-01
5.384274413268414e-01
6.178615563614357e-01
6.966053739147183e-01
7.708748951390764e-01
8.370317032092294e-01
8.920490759002845e-01
9.343111601405050e-01
9.638760212515919e-01
9.824034107522457e-01
9.927499750653025e-01
9.993282592421594e-01
###9.600000000000003e+00
4.607505742449528e-10
3.205173220352309e-10
4.148675509418245e-10
8.294249487698180e-11
6.924712603720683e-10
6.313837744030395e-10
-3.842935595089420e-09
1.309142071378376e-09
1.577675223783024e-09
1.954036681928004e-09
2.343173247215168e-09
2.759403974825372e-09
3.393342287491545e-09
4.380037496766512e-09
5.855186342828130e-09
1.018959319268523e-08
8.238208629416492e-09
8.399963440785891e-09
9.011151844872377e-09
9.944363515606828e-09
1.122236069442718e-08
1.292213611077734e-08
1.513439976027879e-08
1.802773993636922e-08
2.180299746705922e-08
2.674293705580048e-08
3.323062274863960e-08
4.178312688541248e-08
5.304359797752581e-08
6.793009304796788e-08
8.770306026239526e-08
1.138880424080997e-07
1.486864319921293e-07
1.948963720406978e-07
2.562843735016685e-07
3.381023335574941e-07
4.466255235268931e-07
5.915624342144976e-07
7.841355861226087e-07
1.040134464291005e-06
1.381258446458909e-06
1.835301509061977e-06
2.440133730614768e-06
3.245021599953274e-06
4.315786854684409e-06
5.741331454615726e-06
7.639425564649319e-06
1.016728860839898e-05
1.352630940067516e-05
1.803002812388872e-05
2.398932596680946e-05
3.197673185447484e-05
4.253268156832202e-05
5.668009953392059e-05
7.533759869104308e-05
1.002237491974021e-04
1.333319520946432e-04
1.775368575654660e-04
2.362776514140705e-04
3.141112955745146e-04
4.181718226581251e-04
5.559784177673082e-04
7.392657903420281e-04
9.836307523947727e-04
1.303923892048001e-03
1.730166740517491e-03
2.291966372779177e-03
3.034376912746617e-03
4.009087323292901e-03
5.303363504979591e-03
6.997083325100068e-03
9.214599906821802e-03
1.210368549622271e-02
1.586643101002716e-02
2.074009504399611e-02
2.702496617260169e-02
3.506326167959978e-02
4.533244806364690e-02
5.833830899039392e-02
7.470636195516438e-02
9.513818216558406e-02
1.204387475435539e-01
1.514702778394513e-01
1.890226041610002e-01
2.336327452399441e-01
2.859186094292527e-01
3.457648615535862e-01
4.127344592495267e-01
4.858130868453297e-01
5.631329017435175e-01
6.422899411360689e-01
7.196594738343655e-01
7.914766859549694e-01
8.542974848570077e-01
9.054671112845898e-01
9.438498929164247e-01
9.699752778821105e-01
9.858378315571962e-01
9.943657349631969e-01
9.994946323473375e-01
###1.000000000000000e+01
4.911521148282144e-10
3.423158835577747e-10
4.485865260680868e-10
1.355568548099510e-10
7.532983267238094e-10
7.180835479236275e-10
-3.717229725302195e-09
1.426346276830686e-09
1.721820160516380e-09
2.126057074938167e-09
2.555544213281611e-09
2.987488043786123e-09
3.645052696992540e-09
4.655774522847355e-09
6.140373531391543e-09
1.022479638639196e-08
8.606840993160407e-09
8.880958746839187e-09
9.594177406490704e-09
1.063966340915294e-08
1.205158203532588e-08
1.391675704254431e-08
1.634129049869892e-08
1.949478966504708e-08
2.361062310737142e-08
2.899269459519374e-08
3.606825074046879e-08
4.538641063545066e-08
5.765262655838718e-08
7.386382412633372e-08
9.540762754897799e-08
1.239260707708093e-07
1.618100178923587e-07
2.121732927800439e-07
2.791114731529968e-07
3.683370125786595e-07
4.868042627303945e-07
6.450306350561395e-07
8.554151092848261e-07
1.135199668913675e-06
1.508313035817098e-06
2.005213884990524e-06
2.667494489318089e-06
3.549492833665778e-06
4.723653443628066e-06
6.287914906451051e-06
8.372230240400195e-06
1.114982550439884e-05
1.484417223226319e-05
1.980119506106382e-05
2.636392401524996e-05
3.516548564728618e-05
4.680705809788138e-05
6.242136528900386e-05
8.302542014715082e-05
1.105330805042428e-04
1.471584569363056e-04
1.960406950782916e-04
2.610511256145090e-04
3.472353073523924e-04
4.624980262645864e-04
6.151713575306514e-04
8.182504608502265e-04
1.089024117729221e-03
1.443895835176136e-03
1.915995194082029e-03
2.538054467350041e-03
3.359552111649425e-03
4.437381331157086e-03
5.867234109474857e-03
7.736505796629593e-03
1.018029408623866e-02
1.335957015689793e-02
1.749254910139670e-02
2.283516101450581e-02
2.970998029857207e-02
3.847684481650854e-02
4.964401766942124e-02
6.374025133420164e-02
8.141336190967630e-02
1.033842801726748e-01
1.304670118693638e-01
1.635088192105838e-01
2.032640360147853e-01
2.501880770945986e-01
3.047927146634793e-01
3.668088873426553e-01
4.355798492294233e-01
5.098816762302079e-01
5.876050545106744e-01
6.661721270799646e-01
7.418645197874892e-01
8.109924906442488e-01
8.703385906094755e-01
9.176593878233753e-01
9.522981886927651e-01
9.752208277367275e-01
9.886949857995657e-01
9.956629876308387e-01
9.996243986067213e-01
###1.040000000000000e+01
5.025106191710859e-10
3.800100125034370e-10
4.799000320641863e-10
1.896903406129848e-10
8.209596261415354e-10
8.094255294261084e-10
-3.583465854168888e-09
1.551425292993071e-09
1.876164362263231e-09
2.320198497816782e-09
2.779440644831874e-09
3.228631121873830e-09
3.910478807809699e-09
4.948514215907735e-09
6.446421818753996e-09
1.030851422057693e-08
9.002389184533627e-09
9.391526896886630e-09
1.021592960973026e-08
1.138432377104594e-08
1.294326401878486e-08
1.498670512623176e-08
1.764004516646275e-08
2.108534703867641e-08
2.557224743355335e-08
3.143563004637828e-08
3.914231568295826e-08
4.929399863444648e-08
6.265893292759789e-08
8.031636718444521e-08
1.037905923877091e-07
1.348363089179296e-07
1.761296058510053e-07
2.310262373254689e-07
3.040464998540483e-07
4.014031918817028e-07
5.307481146362252e-07
7.035406975795777e-07
9.335894863559706e-07
1.239460620455850e-06
1.647666721217978e-06
2.191633401206046e-06
2.917160861495405e-06
3.884186798327061e-06
5.172154852796665e-06
6.889348022081226e-06
9.178901306696033e-06
1.223238445642936e-05
1.629619599483793e-05
2.175303485086473e-05
2.898324386570844e-05
3.868708074042872e-05
5.152798201813306e-05
6.876168948265513e-05
9.151843315957784e-05
1.219221337095948e-04
1.624210769460053e-04
2.164863077485286e-04
2.884229264018380e-04
3.838219965615108e-04
5.114411393948061e-04
6.805050850611477e-04
9.053770046269641e-04
1.205222232828811e-03
1.598064570884251e-03
2.120574797801374e-03
2.808611644452053e-03
3.716714506834213e-03
4.907054123986306e-03
6.484743472829911e-03
8.544673451569746e-03
1.123387789686852e-02
1.472655647916765e-02
1.925881329528369e-02
2.510450080772456e-02
3.261019522689829e-02
4.215204311432224e-02
5.426956524875776e-02
6.951848673290287e-02
8.855312698671146e-02
1.121208605540677e-01
1.410419496829178e-01
1.761340859977692e-01
2.181074357256276e-01
2.673500246067302e-01
3.241852501960207e-01
3.882458108285581e-01
4.586422347802474e-01
5.339205387134662e-01
6.117673309448403e-01
6.894379652852541e-01
7.631699800710524e-01
8.293918270842134e-01
8.851665652150801e-01
9.286741744922213e-01
9.597327319337093e-01
9.796999208360108e-01
9.910520843913285e-01
9.966945421165084e-01
9.997231551368336e-01
###1.080000000000000e+01
5.344611999248257e-10
4.173292394526031e-10
5.250731716779596e-10
2.231688186657294e-10
8.993389365929121e-10
9.119691322117856e-10
-3.433042448415305e-09
1.690180636705884e-09
2.050952736172821e-09
2.527874656358638e-09
3.028217879425922e-09
3.493022125951643e-09
4.197303120119046e-09
5.261414263805914e-09
6.778529157332496e-09
1.043969209968165e-08
9.433130432356443e-09
9.938787550379351e-09
1.087919477598568e-08
1.217945326297681e-08
1.389640254737524e-08
1.613584841292503e-08
1.903672905622078e-08
2.279809423803359e-08
2.769199501174989e-08
3.407979456753067e-08
4.247352178014826e-08
5.353594997719861e-08
6.809679730731786e-08
8.733399181485855e-08
1.129159300084704e-07
1.467152054546904e-07
1.917463651636652e-07
2.516074423834039e-07
3.312826424248074e-07
4.375573615638618e-07
5.788648467230317e-07
7.676105878067619e-07
1.019240348301871e-06
1.353683473917945e-06
1.800491716528305e-06
2.396260343801784e-06
3.191358250342040e-06
4.251838772885341e-06
5.665485957718773e-06
7.551045292050314e-06
1.006710504118283e-05
1.342491449510678e-05
1.789702887852875e-05
2.390587732474108e-05
3.187303402992008e-05
4.257225891300061e-05
5.673869756972873e-05
7.576262018446250e-05
1.008984126262174e-04
1.345006219970125e-04
1.792708483070236e-04
2.390639261950554e-04
3.186534194966124e-04
4.242144833611870e-04
5.654669449382921e-04
7.525750131416355e-04
1.001426806988512e-03
1.333217000346298e-03
1.767729751188916e-03
2.345470022673286e-03
3.105780304164717e-03
4.108345213896302e-03
5.421361634737647e-03
7.159961542867621e-03
9.426700960494180e-03
1.238135831556799e-02
1.621246522595990e-02
2.117368470967747e-02
2.755831101413407e-02
3.573580700603225e-02
4.610113997228049e-02
5.922406053500825e-02
7.568325869158049e-02
9.613978961533644e-02
1.213627719982630e-01
1.521660456261010e-01
1.893426760280402e-01
2.335426059454617e-01
2.850665600586307e-01
3.440659530072208e-01
4.100249414247648e-01
4.818525611254700e-01
5.578591505377174e-01
6.355373316807984e-01
7.120140968397655e-01
7.835259408943566e-01
8.466553220383891e-01
8.987942732652797e-01
9.385637588870722e-01
9.662289478156518e-01
9.834930426508123e-01
9.929779003535554e-01
9.975052870542982e-01
9.997973046581331e-01
###1.120000000000000e+01
5.680508881576220e-10
4.551549658557281e-10
5.669837647765227e-10
3.055338551570547e-10
9.767912907312767e-10
1.018305196662262e-09
-3.270708352059157e-09
1.839589020576810e-09
2.238244230134863e-09
2.752276956513886e-09
3.297837808659648e-09
3.780818169471580e-09
4.506418802072304e-09
5.598346400306954e-09
7.136332150930439e-09
1.062522018447555e-08
9.895313596432823e-09
1.052533288915600e-08
1.158770346872159e-08
1.303186950622608e-08
1.492106942640353e-08
1.737182888083974e-08
2.054031487773192e-08
2.464658920642040e-08
2.998301423391108e-08
3.694098808037755e-08
4.608396954270494e-08
5.813906655728908e-08
7.400061454012945e-08
9.496910107313215e-08
1.228535641768183e-07
1.596655623316900e-07
2.087819711011802e-07
2.740842183245888e-07
3.610402510712942e-07
4.770764532538608e-07
6.315311226365434e-07
8.377679507139696e-07
1.112910279988304e-06
1.478958555905507e-06
1.968171586088431e-06
2.620894545783166e-06
3.492668281891306e-06
4.656050218978022e-06
6.207998296948985e-06
8.279322733991687e-06
1.104506236380961e-05
1.473887360086662e-05
1.966142368552983e-05
2.628012721628197e-05
3.506014131868946e-05
4.685838792626494e-05
6.248924918013787e-05
8.349024969591507e-05
1.112649694883939e-04
1.483861024819772e-04
1.978758148851917e-04
2.639926687286983e-04
3.520083385182648e-04
4.687724952325246e-04
6.250235715642538e-04
8.319871212327387e-04
1.107217852434042e-03
1.474085609441584e-03
1.954337844589044e-03
2.592422936362923e-03
3.431659486908480e-03
4.537426343145021e-03
5.984016340121748e-03
7.897050179423760e-03
1.038793449811805e-02
1.362931236297822e-02
1.782495227015550e-02
2.324637027755103e-02
3.020742842269715e-02
3.910011276002612e-02
5.033863046654838e-02
6.452046795387301e-02
8.224609373330391e-02
1.041845891301316e-01
1.311265558623562e-01
1.638468153911322e-01
2.031308159700680e-01
2.495546844549490e-01
3.033103995409612e-01
3.643841270475526e-01
4.320945211432654e-01
5.051442554075235e-01
5.816138973007623e-01
6.588395334626526e-01
7.338365390077235e-01
8.028869975541225e-01
8.627782386313274e-01
9.112571225496563e-01
9.473905758389347e-01
9.718667719074930e-01
9.866802973524604e-01
9.945380728368177e-01
9.981361213935922e-01
9.998556090491749e-01
###1.160000000000000e+01
6.137280327655043e-10
5.140190537710132e-10
6.059751825280558e-10
3.598668010384537e-10
1.064297507571380e-09
1.134553808383716e-09
-3.091076829150827e-09
2.005965063589130e-09
2.444193636950768e-09
2.999941773346386e-09
3.589929490445126e-09
4.090351494528037e-09
4.843427908250236e-09
5.964365537882063e-09
7.523806873468632e-09
1.086552093550058e-08
1.039431973595631e-08
1.115637518475143e-08
1.235117535729298e-08
1.394636991214268e-08
1.602182392475981e-08
1.870270619189559e-08
2.216233267831545e-08
2.664214852640484e-08
3.244095189709304e-08
4.003997746781026e-08
4.999978428072375e-08
6.313889348589239e-08
8.042579964554138e-08
1.032806387023744e-07
1.336708508612899e-07
1.737843827075418e-07
2.273671521685813e-07
2.986259769265693e-07
3.935595582154486e-07
5.203283357162099e-07
6.891601945835582e-07
9.146301936606782e-07
1.215573311461009e-06
1.616393062659598e-06
2.152268787204461e-06
2.867575795549149e-06
3.823814328949462e-06
5.100331614274444e-06
6.804748226281597e-06
9.080978722481470e-06
1.212181278945501e-05
1.618636397128031e-05
2.160571977496928e-05
2.889754018328157e-05
3.857562805686623e-05
5.158301337012416e-05
6.883377318214953e-05
9.201855911119549e-05
1.227023024006246e-04
1.637100871511736e-04
2.184005277506058e-04
2.914829438818145e-04
3.887891179985043e-04
5.179054461594186e-04
6.906429381096490e-04
9.194245387616664e-04
1.223606233435627e-03
1.628937919310968e-03
2.159134018117168e-03
2.863330248040428e-03
3.788686315054707e-03
5.006745199846274e-03
6.598199885423850e-03
8.700626277284554e-03
1.143402194888726e-02
1.498424588102026e-02
1.957142512894645e-02
2.548584775227265e-02
3.306241087035588e-02
4.271419059619409e-02
5.487638675125889e-02
7.017240310754709e-02
8.922174138229115e-02
1.126984774119450e-01
1.414064034253767e-01
1.760866392171111e-01
2.174920125156076e-01
2.661246807067589e-01
3.220536811925795e-01
3.850944818082442e-01
4.543987036148726e-01
5.284390358550738e-01
6.051122801312192e-01
6.816007819318858e-01
7.548429229696794e-01
8.212254924413697e-01
8.777634295937711e-01
9.225913234051244e-01
9.552187098443397e-01
9.767244755516902e-01
9.893374053623831e-01
9.957910533534663e-01
9.986228092407445e-01
9.998990646569161e-01
###1.200000000000001e+01
6.547371168926337e-10
5.463583272322183e-10
6.584592257124809e-10
4.343673356822336e-10
1.162915482751473e-09
1.262116246736724e-09
-2.891446654293014e-09
2.187622908890650e-09
2.668124312617566e-09
3.270472078341947e-09
3.907258968596376e-09
4.423287919821474e-09
5.212312503534889e-09
6.355770187533422e-09
7.945120461491106e-09
1.115937111809768e-08
1.093743006536071e-08
1.183606045724451e-08
1.317123049529306e-08
1.493058168586088e-08
1.720594990608980e-08
2.013587571148646e-08
2.391241404002806e-08
2.879630116202266e-08
3.512296330051435e-08
4.339748873496650e-08
5.425058812834778e-08
6.856779137286014e-08
8.741556109851402e-08
1.123348091425830e-07
1.454043515491540e-07
1.891863371806196e-07
2.476610373404233e-07
3.254522517267644e-07
4.291291553111503e-07
5.676434213451536e-07
7.522198384000064e-07
9.988464531626125e-07
1.328120527164187e-06
1.767183296137718e-06
2.354333214455822e-06
3.138643983167133e-06
4.187718593215929e-06
5.589061642562509e-06
7.461265439245970e-06
9.963250437357734e-06
1.330779746058803e-05
1.778086625254788e-05
2.374949541380296e-05
3.178186974362574e-05
4.245158293615485e-05
5.679219015199381e-05
7.583130449276168e-05
1.014251529095560e-04
1.353174676747145e-04
1.806111921722255e-04
2.410347007252940e-04
3.217866970710023e-04
4.293224510757412e-04
5.721237664598052e-04
7.628862903629218e-04
1.015641413156555e-03
1.351527979515697e-03
1.798976067463416e-03
2.383904243521054e-03
3.160167340654404e-03
4.179281935854473e-03
5.519442368240285e-03
7.268439441726006e-03
9.575755324074394e-03
1.257046364898537e-02
1.645384985554983e-02
2.146077211023805e-02
2.790247407815284e-02
3.613385573667704e-02
4.658815426758772e-02
5.972700477222523e-02
7.619303150891410e-02
9.662142854372983e-02
1.216910470872350e-01
1.522121214900771e-01
1.888825281733726e-01
2.324209538507094e-01
2.832352914955029e-01
3.412646224918664e-01
4.061556917962446e-01
4.768701849546704e-01
5.516794017952413e-01
6.282868443390084e-01
7.037514593911878e-01
7.749863956519609e-01
8.385105065656133e-01
8.916154529586469e-01
9.328358000044882e-01
9.621130686196345e-01
9.808776214523366e-01
9.915321412828682e-01
9.967843456410991e-01
9.989914248631797e-01
9.999285933093226e-01
###1.240000000000001e+01
6.830430801393008e-10
5.804157827363589e-10
7.273580813632060e-10
5.127890875060068e-10
1.265675792248238e-09
1.400427579917899e-09
-2.673462371860723e-09
2.384316290929006e-09
2.912095514563628e-09
3.569257882389042e-09
4.250571031025615e-09
4.787034660825125e-09
5.606364173120660e-09
6.789707718447488e-09
8.400814225787848e-09
1.151469083150133e-08
1.152599136584085e-08
1.265609002868336e-08
1.405380571885312e-08
1.599203633377140e-08
1.848317734700988e-08
2.168274637244494e-08
2.580306387995667e-08
3.112773414217829e-08
3.802806926141328e-08
4.703926653446817e-08
5.886601331626422e-08
7.446909058950112e-08
9.502172089200044e-08
1.221949889936737e-07
1.582039161866784e-07
2.059970169962494e-07
2.698182442302471e-07
3.547514418481922e-07
4.680219060096512e-07
6.194307487034810e-07
8.212725540732488e-07
1.091135798569076e-06
1.451548033472628e-06
1.932596186116066e-06
2.576224526962480e-06
3.436483141456024e-06
4.587730644792943e-06
6.126447886722774e-06
8.183659988265556e-06
1.093444903893771e-05
1.461393874017053e-05
1.953759914820952e-05
2.611496281420122e-05
3.496280614027288e-05
4.672502577380344e-05
6.253828429946186e-05
8.354941264205934e-05
1.117996134805948e-04
1.492241631782903e-04
1.992469275622122e-04
2.659807307029878e-04
3.551782757879771e-04
4.739688689347351e-04
6.317489525703660e-04
8.423504177055517e-04
1.121369658728217e-03
1.492019128811248e-03
1.985527366192590e-03
2.630229111713323e-03
3.485064574284328e-03
4.606152712878963e-03
6.078920464866904e-03
7.998571834863298e-03
1.052722741036836e-02
1.380389443373201e-02
1.804505928234305e-02
2.350149358387170e-02
3.050582713371056e-02
3.943325169556396e-02
5.073456259442562e-02
6.490432314030928e-02
8.259450706150109e-02
1.044577190866047e-01
1.311712486695916e-01
1.635420507214338e-01
2.022355001019800e-01
2.479040618958411e-01
3.008611421258999e-01
3.609084587782548e-01
4.275126541794748e-01
4.994428347658801e-01
5.747837697672387e-01
6.510562629890254e-01
7.252309758266250e-01
7.942244172395586e-01
8.547279869348718e-01
9.043563643151699e-01
9.420448009360755e-01
9.681487619211800e-01
9.844023215034539e-01
9.933289312194742e-01
9.975634053654677e-01
9.992660700579651e-01
9.999507910991009e-01
###1.280000000000001e+01
7.229132520238297e-10
6.296330111334642e-10
7.980382937748076e-10
6.022033424016022e-10
1.394587265350531e-09
1.553663854416729e-09
-2.421870408179517e-09
2.597306649351345e-09
3.183499263177389e-09
3.897966082364515e-09
4.627579853760558e-09
5.184391572001210e-09
6.034660328347798e-09
7.224975367346411e-09
8.889173957866838e-09
1.193054717735722e-08
1.217845165567689e-08
1.344252724025766e-08
1.500898377454114e-08
1.713658655921175e-08
1.986107219918664e-08
2.335358568849272e-08
2.784594570779590e-08
3.364988591953390e-08
4.117730331540376e-08
5.098382729069870e-08
6.387326307692493e-08
8.088615387299645e-08
1.032998626191005e-07
1.329344108572526e-07
1.722240360745242e-07
2.243395559272058e-07
2.940317249660754e-07
3.868034828768579e-07
5.105761913383290e-07
6.761486396263772e-07
8.969196488909495e-07
1.192318997430255e-06
1.587025143485079e-06
2.114208353003603e-06
2.819885856461450e-06
3.763720801266760e-06
5.027493881006835e-06
6.717506884522170e-06
8.978493237987638e-06
1.200344242494281e-05
1.605202506625892e-05
2.147317766141624e-05
2.872106522542169e-05
3.846733495207125e-05
5.143464990417969e-05
6.887223025691118e-05
9.205715706129098e-05
1.232348890802276e-04
1.645539896057435e-04
2.197811483313287e-04
2.934578115155195e-04
3.919438928142605e-04
5.231011148938400e-04
6.973287846523739e-04
9.296792816249719e-04
1.237474208369532e-03
1.646130213261532e-03
2.189935532121213e-03
2.899768769896097e-03
3.840100495575403e-03
5.072199636539560e-03
6.688745769870101e-03
8.792996910428161e-03
1.156029446093785e-02
1.514033868791165e-02
1.976521451343152e-02
2.570252053730254e-02
3.330599437177446e-02
4.297157047371962e-02
5.516884115285296e-02
7.041873401022962e-02
8.938734121511817e-02
1.127381491948480e-01
1.411469724370018e-01
1.753998499005962e-01
2.161347639286991e-01
2.639216829498104e-01
3.189755432354723e-01
3.809430101118819e-01
4.491111073533235e-01
5.220631537689047e-01
5.976801735753844e-01
6.733544828085973e-01
7.459741006712340e-01
8.125194049197758e-01
8.698764647999664e-01
9.160153953727512e-01
9.502743044131583e-01
9.733966751712492e-01
9.873722496094697e-01
9.947907468421845e-01
9.981753843609895e-01
9.994759143316669e-01
9.999668792509235e-01
###1.320000000000001e+01
7.701613718646453e-10
6.822865274674981e-10
8.586868835308947e-10
7.019314911930964e-10
1.531269418369643e-09
1.721692068621905e-09
-2.179076438264045e-09
2.838946667091822e-09
3.476798158113294e-09
4.249604640077162e-09
5.037644508073597e-09
5.616711944206911e-09
6.501977699586945e-09
7.732557872572077e-09
9.435934074359677e-09
1.241145234227830e-08
1.287134653117845e-08
1.429600460440730e-08
1.604107853451662e-08
1.837289450976624e-08
2.135081221043372e-08
2.515859653942192e-08
3.005770245754876e-08
3.638202320450351e-08
4.459207679372160e-08
5.526994948705341e-08
6.931191985347671e-08
8.786786465124999e-08
1.123126069235758e-07
1.446462450754955e-07
1.875333217910935e-07
2.443772854548847e-07
3.204954520961573e-07
4.218485802977872e-07
5.571644046557845e-07
7.382682000388833e-07
9.798121405709048e-07
1.303246507345427e-06
1.735649392360296e-06
2.313530334353865e-06
3.087531782502512e-06
4.123349713759303e-06
5.510878677717035e-06
7.367684777906974e-06
9.853218871553348e-06
1.318055409513952e-05
1.763604560786369e-05
2.360516013531345e-05
3.159074797607925e-05
4.232863527468920e-05
5.662482288573424e-05
7.585157450594473e-05
1.014320682464211e-04
1.358309967626198e-04
1.814353907094359e-04
2.423923501262256e-04
3.237118599692494e-04
4.324042841838103e-04
5.771212246595041e-04
7.693786981608288e-04
1.025575920181191e-03
1.364875851439780e-03
1.815064567058213e-03
2.413735313018325e-03
3.194567467444244e-03
4.227763799319322e-03
5.580317207296836e-03
7.352524877945339e-03
9.656088423290788e-03
1.268073314398036e-02
1.658666193893539e-02
2.162248615314074e-02
2.807287068474051e-02
3.631341792801700e-02
4.675971334237043e-02
5.990091662031759e-02
7.628490601917960e-02
9.658319368534520e-02
1.214753975305816e-01
1.516225343295788e-01
1.877858255097227e-01
2.305759755102313e-01
2.804618970640333e-01
3.375503657296794e-01
4.013279695176349e-01
4.708946442742520e-01
5.446516824399423e-01
6.203028437638740e-01
6.951115569743529e-01
7.659347656776710e-01
8.298358830724603e-01
8.839584999877300e-01
9.266243849027830e-01
9.575812551311186e-01
9.779260889394306e-01
9.898532146604483e-01
9.959658872031043e-01
9.986435731641472e-01
9.996262658289951e-01
9.999912655816315e-01
###1.360000000000001e+01
8.184561552133146e-10
7.241023198892731e-10
9.352620509542256e-10
8.464642466684769e-10
1.669565998084558e-09
1.911444892338841e-09
-1.893800201119422e-09
3.106825727985955e-09
3.805095388934160e-09
4.637568257371360e-09
5.489740489864759e-09
6.090456772739087e-09
7.012979767539836e-09
8.285772605995684e-09
1.003379805518894e-08
1.296008126909266e-08
1.363192993828072e-08
1.522226629075743e-08
1.715913886971185e-08
1.971032920799674e-08
2.296108182212051e-08
2.711318863253484e-08
3.245242377692851e-08
3.934346652635016e-08
4.829364432468341e-08
5.992474864127538e-08
7.522561637199612e-08
9.546569055292797e-08
1.221321195099045e-07
1.574123127314400e-07
2.042366557619298e-07
2.662627058377883e-07
3.494211682622233e-07
4.601993201507154e-07
6.081586029400052e-07
8.063089082420484e-07
1.070689113591903e-06
1.424959184392618e-06
1.898798307314051e-06
2.532432203959909e-06
3.381655748011626e-06
4.518524345778117e-06
6.042574566266169e-06
8.082906733263437e-06
1.081627589719425e-05
1.447661571459876e-05
1.938000463433189e-05
2.595274114224179e-05
3.475089247124567e-05
4.658293938066658e-05
6.234077501883360e-05
8.354005262545272e-05
1.117564807483024e-04
1.496931243102887e-04
2.000236150967627e-04
2.672676414765075e-04
3.569776634223446e-04
4.768782174340043e-04
6.364851852275094e-04
8.484943150854125e-04
1.130773897920476e-03
1.504480139820623e-03
2.000023434918452e-03
2.658473742966598e-03
3.516495586023093e-03
4.650615156112642e-03
6.133651710704666e-03
8.074093997907995e-03
1.059265000886401e-02
1.389415709704430e-02
1.814951177207741e-02
2.362504987991559e-02
3.062226253509238e-02
3.953831458728083e-02
5.081066258659343e-02
6.494625915981921e-02
8.251362087646186e-02
1.041972979982566e-01
1.306782756780420e-01
1.626038142076120e-01
2.007052322463382e-01
2.455512682716978e-01
2.975025661515299e-01
3.565490427148430e-01
4.220127459972428e-01
4.928068424062492e-01
5.671518967626135e-01
6.425814231107174e-01
7.162687785431947e-01
7.850642191773402e-01
8.461611452036271e-01
8.969813241440875e-01
9.362264837078468e-01
9.640293648124618e-01
9.818099194470919e-01
9.919112459452882e-01
9.969049980902626e-01
9.990043138945828e-01
9.997395087889978e-01
9.999912655816315e-01
###1.400000000000001e+01
8.805567528397129e-10
7.908457477562231e-10
1.019897927739003e-09
9.655969610120432e-10
1.824015037391689e-09
2.108369034195088e-09
-1.583120417825869e-09
3.405122782614692e-09
4.162190279043584e-09
5.063367168693337e-09
5.988171566286774e-09
6.608707405968341e-09
7.567885912429008e-09
8.889073348738758e-09
1.068588196436293e-08
1.358392099799526e-08
1.445467701542809e-08
1.622742211123333e-08
1.836845519416659e-08
2.115835810405945e-08
2.470315499358312e-08
2.922957552547144e-08
3.504859214702404e-08
4.255691965494527e-08
5.231409894272300e-08
6.498745125265429e-08
8.166065009297454e-08
1.037407023982644e-07
1.328298427867526e-07
1.713367680843842e-07
2.224672065476312e-07
2.901787736129229e-07
3.810470261094351e-07
5.021465269679262e-07
6.640131839354273e-07
8.808683497103507e-07
1.170332886767721e-06
1.558480480454757e-06
2.077807441425151e-06
2.772856521351464e-06
3.704751936152705e-06
4.953003419431247e-06
6.626997533482946e-06
8.869566448419921e-06
1.187563181632458e-05
1.590265220890669e-05
2.129988700720682e-05
2.853715491231865e-05
3.823152258872563e-05
5.126644803070717e-05
6.863666989536258e-05
9.200661591824527e-05
1.231212433646626e-04
1.649626349093360e-04
2.204754546045531e-04
2.946311930117645e-04
3.935504683798977e-04
5.257534844762314e-04
7.016860056694173e-04
9.352839700620116e-04
1.246062884360002e-03
1.657328143064266e-03
2.202307526226214e-03
2.925834570882043e-03
3.867794251930468e-03
5.111383389706313e-03
6.735471977001987e-03
8.857606921003023e-03
1.160758650816679e-02
1.520649856994071e-02
1.983646871646341e-02
2.578063234737696e-02
3.335951345560143e-02
4.299186979118493e-02
5.513521151340962e-02
7.031442532994672e-02
8.911678756266721e-02
1.122362825038165e-01
1.403525121648274e-01
1.740940157334363e-01
2.141513139723181e-01
2.610404143037605e-01
3.150186751710602e-01
3.759340926908453e-01
4.429503349766880e-01
5.147912866549599e-01
5.894947748473849e-01
6.644542249728111e-01
7.367724332988302e-01
8.033279644698625e-01
8.614864091886529e-01
9.089672288175750e-01
9.448662357707724e-01
9.696827959730518e-01
9.851144054779967e-01
9.936026901793653e-01
9.976458352647758e-01
9.992752856174534e-01
9.998188624687137e-01
9.999912655816315e-01
###1.440000000000001e+01
9.120201776464144e-10
8.544527053034465e-10
1.158610949550597e-09
1.096279971146439e-09
1.993914679267840e-09
2.329332004473203e-09
-1.238045188985589e-09
3.719013383329145e-09
4.558031168393346e-09
5.527844237774376e-09
6.532750579775989e-09
7.176733485524029e-09
8.175250301849095e-09
9.548370825473199e-09
1.140327665412471e-08
1.428566716549958e-08
1.537345967172791e-08
1.732173112480136e-08
1.968043100786248e-08
2.272714582868565e-08
2.659346337358708e-08
3.152545933141710e-08
3.786392543640188e-08
4.604499378211001e-08
5.668015866988860e-08
7.049152455590696e-08
8.866399029805762e-08
1.127541338230724e-07
1.444863810382762e-07
1.865334189956167e-07
2.423799926929566e-07
3.163076287401235e-07
4.156198214633110e-07
5.480606003001307e-07
7.251538007836998e-07
9.625398117497432e-07
1.279595124150423e-06
1.704878316433127e-06
2.274308170663878e-06
3.036837399945899e-06
4.059621705416172e-06
5.430587849430175e-06
7.269866964577276e-06
9.734743591348603e-06
1.304079268405233e-05
1.747214964972660e-05
2.341348058775867e-05
3.138193711116341e-05
4.206259705837125e-05
5.642225759498611e-05
7.556516342700535e-05
1.013231067153027e-04
1.356297081292135e-04
1.817621072450660e-04
2.429661801507087e-04
3.247046048717164e-04
4.337286254865876e-04
5.793942750407948e-04
7.731879000611404e-04
1.030387036196028e-03
1.372353569022732e-03
1.824570728755720e-03
2.423364254753243e-03
3.217651855229178e-03
4.250470696932833e-03
5.612541335730801e-03
7.389339399415263e-03
9.707269915501901e-03
1.270630398966118e-02
1.662428757320260e-02
2.165431102350742e-02
2.809785696200624e-02
3.629440331218315e-02
4.668452847316921e-02
5.974475887492688e-02
7.601679991503558e-02
9.610445698373650e-02
1.207109085325396e-01
1.505023927865887e-01
1.860890082099189e-01
2.281214625872571e-01
2.770315686952070e-01
3.329796618420421e-01
3.956732366910164e-01
4.640864331691971e-01
5.367798316743657e-01
6.116076110634120e-01
6.858512961950403e-01
7.565601529396068e-01
8.206893511030615e-01
8.758026605066944e-01
9.199450621880502e-01
9.525953365846991e-01
9.746086651479835e-01
9.879060842806680e-01
9.949811805733882e-01
9.982257265771400e-01
9.994776141004309e-01
9.998751813443232e-01
9.999912655816315e-01
###1.480000000000001e+01
9.812371569214643e-10
9.349178480539967e-10
1.261350737164971e-09
1.239223259127679e-09
2.185607554723344e-09
2.571318692607183e-09
-8.567813380433882e-10
4.077502089437920e-09
4.993299011794987e-09
6.041637417389610e-09
7.131136087823740e-09
7.796836493787871e-09
8.840649058029741e-09
1.026872385478086e-08
1.218536993651305e-08
1.507312180479231e-08
1.638024341569772e-08
1.851333205569261e-08
2.110579878864961e-08
2.443205568602613e-08
2.864363056022049e-08
3.401566222413818e-08
4.092243097333026e-08
4.983139478343701e-08
6.142528518087615e-08
7.647627590243730e-08
9.630068842473534e-08
1.225749796765210e-07
1.572086507002311e-07
2.031198184365852e-07
2.641234525727098e-07
3.449458157207194e-07
4.534689629367487e-07
5.983382999309327e-07
7.921610907684807e-07
1.052063626429405e-06
1.399449432912029e-06
1.865624374668502e-06
2.490176519159837e-06
3.326810435464132e-06
4.449774479241139e-06
5.955523666524599e-06
7.976778224895024e-06
1.068673143439369e-05
1.432307403718439e-05
1.919944299661859e-05
2.573876397056708e-05
3.451237627102037e-05
4.627832823307974e-05
6.209666689038879e-05
8.318804995660971e-05
1.115735456065830e-04
1.493855963326283e-04
2.002268894476634e-04
2.676732729671219e-04
3.577248679499158e-04
4.778275025948803e-04
6.382272355628197e-04
8.515628141067686e-04
1.134539930474893e-03
1.510508492959233e-03
2.007319733432908e-03
2.664653304474542e-03
3.535743280027258e-03
4.667253964465935e-03
6.157635283950029e-03
8.098929783224924e-03
1.062779873764677e-02
1.389407379217945e-02
1.815361065924466e-02
2.361115938695043e-02
3.058639007659273e-02
3.943737615620446e-02
5.062616317275845e-02
6.464742668032517e-02
8.206454458293840e-02
1.034887315160522e-01
1.296252137133976e-01
1.611397967576636e-01
1.985984576600306e-01
2.426061738687041e-01
2.935095864188016e-01
3.513700680960418e-01
4.157196489558619e-01
4.853789410577052e-01
5.587135763697744e-01
6.334311864114193e-01
7.067144572080615e-01
7.755880663107866e-01
8.371237050407572e-01
8.891075095994849e-01
9.299407262567716e-01
9.594706398649486e-01
9.788697148910007e-01
9.902456461323128e-01
9.960949947012677e-01
9.986748384009068e-01
9.996270620310107e-01
9.999146684540765e-01
9.999912655816315e-01
###1.520000000000001e+01
1.067531113494952e-09
1.018540105206332e-09
1.373311665181154e-09
1.396363329019476e-09
2.396394468304101e-09
2.842494308341151e-09
-4.445493517538247e-10
4.467277632615986e-09
5.471494786446008e-09
6.609284531772078e-09
7.795848673376984e-09
8.477261163897774e-09
9.570352757476009e-09
1.105772434445341e-08
1.304400229193776e-08
1.595402572813607e-08
1.748262746894076e-08
1.981662489430759e-08
2.265729650782572e-08
2.628325544923183e-08
3.087207935208297e-08
3.672168916709758e-08
4.424340796903019e-08
5.395196818099499e-08
6.658937735136680e-08
8.299894295823910e-08
1.046104370051392e-07
1.332836639805541e-07
1.710996638980967e-07
2.212444587090917e-07
2.879033324359073e-07
3.763191462958622e-07
4.948864616734282e-07
6.533925358963160e-07
8.655838143835922e-07
1.150243148286589e-06
1.530933131986537e-06
2.042031924443545e-06
2.727134191702063e-06
3.645341265863113e-06
4.878405300868466e-06
6.532450298571259e-06
8.754008313576432e-06
1.173366371399117e-05
1.573347090670510e-05
2.109936391783801e-05
2.829760079206416e-05
3.795775488960549e-05
5.091759551269641e-05
6.833918078953098e-05
9.157433812600513e-05
1.228472104510739e-04
1.644997087057297e-04
2.205196966654282e-04
2.947998671534662e-04
3.939741905655138e-04
5.261976231451319e-04
7.027288735359568e-04
9.373832608212641e-04
1.248492440777153e-03
1.661521429632444e-03
2.206899645370171e-03
2.927788556209303e-03
3.882041223361788e-03
5.120391134774083e-03
6.748914945725270e-03
8.867935187635534e-03
1.162368920889471e-02
1.517662659813302e-02
1.980109568973741e-02
2.571427357891755e-02
3.325506182470130e-02
4.279809151106756e-02
5.482955920421361e-02
6.985664236710952e-02
8.847062907097396e-02
1.112763086404989e-01
1.389917795039171e-01
1.722596129596477e-01
2.116094406638644e-01
2.575908576565717e-01
3.104572551045641e-01
3.701433407683407e-01
4.360321477121562e-01
5.067592771673697e-01
5.805316456253452e-01
6.549042464172514e-01
7.269805722435644e-01
7.938171966012247e-01
8.526198570600938e-01
9.014252365731735e-01
9.389972448907952e-01
9.655473547449681e-01
9.825309114649772e-01
9.921916187833729e-01
9.969875588727779e-01
9.990194098362610e-01
9.997361741096756e-01
9.999420666943255e-01
9.999912655816315e-01
###1.560000000000001e+01
1.154115278011603e-09
1.109879048049855e-09
1.489504464887183e-09
1.559778550065512e-09
2.622746643961769e-09
3.124101352646875e-09
1.667705709659696e-12
4.884759103557737e-09
5.974741346031709e-09
7.211527356007849e-09
8.493851727119521e-09
9.201308330078292e-09
1.034673380432099e-08
1.189531907243569e-08
1.396578224536000e-08
1.691613988056604e-08
1.867016326958698e-08
2.121920607029152e-08
2.432773420388660e-08
2.827749171287780e-08
3.327500047779256e-08
3.964306552928806e-08
4.783428336288998e-08
5.841342142808753e-08
7.218249994957511e-08
9.007954497129379e-08
1.136657102971399e-07
1.449481007099285e-07
1.862369439413796e-07
2.410230330459630e-07
3.138738856274669e-07
4.104932703290636e-07
5.401783098639263e-07
7.137413930664288e-07
9.460395351820699e-07
1.257878093760001e-06
1.675115719224736e-06
2.235584322358585e-06
2.987271543069160e-06
3.995205382305303e-06
5.349205531641219e-06
7.166809303460929e-06
9.608483646108487e-06
1.288505799302216e-05
1.728551339049044e-05
2.318871724218119e-05
3.111186607844211e-05
4.174750239253315e-05
5.601137315964154e-05
7.519963172583646e-05
1.007950102214995e-04
1.352349979533611e-04
1.811108525930062e-04
2.428082137978015e-04
3.245785432276223e-04
4.337375979079477e-04
5.792194852361738e-04
7.733712037875868e-04
1.031297139818123e-03
1.373080338445638e-03
1.826423227863044e-03
2.424557998153490e-03
3.214422018264410e-03
4.258927682070818e-03
5.612647634166304e-03
7.390255858050233e-03
9.700464472236645e-03
1.269949469565358e-02
1.655972702173711e-02
2.157419469931958e-02
2.797240552691065e-02
3.611232357229122e-02
4.638649470094035e-02
5.930422934544823e-02
7.538431570199040e-02
9.524274534806919e-02
1.194811046974311e-01
1.488169756187356e-01
1.838689810904280e-01
2.251237508671568e-01
2.730615208618470e-01
3.278452116361916e-01
3.892689617937448e-01
4.565629760581277e-01
5.281810242191434e-01
6.021745576479448e-01
6.759653282763322e-01
7.466073592207905e-01
8.112158006797997e-01
8.671632820218985e-01
9.127676961282287e-01
9.471564996113588e-01
9.708842810852591e-01
9.856555109233097e-01
9.937971682258733e-01
9.976960090448219e-01
9.992811837817386e-01
9.998151997148095e-01
9.999609405165679e-01
9.999912655816315e-01
