# NLO BK equation solver 0.0-dev build  (build Feb 16 2026 17:52:53)
# Initial condition: MV model, Q_s0^2 = 0.00741969 GeV^2, \gamma = 1, coefficient of E inside Log is 1, x0=0.01, \Lambda_QCD = 0.241 GeV
# # LO Kernel RC:  Balitsky. NLO Kernel RC:  smallest dipole
# Nc=3, Nf=4
# Using RungeKutta method in K1
# Resumming double log
# Resumming single log, K_sub=0.65 resum rc: smallest
# BK K1 integration relative accuracy: 0.02# NLO BK as^2 terms: MC integration method: Vegas, points=1000000
# Kinematical constraint: none
# Target kinematical constraint: disabled

###1.000000000000000e-05
###1.160836920850890e+00
###100
###1.000000000000000e+00
###0.000000000000000e+00
2.399507568581442e-12
3.196159202862724e-12
4.256725090497315e-12
5.668423909747778e-12
7.547221661920425e-12
1.004727873821047e-11
1.337349123884351e-11
1.779813624476435e-11
2.368295882977906e-11
3.150847278112142e-11
4.191282138439961e-11
5.574330423933942e-11
7.412468027457807e-11
9.854968418687309e-11
1.309989465645413e-10
1.740998227730522e-10
2.313366910368160e-10
3.073293111985186e-10
4.082011515416030e-10
5.420665980471464e-10
7.196751919345123e-10
9.552631972532598e-10
1.267678798480694e-09
1.681868271173124e-09
2.230838131312300e-09
2.958244610971027e-09
3.921809521710418e-09
5.197824168668363e-09
6.887085054552104e-09
9.122712641779886e-09
1.208044520551675e-08
1.599218393083231e-08
2.116380602838000e-08
2.799857681563378e-08
3.702790152247696e-08
4.895169160233755e-08
6.469131546585451e-08
8.545900739024077e-08
1.128487821549119e-07
1.489554254357183e-07
1.965301021295969e-07
2.591836758363119e-07
3.416521278195490e-07
4.501427134030017e-07
5.927849656762822e-07
7.802176904025384e-07
1.026352122445560e-06
1.349362976592782e-06
1.772973909952988e-06
2.328122782078216e-06
3.055116137049986e-06
4.006412900447283e-06
5.250216092091729e-06
6.875100548649445e-06
8.995966928581109e-06
1.176162187599417e-05
1.536481912023380e-05
2.005452874165314e-05
2.615219636092903e-05
3.407224936569087e-05
4.434832163946467e-05
5.766669597617735e-05
7.490892483974498e-05
9.720613455366234e-05
1.260082275557073e-04
1.631721299307776e-04
2.110744675978271e-04
2.727557062147667e-04
3.521050117631930e-04
4.540980929738092e-04
5.851043608354756e-04
7.532852693421521e-04
9.691131931688357e-04
1.246050311754177e-03
1.601440548414379e-03
2.057685717371194e-03
2.643800967979448e-03
3.397475957314655e-03
4.367808753875435e-03
5.618931253529413e-03
7.234809724873781e-03
9.325583074871746e-03
1.203589350189027e-02
1.555576360770705e-02
2.013466537542918e-02
2.609947592906203e-02
3.387695550068215e-02
4.402108911408098e-02
5.724488281763840e-02
7.445462397592617e-02
9.678161395805795e-02
1.256011177561889e-01
1.625197428173749e-01
2.092999584705357e-01
2.676749533974311e-01
3.389941403807081e-01
4.236450286257719e-01
5.202527866090245e-01
6.248108469571454e-01
7.301707911743236e-01
###4.000000000000000e-01
1.029196560728802e-11
3.002098972649334e-11
7.001521247219091e-09
-8.456632098861670e-12
-9.246398730859988e-09
5.199182285447856e-11
4.201403664044822e-11
7.696926590429277e-11
7.613491605160822e-11
7.569356783456971e-10
-2.696338726749634e-10
1.201611693065944e-10
1.363540257074680e-10
1.604360958674303e-10
1.987096705882180e-10
2.347227202838539e-10
2.971169060085852e-10
3.746205074655742e-10
4.865086591713213e-10
6.303578677026693e-10
8.221990437719923e-10
1.075087811387130e-09
1.410646748119111e-09
1.857051238017226e-09
2.447122749518866e-09
3.234736795067717e-09
4.272968536598972e-09
5.649898365516127e-09
7.476915067741082e-09
9.889842833091935e-09
1.308460607002081e-08
1.730653369608288e-08
2.289356934256414e-08
3.028877127193817e-08
4.005598205997747e-08
5.295863726435359e-08
6.999211510294579e-08
9.248009529090238e-08
1.221553256027209e-07
1.612766771645570e-07
2.128407222315245e-07
2.808157037742588e-07
3.701830101355541e-07
4.879312703194665e-07
6.427151888119166e-07
8.461795484230531e-07
1.113509131332046e-06
1.464345599194300e-06
1.924685057347491e-06
2.528424382195756e-06
3.319030401660598e-06
4.355007600494586e-06
5.708602454004324e-06
7.481022186983809e-06
9.789668198840779e-06
1.280459122244806e-05
1.673522555019725e-05
2.185492957704379e-05
2.851686952005334e-05
3.716830844501432e-05
4.842056300059343e-05
6.300455852495012e-05
8.191340903591095e-05
1.063841142406859e-04
1.380442745946169e-04
1.789650899641339e-04
2.317415801115863e-04
2.998273756402340e-04
3.875081206428307e-04
5.007401428861802e-04
6.463547516336082e-04
8.338436805314156e-04
1.074953745107653e-03
1.385461737377641e-03
1.785072519787863e-03
2.299706269177055e-03
2.962610449624017e-03
3.818871484758492e-03
4.924336106719450e-03
6.354100709418913e-03
8.206967567983288e-03
1.061868533424591e-02
1.375827524595876e-02
1.784655381086994e-02
2.317838213767708e-02
3.014621703296814e-02
3.924438434531882e-02
5.108141384375628e-02
6.653356463565097e-02
8.665756865267500e-02
1.127568666524913e-01
1.463343280972829e-01
1.891372935614273e-01
2.428924018710827e-01
3.092756662694570e-01
3.892893813386454e-01
4.834482949867066e-01
5.913634810841412e-01
7.191630387729913e-01
9.571254078482367e-01
###8.000000000000000e-01
2.607179238652651e-11
-1.168245610389955e-12
6.948222393841009e-09
-1.111905284357813e-11
-9.190981316666401e-09
1.283706144517196e-10
7.476465164922919e-11
1.151746116182816e-10
1.337845017316362e-10
7.634273847277941e-10
-2.100705507115473e-10
1.856578658438825e-10
1.962916856115023e-10
2.256287561187146e-10
2.805292306061973e-10
2.924417709064040e-10
3.576118046673744e-10
4.468666175456302e-10
5.690094448329970e-10
7.252088253788393e-10
9.299384954576091e-10
1.204729280802072e-09
1.562996894539635e-09
2.044482175908288e-09
2.681955681876048e-09
3.535005935859259e-09
4.651945644860485e-09
6.139578386980158e-09
8.113191564995192e-09
1.072266886964960e-08
1.417433364982022e-08
1.873280351646604e-08
2.477785023528795e-08
3.278065665518582e-08
4.334463580573494e-08
5.731406927924136e-08
7.575489292841329e-08
1.001178434484424e-07
1.322730972807920e-07
1.746844459406908e-07
2.305910464548329e-07
3.043480082586673e-07
4.012656542024473e-07
5.290992600132463e-07
6.971344221318931e-07
9.181258603921291e-07
1.208561010899093e-06
1.589837236915909e-06
2.090165629944101e-06
2.747250462735349e-06
3.607607910299516e-06
4.735625241788919e-06
6.210500265907427e-06
8.144192711311378e-06
1.066077811646156e-05
1.394939098917731e-05
1.823939431863927e-05
2.383465274367160e-05
3.112011421006011e-05
4.058913262178174e-05
5.291633206728423e-05
6.890624742877199e-05
8.966813185412088e-05
1.165639354614146e-04
1.514155653043477e-04
1.965443878253071e-04
2.547984385586704e-04
3.300949638719877e-04
4.272089066096997e-04
5.531332704784789e-04
7.153151862750456e-04
9.247557902776906e-04
1.194720348461517e-03
1.543546047560423e-03
1.993778579472281e-03
2.575466437481230e-03
3.326658954773627e-03
4.300742258767961e-03
5.562010626699925e-03
7.198310656661507e-03
9.323980470246263e-03
1.210436649005216e-02
1.573232311532000e-02
2.047197247744411e-02
2.665977836692833e-02
3.475856784886585e-02
4.532494988577627e-02
5.905544342974271e-02
7.695039556777397e-02
1.001968248596389e-01
1.302332012785962e-01
1.686123214975249e-01
2.170552574921544e-01
2.771287235823477e-01
3.500466296126613e-01
4.360784356685853e-01
5.345719488165598e-01
6.431574338328536e-01
7.633079600020598e-01
9.642904958237358e-01
###1.200000000000000e+00
-9.186047549408988e-12
1.913787226149466e-11
6.913512867834414e-09
6.821788353145386e-12
-9.192993513126289e-09
1.648516842349677e-10
1.361039294171969e-10
1.168156211083910e-10
2.009478030912610e-10
7.839386980199242e-10
-1.067804291412020e-10
2.369235495896703e-10
2.726589793942114e-10
3.082155521942295e-10
3.605615067637553e-10
3.661470508009786e-10
4.370284306222924e-10
5.332540671137058e-10
6.624082923415638e-10
8.295810524281682e-10
1.053841608025965e-09
1.351885460292840e-09
1.734756008246069e-09
2.254911137991189e-09
2.944468630995955e-09
3.863516593602647e-09
5.072313087319383e-09
6.677747710181542e-09
8.810176805146168e-09
1.163095567324688e-08
1.536385316763660e-08
2.029972967045489e-08
2.682591202508311e-08
3.549144153214207e-08
4.692662220638158e-08
6.205140420456940e-08
8.201874373564783e-08
1.084263420172912e-07
1.432780627680959e-07
1.892620684631379e-07
2.499071403483353e-07
3.299554779083182e-07
4.351150431332494e-07
5.739458481775031e-07
7.564419997602140e-07
9.965563883982881e-07
1.312247254081421e-06
1.726790086385693e-06
2.270891129368910e-06
2.986363914853142e-06
3.923158402799517e-06
5.152486281453678e-06
6.759965019102986e-06
8.870643674788354e-06
1.161604313143665e-05
1.520639870673043e-05
1.989293596236964e-05
2.601307420741758e-05
3.398782196695439e-05
4.435710648883395e-05
5.788128973034360e-05
7.543453804264139e-05
9.826644108202088e-05
1.278647989222567e-04
1.662821078810724e-04
2.161080673865692e-04
2.805284494471616e-04
3.639454382285872e-04
4.717205270637685e-04
6.119616748724396e-04
7.931704491469196e-04
1.027230934748832e-03
1.330046903784790e-03
1.722474961693414e-03
2.230415814829457e-03
2.887538875820357e-03
3.740781187004175e-03
4.849521261867104e-03
6.288786955572070e-03
8.160480822770284e-03
1.060067966119367e-02
1.379739736234687e-02
1.798196114208332e-02
2.345027133232537e-02
3.059498393518603e-02
3.994673276946013e-02
5.212322233201987e-02
6.791583375362077e-02
8.842191846971244e-02
1.149303949347230e-01
1.489568749413692e-01
1.920190290272970e-01
2.456823607001127e-01
3.112188052059568e-01
3.891495497332245e-01
4.788335647168507e-01
5.782459361646111e-01
6.834903638100933e-01
7.942352992098987e-01
9.694448720937426e-01
###1.600000000000000e+00
8.928804538159688e-12
-1.098567762458896e-11
6.912813372484550e-09
5.547854940170196e-11
-9.126964744270660e-09
2.520909543723348e-10
2.924799455454718e-10
2.585075625722235e-10
3.405644611732208e-10
8.971167211776234e-10
6.204208789383783e-11
3.942183234456633e-10
4.191229201612634e-10
4.621385648491854e-10
5.099762627375221e-10
5.200865452986057e-10
5.948424871921164e-10
6.965447874015210e-10
8.338432025870649e-10
1.008039777158122e-09
1.255879742333931e-09
1.575289156687969e-09
1.993422101024721e-09
2.556625209282772e-09
3.303616267213187e-09
4.294965267762129e-09
5.605562910799359e-09
7.338703105105521e-09
9.625561541353810e-09
1.269895975869655e-08
1.671521639134122e-08
2.205875965695065e-08
2.912307877453906e-08
3.847972547343834e-08
5.086376365858302e-08
6.724549620105545e-08
8.886464520234966e-08
1.174837385429774e-07
1.553085703487077e-07
2.051715185070589e-07
2.709782536931252e-07
3.579395314454625e-07
4.720035375266008e-07
6.227913733601625e-07
8.211215562550897e-07
1.082093111913710e-06
1.425538652392814e-06
1.876537464344652e-06
2.468681982589888e-06
3.247793190834436e-06
4.268377618551052e-06
5.609123996379772e-06
7.362004810483299e-06
9.667530189287514e-06
1.266307511270369e-05
1.658697212540061e-05
2.171302482585852e-05
2.841113439240842e-05
3.714835666644800e-05
4.851325218409082e-05
6.336814052350991e-05
8.266012294636362e-05
1.078034770233822e-04
1.404111950336152e-04
1.828166777587492e-04
2.379257242501675e-04
3.092554293534218e-04
4.018002307534466e-04
5.216257333249703e-04
6.780039006200934e-04
8.804877123065960e-04
1.142732533363481e-03
1.482762111241550e-03
1.924761777731637e-03
2.498266792510381e-03
3.240828771778331e-03
4.211580144983847e-03
5.472299165097885e-03
7.113548798974176e-03
9.252319216722536e-03
1.204521833353197e-02
1.571362203136929e-02
2.051598792934548e-02
2.680129375086700e-02
3.500429248531955e-02
4.572792291267542e-02
5.964640784426922e-02
7.764395574146120e-02
1.008942354061354e-01
1.307511579537953e-01
1.687495506062769e-01
2.163087566047531e-01
2.747348231984597e-01
3.448857459617798e-01
4.265681818413182e-01
5.182196255037067e-01
6.167976287832473e-01
7.176021928649671e-01
8.196270332562630e-01
9.736708098279026e-01
###2.000000000000000e+00
2.876408189144182e-11
1.828987618297572e-11
6.896667667553085e-09
1.031488838981122e-10
-9.045015079273098e-09
3.442767705122808e-10
4.607566221896192e-10
4.303320132527983e-10
4.955994131793494e-10
1.021125726672646e-09
2.260389524739154e-10
5.384324462039857e-10
5.617248208259992e-10
6.076841318059007e-10
6.571264119672524e-10
6.796353268534240e-10
7.541854627294865e-10
8.809940609828122e-10
1.019009755035030e-09
1.213310955911318e-09
1.479903566969895e-09
1.828818714278692e-09
2.280617785564408e-09
2.903804567887413e-09
3.700953271405676e-09
4.774948291052545e-09
6.193932433255327e-09
8.070308164124031e-09
1.054090518548470e-08
1.387036520413609e-08
1.815999634973770e-08
2.394138507778866e-08
3.159622464117562e-08
4.174014459736682e-08
5.516170563035284e-08
7.289861414859161e-08
9.633001130393258e-08
1.273458185013643e-07
1.684165204488822e-07
2.224979172112874e-07
2.939204988383570e-07
3.883687073806816e-07
5.121943501379876e-07
6.760498657409645e-07
8.916324303799314e-07
1.175482193645484e-06
1.549212390541654e-06
2.040142306185767e-06
2.684903103074598e-06
3.533694326424965e-06
4.646164673053345e-06
6.109353558908445e-06
8.022009588050487e-06
1.054157538811791e-05
1.381292497490482e-05
1.810420158058553e-05
2.371436297487017e-05
3.105308664658795e-05
4.063398602687489e-05
5.310417611920413e-05
6.943507734560667e-05
9.066527534707721e-05
1.183662484215910e-04
1.543496393964360e-04
2.012216478169231e-04
2.622348593132163e-04
3.413349113150647e-04
4.441519349352059e-04
5.775571783484892e-04
7.521476815082244e-04
9.785718471382902e-04
1.272758506977861e-03
1.654968996863992e-03
2.153004556341723e-03
2.800825472462093e-03
3.640513490874241e-03
4.744040361032862e-03
6.176549799521877e-03
8.045870190469621e-03
1.048644698269366e-02
1.367535564748549e-02
1.786970143468595e-02
2.335964980165408e-02
3.054376424017006e-02
3.990757101044758e-02
5.211651194616972e-02
6.790449457262865e-02
8.823505653087876e-02
1.143273822544992e-01
1.475848540863290e-01
1.894863344338954e-01
2.413072469593779e-01
3.040370207448572e-01
3.780541587252635e-01
4.624783680320910e-01
5.549586141436247e-01
6.517381195306073e-01
7.477543600521797e-01
8.416676875845606e-01
9.773006985262178e-01
###2.400000000000000e+00
6.219541287662291e-11
4.603340085107171e-11
6.862897896718484e-09
3.544118338262083e-10
-9.077856905312524e-09
4.738230842703530e-10
6.446051154444249e-10
6.339176965578826e-10
6.719871448399973e-10
1.166620916462289e-09
3.963870459400585e-10
7.115090470003741e-10
7.343865948101843e-10
7.781644335221713e-10
8.373347378320546e-10
8.678139655358960e-10
9.480592144455206e-10
1.085925342963971e-09
1.242125371019765e-09
1.456745811132159e-09
1.740985155563083e-09
2.119531953067207e-09
2.611589499995275e-09
3.286895139176416e-09
4.152763251254182e-09
5.317163231149122e-09
6.858836060106551e-09
8.885771470349308e-09
1.156783306168121e-08
1.516762812854723e-08
1.977311551653637e-08
2.600571204833837e-08
3.430920443649873e-08
4.530644557453230e-08
5.985407241630389e-08
7.907508883849210e-08
1.044655349683706e-07
1.381129026191047e-07
1.826946195727694e-07
2.413858939809749e-07
3.189238997849675e-07
4.215553423204777e-07
5.560362223514389e-07
7.341453069388524e-07
9.685912475907147e-07
1.277436880717800e-06
1.684200993483548e-06
2.218946504811506e-06
2.921353158298713e-06
3.846905102128450e-06
5.059770015589632e-06
6.657343057061726e-06
8.745937450307004e-06
1.150082232237454e-05
1.507625576285529e-05
1.977303614344841e-05
2.590900623923904e-05
3.396557577406387e-05
4.448090540582636e-05
5.817965153481747e-05
7.615914935813799e-05
9.953382974732720e-05
1.300851570869760e-04
1.698418525169201e-04
2.217114000356028e-04
2.893389742645964e-04
3.771598353129024e-04
4.915385535215064e-04
6.402198520407472e-04
8.353147701345195e-04
1.088816451201923e-03
1.419007281972697e-03
1.848882723447391e-03
2.410290871469046e-03
3.141938894111242e-03
4.091597171406810e-03
5.342826939142140e-03
6.970487826554413e-03
9.096136878236906e-03
1.187499869530169e-02
1.550529141358204e-02
2.028313053521544e-02
2.653393553095687e-02
3.470195133994355e-02
4.532337766152623e-02
5.912821999427149e-02
7.690044431084679e-02
9.966981784089458e-02
1.286846947248153e-01
1.653680074023596e-01
2.110707736947336e-01
2.669068018067926e-01
3.335086995035975e-01
4.107194599508172e-01
4.970589848731036e-01
5.895391295504723e-01
6.839105690025929e-01
7.749811501193637e-01
8.612320479274177e-01
9.804679507011655e-01
###2.800000000000000e+00
8.870033857896345e-11
6.273538713156113e-11
6.867888886656135e-09
4.189590636734481e-10
-8.979964635370457e-09
5.847509696900862e-10
8.362431398550515e-10
8.043093412964872e-10
8.663003902782717e-10
1.319397559085463e-09
5.723474342487643e-10
8.885662447777464e-10
9.096654509099102e-10
9.665766629010188e-10
1.035039732393432e-09
1.075933359260143e-09
1.165384518461447e-09
1.312277911301171e-09
1.486186676467488e-09
1.723328385500008e-09
2.031210610484281e-09
2.444411096649771e-09
2.979221372346075e-09
3.713562315785779e-09
4.655477908358286e-09
5.915556190502050e-09
7.587951677982677e-09
9.786783555900215e-09
1.269530502571088e-08
1.658657175436413e-08
2.158965800097813e-08
2.830120519357650e-08
3.728167844960365e-08
4.919489070374710e-08
6.496759202693610e-08
8.580865287655238e-08
1.133414786130960e-07
1.498449075442747e-07
1.982523353018096e-07
2.619834071960633e-07
3.461841215976894e-07
4.577578932042798e-07
6.038695603301946e-07
7.975360609169653e-07
1.052615493088173e-06
1.388793981049902e-06
1.831755534630077e-06
2.414407689030813e-06
3.179998267250710e-06
4.189751496382061e-06
5.513158575414890e-06
7.258173383267108e-06
9.540297870365728e-06
1.255414903503605e-05
1.646550139297199e-05
2.160956879983791e-05
2.832905093271982e-05
3.717752414923597e-05
4.873029681069767e-05
6.379431733346925e-05
8.360774906536109e-05
1.093716460575841e-04
1.431065489581484e-04
1.870765323089794e-04
2.445293560814187e-04
3.195741585829918e-04
4.171843881063746e-04
5.445550221061876e-04
7.104171202869165e-04
9.285653071576907e-04
1.212576683321535e-03
1.583340705978559e-03
2.066884840684230e-03
2.699619669102388e-03
3.525721506859120e-03
4.599336509236305e-03
6.015852441464897e-03
7.862342082791655e-03
1.027435607416225e-02
1.342973562770427e-02
1.755016365533040e-02
2.297129024469104e-02
3.005510461557268e-02
3.929240082881866e-02
5.126859015462869e-02
6.677708369274130e-02
8.664231460445422e-02
1.119404596264981e-01
1.439365388373630e-01
1.840317387271686e-01
2.334241291819790e-01
2.930175016174721e-01
3.630531180303709e-01
4.428856560111385e-01
5.304625283280887e-01
6.222936066231352e-01
7.138024989147540e-01
7.998233292743502e-01
8.787775957946266e-01
9.832681102864248e-01
###3.200000000000000e+00
1.351562535260335e-10
1.099410252628608e-10
6.876832691572041e-09
4.858580644878781e-10
-8.864351799753661e-09
7.330440730497258e-10
1.040497797057970e-09
9.908643677131664e-10
1.052365196400227e-09
1.495604658522155e-09
7.870999974486580e-10
1.098925280059257e-09
1.117786380517848e-09
1.191306848192420e-09
1.253528924705563e-09
1.310285918652690e-09
1.407934999413029e-09
1.572664893101718e-09
1.761837283813313e-09
2.025898483486815e-09
2.362504338651102e-09
2.815090356917956e-09
3.396233573219320e-09
4.191635681089092e-09
5.217387829290196e-09
6.585505849756383e-09
8.398953150152710e-09
1.078499552306332e-08
1.394549930208742e-08
1.815309179964947e-08
2.358369447255631e-08
3.086368023398518e-08
4.053848225734624e-08
5.344793288405267e-08
7.059062133568492e-08
9.315012306861678e-08
1.230343221525655e-07
1.626395494856047e-07
2.152239611233294e-07
2.844526041962537e-07
3.759115780975536e-07
4.972442467514303e-07
6.560818134539929e-07
8.667836241352551e-07
1.144403766992767e-06
1.510394275584390e-06
1.993172616738994e-06
2.628251304514746e-06
3.463099547476477e-06
4.564840215924995e-06
6.010274288594334e-06
7.917472293737929e-06
1.041263049486969e-05
1.371163253510308e-05
1.799402451616027e-05
2.363232501886248e-05
3.099894278495837e-05
4.072378581506558e-05
5.342706032835744e-05
7.000919718126510e-05
9.186022621819141e-05
1.202876405365406e-04
1.575749013684251e-04
2.062557516221944e-04
2.699549647658536e-04
3.533063262942992e-04
4.619012425571236e-04
6.038663513591861e-04
7.890384836184695e-04
1.033107833807900e-03
1.351377586598946e-03
1.767772103235056e-03
2.311658074734591e-03
3.024581812488098e-03
3.956573614320227e-03
5.169008579184432e-03
6.770634576091439e-03
8.861128408388565e-03
1.159189786673153e-02
1.516456760040802e-02
1.982588279342654e-02
2.595203620085850e-02
3.394273714482989e-02
4.433759945232216e-02
5.776343915344272e-02
7.507625759257402e-02
9.713403143368893e-02
1.250362236089906e-01
1.600524968117205e-01
2.035202026009194e-01
2.564722204482195e-01
3.195546566760253e-01
3.926159169407589e-01
4.745429195374070e-01
5.627609422784421e-01
6.533977001435333e-01
7.416788098059706e-01
8.225742606113206e-01
8.945617384111153e-01
9.857240834552602e-01
###3.600000000000000e+00
1.819380389256480e-10
1.269513323783545e-10
6.869932076727180e-09
5.584774560020658e-10
-8.762689938714725e-09
8.772622783892208e-10
1.224794177246423e-09
1.185113429666046e-09
1.243682865732970e-09
1.667682469978562e-09
1.012048496520336e-09
1.309439171391698e-09
1.329259411600006e-09
1.408318576900886e-09
1.474937570148963e-09
1.551630331346374e-09
1.660131773979538e-09
1.833223286559340e-09
2.049843984895461e-09
2.352817241637406e-09
2.709180281400511e-09
3.206349392116876e-09
3.839633013016424e-09
4.698713288858804e-09
5.823412840192894e-09
7.307367818113313e-09
9.274220715140433e-09
1.186054723504427e-08
1.529636999414044e-08
1.985013258914097e-08
2.576379752259169e-08
3.366012424042948e-08
4.408281071262602e-08
5.809513183620983e-08
7.672372328984858e-08
1.011353479538458e-07
1.336000506092228e-07
1.765919381718615e-07
2.336914171037049e-07
3.089251957100315e-07
4.083279995414069e-07
5.402968675405283e-07
7.130539226407116e-07
9.424883932085305e-07
1.244736102284970e-06
1.643303301974940e-06
2.169673677010910e-06
2.862236617182229e-06
3.773054210930207e-06
4.976117490609435e-06
6.555499310010355e-06
8.641343032829619e-06
1.137140124285384e-05
1.498416942317300e-05
1.967665152718962e-05
2.586163634222428e-05
3.394666024066046e-05
4.464097875783328e-05
5.862215378663915e-05
7.689055153709043e-05
1.010050745126314e-04
1.324078352150949e-04
1.736554450041518e-04
2.276005738505633e-04
2.982885660505012e-04
3.909455779158563e-04
5.118518894271978e-04
6.702155356198807e-04
8.770220096575469e-04
1.150155378517753e-03
1.506932429365823e-03
1.974509847685109e-03
2.586087813172591e-03
3.388804624055346e-03
4.439388489156451e-03
5.807074841325995e-03
7.614781768325993e-03
9.976449351416054e-03
1.306044593720712e-02
1.709281168929840e-02
2.234712589400753e-02
2.924279127019025e-02
3.821589090082161e-02
4.985305059588222e-02
6.482368985981285e-02
8.403881932355034e-02
1.083749225415932e-01
1.389516559824990e-01
1.770099855330117e-01
2.237983207767734e-01
2.801626803763191e-01
3.464622353082301e-01
4.221538725520387e-01
5.056666219824295e-01
5.939934591164493e-01
6.829635382419533e-01
7.677070559086673e-01
8.434244588932479e-01
9.087619966581072e-01
9.878990853263478e-01
###4.000000000000000e+00
2.333000178358789e-10
1.410822168739182e-10
6.856664662861283e-09
6.005906916437396e-10
-8.655911412482097e-09
1.024142995528970e-09
1.403193067659702e-09
1.378508006381380e-09
1.463363283624583e-09
1.843652817971047e-09
1.249895288298413e-09
1.536615048664203e-09
1.562688929711565e-09
1.649386935214269e-09
1.722924718838431e-09
1.811755241129077e-09
1.936420726605237e-09
2.131248660751447e-09
2.369653827434093e-09
2.708733563079941e-09
3.097487267057976e-09
3.639925673593370e-09
4.321939291072097e-09
5.270175977686297e-09
6.472539921309991e-09
8.085341233560046e-09
1.023889395050629e-08
1.303847839957040e-08
1.676734291411266e-08
2.168304936661526e-08
2.811964314382813e-08
3.668360981671374e-08
4.796181506080926e-08
6.317550117001381e-08
8.341131373387614e-08
1.098563538904479e-07
1.451169121761778e-07
1.918168862950273e-07
2.538426890244958e-07
3.356002721306369e-07
4.437133338630124e-07
5.872870213045629e-07
7.753012899711073e-07
1.025172199885837e-06
1.354384631785478e-06
1.788627220819751e-06
2.362678130842493e-06
3.118383609150541e-06
4.112600771961683e-06
5.427014338877520e-06
7.153822453218689e-06
9.436317578961246e-06
1.242510372663937e-05
1.638444656217181e-05
2.153061543919224e-05
2.832020044989342e-05
3.720125586080442e-05
4.896973957936211e-05
6.437007358430787e-05
8.451660715986584e-05
1.111516806848995e-04
1.458665952413051e-04
1.915373738526775e-04
2.513975968812820e-04
3.298620165962214e-04
4.329244487558465e-04
5.676235316760233e-04
7.443487346166203e-04
9.754368354631075e-04
1.281140126568296e-03
1.681055001594983e-03
2.205920699844108e-03
2.893166069798170e-03
3.796256214268918e-03
4.979154708115554e-03
6.522754721120797e-03
8.556683449465948e-03
1.121779443893194e-02
1.469101488430116e-02
1.922799689389277e-02
2.513116261355939e-02
3.286154810266395e-02
4.289275087063209e-02
5.585820860043376e-02
7.246742534353454e-02
9.366718289745080e-02
1.203687823718693e-01
1.536728817785242e-01
1.947759423661203e-01
2.448119969019435e-01
3.044234575956098e-01
3.736593722676660e-01
4.515932282567054e-01
5.362209479123089e-01
6.241619824709896e-01
7.110322713232692e-01
7.919688731036040e-01
8.624979034213094e-01
9.214950435306211e-01
9.898040282088928e-01
###4.399999999999999e+00
2.965789487335666e-10
2.124632826532655e-10
6.878207856434835e-09
6.993676920700407e-10
-8.527237644155108e-09
1.152887138851582e-09
1.619662566997186e-09
1.574421816451917e-09
1.690914252873426e-09
2.043672103679774e-09
1.485383657967338e-09
1.764736454933268e-09
1.809196187284083e-09
1.902476975449965e-09
1.995917884244341e-09
2.098558693034302e-09
2.241177571572240e-09
2.461410670443825e-09
2.725937098313229e-09
3.095597590617766e-09
3.528282078733634e-09
4.118760305629452e-09
4.868818632169300e-09
5.898452202961410e-09
7.150289376982026e-09
8.901114104150853e-09
1.122014933098718e-08
1.426469663457378e-08
1.830625175019934e-08
2.363971825427869e-08
3.063023080214804e-08
3.992117049934350e-08
5.221628127718954e-08
6.869349088851625e-08
9.065683163467909e-08
1.193806101565453e-07
1.576882981996987e-07
2.084337994355429e-07
2.759252213180512e-07
3.646998388320131e-07
4.823329854345247e-07
6.385654195293581e-07
8.432974237229515e-07
1.115083404374795e-06
1.474257753557444e-06
1.947648927443309e-06
2.573779655086493e-06
3.399038368155515e-06
4.484898728329520e-06
5.921757518228348e-06
7.811028877971893e-06
1.031004314722475e-05
1.358437330874156e-05
1.792629190494638e-05
2.357466616441019e-05
3.103380682162252e-05
4.079851521061855e-05
5.375886346519119e-05
7.073645806220258e-05
9.297088507045153e-05
1.223979311777637e-04
1.608227627784068e-04
2.114275065374520e-04
2.779617807832920e-04
3.650551677565309e-04
4.797476594041077e-04
6.298539481075893e-04
8.271277545116191e-04
1.085399894706367e-03
1.427565106659587e-03
1.875741519291805e-03
2.464630260865137e-03
3.236373687703801e-03
4.251286072863727e-03
5.581374105387828e-03
7.320184743429736e-03
9.604468015178010e-03
1.259580847951526e-02
1.649629911839950e-02
2.158488482890897e-02
2.819350737327742e-02
3.682671417734918e-02
4.799381151123675e-02
6.237226985470005e-02
8.070634313391606e-02
1.039788768641888e-01
1.331147991881103e-01
1.691836926016360e-01
2.133207788331448e-01
2.665215469096807e-01
3.291906919879839e-01
4.010772362432857e-01
4.808666940197744e-01
5.661540302520068e-01
6.532463104767186e-01
7.376241771183586e-01
8.145293625334312e-01
8.798840894100683e-01
9.328704947535010e-01
9.914708312154832e-01
###4.800000000000000e+00
3.329049771103104e-10
2.803037459198591e-10
6.913655810590165e-09
8.105505321839715e-10
-8.384508776817407e-09
1.294238030385168e-09
1.924116133097638e-09
1.802246996590821e-09
1.941154120167319e-09
2.263689678209715e-09
1.761214747197375e-09
2.027970622653979e-09
2.084983378213951e-09
2.156688191462397e-09
2.300265305269856e-09
2.419425131084009e-09
2.584529035792582e-09
2.826484347352377e-09
3.131585342978512e-09
3.524258511183208e-09
4.004516229819857e-09
4.652150269451257e-09
5.474573543386131e-09
6.588176418630259e-09
7.972362874761686e-09
9.873895949341389e-09
1.239525689419001e-08
1.570453747739683e-08
2.009438890901457e-08
2.588126220805563e-08
3.347535992678178e-08
4.356504343833342e-08
5.686595024291446e-08
7.475985560325923e-08
9.861832160703790e-08
1.297769338861743e-07
1.714117447538643e-07
2.265687388085159e-07
3.000180271658703e-07
3.964886934673891e-07
5.244951496194716e-07
6.945918774709507e-07
9.175760636024872e-07
1.213691183061360e-06
1.605354149635423e-06
2.121717731258414e-06
2.805013807517227e-06
3.706600879550594e-06
4.893298072563547e-06
6.464963290418279e-06
8.532844249130326e-06
1.127137122966966e-05
1.486019980004698e-05
1.962514919867652e-05
2.582909710923858e-05
3.402926322666764e-05
4.477346137709601e-05
5.905704396900873e-05
7.778504727630826e-05
1.023419562797239e-04
1.348737627121733e-04
1.774361119954283e-04
2.335523525662610e-04
3.075184010945007e-04
4.042531103556833e-04
5.319377539248559e-04
6.992877975754425e-04
9.194884129328907e-04
1.208128618903320e-03
1.591033225961638e-03
2.093041350454433e-03
2.753222950184624e-03
3.619145014787637e-03
4.758471920761154e-03
6.251957163766844e-03
8.205723054451615e-03
1.076697499603356e-02
1.412063899637106e-02
1.848968969675018e-02
2.417924145862292e-02
3.155189121395718e-02
4.115562070678461e-02
5.353633501492727e-02
6.941334607019074e-02
8.955737607982367e-02
1.149832408087876e-01
1.466140399821278e-01
1.854742564321490e-01
2.326112174322013e-01
2.888561938321098e-01
3.544016872463402e-01
4.286359020861182e-01
5.098884008889636e-01
5.953952972150532e-01
6.812096901621296e-01
7.627397164415498e-01
8.354314990163623e-01
8.956589740347350e-01
9.429728059204647e-01
9.929191201985501e-01
###5.200000000000000e+00
3.942974450523962e-10
3.589141727437946e-10
6.948705390499087e-09
9.001593687420883e-10
-8.237862172713403e-09
1.466150127280558e-09
2.150211277085203e-09
2.053959438186284e-09
2.229865074872511e-09
2.526641484511318e-09
2.063430383375670e-09
2.327073182735248e-09
2.388447274760319e-09
2.434446292932501e-09
2.631574194069303e-09
2.772536072169907e-09
2.961686097509442e-09
3.234527694878786e-09
3.567867735186279e-09
4.003803804024340e-09
4.534557077902810e-09
5.240706219836570e-09
6.145975013081729e-09
7.358149530616973e-09
8.878413827052505e-09
1.095116874290926e-08
1.369000200091558e-08
1.728855023094196e-08
2.205814300394710e-08
2.834522607910441e-08
3.660598556835004e-08
4.756732809471101e-08
6.192623951514825e-08
8.138889816556240e-08
1.073230902925883e-07
1.411441469049258e-07
1.864116935781763e-07
2.463826279831440e-07
3.262457114919563e-07
4.312186429471029e-07
5.705439113125066e-07
7.558040465526936e-07
9.987748497053282e-07
1.321785750308447e-06
1.748895047890703e-06
2.312374968854206e-06
3.058469687651484e-06
4.043821483023117e-06
5.341589157194544e-06
7.062530960075451e-06
9.326594804713680e-06
1.232922219510588e-05
1.626589122358951e-05
2.149788280899177e-05
2.831697234511666e-05
3.733770170931216e-05
4.916957483090017e-05
6.492054028967558e-05
8.559508924864585e-05
1.127357013465046e-04
1.487231932973474e-04
1.958937785802567e-04
2.581543458250591e-04
3.403924825808132e-04
4.479207022158839e-04
5.900925224134753e-04
7.766822924969346e-04
1.022501493611557e-03
1.344997044015466e-03
1.773305410352209e-03
2.335281369663553e-03
3.074855295140420e-03
4.045299663257299e-03
5.322304466017074e-03
6.996515146646281e-03
9.187268365587265e-03
1.205327949249112e-02
1.580438327820850e-02
2.068329181996663e-02
2.702460621527209e-02
3.522217745833999e-02
4.586750354236484e-02
5.953964026178441e-02
7.699741303266866e-02
9.903210079515271e-02
1.266834414461340e-01
1.608591767780572e-01
2.025273495436657e-01
2.526136701943140e-01
3.117670097055261e-01
3.799819787107900e-01
4.562550126795124e-01
5.385794865577158e-01
6.238709302661801e-01
7.079944259874152e-01
7.863713631457341e-01
8.547123951862510e-01
9.098989243876546e-01
9.518915778377943e-01
9.941646707052203e-01
###5.600000000000001e+00
4.545506494388758e-10
4.182296208597796e-10
6.988102377356979e-09
1.021039820474433e-09
-8.103138491839125e-09
1.645085265566983e-09
2.396825093805264e-09
2.324361772710850e-09
2.525046576193888e-09
2.807178083818916e-09
2.389761055056475e-09
2.640700599362327e-09
2.720390721359423e-09
2.787013889409355e-09
2.995651225633421e-09
3.160975606868231e-09
3.376813230364353e-09
3.681265312804775e-09
4.049310473718784e-09
4.528922073598093e-09
5.121667227972812e-09
5.892851566497139e-09
6.888111675003711e-09
8.210680850558737e-09
9.879287816292283e-09
1.213447376748115e-08
1.511822239360267e-08
1.902982391862587e-08
2.422587925020074e-08
3.104424419992104e-08
4.004027910621573e-08
5.194552659477663e-08
6.747053443038438e-08
8.864034861856047e-08
1.168314810394285e-07
1.535493113456452e-07
2.027872047617757e-07
2.680212971347698e-07
3.548409111999637e-07
4.691641687830341e-07
6.209033685213214e-07
8.227133225626744e-07
1.087673432979416e-06
1.440127973524309e-06
1.906040441751360e-06
2.521306371232502e-06
3.336507703677857e-06
4.413926555287814e-06
5.834405596563007e-06
7.718941141154360e-06
1.019967783193912e-05
1.349414159335459e-05
1.781459382049248e-05
2.356340128933229e-05
3.106317977382912e-05
4.099409665450730e-05
5.403324744245163e-05
7.141279212876726e-05
9.425051142020680e-05
1.242653902965030e-04
1.641074006148515e-04
2.164042152005320e-04
2.855150495604685e-04
3.769570855906480e-04
4.965298158633866e-04
6.548550132646358e-04
8.629062301269546e-04
1.137277231871655e-03
1.497497254575260e-03
1.976275749833182e-03
2.604916684126042e-03
3.432590156912288e-03
4.518881702590380e-03
5.948239009543184e-03
7.821633981286255e-03
1.027232182881660e-02
1.347305874018738e-02
1.765727616267519e-02
2.309063895299997e-02
3.013683619779525e-02
3.922203744762176e-02
5.097787166768217e-02
6.601993240431031e-02
8.514016993738931e-02
1.091457943621294e-01
1.390856875877670e-01
1.758422410430827e-01
2.203129794691182e-01
2.732878504009873e-01
3.352151946807977e-01
4.058560159872844e-01
4.838484701054375e-01
5.668575836286042e-01
6.515192057520220e-01
7.335663163460986e-01
8.085147656893731e-01
8.724067937075732e-01
9.226758315455347e-01
9.597107583621510e-01
9.952380839035984e-01
###6.000000000000001e+00
4.503737524765812e-10
4.868617325853616e-10
7.027030965029135e-09
1.140743537624955e-09
-7.925947169516312e-09
1.846620301401543e-09
2.676102504508603e-09
2.628849981213425e-09
2.864918561053094e-09
3.125725866009240e-09
2.751820879447899e-09
2.996358937661629e-09
3.087921287390580e-09
3.174437187793150e-09
3.401842121841609e-09
3.590395061964197e-09
3.835675170954834e-09
4.177145431998321e-09
4.586160423237001e-09
5.112077568738265e-09
5.768146671902680e-09
6.615451576787060e-09
7.707592883214961e-09
9.152289206763678e-09
1.098341238249771e-08
1.344098536474926e-08
1.668863060352010e-08
2.094532041797487e-08
2.659349099877638e-08
3.401136460323207e-08
4.379515302825214e-08
5.673507012870550e-08
7.353978897720552e-08
9.656050731207767e-08
1.271563443664378e-07
1.671159023489529e-07
2.206686330368426e-07
2.916644018908826e-07
3.860932517319169e-07
5.106225757165799e-07
6.759584099698378e-07
8.959293780359141e-07
1.184960982885954e-06
1.569662986946680e-06
2.078261294971209e-06
2.750332108122424e-06
3.641752264877945e-06
4.820235918692805e-06
6.375786989588813e-06
8.440906493501206e-06
1.116077507966040e-05
1.477629064553628e-05
1.952249410600445e-05
2.584263162475598e-05
3.409631420815145e-05
4.503587076918557e-05
5.941581503345463e-05
7.860235913471867e-05
1.038433499467318e-04
1.370559807683177e-04
1.811792756289006e-04
2.391865760289422e-04
3.159262430256613e-04
4.176092150236738e-04
5.506114111068471e-04
7.269404641115795e-04
9.588399981523559e-04
1.264973908368050e-03
1.667176806702642e-03
2.202051154545907e-03
2.904576053549930e-03
3.829785073785064e-03
5.044003761667984e-03
6.641377107295772e-03
8.733810148414648e-03
1.146927853094146e-02
1.503605154507907e-02
1.969178760318497e-02
2.572595434617495e-02
3.353238645769582e-02
4.356775214932802e-02
5.650659070569906e-02
7.299563665204141e-02
9.385473632266124e-02
1.199044169693980e-01
1.521918736202876e-01
1.915571017709136e-01
2.388073005217913e-01
2.945880731772669e-01
3.591382016169317e-01
4.319513924146595e-01
5.113310961589731e-01
5.946297816738753e-01
6.782627363268824e-01
7.578787937937227e-01
8.291685851554759e-01
8.885594908132397e-01
9.340680931743424e-01
9.665104866292160e-01
9.961428561877982e-01
###6.400000000000001e+00
5.419300980115697e-10
5.405088550926605e-10
7.050317270399406e-09
1.256673397843400e-09
-7.720303493771455e-09
2.079384806729773e-09
2.949602630214472e-09
2.946954434862711e-09
3.238682580504727e-09
3.516605266850754e-09
3.124463713423892e-09
3.385915910345682e-09
3.491507963932144e-09
3.605649089784778e-09
3.849536538519864e-09
4.060673808462043e-09
4.340644790079281e-09
4.720492801569468e-09
5.179356536631283e-09
5.756963770023663e-09
6.480601225617051e-09
7.413776648247975e-09
8.612186263260341e-09
1.019258444463211e-08
1.220042503910177e-08
1.488223794791999e-08
1.841546613083065e-08
2.305245402214872e-08
2.913335974132199e-08
3.725963065937931e-08
4.790990654165487e-08
6.197743447936244e-08
8.018583076305267e-08
1.052520611034939e-07
1.384148465257283e-07
1.819481549033098e-07
2.401837284766480e-07
3.174991102265153e-07
4.202719620817815e-07
5.559584135486392e-07
7.361919024668981e-07
9.760525559716336e-07
1.291457179943228e-06
1.711486516831637e-06
2.266975772418715e-06
3.001671221628602e-06
3.976846994819279e-06
5.266604349243682e-06
6.970952398481772e-06
9.235066226239325e-06
1.221911024366994e-05
1.618864277172780e-05
2.140574122498797e-05
2.835859638213666e-05
3.744783296538188e-05
4.950579006521314e-05
6.537032878110192e-05
8.656711911663486e-05
1.144776066434272e-04
1.512442998080753e-04
2.001368571370906e-04
2.644896486739193e-04
3.497154064926376e-04
4.627932766073462e-04
6.107390559411431e-04
8.070880868756718e-04
1.065538005045350e-03
1.406957759946657e-03
1.855716285997793e-03
2.452788673553693e-03
3.237116585285109e-03
4.270046672133799e-03
5.625480356298510e-03
7.407546571436866e-03
9.740367416536532e-03
1.278710993250495e-02
1.675276404001720e-02
2.192076142378276e-02
2.860295413589202e-02
3.722566454992930e-02
4.827615792819897e-02
6.246917297571297e-02
8.048019298616078e-02
1.031537810541739e-01
1.313133272616768e-01
1.660081565482146e-01
2.079860242967007e-01
2.579834106650507e-01
3.164742780188776e-01
3.834644724291052e-01
4.581781655637288e-01
5.386100860387161e-01
6.218120772995966e-01
7.040274340453100e-01
7.808952557251190e-01
8.483329885904840e-01
9.032196530135295e-01
9.441533677545220e-01
9.723786950474376e-01
9.968980001734198e-01
###6.800000000000002e+00
6.165963482532426e-10
6.273739649695517e-10
7.107789376020419e-09
1.394887513948936e-09
-7.513195146983644e-09
2.306232068575955e-09
3.262309071813504e-09
3.283650020366797e-09
3.640426706708702e-09
3.899678257385615e-09
3.431588287541408e-09
3.802933519747971e-09
3.922814724245495e-09
4.067815458169307e-09
4.333220485061522e-09
4.578034052044215e-09
4.893027770228478e-09
5.316403756026157e-09
5.826874718544871e-09
6.464847440201252e-09
7.264193729876886e-09
8.293967406191264e-09
9.610164049226204e-09
1.133886098071227e-08
1.353933708902383e-08
1.646530064219416e-08
2.031406563248961e-08
2.536601011222439e-08
3.199106279483089e-08
4.082035642658713e-08
5.241217518899373e-08
6.771548633435835e-08
8.750058807965352e-08
1.147947358568508e-07
1.508406410876398e-07
1.981598690473314e-07
2.615276508508178e-07
3.457628862687290e-07
4.576564753572491e-07
6.055516863453970e-07
8.021075741697786e-07
1.063753792893789e-06
1.408099863391793e-06
1.866878830744475e-06
2.473833620892376e-06
3.277416370714762e-06
4.344577318925726e-06
5.757030792956491e-06
7.625317566385804e-06
1.010902641675196e-05
1.338468101809601e-05
1.774553553215724e-05
2.348394359801273e-05
3.113642074082348e-05
4.115128544568813e-05
5.444834825384083e-05
7.196393783728156e-05
9.538821914396133e-05
1.262665412299833e-04
1.669810732576056e-04
2.211730349792035e-04
2.925818675550436e-04
3.872230598434649e-04
5.129698562627691e-04
6.775280263832080e-04
8.961489450408397e-04
1.184048003269161e-03
1.564601715724315e-03
2.064949259070734e-03
2.730904886870844e-03
3.605566838130972e-03
4.757351088876702e-03
6.267901907358675e-03
8.252902128044070e-03
1.084884315642677e-02
1.423478664069790e-02
1.863393486301222e-02
2.435559542893536e-02
3.173604737057471e-02
4.123291605421352e-02
5.336315304031547e-02
6.888358233636582e-02
8.849056227042862e-02
1.130519536414390e-01
1.433816935898088e-01
1.805175758725801e-01
2.251136309200822e-01
2.778005801731236e-01
3.388812063186229e-01
4.081238568279795e-01
4.844627191572807e-01
5.655915525411733e-01
6.483221312846644e-01
7.287504908086760e-01
8.025853021682005e-01
8.660257765161233e-01
9.164439227050375e-01
9.530240863265750e-01
9.774044382503617e-01
9.975404391241381e-01
###7.200000000000002e+00
7.029276959170589e-10
7.315994058656946e-10
7.176963021404295e-09
1.558844635415901e-09
-7.290877568558435e-09
2.543525532737653e-09
3.593631962519231e-09
3.638926600027789e-09
4.079185457070220e-09
4.314096618255158e-09
3.892225253771775e-09
4.259242374667795e-09
4.402000121004050e-09
4.570261363584690e-09
4.866514528260862e-09
5.150172233498308e-09
5.501997523904806e-09
5.948721306000685e-09
6.541443620743495e-09
7.247492152612764e-09
8.139570896503211e-09
9.265309648733104e-09
1.071110186901645e-08
1.260063150754819e-08
1.501151236416417e-08
1.820678048129291e-08
2.240143646603157e-08
2.790468665929110e-08
3.512682121478131e-08
4.472432082372919e-08
5.734380899121341e-08
7.399443058914050e-08
9.553799046169422e-08
1.252224655695523e-07
1.644365648560336e-07
2.159014893465057e-07
2.848679287419674e-07
3.766786788804307e-07
4.985515262206503e-07
6.599275431864796e-07
8.742562221857590e-07
1.159795854112726e-06
1.535926981932532e-06
2.037302081323136e-06
2.700824431972480e-06
3.580194379715368e-06
4.748646806153044e-06
6.296287302027397e-06
8.345382624331225e-06
1.107136351100805e-05
1.466934827938004e-05
1.946292514026060e-05
2.577693785091887e-05
3.420555719098111e-05
4.524532687973096e-05
5.991630135305530e-05
7.926252818492879e-05
1.051595363674678e-04
1.393313869121358e-04
1.844288814899372e-04
2.445092549208697e-04
3.237669633258826e-04
4.288706237721755e-04
5.686668874707416e-04
7.516798413348087e-04
9.949990391752092e-04
1.315565383851999e-03
1.739412524061068e-03
2.296874416616902e-03
3.038770351634839e-03
4.013166468159129e-03
5.295648218819603e-03
6.976703177618410e-03
9.183781091142302e-03
1.206659878785064e-02
1.582164774812799e-02
2.069033669753987e-02
2.700991946116902e-02
3.514061536678977e-02
4.557033884282980e-02
5.884790931403176e-02
7.576621700256950e-02
9.704244824317879e-02
1.235570686541013e-01
1.561126799311162e-01
1.957137429677379e-01
2.429149787972089e-01
2.982260542157720e-01
3.617593015271500e-01
4.330383610829789e-01
5.107116416765950e-01
5.921928950530425e-01
6.740690090684262e-01
7.523708676745056e-01
8.229230557565023e-01
8.822707391690328e-01
9.282990716538374e-01
9.607649121979718e-01
9.816680987477383e-01
9.980497976390902e-01
###7.600000000000002e+00
7.960261617487077e-10
8.544415026466681e-10
7.249251129776943e-09
1.720585790240334e-09
-7.039052921847751e-09
2.793541102504531e-09
3.951803439587401e-09
4.032780948179228e-09
4.555707557994590e-09
4.746424058534541e-09
4.392169688210070e-09
4.755503987570391e-09
4.927203050707951e-09
5.127113592199290e-09
5.448487699132638e-09
5.774499816263984e-09
6.182026497168174e-09
6.674291264945623e-09
7.327038341677363e-09
8.111636332034339e-09
9.092867574248638e-09
1.033423926546591e-08
1.192141445769034e-08
1.398788584500663e-08
1.663251532224439e-08
2.011963230948574e-08
2.469416847958004e-08
3.065590302263819e-08
3.856678857377923e-08
4.900419522937776e-08
6.270621636530273e-08
8.086858908271012e-08
1.043274823181648e-07
1.366282809879897e-07
1.793031471688907e-07
2.353042097316790e-07
3.104065736249141e-07
4.104876078668697e-07
5.433165637452752e-07
7.194927863973151e-07
9.532466732169718e-07
1.265014523592562e-06
1.676046654203417e-06
2.224211370916032e-06
2.949979574881965e-06
3.912813391316443e-06
5.192820921444725e-06
6.889511504732193e-06
9.137885349955653e-06
1.213149824848881e-05
1.608483674725919e-05
2.135755260312571e-05
2.830872714843730e-05
3.759533475537267e-05
4.977095383923461e-05
6.596608928910439e-05
8.734101136481171e-05
1.159814145819648e-04
1.538072591669739e-04
2.037706954281312e-04
2.703913097612640e-04
3.583444068216364e-04
4.750689583573136e-04
6.304629717208928e-04
8.339358616092239e-04
1.104610953179333e-03
1.461327959914172e-03
1.933096815317996e-03
2.553571960389392e-03
3.379248749127415e-03
4.463321497899758e-03
5.889399446044314e-03
7.757119559132451e-03
1.020663861796675e-02
1.340203898227007e-02
1.755741520889743e-02
2.293390902069319e-02
2.989669226857353e-02
3.883028879991803e-02
5.025411606187319e-02
6.474462940000711e-02
8.313102875475699e-02
1.061457235597999e-01
1.346763943013785e-01
1.695001210181651e-01
2.115752704039838e-01
2.613660581918131e-01
3.192200040950460e-01
3.850478463429308e-01
4.581301349423422e-01
5.368402572076885e-01
6.183195117737659e-01
6.989853867126777e-01
7.748420031446795e-01
8.419042316799594e-01
8.970967416521516e-01
9.388502639484161e-01
9.674672350399450e-01
9.852519772197992e-01
9.984777269197859e-01
###8.000000000000002e+00
9.167150568993734e-10
9.956443641044473e-10
7.342912464393174e-09
1.904102875781832e-09
-6.785217301097807e-09
3.071135691143785e-09
4.333700595653560e-09
4.457524927423544e-09
5.067311582739632e-09
5.241938024707283e-09
4.930732765698648e-09
5.296649410287554e-09
5.496519791577517e-09
5.731252675288828e-09
6.083679702913667e-09
6.455280095111934e-09
6.915950116037416e-09
7.465857474771160e-09
8.187175606865224e-09
9.056088917074527e-09
1.014051256689907e-08
1.150758795146192e-08
1.325108064047920e-08
1.551412410734315e-08
1.841114758039980e-08
2.222012249655910e-08
2.721121912607964e-08
3.371579156782369e-08
4.233584369666173e-08
5.369094620848113e-08
6.861692846018871e-08
8.838876104036038e-08
1.139426777365463e-07
1.491024155628577e-07
1.955605235578245e-07
2.565486118931817e-07
3.383619429667335e-07
4.474906629330621e-07
5.923582802634788e-07
7.847058685329703e-07
1.039786851103024e-06
1.380353109572780e-06
1.829706690368284e-06
2.429298173075180e-06
3.223482912064718e-06
4.278206534779182e-06
5.681212897848732e-06
7.542175472071686e-06
1.001050032738053e-05
1.329929245010689e-05
1.764607453055208e-05
2.344806555663889e-05
3.110378581372683e-05
4.134165349180937e-05
5.477438067756235e-05
7.265949676884763e-05
9.628351476132002e-05
1.279639420695112e-04
1.698417730814194e-04
2.252033361276397e-04
2.990737925381705e-04
3.966814450628728e-04
5.262975760619078e-04
6.989497060941928e-04
9.251039461928612e-04
1.226028496469798e-03
1.622772072170147e-03
2.147375045715781e-03
2.837293055451055e-03
3.755195755108285e-03
4.959871905037930e-03
6.543084996424335e-03
8.614838389312532e-03
1.132843740914597e-02
1.486381770695243e-02
1.945344394073133e-02
2.537573538477056e-02
3.302914000803008e-02
4.282008419965566e-02
5.530009400299341e-02
7.106970223907084e-02
9.099287298295156e-02
1.158125600462625e-01
1.464171772263717e-01
1.835445799086741e-01
2.280936680523059e-01
2.804304744444712e-01
3.407277100201733e-01
4.086832913988011e-01
4.833237570127970e-01
5.627559765054873e-01
6.438797726954641e-01
7.229929735390657e-01
7.961198058983606e-01
8.595215596780430e-01
9.105547935567810e-01
9.481855090399567e-01
9.732256603132983e-01
9.882390271566124e-01
9.988241982083034e-01
###8.400000000000002e+00
1.015758649299727e-09
1.141283040225875e-09
7.446662490283473e-09
2.121573896591214e-09
-6.518979815031061e-09
3.373825171490520e-09
4.747801275646777e-09
4.928567729303783e-09
5.644326073008375e-09
5.784306473168754e-09
5.518208477438928e-09
5.889399292215364e-09
6.122316107977086e-09
6.391777347375437e-09
6.782252952132754e-09
7.201155460965115e-09
7.718804524426422e-09
8.339762600117074e-09
9.132176053320994e-09
1.009426903415143e-08
1.129250297926750e-08
1.279860478210613e-08
1.471379722764845e-08
1.718950785843065e-08
2.036712292184029e-08
2.452902915451440e-08
2.997752813229573e-08
3.707407468526651e-08
4.647090417237148e-08
5.883074741247366e-08
7.510025841296902e-08
9.662363038376278e-08
1.244627653170395e-07
1.627597923832885e-07
2.133560087063927e-07
2.797976325756282e-07
3.689584473017156e-07
4.880020224884304e-07
6.460680334536213e-07
8.561252787409611e-07
1.134654422839628e-06
1.506770173268237e-06
1.998303679078278e-06
2.654366640462079e-06
3.524031517564567e-06
4.679805379131566e-06
6.218269253775849e-06
8.260396197374896e-06
1.097152738175446e-05
1.458606142989989e-05
1.936769519599576e-05
2.575470335554976e-05
3.419084281937881e-05
4.548098390870319e-05
6.030569128594114e-05
8.006450308587554e-05
1.061941458661816e-04
1.412343114517571e-04
1.876045604336514e-04
2.489449783896750e-04
3.308557891467784e-04
4.391664264840921e-04
5.830451861759249e-04
7.748328721514710e-04
1.026018669983858e-03
1.360418636138012e-03
1.801270689616745e-03
2.384106613890454e-03
3.150516705516936e-03
4.169629297009577e-03
5.506647261534345e-03
7.261637758512381e-03
9.555884557287980e-03
1.255655544376860e-02
1.646024061643997e-02
2.151996478921358e-02
2.802865889396384e-02
3.642084619292684e-02
4.712538653484404e-02
6.072269722160234e-02
7.783625702095294e-02
9.936545684370418e-02
1.260510177274730e-01
1.587794261816002e-01
1.982373520121442e-01
2.452561387713169e-01
3.000817878069290e-01
3.627001106689093e-01
4.325915645578642e-01
5.085328936340797e-01
5.883676396736799e-01
6.687973396817543e-01
7.460310799208855e-01
8.161729752260507e-01
8.757887845397586e-01
9.226955464111207e-01
9.563854134153954e-01
9.781349807382644e-01
9.907060168523011e-01
9.991033653033052e-01
###8.800000000000002e+00
1.080050072698661e-09
1.278177181093155e-09
7.559599889536123e-09
2.321306290208635e-09
-6.214000143993648e-09
3.700177919357613e-09
5.185524713849495e-09
5.418672391924831e-09
6.249594373927279e-09
6.385983364833042e-09
6.156541144889809e-09
6.547652593946485e-09
6.803960161945153e-09
7.109730354934503e-09
7.544004052712362e-09
8.027437248602430e-09
8.599073510048286e-09
9.294975067914182e-09
1.017032539539384e-08
1.123391642024978e-08
1.255634615005830e-08
1.421626186800438e-08
1.632034419280209e-08
1.901601832978163e-08
2.251331373429814e-08
2.706251117409581e-08
3.300732301859081e-08
4.075459986356895e-08
5.099889849714919e-08
6.446397480547149e-08
8.219868467768861e-08
1.056441803743429e-07
1.359842841568446e-07
1.776917250864370e-07
2.328377929968936e-07
3.052341269429051e-07
4.024764102659825e-07
5.323793045163449e-07
7.048962521172802e-07
9.343107166153129e-07
1.238641729409046e-06
1.645447114763249e-06
2.183327557439557e-06
2.901590239902062e-06
3.854226523213975e-06
5.121296673740456e-06
6.809181351077961e-06
9.051078071216935e-06
1.202969400832878e-05
1.600467245928276e-05
2.126703057924980e-05
2.830140212777074e-05
3.759982037562910e-05
5.005432613990371e-05
6.642223141419845e-05
8.825400208116204e-05
1.171924134041235e-04
1.559217472889704e-04
2.072690197921948e-04
2.752363229450952e-04
3.660491210935264e-04
4.862023069577430e-04
6.458556620972422e-04
8.587686984140697e-04
1.137677501324755e-03
1.508986379063657e-03
1.998427823976081e-03
2.645386090600392e-03
3.495753322112983e-03
4.625864054649056e-03
6.107648375714179e-03
8.050201024683045e-03
1.058665998216210e-02
1.389910172528448e-02
1.820087196294502e-02
2.376646267255013e-02
3.090535762218686e-02
4.008580332902920e-02
5.176011952418343e-02
6.653618074119058e-02
8.505593112506965e-02
1.082605995217131e-01
1.368712782052171e-01
1.717637815500072e-01
2.135717753798468e-01
2.630384851088547e-01
3.202751167312490e-01
3.850778665081285e-01
4.567012088979628e-01
5.336742341498605e-01
6.135910085805347e-01
6.929881053844739e-01
7.680393470895425e-01
8.349853620264950e-01
8.907312992311776e-01
9.335753210365895e-01
9.635361139436892e-01
9.822840216278341e-01
9.927222710702112e-01
9.993239837405054e-01
###9.200000000000003e+00
1.195085458435939e-09
1.424292683124841e-09
7.694108765870099e-09
2.534160346420446e-09
-5.865159024692121e-09
4.056241271371829e-09
5.656620035347066e-09
5.947007212574839e-09
6.906575637138072e-09
7.022215751626348e-09
6.841789229200613e-09
7.250936181356314e-09
7.543013809740263e-09
7.898389030600982e-09
8.376036291492323e-09
8.917708047058155e-09
9.561439720953034e-09
1.033819326929343e-08
1.130605191692433e-08
1.248389427080085e-08
1.394519927871558e-08
1.577051806078041e-08
1.808319232282991e-08
2.103916749581678e-08
2.486836629932624e-08
2.984226745422852e-08
3.632911739776896e-08
4.478785772729611e-08
5.595919457064800e-08
7.063403793422556e-08
8.998987251432220e-08
1.155213203041847e-07
1.486246266724463e-07
1.940477064133399e-07
2.541669149569107e-07
3.330998416185325e-07
4.391738784320381e-07
5.809898752150257e-07
7.693682827223198e-07
1.019884612762189e-06
1.352752340713239e-06
1.797637057012600e-06
2.386409073559453e-06
3.173128076175106e-06
4.217296252485533e-06
5.606856704405710e-06
7.459520072754260e-06
9.921847489657115e-06
1.319644065210166e-05
1.756901333970071e-05
2.336237849417407e-05
3.111253410141863e-05
4.136666494787616e-05
5.510955657483053e-05
7.318391105108023e-05
9.731216623839736e-05
1.293527171639256e-04
1.721760762877014e-04
2.290324414714979e-04
3.043371821984008e-04
4.049996133511806e-04
5.382476093566708e-04
7.153335778336724e-04
9.515624982277540e-04
1.261047849233786e-03
1.672980178990698e-03
2.215933981218764e-03
2.933372670086562e-03
3.875839758957433e-03
5.127565837710142e-03
6.767022332620725e-03
8.914060994167028e-03
1.171366020085013e-02
1.536362113279537e-02
2.009525519765369e-02
2.620413210877361e-02
3.401769654284262e-02
4.403797930493845e-02
5.673913823345497e-02
7.275392845271829e-02
9.275013752775675e-02
1.176880234454977e-01
1.482787126925888e-01
1.853697542634239e-01
2.295327752527758e-01
2.814172540491435e-01
3.409771842185982e-01
4.078117192989466e-01
4.809514351143631e-01
5.586649903871238e-01
6.383440496972702e-01
7.163847708615013e-01
7.889692946714199e-01
8.525408079175865e-01
9.043759710935781e-01
9.432697798485987e-01
9.697247554189632e-01
9.857606643885911e-01
9.943541735704526e-01
9.994887079656929e-01
###9.600000000000003e+00
1.298919772152878e-09
1.608797961721130e-09
7.839616978794507e-09
2.810932800224139e-09
-5.494039973812928e-09
4.440317149496243e-09
6.170244503908281e-09
6.524826838016650e-09
7.618804937650485e-09
7.729527694928583e-09
7.593259592964502e-09
8.026707462117299e-09
8.350730950819522e-09
8.756392853205157e-09
9.287242074313246e-09
9.897108049193355e-09
1.061165295876246e-08
1.148270483588513e-08
1.255035031518009e-08
1.385372301214055e-08
1.546902380294258e-08
1.747579466837294e-08
2.001930815232448e-08
2.326237056257233e-08
2.745300255052442e-08
3.288986239823267e-08
3.997490618266324e-08
4.920831084578766e-08
6.139547424394898e-08
7.739642261934142e-08
9.852995821689126e-08
1.263466580925458e-07
1.624833488146529e-07
2.119498227960203e-07
2.775159340629163e-07
3.636193660832874e-07
4.793657999291139e-07
6.342568574367815e-07
8.400251578297273e-07
1.113743914931209e-06
1.477912801947770e-06
1.964738796638890e-06
2.609535468038070e-06
3.471516210519683e-06
4.616376526908198e-06
6.140823420598861e-06
8.175082019275012e-06
1.088094354410978e-05
1.448217811568045e-05
1.929423209952149e-05
2.567511607994172e-05
3.421627378880032e-05
4.552673774266136e-05
6.069396919781531e-05
8.065929213920225e-05
1.073269145999553e-04
1.427938596440328e-04
1.901576079699812e-04
2.531131859528711e-04
3.365271004158737e-04
4.480777040514930e-04
5.957747314368311e-04
7.921562200655783e-04
1.054088928746634e-03
1.397202889630873e-03
1.853880919158780e-03
2.455679986032148e-03
3.250377514329996e-03
4.293678571421773e-03
5.678284576661512e-03
7.489678331250363e-03
9.858958217067171e-03
1.294391944915373e-02
1.695847629978435e-02
2.215296438708345e-02
2.884401523780764e-02
3.737895094571689e-02
4.829057430518314e-02
6.207728917346317e-02
7.939320562734285e-02
1.009332967513702e-01
1.276590308683790e-01
1.602766299172438e-01
1.995964871289692e-01
2.461064896122665e-01
3.003577147534459e-01
3.621345818208865e-01
4.308332322993779e-01
5.052531573302291e-01
5.834282158355940e-01
6.625459802358592e-01
7.389220873126359e-01
8.087917102138880e-01
8.688443400263554e-01
9.167685280892324e-01
9.518498583294450e-01
9.750448848640715e-01
9.886509765779136e-01
9.956629751796341e-01
9.996202004065338e-01
###1.000000000000000e+01
1.439267239664333e-09
1.784332100519187e-09
7.998113451485288e-09
3.081309381107077e-09
-5.094268961189073e-09
4.862710203889994e-09
6.733135773350310e-09
7.151746308252396e-09
8.388380971206706e-09
8.494431824649130e-09
8.399948493053647e-09
8.861446159207531e-09
9.229665954050856e-09
9.694631073303237e-09
1.028187343861099e-08
1.096595221684427e-08
1.176324059279632e-08
1.273380068291705e-08
1.391167515446849e-08
1.535554651768350e-08
1.713723692730555e-08
1.934677036268404e-08
2.214188576013123e-08
2.569997428652326e-08
3.028689921725824e-08
3.623240635978797e-08
4.399019592935055e-08
5.406157400595098e-08
6.734877547326009e-08
8.480816723890493e-08
1.078829887939132e-07
1.382004822634557e-07
1.776554454938537e-07
2.315535189311362e-07
3.030763946539159e-07
3.970593852070340e-07
5.234338258307461e-07
6.926401385433303e-07
9.174710116605691e-07
1.216689782832270e-06
1.615311990365234e-06
2.148230552302289e-06
2.854631621135350e-06
3.799554584772009e-06
5.055474152952730e-06
6.728581004059024e-06
8.963239644667426e-06
1.193783698380507e-05
1.589924343944285e-05
2.119697953633275e-05
2.822591022724318e-05
3.764269777633421e-05
5.011997123936268e-05
6.686372963395856e-05
8.892079056320784e-05
1.184006363597888e-04
1.576476575689639e-04
2.100368696413511e-04
2.797257047393614e-04
3.721126534427114e-04
4.956747585413125e-04
6.593269062958220e-04
8.769752573412922e-04
1.167213858949740e-03
1.547398410056494e-03
2.053195187963452e-03
2.719506342751486e-03
3.598830474386023e-03
4.752345138398659e-03
6.281885127171653e-03
8.280374622269455e-03
1.089096890430043e-02
1.428464582721482e-02
1.869246962628925e-02
2.438428391827268e-02
3.169882683865398e-02
4.100091851167738e-02
5.286005119155852e-02
6.778936335909171e-02
8.646908507009063e-02
1.096054467559063e-01
1.381814554364361e-01
1.728643925120815e-01
2.144310380502859e-01
2.632736124390819e-01
3.198261276628901e-01
3.836993525364033e-01
4.540750490905935e-01
5.295338811088866e-01
6.078733948156201e-01
6.861224103589684e-01
7.605392532690958e-01
8.274750588250815e-01
8.839041754788481e-01
9.279530795997905e-01
9.593910451434100e-01
9.795786715866669e-01
9.910297457803093e-01
9.966999602470946e-01
9.997192732505796e-01
###1.040000000000000e+01
1.589887991514270e-09
1.991549395742131e-09
8.182085637529076e-09
3.361753593567369e-09
-4.652902354778574e-09
5.308547372667770e-09
7.334780142280227e-09
7.823990254589083e-09
9.230462008050157e-09
9.325627859239922e-09
9.280360257088560e-09
9.762260971088122e-09
1.018985468017969e-08
1.071488913312168e-08
1.136958151660148e-08
1.213279811609846e-08
1.302306081629553e-08
1.410100965939044e-08
1.539685552884777e-08
1.699962478449765e-08
1.896369679626200e-08
2.139482609860725e-08
2.446659588987089e-08
2.837534619555693e-08
3.339333606833917e-08
3.989671520767247e-08
4.837867437328391e-08
5.938473947878057e-08
7.387480291358021e-08
9.292545526511044e-08
1.181221810589182e-07
1.511781154393276e-07
1.942632438417811e-07
2.530223332243449e-07
3.310903735334181e-07
4.337190895235032e-07
5.717330705724770e-07
7.566502918493175e-07
1.002456972044225e-06
1.329694533725908e-06
1.766060608259955e-06
2.349691839593892e-06
3.123852542469740e-06
4.160105829057325e-06
5.538415878782404e-06
7.375618386188924e-06
9.831127365190370e-06
1.310207100720251e-05
1.746069506247102e-05
2.329540258191100e-05
3.104114601633439e-05
4.142525262559783e-05
5.519361832183504e-05
7.367923978532384e-05
9.804931970094377e-05
1.306417809286186e-04
1.740628459489010e-04
2.320059814549155e-04
3.091377264299129e-04
4.114212532184186e-04
5.482442067148422e-04
7.294973649419085e-04
9.705261400129374e-04
1.291925296223583e-03
1.712825279018380e-03
2.272605119124607e-03
3.009507496187070e-03
3.981418358228127e-03
5.255173129563734e-03
6.942462265725631e-03
9.144379310869697e-03
1.201640619795706e-02
1.574322624727834e-02
2.057491069320867e-02
2.679981149498738e-02
3.477926922179193e-02
4.489762919151129e-02
5.775768602231816e-02
7.389443377232133e-02
9.399282594733822e-02
1.187868026647891e-01
1.492603375868616e-01
1.860449316316333e-01
2.298639323771482e-01
2.810101623152119e-01
3.397830772369289e-01
4.056176518632218e-01
4.774779695760289e-01
5.537139181506624e-01
6.319223361138184e-01
7.089975478686631e-01
7.811854485459824e-01
8.450001373024618e-01
8.977443330954132e-01
9.379892469140492e-01
9.659751404661490e-01
9.834152968026451e-01
9.929715646087908e-01
9.975142434417307e-01
9.997954060072807e-01
###1.080000000000000e+01
1.743171618229330e-09
2.204211509950329e-09
8.384415827940915e-09
3.680225143593886e-09
-4.187666159703953e-09
5.793467826823501e-09
7.998219722589646e-09
8.553305829172583e-09
1.014373458977322e-08
1.023249144423667e-08
1.023561181615459e-08
1.075178664540444e-08
1.123465677556358e-08
1.183030933693760e-08
1.257655581272757e-08
1.340545368666292e-08
1.439939072310331e-08
1.559501644262639e-08
1.703188894155866e-08
1.879906067452376e-08
2.096332511222409e-08
2.364069901573076e-08
2.701445907307121e-08
3.130235657816235e-08
3.679822676066899e-08
4.391186273046321e-08
5.317412467159191e-08
6.519557164088077e-08
8.102572449713328e-08
1.018134177687409e-07
1.293313377119587e-07
1.652288539111234e-07
2.124509396111869e-07
2.765441594808701e-07
3.617777226700476e-07
4.738993378867737e-07
6.246946033541115e-07
8.268415692094540e-07
1.095679523060396e-06
1.453706167058278e-06
1.931606108275329e-06
2.571062320966954e-06
3.419918951016648e-06
4.556835132167626e-06
6.069812351804966e-06
8.088006045208360e-06
1.078705879395987e-05
1.438543797180542e-05
1.918232747343709e-05
2.561036713098106e-05
3.414721608584371e-05
4.559972110203179e-05
6.079434379952731e-05
8.120522038663386e-05
1.081309628332810e-04
1.441631664644249e-04
1.921747378250887e-04
2.562721526768620e-04
3.416159991131567e-04
4.548168199956115e-04
6.062546638602311e-04
8.068797964916111e-04
1.073642865161457e-03
1.429301241840129e-03
1.894867444858473e-03
2.513696186994854e-03
3.327894920071588e-03
4.400894403999975e-03
5.805790447018956e-03
7.664402488287653e-03
1.008683014965251e-02
1.324138859050690e-02
1.732754396346661e-02
2.261377243316275e-02
2.940943939110064e-02
3.809504133956815e-02
4.908203183572518e-02
6.299795642513088e-02
8.039988333883609e-02
1.019783222776496e-01
1.284832167154892e-01
1.609012407644396e-01
1.998145261574334e-01
2.458847802765954e-01
2.993094152691408e-01
3.601944179516928e-01
4.278323355709587e-01
5.009629011653549e-01
5.777146020980359e-01
6.554982231849618e-01
7.311028251613493e-01
8.008190279225051e-01
8.613580770748801e-01
9.103910814518291e-01
9.469386169538787e-01
9.716824837940501e-01
9.866342933935387e-01
9.945417211710984e-01
9.981465606944561e-01
9.998539816915084e-01
###1.120000000000000e+01
1.909951960594324e-09
2.432107052513926e-09
8.615992804521897e-09
4.019678049353984e-09
-3.656111902767189e-09
6.315394791940381e-09
8.699035960749046e-09
9.345733586117602e-09
1.114055457364747e-08
1.121172235128743e-08
1.127298174164835e-08
1.183099318833810e-08
1.237070189732700e-08
1.304025867442176e-08
1.386819220487481e-08
1.479611874978729e-08
1.590497439512173e-08
1.722806574994677e-08
1.881956859348862e-08
2.076814767888547e-08
2.316245757149606e-08
2.609979783910552e-08
2.980514932882766e-08
3.450833109393367e-08
4.052709629678998e-08
4.830300690265493e-08
5.842773044589604e-08
7.139672622296745e-08
8.885089562105444e-08
1.115158557443612e-07
1.416159186400648e-07
1.805776592503906e-07
2.323639870936126e-07
3.022994331032753e-07
3.954101127613344e-07
5.179234906053158e-07
6.827513712271023e-07
9.038529558457390e-07
1.198008061128642e-06
1.589872640833591e-06
2.113397420185827e-06
2.814334315366898e-06
3.745336376221068e-06
4.993069187587510e-06
6.654634166197195e-06
8.872436368853967e-06
1.184042788251383e-05
1.579943892937199e-05
2.108080605023592e-05
2.816362063686628e-05
3.757430283809191e-05
5.020716108798772e-05
6.697597540453266e-05
8.951529088633404e-05
1.192643150416506e-04
1.590896704595293e-04
2.121658091951910e-04
2.830553593604067e-04
3.774512746188834e-04
5.026794323593553e-04
6.702231278117958e-04
8.921647245606401e-04
1.187201554278462e-03
1.580429840849566e-03
2.094946249675011e-03
2.778466594909690e-03
3.677012347427973e-03
4.860209264627584e-03
6.407575120501106e-03
8.452406592574197e-03
1.111337253869389e-02
1.457279089099366e-02
1.904570927741496e-02
2.481972690336874e-02
3.222423238193912e-02
4.165943306399522e-02
5.356719357708009e-02
6.859508801387140e-02
8.731907718890926e-02
1.104349512883159e-01
1.387059526759515e-01
1.731069117749489e-01
2.141676100928577e-01
2.624725023331226e-01
3.181238826552900e-01
3.810118378935785e-01
4.502924071788761e-01
5.244660577248142e-01
6.014624838162194e-01
6.785285891814723e-01
7.523858795092273e-01
8.194086326302841e-01
8.765545899417555e-01
9.218822948705402e-01
9.548705752075675e-01
9.765954273140957e-01
9.893141651915467e-01
9.957991193640566e-01
9.986321860188274e-01
9.998965379824412e-01
###1.160000000000000e+01
2.090937500508557e-09
2.688742812577307e-09
8.865215334660601e-09
4.389761470592683e-09
-3.109640463919215e-09
6.883216137720823e-09
9.459143168189011e-09
1.020136428985316e-08
1.221901349066894e-08
1.227853877760238e-08
1.240117827861349e-08
1.300693303149354e-08
1.360863848804911e-08
1.435739634951944e-08
1.527585383804595e-08
1.631284723063190e-08
1.754446817576426e-08
1.901261900280051e-08
2.077351677900120e-08
2.292034723978092e-08
2.555690620553291e-08
2.879100943826512e-08
3.286010605330712e-08
3.801704890927510e-08
4.460882593141414e-08
5.311734941439887e-08
6.417769484784219e-08
7.820610700556165e-08
9.742129803985947e-08
1.221457608594334e-07
1.550451281116875e-07
1.974165965321502e-07
2.541609235740421e-07
3.305307255074146e-07
4.322672529356044e-07
5.662080519958392e-07
7.464552669649719e-07
9.883460777542145e-07
1.310345268120680e-06
1.739401134132164e-06
2.313190167971412e-06
3.081729212987951e-06
4.103292149266826e-06
5.473047825103428e-06
7.298334625129127e-06
9.736138734079668e-06
1.300064198989317e-05
1.735810549012595e-05
2.317399576529358e-05
3.097972910602770e-05
4.135522759949577e-05
5.529216297247649e-05
7.379672599481581e-05
9.868738741279436e-05
1.315493345700190e-04
1.755646842743486e-04
2.342253132435409e-04
3.126008365678429e-04
4.169782636780856e-04
5.554527876104044e-04
7.406753899988314e-04
9.860353844124801e-04
1.312127146391865e-03
1.746554292855394e-03
2.314620629799575e-03
3.068736472512443e-03
4.059461729854667e-03
5.362568895513082e-03
7.064739122266140e-03
9.311256862876021e-03
1.223000006006351e-02
1.601809967941435e-02
2.090578270535752e-02
2.720150975466908e-02
3.525503303152794e-02
4.548606011196069e-02
5.836527190463626e-02
7.456034880870324e-02
9.466475717122826e-02
1.193757074833319e-01
1.494595897747706e-01
1.858756530445614e-01
2.290907211580092e-01
2.796113690666580e-01
3.374116015245734e-01
4.021888852899516e-01
4.729248387940828e-01
5.479109203597383e-01
6.248775940456008e-01
7.009372473080832e-01
7.727881227169991e-01
8.369260549098555e-01
8.906006062073626e-01
9.322671628572569e-01
9.618535912139858e-01
9.807935222790315e-01
9.915264088979252e-01
9.967975064276510e-01
9.990013990511200e-01
9.999299522722137e-01
###1.200000000000001e+01
2.333030068537582e-09
2.973318116787112e-09
9.146086682778813e-09
4.794718962254456e-09
-2.514456652079772e-09
7.507014186446767e-09
1.027962621936918e-08
1.113142974043076e-08
1.339576817040384e-08
1.345108833980699e-08
1.362593736980388e-08
1.428254019102358e-08
1.495898840741443e-08
1.579666151923357e-08
1.681492499356658e-08
1.796954629862230e-08
1.933423502587632e-08
2.096762950239671e-08
2.290925812318117e-08
2.527631328689715e-08
2.817575248607317e-08
3.173659707627196e-08
3.620462275966637e-08
4.185643952496219e-08
4.908253157276240e-08
5.838742944808421e-08
7.047073365564975e-08
8.567578737643638e-08
1.067974634373618e-07
1.335443853239636e-07
1.697424440796871e-07
2.158716501171495e-07
2.780322117457977e-07
3.614913163738388e-07
4.726651181810406e-07
6.191387484678740e-07
8.164242442305305e-07
1.081066990607522e-06
1.433628306530486e-06
1.903643221311503e-06
2.532739733282180e-06
3.375600926340992e-06
4.496983945691630e-06
6.001071060867779e-06
8.006920942518261e-06
1.068716581921572e-05
1.427918807347116e-05
1.907546660576316e-05
2.548289481547807e-05
3.408447265984043e-05
4.552559759247744e-05
6.090009761111719e-05
8.132574354951677e-05
1.088073571436594e-04
1.451096950536237e-04
1.937323840673210e-04
2.585491560013445e-04
3.451752290636073e-04
4.605392139318986e-04
6.136824066856265e-04
8.182491322811329e-04
1.089310536713758e-03
1.449407139890394e-03
1.928950109890630e-03
2.555556902183243e-03
3.386793769739660e-03
4.477754488728907e-03
5.911246999069876e-03
7.781218936244951e-03
1.024593888202358e-02
1.344283032038178e-02
1.758423668142253e-02
2.291703948927450e-02
2.976958752180444e-02
3.851395603560615e-02
4.958844980296839e-02
6.349137589813651e-02
8.090790642525060e-02
1.024481325488038e-01
1.288070453282108e-01
1.607456827460551e-01
1.992051085399126e-01
2.445754461811958e-01
2.972760637072855e-01
3.571405465746450e-01
4.236728119003241e-01
4.956694614353613e-01
5.712261644131620e-01
6.478894033609762e-01
7.226670731281132e-01
7.922699040239364e-01
8.533618302601951e-01
9.035118340807274e-01
9.415957276361703e-01
9.679592595938035e-01
9.843527461348814e-01
9.933351929040470e-01
9.975806342389029e-01
9.992780958019069e-01
9.999544693187481e-01
###1.240000000000001e+01
2.568950296201415e-09
3.262459793750558e-09
9.451206769313733e-09
5.225433061581472e-09
-1.868589846843621e-09
8.182894137110593e-09
1.117337798885351e-08
1.214441872266899e-08
1.467951209008558e-08
1.472009610970223e-08
1.495976859959792e-08
1.567297818859860e-08
1.642777336958366e-08
1.736615853596803e-08
1.849108326615649e-08
1.977712968616127e-08
2.129255082323382e-08
2.310302459522243e-08
2.524398731676746e-08
2.785103821425524e-08
3.104343140018810e-08
3.495833802355890e-08
3.986594680624975e-08
4.606307120115395e-08
5.395850070959822e-08
6.415653162935639e-08
7.736219572360370e-08
9.394287030209246e-08
1.170499126715500e-07
1.459863856643464e-07
1.858265102066858e-07
2.361073665093445e-07
3.041826453756113e-07
3.953796200324894e-07
5.169669300779831e-07
6.771989403131675e-07
8.931413161619501e-07
1.182785106564272e-06
1.568971891814764e-06
2.084052111338934e-06
2.773908894221558e-06
3.698711287839935e-06
4.930099175350585e-06
6.582251651617009e-06
8.786845202822600e-06
1.173464334675635e-05
1.568749415308931e-05
2.096784604073776e-05
2.802781695128118e-05
3.750789699432994e-05
5.012324239993471e-05
6.708455951148842e-05
8.962803144462810e-05
1.199664564934269e-04
1.600735582856433e-04
2.137645470796157e-04
2.853630627232422e-04
3.810620270647658e-04
5.085115297676731e-04
6.777483016034461e-04
9.036083509344463e-04
1.202841884588797e-03
1.600146762717394e-03
2.128976148448724e-03
2.819493666008663e-03
3.734748691369702e-03
4.934722586483488e-03
6.509611989859265e-03
8.561390561432673e-03
1.126177428640853e-02
1.475825030323392e-02
1.927913386753029e-02
2.508784489571258e-02
3.253462309164458e-02
4.201178612748523e-02
5.397891276291491e-02
6.896339700647650e-02
8.765160950832528e-02
1.106799673072275e-01
1.387379669011286e-01
1.725699000279982e-01
2.130931654869524e-01
2.606086977937727e-01
3.154382678137153e-01
3.772627975197945e-01
4.454055533319248e-01
5.184632784302756e-01
5.943372724309993e-01
6.704242179329402e-01
7.436589842070224e-01
8.107936873745356e-01
8.687077545375520e-01
9.153214145134998e-01
9.499241447176119e-01
9.732634287611659e-01
9.873463870707960e-01
9.948025494556718e-01
9.981897542990308e-01
9.994837857556983e-01
9.999647413863409e-01
###1.280000000000001e+01
2.807756935138043e-09
3.585079257218604e-09
9.788304251025666e-09
5.673287618429154e-09
-1.161459467459860e-09
8.914594106218666e-09
1.214006687420804e-08
1.324188569322162e-08
1.607199904068973e-08
1.610900789126526e-08
1.640809124528542e-08
1.719033191103162e-08
1.803185722439273e-08
1.907537557814019e-08
2.032070518193796e-08
2.174624397264156e-08
2.342865325990123e-08
2.543000094774032e-08
2.779593648106239e-08
3.066618915758229e-08
3.417822102393193e-08
3.848344082571506e-08
4.387172138814440e-08
5.066556880638313e-08
5.923160846344134e-08
7.047039400463413e-08
8.490897756437396e-08
1.031567729590798e-07
1.281823130941843e-07
1.599080288203332e-07
2.034371131365090e-07
2.583000652610311e-07
3.328298587575631e-07
4.325393885062450e-07
5.656011592725134e-07
7.409862200193258e-07
9.773150162364403e-07
1.294547339058506e-06
1.717725693179146e-06
2.282339359549859e-06
3.039087304985247e-06
4.054076913570615e-06
5.406627193626710e-06
7.221706296328260e-06
9.645197559442230e-06
1.288838691276803e-05
1.723853817372061e-05
2.305347067698224e-05
3.083270585187423e-05
4.128095266434463e-05
5.519354423010167e-05
7.390421596868185e-05
9.878106690627620e-05
1.322671404915266e-04
1.765612959724511e-04
2.358390686844725e-04
3.148972279361038e-04
4.205668382720261e-04
5.612918807222513e-04
7.481924432684387e-04
9.973776942763940e-04
1.327442679464811e-03
1.765489970534829e-03
2.348150726493077e-03
3.108395438531420e-03
4.115016947153824e-03
5.433425102035918e-03
7.161646005970888e-03
9.409895976887583e-03
1.236425059065159e-02
1.618270979900600e-02
2.111045389927031e-02
2.742785066442495e-02
3.550687098314625e-02
4.576112849916428e-02
5.867045948104799e-02
7.478616164611353e-02
9.480223883292170e-02
1.193720482356981e-01
1.491752468611378e-01
1.849345036311740e-01
2.275297003636302e-01
2.771722274698496e-01
3.340698209809647e-01
3.977454644333403e-01
4.673306788556991e-01
5.412345605972153e-01
6.171743615617582e-01
6.924206159223911e-01
7.638547678964738e-01
8.283286065193819e-01
8.829695891685380e-01
9.260621383536425e-01
9.573155906441334e-01
9.778379819744764e-01
9.898452863969889e-01
9.959808340344619e-01
9.986551392500421e-01
9.996307049138016e-01
9.999922074645039e-01
###1.320000000000001e+01
3.069943147066673e-09
3.927753912577493e-09
1.016485964040221e-08
6.179466569502111e-09
-3.904215806617197e-10
9.710097315079820e-09
1.318799632868321e-08
1.443566501550343e-08
1.758665897196470e-08
1.761537764261142e-08
1.798958351713600e-08
1.883727111021320e-08
1.977927580704372e-08
2.094147506841356e-08
2.231630251652973e-08
2.390066929897207e-08
2.576098693428633e-08
2.796922256160228e-08
3.058332324886214e-08
3.374438296242624e-08
3.760576511871708e-08
4.233672837498156e-08
4.825528311604112e-08
5.570201060229863e-08
6.510740724656092e-08
7.738524630118230e-08
9.317495200607541e-08
1.132303132439403e-07
1.403319846685132e-07
1.752645169912558e-07
2.227241262424499e-07
2.826556178098876e-07
3.642330977378284e-07
4.732788816068812e-07
6.188818043076874e-07
8.109579189941603e-07
1.069690965650748e-06
1.417263111911123e-06
1.881141666878481e-06
2.500842704892435e-06
3.330551726684804e-06
4.444893221395851e-06
5.930758519899617e-06
7.924543128212234e-06
1.059054803373237e-05
1.415925472456825e-05
1.894706630507893e-05
2.535174751011033e-05
3.392337796046308e-05
4.543918835243926e-05
6.077859366413022e-05
8.141808061416458e-05
1.088654963034474e-04
1.458214493095668e-04
1.947263670081990e-04
2.601456574665077e-04
3.474055371099213e-04
4.640372363528083e-04
6.193275223128229e-04
8.255722715569291e-04
1.100294785340325e-03
1.464108454770271e-03
1.946665150889355e-03
2.588041568197245e-03
3.424155548410054e-03
4.530088435019042e-03
5.976990134566547e-03
7.870968825300051e-03
1.033260285005652e-02
1.355939837080694e-02
1.772357581958653e-02
2.308637048843465e-02
2.994630479226375e-02
3.869659272705457e-02
4.977159519965467e-02
6.367269094441388e-02
8.097182007354084e-02
1.023698937727301e-01
1.285277637119271e-01
1.601221818008165e-01
1.978353636048251e-01
2.425077891408154e-01
2.942438025787115e-01
3.531362333371592e-01
4.185367802953927e-01
4.893937362756194e-01
5.639235406954142e-01
6.396698333242701e-01
7.138073519474795e-01
7.832096867137501e-01
8.448522623777277e-01
8.961563432278328e-01
9.357797350523229e-01
9.638348941895503e-01
9.817563375070198e-01
9.919154904139121e-01
9.969206504938313e-01
9.990152749052693e-01
9.997443031608184e-01
9.999922074645039e-01
###1.360000000000001e+01
3.264683026776405e-09
4.185176492306963e-09
1.041425959822658e-08
6.549793631732969e-09
2.048229511605705e-10
1.027339228061169e-08
1.388747194493537e-08
1.524542323953140e-08
1.857214674831461e-08
1.867043767498879e-08
1.916466793491652e-08
2.012451300980950e-08
2.119229937320658e-08
2.248908761587418e-08
2.402257334385823e-08
2.578116356421364e-08
2.783871969376706e-08
3.028303240843097e-08
3.316470877084237e-08
3.664344918094034e-08
4.088550628844099e-08
4.608180414211781e-08
5.257338130836124e-08
6.073023162506851e-08
7.104544585609192e-08
8.445861038590964e-08
1.017176981649891e-07
1.234639868451696e-07
1.530304298204174e-07
1.915560798475662e-07
2.432990704062245e-07
3.090019912265279e-07
3.982924362059036e-07
5.176110930460608e-07
6.769439173645608e-07
8.875303104803599e-07
1.170954533825160e-06
1.551758121905539e-06
2.060444921026882e-06
2.740503913307401e-06
3.651040697685073e-06
4.874350505072479e-06
6.507129307280376e-06
8.698370658169507e-06
1.163069483984455e-05
1.555840949716875e-05
2.082849495910723e-05
2.788308157565955e-05
3.732842304567575e-05
5.002165538570722e-05
6.693451767426956e-05
8.969794509797653e-05
1.199770029683822e-04
1.607491346780461e-04
2.147160465939916e-04
2.868928854843391e-04
3.831642852520552e-04
5.118313436473102e-04
6.831049719490385e-04
9.105193634941421e-04
1.213206464937093e-03
1.613901949491104e-03
2.144957300621837e-03
2.850153375418536e-03
3.768936734550514e-03
4.982598580694777e-03
6.568707352896578e-03
8.641956926191583e-03
1.133627389371537e-02
1.485321533913476e-02
1.938789448828826e-02
2.521596634113673e-02
3.265319831083402e-02
4.211608471483141e-02
5.405738289210116e-02
6.900014153191793e-02
8.753450721792708e-02
1.103665190672605e-01
1.381675219053548e-01
1.715836978683241e-01
2.112707913758693e-01
2.580102991437087e-01
3.118028490517079e-01
3.726025893561413e-01
4.395918470441899e-01
5.115318921546169e-01
5.864528367038564e-01
6.617549833676940e-01
7.345336293529057e-01
8.016800314337473e-01
8.603586259681671e-01
9.082897971296391e-01
9.445189473764153e-01
9.695466386334570e-01
9.850887878598636e-01
9.936158639865234e-01
9.976624053379662e-01
9.992852729008347e-01
9.998229856965301e-01
9.999922074645039e-01
###1.400000000000001e+01
3.358952065842118e-09
4.307046187984013e-09
1.049634686177859e-08
6.727977902478465e-09
5.608500684554162e-10
1.052889011415299e-08
1.413499387486840e-08
1.551512633020291e-08
1.885125298090608e-08
1.911776424861139e-08
1.978705927453453e-08
2.089432020935458e-08
2.211663272858490e-08
2.357373422093335e-08
2.528742137708210e-08
2.722771529279040e-08
2.949268006128581e-08
3.219873646682290e-08
3.537137102837674e-08
3.919419007618678e-08
4.384423393175001e-08
4.954415390342208e-08
5.665226989616375e-08
6.558530585875539e-08
7.688457904682901e-08
9.153321184132281e-08
1.103895454627086e-07
1.337974170370428e-07
1.665727607610111e-07
2.087360603999087e-07
2.651336439419210e-07
3.373977706769503e-07
4.351109880649004e-07
5.657252294438757e-07
7.401135932127344e-07
9.711197207824493e-07
1.281742655470091e-06
1.699052782014815e-06
2.256985316185892e-06
3.003254355127292e-06
4.003202019557580e-06
5.346033184627647e-06
7.140833798343393e-06
9.549774028109107e-06
1.277562093379545e-05
1.709847492057062e-05
2.289955343964574e-05
3.066948441072087e-05
4.107670023036973e-05
5.506749560553284e-05
7.371327540015913e-05
9.881222734120158e-05
1.322060061342855e-04
1.771707834306848e-04
2.367054687173449e-04
3.163150734994964e-04
4.224770010324083e-04
5.643320048286153e-04
7.531053610046807e-04
1.003675519253448e-03
1.336919052000354e-03
1.777839215797807e-03
2.361812908263966e-03
3.135151771452999e-03
4.144964117837921e-03
5.475657783145477e-03
7.211935618095985e-03
9.479082167835023e-03
1.242356981525981e-02
1.625245870157215e-02
2.118320133875782e-02
2.750689623138217e-02
3.555744177332059e-02
4.577443097025624e-02
5.862888742367214e-02
7.466262016724834e-02
9.448417711390507e-02
1.188022048416344e-01
1.482873684735192e-01
1.835588351324253e-01
2.252322521539048e-01
2.740269116423598e-01
3.298198829289092e-01
3.924278655410220e-01
4.608565028832910e-01
5.337018429845146e-01
6.087579742635283e-01
6.833628589777329e-01
7.545340956275458e-01
8.192448324706089e-01
8.748450728936238e-01
9.193906422821906e-01
9.523333651470643e-01
9.745184510406044e-01
9.878991059303485e-01
9.949989918904134e-01
9.982412978233610e-01
9.994859141614304e-01
9.998783116950045e-01
9.999922074645039e-01
###1.440000000000001e+01
3.484300662797149e-09
4.417768905355847e-09
1.058501782070504e-08
6.908845023708383e-09
9.259601154676215e-10
1.078981128013734e-08
1.438768975332434e-08
1.579679983508938e-08
1.914456355189924e-08
1.957454675317357e-08
2.042329901046509e-08
2.168831145822989e-08
2.307101278923947e-08
2.469291282167699e-08
2.659695406944766e-08
2.873189316352601e-08
3.123107414611047e-08
3.419987147736633e-08
3.768572328665060e-08
4.187725905940646e-08
4.697024163002783e-08
5.321357709131735e-08
6.099284920044188e-08
7.076955590365638e-08
8.313773435267928e-08
9.914243998009781e-08
1.197417296582212e-07
1.455657377192069e-07
1.812473860863106e-07
2.273876486004895e-07
2.889222633567947e-07
3.683345188988704e-07
4.752955814793449e-07
6.182916242064262e-07
8.092095569875952e-07
1.062659597799706e-06
1.403231755052320e-06
1.860660871060049e-06
2.472671201226822e-06
3.291812801308509e-06
4.389897848212371e-06
5.864501361676023e-06
7.837634582705676e-06
1.048620066109413e-05
1.403551789012359e-05
1.879380229394929e-05
2.518019249488774e-05
3.373709731295902e-05
4.520512882685718e-05
6.062352821589752e-05
8.117431528255228e-05
1.088410478674354e-04
1.456620736433852e-04
1.952368514810636e-04
2.608856575352208e-04
3.486372983179522e-04
4.656430077273131e-04
6.219624290809944e-04
8.298947935672746e-04
1.105751450282980e-03
1.472419972972405e-03
1.957133937184976e-03
2.598620709017403e-03
3.446372378963834e-03
4.554482627522053e-03
6.012013155377987e-03
7.910785705295676e-03
1.038662563421120e-02
1.359924569970845e-02
1.776274042228720e-02
2.311699955170374e-02
2.996799482521999e-02
3.866997240032134e-02
4.968291311858891e-02
6.349826246007734e-02
8.067345958482106e-02
1.018312520271738e-01
1.276842386445431e-01
1.588962938561125e-01
1.960482785378657e-01
2.397152011698958e-01
2.905336532448721e-01
3.482621126037424e-01
4.125672554514102e-01
4.822798007979236e-01
5.558165280308702e-01
6.307779456332312e-01
7.044348905214955e-01
7.737737782787810e-01
8.358683750812527e-01
8.883083600243492e-01
9.295007675774153e-01
9.592767188948704e-01
9.788159542628514e-01
9.902523204081861e-01
9.961151086723652e-01
9.986890998585729e-01
9.996338274021973e-01
9.999170774709834e-01
9.999922074645039e-01
###1.480000000000001e+01
3.585372861558576e-09
4.526138296335336e-09
1.067074168046146e-08
7.121536959558447e-09
1.290012486660303e-09
1.105080575450365e-08
1.465069385063945e-08
1.609097819956933e-08
1.945699467422412e-08
2.005772035275079e-08
2.107752679549521e-08
2.249956064340951e-08
2.405325008614291e-08
2.584894906841662e-08
2.794746691088658e-08
3.029752360075494e-08
3.304442963505663e-08
3.629515214971713e-08
4.011502013615188e-08
4.469931400425592e-08
5.027739689145817e-08
5.710937279474662e-08
6.561657640044184e-08
7.631062721546914e-08
8.984098331276989e-08
1.073242625809006e-07
1.298306841168214e-07
1.582696577545597e-07
1.971535642412149e-07
2.476336354362047e-07
3.148158521359884e-07
4.020384457392021e-07
5.191675925867703e-07
6.757196668872149e-07
8.848597224119908e-07
1.162922898311312e-06
1.536356546711975e-06
2.037985050127302e-06
2.709458577470066e-06
3.608755931377643e-06
4.814819021616318e-06
6.434744882940837e-06
8.604367468087310e-06
1.151664381559132e-05
1.542153923203283e-05
2.065884536619196e-05
2.768859754117434e-05
3.711307434878550e-05
4.974866799047872e-05
6.673763296733991e-05
8.938666367995195e-05
1.198730587357936e-04
1.604633047951456e-04
2.150982654121391e-04
2.874529943896043e-04
3.841433482854866e-04
5.130393927006058e-04
6.851777297367926e-04
9.140301755861579e-04
1.217513323091918e-03
1.620641484787748e-03
2.153030289243446e-03
2.857050812716819e-03
3.785626787978834e-03
5.000186043028631e-03
6.594612048808424e-03
8.668744402610963e-03
1.136927142299010e-02
1.486915417259407e-02
1.939152785383695e-02
2.519737052006280e-02
3.260995459165553e-02
4.199993260724602e-02
5.385315472554041e-02
6.867600003400721e-02
8.704334871556263e-02
1.095874151651662e-01
1.370220449185601e-01
1.699967061709214e-01
2.090507712476982e-01
2.547060367385672e-01
3.075178069763428e-01
3.671020038122616e-01
4.329802382680537e-01
5.038032135553994e-01
5.778141845479493e-01
6.524464522899835e-01
7.249088586784750e-01
7.922031924114125e-01
8.515347968472960e-01
9.007616505186210e-01
9.386519818149978e-01
9.654103693075741e-01
9.825056250733011e-01
9.922071014703790e-01
9.970078164138572e-01
9.990319810121989e-01
9.997416637210017e-01
9.999438977436047e-01
9.999922074645039e-01
###1.520000000000001e+01
3.701630078079779e-09
4.639581954688301e-09
1.077445566545028e-08
7.294330103812892e-09
1.656934194479060e-09
1.131314956378946e-08
1.492240697965117e-08
1.639103821146835e-08
1.979505833901689e-08
2.055887860401322e-08
2.174443753745778e-08
2.333657148511083e-08
2.506449908605765e-08
2.704520725698672e-08
2.934454851713488e-08
3.192786079683461e-08
3.493522781022273e-08
3.849112959336263e-08
4.266788783647674e-08
4.768034412999401e-08
5.377784088200455e-08
6.124788279928405e-08
7.054467717950230e-08
8.223285899571216e-08
9.703279706713461e-08
1.161282946897564e-07
1.407181125106862e-07
1.719939656045291e-07
2.144015957899417e-07
2.696386822865969e-07
3.430425301965161e-07
4.387821425175892e-07
5.670433046526263e-07
7.385042077590172e-07
9.676368082008759e-07
1.272731055241275e-06
1.682295828530969e-06
2.232465425303437e-06
2.969293490188406e-06
3.956808557713826e-06
5.281914320176443e-06
7.061579083490573e-06
9.447268914578879e-06
1.265015116610276e-05
1.694662548734977e-05
2.271166813927167e-05
3.044986295640581e-05
4.082815732125191e-05
5.474786965390208e-05
7.346531048530344e-05
9.841844694505476e-05
1.320089501651209e-04
1.767363219275799e-04
2.369243620166104e-04
3.166297805541375e-04
4.231130913275709e-04
5.650218628278041e-04
7.544429789153404e-04
1.006166559760403e-03
1.339761590493729e-03
1.782553359987765e-03
2.366871786533845e-03
3.138807170226779e-03
4.155183802031963e-03
5.484783457768381e-03
7.227014327945014e-03
9.490023002704696e-03
1.243205866665066e-02
1.623880529485948e-02
2.114545143536554e-02
2.743245098349473e-02
3.544107258665991e-02
4.555935881939301e-02
5.829563460852592e-02
7.417369173674178e-02
9.378354169569179e-02
1.177608428961494e-01
1.468206791479105e-01
1.815892839464358e-01
2.225624472498773e-01
2.701977147423063e-01
3.249511678642115e-01
3.863046264006702e-01
4.536188008842982e-01
5.253714465014566e-01
5.996348869092087e-01
6.737045801628493e-01
7.447322912808674e-01
8.097887078027276e-01
8.662384304170136e-01
9.122269160548734e-01
9.468943088589536e-01
9.707950853950053e-01
9.856500379905102e-01
9.938178404723872e-01
9.977151719056039e-01
9.992917587915677e-01
9.998194260700122e-01
9.999622678445897e-01
9.999922074645039e-01
###1.560000000000001e+01
3.811749080401322e-09
4.760113179386509e-09
1.087999428913642e-08
7.488766724327716e-09
2.027899267824926e-09
1.160252733614542e-08
1.520534520997689e-08
1.670372792852353e-08
2.014877458427030e-08
2.107791588195925e-08
2.244099299669517e-08
2.419873211060231e-08
2.610872629685471e-08
2.828518698012084e-08
3.079603749911470e-08
3.362452864444482e-08
3.691292297772166e-08
4.079178508647253e-08
4.535376826148332e-08
5.082726418013211e-08
5.748493534014213e-08
6.564225587491764e-08
7.579565020570178e-08
8.856688966730037e-08
1.047395499101624e-07
1.256042170392707e-07
1.524704168667307e-07
1.865722391947302e-07
2.331085132452980e-07
2.935654992904029e-07
3.737558831196296e-07
4.788284940647945e-07
6.193229597133478e-07
8.071865266207123e-07
1.058226712419098e-06
1.392988559659556e-06
1.842252015308233e-06
2.445847121097663e-06
3.254687451501980e-06
4.339185480719464e-06
5.795081005665264e-06
7.750716896156115e-06
1.037403218272117e-05
1.389648841200211e-05
1.862388084146651e-05
2.496910365208582e-05
3.348663033433481e-05
4.491493788119159e-05
6.024680414720016e-05
8.086048217466893e-05
1.083462491845858e-04
1.453461784244644e-04
1.946104590491888e-04
2.608891144208627e-04
3.486562117335418e-04
4.658555229087632e-04
6.219795100887654e-04
8.302987386307222e-04
1.106990255457426e-03
1.473408941147639e-03
1.959348753014744e-03
2.600064038201405e-03
3.445613496660456e-03
4.557238142458365e-03
6.010943483258115e-03
7.912467942442868e-03
1.037911148372523e-02
1.357993460007601e-02
1.771523857330393e-02
2.303201244476090e-02
2.983062815214792e-02
3.847097554780183e-02
4.935729787615379e-02
6.302194141454028e-02
8.000345964746551e-02
1.009031759183469e-01
1.263631317844574e-01
1.570839009315749e-01
1.936747901396900e-01
2.365710385241566e-01
2.861641460846213e-01
3.428050902753156e-01
4.058351865817051e-01
4.744368083498970e-01
5.469275427179239e-01
6.212121317252827e-01
6.944791455717156e-01
7.638615403089606e-01
8.265045801314587e-01
8.799783696560329e-01
9.227285149645436e-01
9.542732530493960e-01
9.754923905298813e-01
9.883116059312752e-01
9.951343882698982e-01
9.982706771462939e-01
9.994867616447156e-01
9.998749100572537e-01
9.999747277072495e-01
9.999922074645039e-01
